Czas w sekundach;Wartość funkcji celu
0;167686
54 153
54 153
146 245
2 101
26 125
170 269
65 164
78 177
166 265
45 144
73 172
79 178
74 173
56 155
14 113
85 184
48 147
84 183
57 156
146 245
23 122
119 218
99 198
176 275
77 176
30 129
46 145
83 182
35 134
24 123
110 209
35 134
122 221
72 171
126 225
174 273
28 127
21 120
128 227
43 142
153 252
141 240
157 256
51 150
29 128
154 253
43 142
51 150
153 252
46 145
78 177
133 232
28 127
32 131
172 271
31 130
192 291
26 125
137 236
151 250
149 248
25 124
161 260
108 207
40 139
112 211
178 277
165 264
30 129
114 213
29 128
23 122
184 283
185 284
140 239
32 131
137 236
166 265
113 212
72 171
37 136
93 192
118 217
177 276
85 184
60 159
132 231
162 261
25 124
126 225
155 254
52 151
153 252
99 198
185 284
125 224
65 164
121 220
113 212
167 266
45 144
40 139
185 284
193 292
114 213
45 144
170 269
64 163
164 263
150 249
31 130
118 217
120 219
20 119
184 283
45 144
137 236
46 145
91 190
171 270
30 129
119 218
97 196
39 138
177 276
46 145
124 223
68 167
100 199
142 241
152 251
80 179
72 171
195 294
133 232
78 177
140 239
72 171
196 295
132 231
24 123
52 151
162 261
63 162
156 255
65 164
71 170
26 125
166 265
117 216
128 227
176 275
164 263
0 99
58 157
180 279
98 197
6 105
117 216
139 238
31 130
5 104
182 281
152 251
70 169
5 104
183 282
0 99
96 195
155 254
196 295
0 99
111 210
119 218
106 205
109 208
57 156
22 121
80 179
118 217
22 121
155 254
32 131
119 218
133 232
70 169
60 159
117 216
119 218
135 234
70 169
88 187
195 294
162 261
19 118
82 181
81 180
129 228
178 277
27 126
68 167
90 189
11 110
141 240
8 107
26 125
67 166
45 144
54 153
98 197
102 201
184 283
197 296
168 267
136 235
194 293
3 102
143 242
154 253
174 273
196 295
178 277
27 126
15 114
152 251
121 220
169 268
33 132
162 261
3 102
84 183
101 200
124 223
18 117
15 114
26 125
24 123
159 258
65 164
63 162
34 133
126 225
76 175
167 266
82 181
92 191
34 133
23 122
22 121
191 290
156 255
188 287
38 137
117 216
130 229
65 164
180 279
193 292
178 277
176 275
115 214
144 243
165 264
154 253
144 243
100 199
58 157
168 267
173 272
71 170
64 163
14 113
190 289
147 246
20 119
9 108
188 287
190 289
168 267
196 295
146 245
105 204
194 293
105 204
50 149
164 263
119 218
29 128
179 278
61 160
70 169
151 250
189 288
137 236
83 182
94 193
136 235
138 237
153 252
195 294
77 176
159 258
70 169
128 227
63 162
105 204
90 189
20 119
103 202
124 223
131 230
114 213
133 232
152 251
171 270
163 262
80 179
175 274
109 208
1 100
29 128
24 123
89 188
137 236
77 176
5 104
0 99
124 223
22 121
97 196
92 191
39 138
145 244
132 231
101 200
52 151
86 185
106 205
5 104
187 286
43 142
14 113
19 118
106 205
16 115
77 176
25 124
58 157
160 259
24 123
57 156
89 188
96 195
140 239
68 167
166 265
26 125
62 161
133 232
31 130
60 159
123 222
119 218
130 229
39 138
124 223
154 253
177 276
157 256
104 203
128 227
80 179
84 183
150 249
99 198
179 278
173 272
112 211
116 215
86 185
163 262
89 188
122 221
146 245
161 260
71 170
156 255
81 180
46 145
78 177
173 272
196 295
183 282
27 126
63 162
50 149
134 233
163 262
71 170
106 205
74 173
186 285
25 124
143 242
28 127
73 172
66 165
149 248
8 107
63 162
39 138
181 280
155 254
103 202
13 112
172 271
189 288
123 222
156 255
32 131
189 288
75 174
120 219
149 248
139 238
191 290
110 209
136 235
91 190
5 104
68 167
159 258
173 272
13 112
114 213
9 108
162 261
140 239
60 159
49 148
57 156
120 219
22 121
111 210
15 114
18 117
144 243
44 143
82 181
17 116
181 280
128 227
63 162
118 217
100 199
140 239
87 186
148 247
81 180
28 127
5 104
62 161
168 267
125 224
147 246
174 273
6 105
175 274
84 183
56 155
158 257
88 187
160 259
116 215
57 156
39 138
101 200
81 180
71 170
166 265
111 210
141 240
117 216
168 267
82 181
115 214
61 160
166 265
41 140
111 210
24 123
179 278
59 158
129 228
136 235
151 250
65 164
166 265
92 191
65 164
64 163
97 196
65 164
9 108
117 216
11 110
164 263
58 157
70 169
96 195
15 114
158 257
39 138
188 287
99 198
93 192
146 245
99 198
77 176
87 186
90 189
18 117
156 255
3 102
17 116
60 159
163 262
9 108
50 149
177 276
161 260
58 157
7 106
164 263
99 198
5 104
20 119
129 228
163 262
26 125
49 148
53 152
79 178
17 116
133 232
109 208
119 218
97 196
3 102
163 262
12 111
116 215
34 133
117 216
51 150
49 148
87 186
116 215
182 281
181 280
26 125
138 237
114 213
160 259
114 213
36 135
169 268
47 146
155 254
178 277
73 172
75 174
105 204
51 150
72 171
66 165
54 153
91 190
63 162
41 140
51 150
17 116
56 155
103 202
60 159
167 266
113 212
32 131
176 275
186 285
83 182
42 141
114 213
82 181
3 102
107 206
41 140
169 268
89 188
52 151
175 274
121 220
36 135
13 112
129 228
112 211
114 213
167 266
33 132
31 130
68 167
165 264
90 189
11 110
141 240
7 106
120 219
132 231
182 281
165 264
164 263
191 290
38 137
31 130
74 173
114 213
70 169
73 172
134 233
136 235
156 255
47 146
123 222
19 118
183 282
5 104
187 286
193 292
104 203
176 275
106 205
101 200
39 138
152 251
26 125
52 151
63 162
66 165
148 247
34 133
12 111
91 190
16 115
8 107
75 174
115 214
31 130
22 121
74 173
147 246
117 216
122 221
129 228
160 259
65 164
60 159
76 175
158 257
36 135
51 150
130 229
189 288
190 289
102 201
126 225
0 99
157 256
149 248
104 203
166 265
60 159
29 128
105 204
172 271
0 99
36 135
56 155
30 129
140 239
63 162
8 107
71 170
23 122
167 266
104 203
74 173
70 169
124 223
89 188
86 185
138 237
57 156
85 184
30 129
66 165
52 151
59 158
119 218
72 171
125 224
117 216
186 285
165 264
2 101
54 153
74 173
133 232
134 233
98 197
66 165
78 177
90 189
139 238
60 159
158 257
151 250
110 209
115 214
99 198
38 137
53 152
70 169
173 272
110 209
177 276
118 217
175 274
141 240
38 137
81 180
69 168
168 267
3 102
34 133
127 226
34 133
87 186
23 122
56 155
82 181
69 168
92 191
36 135
99 198
194 293
192 291
30 129
69 168
25 124
125 224
163 262
64 163
83 182
119 218
26 125
141 240
47 146
177 276
55 154
121 220
2 101
168 267
68 167
52 151
194 293
59 158
3 102
14 113
91 190
83 182
23 122
160 259
18 117
15 114
42 141
130 229
58 157
119 218
43 142
33 132
117 216
99 198
155 254
129 228
16 115
105 204
0 99
53 152
43 142
33 132
35 134
151 250
55 154
24 123
41 140
149 248
1 100
82 181
152 251
156 255
136 235
20 119
38 137
95 194
154 253
172 271
8 107
173 272
37 136
53 152
84 183
70 169
85 184
134 233
69 168
44 143
135 234
183 282
147 246
42 141
32 131
116 215
80 179
111 210
101 200
104 203
11 110
137 236
83 182
115 214
22 121
135 234
137 236
127 226
111 210
39 138
36 135
182 281
194 293
62 161
4 103
187 286
122 221
140 239
72 171
131 230
82 181
161 260
117 216
97 196
13 112
87 186
93 192
17 116
177 276
96 195
82 181
132 231
187 286
91 190
93 192
81 180
90 189
47 146
126 225
14 113
184 283
49 148
146 245
134 233
51 150
107 206
100 199
181 280
163 262
95 194
105 204
4 103
133 232
52 151
190 289
184 283
104 203
65 164
190 289
29 128
3 102
22 121
49 148
186 285
142 241
155 254
63 162
113 212
67 166
44 143
145 244
50 149
11 110
122 221
126 225
123 222
35 134
57 156
183 282
185 284
123 222
40 139
76 175
78 177
57 156
122 221
145 244
1 100
69 168
85 184
21 120
180 279
108 207
111 210
110 209
11 110
48 147
96 195
39 138
168 267
40 139
135 234
147 246
29 128
193 292
9 108
68 167
163 262
15 114
108 207
142 241
117 216
37 136
197 296
61 160
12 111
22 121
196 295
57 156
52 151
193 292
32 131
78 177
166 265
28 127
3 102
106 205
41 140
129 228
62 161
166 265
93 192
137 236
122 221
133 232
146 245
146 245
131 230
31 130
125 224
181 280
150 249
188 287
133 232
32 131
75 174
178 277
117 216
154 253
188 287
72 171
149 248
123 222
63 162
143 242
151 250
84 183
13 112
181 280
74 173
192 291
11 110
189 288
27 126
188 287
84 183
117 216
128 227
115 214
22 121
180 279
115 214
119 218
171 270
8 107
110 209
97 196
97 196
42 141
196 295
70 169
86 185
35 134
171 270
112 211
74 173
4 103
132 231
137 236
123 222
90 189
86 185
76 175
145 244
98 197
71 170
168 267
125 224
176 275
1 100
29 128
31 130
76 175
44 143
119 218
49 148
60 159
137 236
89 188
79 178
105 204
91 190
26 125
162 261
132 231
185 284
43 142
43 142
62 161
128 227
147 246
79 178
44 143
98 197
75 174
110 209
39 138
136 235
121 220
20 119
52 151
168 267
29 128
90 189
140 239
51 150
109 208
185 284
88 187
20 119
81 180
48 147
189 288
86 185
50 149
54 153
143 242
196 295
181 280
50 149
11 110
24 123
9 108
177 276
2 101
88 187
137 236
76 175
178 277
120 219
97 196
40 139
150 249
120 219
99 198
7 106
183 282
113 212
79 178
53 152
94 193
16 115
19 118
76 175
14 113
178 277
12 111
15 114
181 280
1 100
69 168
87 186
114 213
72 171
48 147
93 192
117 216
133 232
8 107
35 134
45 144
93 192
104 203
57 156
162 261
90 189
148 247
160 259
25 124
110 209
170 269
78 177
150 249
23 122
18 117
75 174
141 240
20 119
87 186
70 169
10 109
8 107
70 169
24 123
88 187
103 202
170 269
122 221
73 172
153 252
1 100
19 118
77 176
179 278
20 119
179 278
180 279
189 288
159 258
103 202
152 251
76 175
86 185
0 99
61 160
157 256
5 104
109 208
147 246
9 108
112 211
169 268
167 266
26 125
126 225
152 251
136 235
98 197
113 212
29 128
132 231
4 103
10 109
136 235
132 231
21 120
172 271
145 244
113 212
116 215
7 106
91 190
111 210
23 122
74 173
24 123
86 185
94 193
163 262
99 198
196 295
189 288
1 100
58 157
26 125
156 255
26 125
149 248
145 244
48 147
159 258
69 168
9 108
137 236
156 255
47 146
72 171
197 296
73 172
122 221
173 272
64 163
49 148
130 229
116 215
50 149
91 190
111 210
129 228
11 110
92 191
143 242
140 239
36 135
35 134
148 247
160 259
186 285
6 105
58 157
70 169
138 237
84 183
78 177
109 208
93 192
71 170
126 225
94 193
79 178
22 121
59 158
91 190
95 194
19 118
166 265
143 242
117 216
148 247
54 153
31 130
44 143
176 275
10 109
51 150
111 210
127 226
155 254
101 200
9 108
139 238
65 164
111 210
89 188
105 204
8 107
32 131
16 115
96 195
146 245
26 125
176 275
145 244
75 174
63 162
0 99
146 245
11 110
155 254
144 243
119 218
85 184
102 201
172 271
71 170
151 250
118 217
195 294
167 266
185 284
87 186
184 283
130 229
26 125
96 195
91 190
20 119
140 239
67 166
85 184
72 171
79 178
190 289
77 176
100 199
134 233
130 229
23 122
185 284
91 190
94 193
149 248
4 103
80 179
38 137
28 127
127 226
77 176
105 204
70 169
26 125
104 203
29 128
98 197
188 287
69 168
34 133
171 270
43 142
171 270
51 150
56 155
118 217
10 109
47 146
8 107
138 237
194 293
157 256
24 123
108 207
54 153
129 228
21 120
41 140
156 255
37 136
44 143
21 120
188 287
151 250
119 218
14 113
193 292
21 120
84 183
118 217
156 255
89 188
163 262
163 262
131 230
195 294
117 216
50 149
81 180
21 120
157 256
72 171
146 245
185 284
150 249
175 274
101 200
108 207
66 165
91 190
183 282
104 203
155 254
111 210
34 133
30 129
158 257
109 208
7 106
14 113
13 112
171 270
105 204
60 159
158 257
149 248
55 154
127 226
147 246
9 108
164 263
109 208
79 178
53 152
96 195
111 210
36 135
15 114
110 209
31 130
66 165
144 243
22 121
51 150
107 206
130 229
35 134
44 143
121 220
127 226
178 277
119 218
14 113
197 296
165 264
93 192
181 280
182 281
119 218
162 261
13 112
72 171
136 235
50 149
132 231
88 187
23 122
97 196
150 249
186 285
174 273
85 184
21 120
66 165
128 227
87 186
27 126
52 151
24 123
15 114
149 248
162 261
114 213
52 151
118 217
177 276
38 137
137 236
45 144
170 269
46 145
28 127
168 267
106 205
139 238
72 171
106 205
168 267
75 174
86 185
96 195
9 108
62 161
97 196
60 159
192 291
32 131
161 260
178 277
100 199
85 184
195 294
93 192
13 112
130 229
3 102
183 282
76 175
138 237
162 261
81 180
63 162
106 205
44 143
18 117
33 132
0 99
46 145
132 231
93 192
62 161
102 201
63 162
143 242
181 280
145 244
170 269
17 116
127 226
26 125
146 245
132 231
88 187
177 276
9 108
25 124
144 243
141 240
197 296
133 232
1 100
181 280
133 232
175 274
146 245
132 231
136 235
167 266
100 199
37 136
68 167
47 146
63 162
152 251
123 222
137 236
139 238
94 193
79 178
190 289
105 204
43 142
54 153
27 126
80 179
187 286
7 106
159 258
179 278
182 281
35 134
46 145
77 176
28 127
89 188
177 276
35 134
23 122
191 290
15 114
162 261
147 246
193 292
88 187
93 192
83 182
21 120
115 214
197 296
171 270
153 252
74 173
99 198
10 109
15 114
34 133
41 140
2 101
30 129
177 276
153 252
14 113
113 212
147 246
8 107
20 119
148 247
186 285
173 272
53 152
116 215
21 120
33 132
19 118
158 257
172 271
112 211
101 200
119 218
172 271
164 263
159 258
163 262
140 239
116 215
128 227
87 186
121 220
74 173
60 159
38 137
195 294
153 252
76 175
28 127
5 104
144 243
197 296
121 220
62 161
6 105
116 215
100 199
63 162
28 127
41 140
191 290
10 109
159 258
181 280
14 113
197 296
156 255
89 188
116 215
98 197
150 249
187 286
135 234
36 135
164 263
70 169
89 188
81 180
187 286
180 279
102 201
190 289
142 241
22 121
48 147
138 237
2 101
38 137
181 280
110 209
50 149
7 106
144 243
192 291
33 132
138 237
67 166
148 247
66 165
93 192
186 285
17 116
70 169
12 111
46 145
155 254
65 164
130 229
22 121
186 285
189 288
11 110
171 270
138 237
168 267
84 183
143 242
61 160
84 183
35 134
170 269
33 132
86 185
109 208
59 158
188 287
96 195
155 254
14 113
71 170
132 231
35 134
196 295
14 113
93 192
160 259
11 110
196 295
109 208
87 186
49 148
14 113
72 171
88 187
17 116
138 237
174 273
54 153
104 203
179 278
20 119
134 233
164 263
98 197
107 206
106 205
2 101
129 228
70 169
120 219
188 287
53 152
67 166
17 116
38 137
54 153
67 166
137 236
116 215
111 210
104 203
43 142
111 210
68 167
47 146
68 167
194 293
42 141
171 270
110 209
161 260
61 160
4 103
92 191
183 282
185 284
72 171
114 213
83 182
174 273
177 276
31 130
173 272
90 189
149 248
126 225
165 264
24 123
193 292
116 215
179 278
40 139
90 189
127 226
38 137
109 208
144 243
58 157
73 172
136 235
10 109
41 140
93 192
106 205
139 238
8 107
192 291
182 281
97 196
14 113
137 236
6 105
170 269
7 106
194 293
78 177
27 126
64 163
30 129
145 244
95 194
138 237
47 146
15 114
26 125
17 116
195 294
9 108
129 228
193 292
70 169
186 285
104 203
170 269
68 167
36 135
45 144
185 284
142 241
122 221
28 127
170 269
152 251
107 206
23 122
30 129
33 132
113 212
92 191
165 264
173 272
98 197
132 231
119 218
11 110
58 157
132 231
91 190
195 294
29 128
88 187
37 136
114 213
91 190
177 276
171 270
52 151
98 197
151 250
56 155
164 263
68 167
0 99
137 236
179 278
67 166
135 234
58 157
71 170
6 105
38 137
82 181
37 136
137 236
49 148
59 158
124 223
56 155
193 292
188 287
52 151
78 177
35 134
166 265
174 273
94 193
111 210
123 222
197 296
99 198
189 288
176 275
96 195
183 282
29 128
163 262
35 134
83 182
135 234
92 191
172 271
159 258
17 116
75 174
89 188
69 168
138 237
1 100
115 214
110 209
126 225
41 140
82 181
156 255
38 137
65 164
92 191
43 142
118 217
181 280
172 271
89 188
108 207
151 250
191 290
68 167
25 124
49 148
101 200
105 204
76 175
109 208
75 174
192 291
88 187
124 223
21 120
152 251
136 235
114 213
39 138
166 265
8 107
157 256
118 217
0 99
173 272
170 269
70 169
128 227
81 180
142 241
129 228
116 215
10 109
125 224
151 250
166 265
46 145
57 156
194 293
136 235
64 163
80 179
27 126
60 159
6 105
143 242
138 237
24 123
64 163
64 163
4 103
39 138
60 159
10 109
5 104
129 228
86 185
184 283
161 260
4 103
106 205
11 110
74 173
80 179
171 270
26 125
108 207
37 136
157 256
130 229
58 157
192 291
178 277
70 169
134 233
93 192
59 158
108 207
175 274
172 271
107 206
146 245
49 148
66 165
121 220
34 133
89 188
188 287
133 232
118 217
22 121
191 290
145 244
132 231
111 210
73 172
180 279
126 225
122 221
148 247
192 291
53 152
6 105
107 206
169 268
69 168
125 224
146 245
177 276
54 153
107 206
4 103
9 108
98 197
88 187
196 295
25 124
98 197
38 137
78 177
192 291
101 200
75 174
77 176
53 152
149 248
152 251
30 129
66 165
129 228
161 260
122 221
171 270
24 123
172 271
185 284
132 231
122 221
163 262
8 107
135 234
119 218
178 277
156 255
24 123
160 259
142 241
129 228
40 139
49 148
125 224
84 183
110 209
45 144
143 242
44 143
4 103
73 172
143 242
195 294
150 249
123 222
54 153
127 226
166 265
102 201
91 190
39 138
33 132
140 239
41 140
42 141
166 265
14 113
95 194
141 240
119 218
21 120
149 248
127 226
74 173
86 185
133 232
125 224
39 138
179 278
186 285
80 179
42 141
172 271
84 183
63 162
152 251
107 206
58 157
85 184
178 277
96 195
193 292
5 104
66 165
94 193
102 201
134 233
68 167
117 216
85 184
84 183
174 273
74 173
164 263
5 104
122 221
13 112
106 205
166 265
170 269
7 106
32 131
125 224
172 271
71 170
77 176
133 232
39 138
124 223
22 121
92 191
177 276
118 217
170 269
16 115
140 239
73 172
107 206
47 146
80 179
100 199
58 157
41 140
98 197
62 161
160 259
60 159
62 161
156 255
137 236
117 216
67 166
165 264
154 253
43 142
194 293
159 258
179 278
142 241
170 269
132 231
157 256
138 237
81 180
81 180
187 286
149 248
65 164
11 110
21 120
75 174
103 202
6 105
85 184
137 236
34 133
69 168
1 100
19 118
98 197
11 110
98 197
72 171
80 179
116 215
163 262
105 204
137 236
101 200
192 291
145 244
3 102
100 199
159 258
60 159
10 109
123 222
41 140
32 131
27 126
142 241
145 244
98 197
103 202
53 152
86 185
77 176
160 259
58 157
140 239
94 193
139 238
112 211
8 107
195 294
152 251
115 214
129 228
17 116
148 247
181 280
40 139
175 274
41 140
55 154
13 112
181 280
112 211
56 155
183 282
45 144
148 247
14 113
114 213
14 113
28 127
130 229
49 148
89 188
96 195
178 277
153 252
98 197
94 193
113 212
75 174
173 272
59 158
22 121
158 257
3 102
192 291
69 168
49 148
26 125
130 229
27 126
45 144
154 253
195 294
27 126
111 210
114 213
17 116
33 132
145 244
62 161
54 153
131 230
31 130
22 121
9 108
139 238
155 254
117 216
185 284
16 115
145 244
179 278
5 104
160 259
107 206
139 238
91 190
32 131
180 279
4 103
76 175
96 195
67 166
134 233
162 261
151 250
120 219
29 128
101 200
6 105
136 235
81 180
37 136
21 120
1 100
132 231
160 259
52 151
155 254
170 269
73 172
73 172
9 108
141 240
15 114
191 290
9 108
33 132
75 174
10 109
144 243
96 195
61 160
28 127
17 116
136 235
128 227
34 133
86 185
19 118
126 225
5 104
180 279
29 128
142 241
150 249
96 195
13 112
9 108
62 161
160 259
24 123
147 246
13 112
51 150
121 220
89 188
48 147
26 125
137 236
14 113
193 292
116 215
109 208
144 243
7 106
192 291
41 140
151 250
61 160
9 108
184 283
90 189
184 283
103 202
108 207
139 238
160 259
109 208
179 278
126 225
147 246
101 200
167 266
75 174
13 112
63 162
138 237
21 120
147 246
49 148
135 234
11 110
157 256
160 259
39 138
76 175
27 126
146 245
89 188
145 244
106 205
183 282
60 159
54 153
74 173
72 171
141 240
27 126
154 253
12 111
28 127
105 204
193 292
42 141
157 256
119 218
4 103
147 246
42 141
7 106
140 239
122 221
177 276
6 105
52 151
62 161
36 135
27 126
135 234
6 105
92 191
19 118
97 196
6 105
166 265
28 127
18 117
94 193
71 170
137 236
142 241
68 167
3 102
97 196
4 103
106 205
187 286
184 283
113 212
4 103
17 116
151 250
161 260
84 183
194 293
171 270
165 264
107 206
76 175
94 193
191 290
96 195
70 169
139 238
138 237
61 160
98 197
11 110
105 204
23 122
183 282
110 209
111 210
73 172
195 294
131 230
101 200
69 168
159 258
183 282
17 116
166 265
62 161
126 225
168 267
172 271
60 159
102 201
156 255
106 205
72 171
64 163
59 158
28 127
191 290
72 171
59 158
57 156
6 105
173 272
150 249
11 110
94 193
20 119
78 177
71 170
75 174
106 205
56 155
161 260
137 236
57 156
154 253
183 282
92 191
159 258
14 113
192 291
37 136
60 159
157 256
163 262
31 130
100 199
179 278
13 112
9 108
154 253
10 109
152 251
109 208
171 270
176 275
73 172
128 227
65 164
82 181
151 250
10 109
168 267
99 198
104 203
25 124
157 256
145 244
26 125
88 187
52 151
112 211
65 164
40 139
44 143
120 219
64 163
107 206
12 111
125 224
95 194
52 151
93 192
163 262
168 267
22 121
145 244
159 258
136 235
97 196
53 152
156 255
88 187
78 177
192 291
78 177
142 241
55 154
110 209
123 222
106 205
33 132
137 236
176 275
66 165
1 100
146 245
113 212
192 291
159 258
71 170
16 115
161 260
156 255
68 167
86 185
100 199
186 285
52 151
178 277
42 141
179 278
102 201
179 278
41 140
75 174
146 245
191 290
102 201
111 210
44 143
80 179
101 200
186 285
123 222
84 183
154 253
11 110
71 170
16 115
111 210
28 127
123 222
106 205
150 249
149 248
51 150
5 104
60 159
69 168
111 210
40 139
175 274
97 196
112 211
176 275
32 131
77 176
82 181
37 136
107 206
181 280
143 242
166 265
155 254
46 145
97 196
131 230
66 165
43 142
80 179
132 231
26 125
180 279
31 130
98 197
160 259
140 239
15 114
45 144
11 110
23 122
95 194
70 169
171 270
128 227
150 249
72 171
103 202
179 278
175 274
15 114
6 105
17 116
124 223
193 292
153 252
73 172
118 217
191 290
6 105
62 161
138 237
96 195
74 173
194 293
90 189
93 192
52 151
95 194
125 224
90 189
132 231
57 156
179 278
137 236
152 251
49 148
98 197
2 101
28 127
178 277
160 259
27 126
103 202
47 146
89 188
83 182
73 172
109 208
27 126
20 119
134 233
141 240
129 228
106 205
31 130
170 269
65 164
135 234
178 277
53 152
119 218
49 148
190 289
194 293
160 259
75 174
89 188
21 120
14 113
130 229
68 167
174 273
193 292
61 160
65 164
148 247
172 271
70 169
114 213
17 116
54 153
105 204
31 130
26 125
102 201
152 251
91 190
24 123
57 156
178 277
20 119
117 216
158 257
144 243
90 189
96 195
103 202
16 115
79 178
45 144
35 134
24 123
65 164
105 204
132 231
17 116
164 263
21 120
77 176
40 139
89 188
115 214
164 263
64 163
35 134
50 149
56 155
75 174
73 172
19 118
18 117
1 100
76 175
169 268
8 107
193 292
124 223
153 252
137 236
113 212
69 168
50 149
58 157
128 227
76 175
90 189
42 141
55 154
135 234
195 294
132 231
110 209
105 204
15 114
44 143
187 286
47 146
140 239
108 207
4 103
183 282
50 149
118 217
43 142
150 249
54 153
128 227
109 208
150 249
16 115
116 215
176 275
113 212
54 153
93 192
5 104
71 170
80 179
89 188
5 104
158 257
31 130
57 156
73 172
74 173
19 118
73 172
20 119
44 143
98 197
54 153
180 279
72 171
113 212
86 185
178 277
12 111
188 287
32 131
58 157
127 226
7 106
137 236
171 270
197 296
191 290
161 260
190 289
171 270
108 207
37 136
28 127
31 130
162 261
41 140
182 281
31 130
130 229
75 174
120 219
110 209
144 243
61 160
156 255
114 213
74 173
189 288
99 198
127 226
137 236
97 196
22 121
33 132
172 271
152 251
170 269
135 234
23 122
136 235
96 195
146 245
159 258
41 140
74 173
128 227
188 287
22 121
71 170
97 196
178 277
116 215
142 241
148 247
95 194
89 188
189 288
43 142
39 138
174 273
68 167
99 198
32 131
149 248
53 152
115 214
65 164
169 268
168 267
173 272
40 139
131 230
55 154
18 117
104 203
37 136
107 206
28 127
190 289
13 112
59 158
142 241
177 276
145 244
109 208
109 208
74 173
166 265
65 164
122 221
47 146
41 140
23 122
127 226
179 278
85 184
162 261
30 129
106 205
141 240
30 129
102 201
189 288
174 273
84 183
32 131
44 143
88 187
41 140
127 226
121 220
85 184
90 189
15 114
191 290
33 132
125 224
78 177
97 196
92 191
66 165
67 166
11 110
70 169
145 244
68 167
58 157
122 221
82 181
91 190
164 263
45 144
45 144
57 156
15 114
7 106
121 220
144 243
46 145
109 208
2 101
22 121
186 285
30 129
32 131
72 171
151 250
105 204
144 243
100 199
145 244
148 247
42 141
130 229
69 168
162 261
186 285
63 162
14 113
131 230
98 197
116 215
146 245
28 127
95 194
70 169
137 236
154 253
77 176
66 165
81 180
40 139
143 242
3 102
162 261
98 197
38 137
134 233
90 189
194 293
48 147
111 210
108 207
90 189
71 170
147 246
109 208
189 288
163 262
168 267
26 125
192 291
69 168
11 110
166 265
90 189
52 151
19 118
65 164
41 140
115 214
161 260
176 275
4 103
83 182
92 191
165 264
50 149
74 173
163 262
121 220
122 221
44 143
0 99
163 262
120 219
131 230
27 126
42 141
149 248
110 209
40 139
166 265
179 278
152 251
9 108
18 117
52 151
45 144
194 293
109 208
118 217
95 194
68 167
97 196
184 283
38 137
8 107
102 201
138 237
43 142
107 206
52 151
2 101
116 215
18 117
104 203
124 223
107 206
110 209
153 252
155 254
6 105
153 252
74 173
86 185
108 207
158 257
122 221
65 164
2 101
164 263
0 99
73 172
79 178
32 131
63 162
97 196
115 214
122 221
104 203
90 189
19 118
131 230
101 200
179 278
111 210
93 192
28 127
69 168
71 170
60 159
120 219
189 288
86 185
41 140
4 103
185 284
10 109
35 134
13 112
146 245
51 150
48 147
188 287
83 182
60 159
74 173
168 267
132 231
178 277
145 244
151 250
25 124
52 151
52 151
102 201
39 138
177 276
11 110
152 251
160 259
186 285
161 260
119 218
150 249
29 128
180 279
193 292
76 175
2 101
121 220
45 144
63 162
86 185
116 215
35 134
173 272
105 204
100 199
147 246
133 232
84 183
138 237
169 268
81 180
119 218
78 177
59 158
112 211
56 155
46 145
119 218
86 185
32 131
45 144
87 186
41 140
52 151
132 231
117 216
14 113
5 104
36 135
42 141
108 207
78 177
168 267
191 290
193 292
174 273
160 259
189 288
160 259
40 139
107 206
93 192
49 148
38 137
106 205
112 211
17 116
108 207
148 247
175 274
156 255
54 153
173 272
67 166
23 122
79 178
154 253
146 245
183 282
169 268
134 233
30 129
107 206
39 138
162 261
14 113
81 180
130 229
59 158
158 257
10 109
122 221
7 106
142 241
158 257
11 110
113 212
130 229
113 212
82 181
71 170
157 256
22 121
133 232
91 190
57 156
186 285
189 288
100 199
174 273
73 172
11 110
8 107
157 256
121 220
89 188
196 295
72 171
104 203
4 103
91 190
131 230
44 143
119 218
99 198
167 266
121 220
137 236
110 209
161 260
87 186
0 99
74 173
178 277
24 123
195 294
141 240
167 266
113 212
120 219
70 169
80 179
77 176
11 110
49 148
57 156
86 185
174 273
134 233
73 172
11 110
61 160
180 279
174 273
153 252
90 189
149 248
145 244
138 237
141 240
181 280
32 131
49 148
187 286
64 163
39 138
24 123
39 138
58 157
7 106
160 259
23 122
82 181
147 246
39 138
71 170
136 235
182 281
174 273
109 208
98 197
161 260
15 114
167 266
175 274
153 252
69 168
56 155
109 208
159 258
62 161
98 197
57 156
182 281
12 111
75 174
197 296
76 175
26 125
179 278
41 140
105 204
45 144
75 174
165 264
122 221
101 200
124 223
139 238
92 191
54 153
132 231
152 251
117 216
111 210
177 276
148 247
47 146
53 152
186 285
37 136
27 126
31 130
147 246
57 156
47 146
55 154
87 186
169 268
14 113
4 103
165 264
159 258
141 240
12 111
191 290
55 154
32 131
27 126
26 125
108 207
0 99
150 249
145 244
179 278
112 211
15 114
32 131
68 167
68 167
163 262
120 219
97 196
181 280
196 295
187 286
173 272
147 246
106 205
9 108
157 256
186 285
155 254
121 220
7 106
59 158
6 105
86 185
129 228
121 220
75 174
47 146
137 236
122 221
0 99
138 237
133 232
124 223
177 276
10 109
100 199
193 292
129 228
124 223
109 208
10 109
168 267
85 184
94 193
152 251
56 155
154 253
96 195
8 107
88 187
20 119
147 246
122 221
175 274
11 110
94 193
19 118
161 260
159 258
53 152
36 135
48 147
2 101
50 149
182 281
154 253
26 125
92 191
93 192
55 154
106 205
51 150
45 144
192 291
76 175
36 135
80 179
182 281
183 282
2 101
65 164
111 210
129 228
107 206
8 107
100 199
38 137
150 249
172 271
23 122
147 246
25 124
31 130
89 188
156 255
144 243
75 174
128 227
11 110
182 281
87 186
159 258
19 118
192 291
43 142
96 195
147 246
31 130
189 288
5 104
114 213
61 160
154 253
43 142
177 276
168 267
181 280
157 256
137 236
80 179
60 159
125 224
121 220
66 165
169 268
56 155
9 108
125 224
156 255
194 293
177 276
32 131
197 296
137 236
176 275
127 226
156 255
104 203
20 119
182 281
59 158
189 288
130 229
24 123
170 269
175 274
122 221
182 281
7 106
123 222
94 193
120 219
142 241
173 272
39 138
15 114
88 187
75 174
17 116
184 283
170 269
87 186
115 214
8 107
89 188
181 280
85 184
97 196
154 253
11 110
154 253
16 115
18 117
86 185
105 204
8 107
15 114
60 159
70 169
10 109
168 267
122 221
38 137
65 164
60 159
97 196
77 176
7 106
125 224
179 278
186 285
6 105
173 272
154 253
36 135
73 172
93 192
25 124
132 231
190 289
55 154
105 204
26 125
95 194
193 292
161 260
151 250
156 255
147 246
119 218
145 244
148 247
108 207
160 259
28 127
125 224
72 171
61 160
136 235
24 123
114 213
23 122
133 232
62 161
59 158
9 108
88 187
47 146
133 232
157 256
167 266
64 163
123 222
81 180
164 263
177 276
53 152
155 254
77 176
195 294
137 236
97 196
79 178
137 236
86 185
131 230
117 216
53 152
173 272
36 135
185 284
157 256
79 178
62 161
4 103
33 132
1 100
84 183
160 259
63 162
60 159
173 272
40 139
113 212
142 241
169 268
19 118
25 124
31 130
15 114
164 263
75 174
94 193
115 214
197 296
162 261
176 275
1 100
54 153
195 294
23 122
146 245
17 116
42 141
54 153
62 161
79 178
109 208
11 110
162 261
107 206
178 277
110 209
102 201
98 197
160 259
102 201
8 107
89 188
170 269
106 205
111 210
115 214
78 177
134 233
59 158
116 215
168 267
62 161
69 168
144 243
75 174
155 254
68 167
178 277
95 194
16 115
105 204
52 151
138 237
144 243
32 131
58 157
49 148
76 175
197 296
154 253
193 292
167 266
91 190
103 202
129 228
94 193
1 100
84 183
73 172
11 110
2 101
166 265
147 246
180 279
75 174
3 102
4 103
123 222
103 202
137 236
3 102
65 164
14 113
59 158
3 102
197 296
106 205
1 100
10 109
81 180
51 150
135 234
58 157
50 149
77 176
31 130
5 104
31 130
124 223
36 135
167 266
73 172
91 190
23 122
74 173
104 203
150 249
120 219
86 185
67 166
58 157
39 138
51 150
181 280
196 295
32 131
52 151
195 294
56 155
7 106
49 148
123 222
129 228
133 232
113 212
131 230
28 127
131 230
38 137
100 199
182 281
104 203
183 282
159 258
32 131
185 284
40 139
26 125
32 131
38 137
41 140
91 190
79 178
104 203
106 205
77 176
40 139
115 214
99 198
77 176
33 132
102 201
127 226
48 147
124 223
180 279
29 128
91 190
25 124
160 259
84 183
175 274
150 249
91 190
45 144
149 248
189 288
166 265
173 272
95 194
56 155
154 253
174 273
73 172
137 236
154 253
44 143
5 104
88 187
89 188
164 263
41 140
99 198
91 190
25 124
84 183
173 272
74 173
115 214
121 220
81 180
28 127
104 203
63 162
9 108
99 198
172 271
139 238
87 186
85 184
150 249
6 105
41 140
82 181
88 187
110 209
81 180
128 227
122 221
85 184
96 195
26 125
113 212
98 197
65 164
27 126
156 255
118 217
105 204
8 107
48 147
173 272
53 152
93 192
91 190
75 174
102 201
1 100
192 291
69 168
182 281
167 266
77 176
139 238
144 243
170 269
20 119
46 145
62 161
39 138
107 206
109 208
27 126
91 190
149 248
174 273
96 195
180 279
29 128
16 115
168 267
55 154
94 193
169 268
188 287
128 227
170 269
75 174
41 140
132 231
170 269
50 149
17 116
95 194
7 106
189 288
100 199
101 200
61 160
192 291
195 294
61 160
50 149
1 100
73 172
166 265
125 224
133 232
21 120
12 111
40 139
41 140
78 177
152 251
184 283
174 273
68 167
125 224
118 217
101 200
20 119
133 232
46 145
4 103
47 146
52 151
164 263
65 164
90 189
25 124
12 111
139 238
24 123
120 219
44 143
86 185
45 144
14 113
102 201
176 275
119 218
79 178
183 282
14 113
49 148
59 158
183 282
179 278
136 235
98 197
66 165
66 165
141 240
11 110
159 258
41 140
118 217
144 243
127 226
91 190
60 159
188 287
108 207
128 227
141 240
42 141
184 283
27 126
90 189
138 237
26 125
55 154
145 244
132 231
124 223
169 268
195 294
23 122
56 155
58 157
167 266
11 110
20 119
128 227
3 102
186 285
103 202
40 139
189 288
189 288
11 110
112 211
146 245
172 271
140 239
151 250
67 166
9 108
58 157
191 290
181 280
27 126
161 260
144 243
151 250
51 150
101 200
104 203
146 245
21 120
112 211
151 250
104 203
120 219
101 200
193 292
24 123
142 241
134 233
13 112
101 200
174 273
158 257
121 220
153 252
32 131
135 234
48 147
68 167
172 271
111 210
20 119
189 288
4 103
153 252
67 166
122 221
79 178
88 187
171 270
54 153
128 227
21 120
87 186
105 204
15 114
109 208
48 147
124 223
84 183
159 258
30 129
179 278
50 149
166 265
50 149
63 162
107 206
101 200
189 288
16 115
2 101
145 244
144 243
135 234
144 243
67 166
17 116
69 168
152 251
182 281
2 101
140 239
6 105
50 149
84 183
40 139
105 204
51 150
96 195
176 275
110 209
109 208
71 170
135 234
48 147
152 251
87 186
18 117
6 105
42 141
164 263
10 109
95 194
84 183
64 163
99 198
39 138
194 293
167 266
0 99
156 255
94 193
193 292
79 178
190 289
36 135
8 107
66 165
82 181
157 256
26 125
190 289
7 106
147 246
14 113
156 255
82 181
30 129
67 166
188 287
119 218
149 248
113 212
31 130
24 123
160 259
166 265
80 179
166 265
183 282
62 161
156 255
19 118
188 287
154 253
95 194
145 244
166 265
43 142
75 174
33 132
91 190
122 221
24 123
57 156
173 272
27 126
4 103
65 164
168 267
55 154
20 119
95 194
114 213
188 287
143 242
124 223
117 216
107 206
189 288
15 114
116 215
3 102
27 126
184 283
105 204
134 233
98 197
19 118
25 124
128 227
39 138
163 262
137 236
32 131
97 196
144 243
35 134
55 154
81 180
18 117
0 99
168 267
96 195
70 169
16 115
18 117
21 120
147 246
163 262
182 281
33 132
135 234
162 261
0 99
183 282
164 263
153 252
32 131
181 280
153 252
123 222
19 118
62 161
165 264
58 157
185 284
17 116
114 213
68 167
0 99
149 248
129 228
141 240
157 256
146 245
122 221
166 265
37 136
105 204
182 281
183 282
22 121
3 102
16 115
75 174
4 103
111 210
130 229
149 248
75 174
101 200
85 184
90 189
161 260
6 105
154 253
141 240
173 272
102 201
107 206
61 160
130 229
142 241
174 273
121 220
153 252
105 204
69 168
94 193
70 169
68 167
101 200
134 233
151 250
158 257
138 237
148 247
3 102
164 263
29 128
20 119
128 227
42 141
81 180
28 127
190 289
174 273
100 199
76 175
191 290
25 124
22 121
184 283
68 167
53 152
51 150
192 291
3 102
87 186
190 289
70 169
11 110
6 105
96 195
196 295
19 118
12 111
15 114
190 289
109 208
140 239
195 294
160 259
79 178
75 174
177 276
197 296
175 274
119 218
130 229
99 198
133 232
4 103
26 125
102 201
140 239
26 125
17 116
133 232
51 150
167 266
86 185
86 185
119 218
98 197
34 133
194 293
154 253
163 262
28 127
185 284
34 133
97 196
112 211
49 148
132 231
62 161
178 277
81 180
188 287
137 236
191 290
45 144
64 163
60 159
146 245
40 139
150 249
88 187
148 247
153 252
30 129
166 265
16 115
95 194
9 108
127 226
84 183
2 101
44 143
147 246
26 125
190 289
120 219
144 243
135 234
187 286
51 150
90 189
107 206
67 166
127 226
73 172
38 137
101 200
41 140
191 290
12 111
22 121
46 145
194 293
5 104
47 146
141 240
95 194
131 230
22 121
194 293
71 170
196 295
148 247
29 128
169 268
183 282
111 210
105 204
93 192
125 224
116 215
24 123
185 284
43 142
116 215
120 219
142 241
185 284
128 227
183 282
195 294
27 126
178 277
47 146
29 128
5 104
18 117
71 170
185 284
115 214
100 199
22 121
8 107
64 163
120 219
37 136
95 194
18 117
132 231
8 107
61 160
63 162
96 195
40 139
122 221
43 142
80 179
31 130
7 106
141 240
191 290
127 226
42 141
114 213
33 132
186 285
94 193
159 258
153 252
15 114
183 282
66 165
104 203
23 122
126 225
93 192
140 239
48 147
193 292
81 180
55 154
103 202
152 251
55 154
157 256
133 232
52 151
147 246
148 247
116 215
41 140
56 155
85 184
197 296
89 188
64 163
17 116
184 283
82 181
82 181
92 191
135 234
111 210
189 288
32 131
155 254
99 198
155 254
153 252
75 174
129 228
37 136
168 267
104 203
190 289
186 285
88 187
128 227
189 288
26 125
172 271
40 139
165 264
75 174
75 174
17 116
195 294
183 282
69 168
156 255
187 286
167 266
115 214
129 228
40 139
58 157
96 195
6 105
42 141
70 169
11 110
190 289
23 122
165 264
143 242
123 222
125 224
97 196
143 242
183 282
33 132
2 101
6 105
31 130
119 218
96 195
32 131
89 188
5 104
115 214
4 103
195 294
35 134
20 119
76 175
25 124
11 110
196 295
150 249
49 148
197 296
175 274
0 99
3 102
118 217
1 100
140 239
90 189
171 270
85 184
40 139
144 243
107 206
48 147
35 134
149 248
28 127
0 99
18 117
196 295
57 156
188 287
2 101
161 260
135 234
98 197
133 232
189 288
107 206
34 133
173 272
132 231
116 215
127 226
95 194
163 262
15 114
111 210
124 223
184 283
17 116
76 175
23 122
40 139
60 159
149 248
167 266
196 295
96 195
104 203
69 168
62 161
14 113
108 207
12 111
74 173
80 179
28 127
77 176
16 115
64 163
117 216
122 221
130 229
137 236
59 158
169 268
148 247
64 163
164 263
70 169
12 111
175 274
71 170
44 143
152 251
87 186
82 181
143 242
142 241
160 259
16 115
62 161
154 253
191 290
66 165
164 263
74 173
136 235
185 284
30 129
103 202
196 295
30 129
5 104
174 273
175 274
139 238
95 194
57 156
130 229
64 163
116 215
179 278
23 122
184 283
85 184
41 140
183 282
120 219
162 261
20 119
16 115
173 272
13 112
45 144
53 152
92 191
174 273
149 248
184 283
70 169
71 170
144 243
188 287
22 121
32 131
38 137
107 206
98 197
131 230
174 273
172 271
40 139
132 231
126 225
58 157
129 228
115 214
72 171
88 187
66 165
176 275
13 112
16 115
24 123
70 169
108 207
78 177
164 263
66 165
195 294
21 120
175 274
64 163
98 197
5 104
176 275
44 143
96 195
57 156
127 226
15 114
150 249
189 288
187 286
96 195
115 214
130 229
65 164
41 140
83 182
66 165
125 224
129 228
129 228
12 111
17 116
141 240
100 199
126 225
63 162
47 146
4 103
162 261
61 160
56 155
196 295
55 154
77 176
137 236
158 257
168 267
135 234
122 221
171 270
11 110
174 273
156 255
37 136
90 189
108 207
183 282
82 181
23 122
130 229
143 242
135 234
9 108
168 267
32 131
186 285
113 212
82 181
119 218
113 212
167 266
45 144
178 277
135 234
9 108
109 208
62 161
171 270
35 134
88 187
165 264
139 238
134 233
65 164
130 229
141 240
41 140
112 211
51 150
77 176
135 234
139 238
171 270
51 150
48 147
3 102
52 151
34 133
73 172
8 107
30 129
7 106
5 104
119 218
126 225
0 99
172 271
121 220
92 191
55 154
89 188
166 265
27 126
171 270
130 229
157 256
24 123
8 107
7 106
30 129
48 147
31 130
160 259
41 140
21 120
104 203
8 107
0 99
169 268
32 131
59 158
40 139
29 128
76 175
82 181
183 282
98 197
185 284
102 201
177 276
8 107
61 160
88 187
15 114
129 228
177 276
19 118
192 291
164 263
142 241
69 168
105 204
75 174
63 162
115 214
50 149
29 128
102 201
156 255
174 273
108 207
159 258
149 248
65 164
63 162
97 196
107 206
171 270
196 295
91 190
118 217
159 258
41 140
140 239
77 176
28 127
84 183
124 223
66 165
53 152
115 214
50 149
119 218
83 182
76 175
110 209
56 155
187 286
30 129
89 188
115 214
107 206
177 276
188 287
36 135
101 200
170 269
140 239
22 121
107 206
120 219
33 132
172 271
26 125
143 242
117 216
141 240
173 272
170 269
148 247
7 106
112 211
84 183
45 144
189 288
73 172
114 213
96 195
63 162
174 273
12 111
93 192
153 252
144 243
148 247
136 235
105 204
151 250
197 296
96 195
51 150
139 238
90 189
3 102
5 104
34 133
16 115
187 286
105 204
8 107
85 184
84 183
166 265
52 151
113 212
152 251
166 265
165 264
43 142
49 148
153 252
123 222
5 104
56 155
181 280
133 232
33 132
94 193
11 110
123 222
174 273
139 238
165 264
195 294
22 121
196 295
155 254
145 244
176 275
138 237
40 139
95 194
181 280
127 226
155 254
69 168
170 269
155 254
130 229
52 151
165 264
102 201
158 257
197 296
91 190
190 289
93 192
145 244
197 296
184 283
164 263
187 286
148 247
89 188
52 151
63 162
57 156
125 224
83 182
94 193
131 230
24 123
161 260
139 238
115 214
66 165
40 139
124 223
105 204
123 222
155 254
28 127
184 283
52 151
72 171
152 251
185 284
30 129
194 293
76 175
4 103
120 219
116 215
91 190
17 116
137 236
68 167
88 187
150 249
53 152
164 263
161 260
193 292
153 252
127 226
2 101
187 286
138 237
89 188
36 135
104 203
30 129
4 103
87 186
80 179
37 136
172 271
98 197
119 218
147 246
164 263
181 280
138 237
14 113
155 254
46 145
2 101
36 135
188 287
188 287
50 149
182 281
157 256
49 148
112 211
14 113
193 292
78 177
20 119
83 182
101 200
174 273
11 110
46 145
80 179
158 257
86 185
22 121
91 190
60 159
75 174
143 242
129 228
175 274
136 235
167 266
95 194
194 293
150 249
182 281
99 198
25 124
192 291
136 235
165 264
43 142
22 121
24 123
86 185
192 291
83 182
97 196
96 195
172 271
174 273
13 112
60 159
75 174
144 243
69 168
169 268
18 117
167 266
82 181
123 222
3 102
163 262
56 155
42 141
45 144
30 129
181 280
196 295
142 241
110 209
133 232
32 131
102 201
68 167
193 292
195 294
68 167
155 254
184 283
197 296
104 203
131 230
36 135
129 228
107 206
63 162
17 116
132 231
33 132
13 112
33 132
47 146
96 195
95 194
41 140
149 248
178 277
181 280
175 274
74 173
173 272
148 247
12 111
109 208
97 196
47 146
11 110
176 275
156 255
73 172
82 181
192 291
138 237
145 244
75 174
22 121
143 242
52 151
100 199
129 228
145 244
115 214
160 259
69 168
165 264
57 156
60 159
132 231
2 101
64 163
179 278
197 296
1 100
55 154
87 186
73 172
70 169
166 265
15 114
93 192
57 156
140 239
59 158
140 239
3 102
73 172
156 255
5 104
116 215
115 214
178 277
54 153
105 204
155 254
174 273
47 146
67 166
124 223
18 117
31 130
5 104
125 224
52 151
183 282
66 165
180 279
113 212
104 203
176 275
186 285
98 197
37 136
54 153
191 290
167 266
173 272
68 167
57 156
50 149
101 200
23 122
68 167
46 145
182 281
166 265
17 116
138 237
172 271
185 284
52 151
89 188
125 224
160 259
99 198
28 127
16 115
162 261
76 175
40 139
12 111
110 209
140 239
41 140
77 176
31 130
13 112
25 124
139 238
12 111
158 257
142 241
64 163
99 198
130 229
138 237
81 180
77 176
65 164
14 113
73 172
155 254
153 252
29 128
160 259
160 259
42 141
169 268
115 214
60 159
68 167
137 236
29 128
25 124
42 141
72 171
9 108
4 103
44 143
89 188
9 108
29 128
195 294
175 274
172 271
92 191
162 261
12 111
106 205
87 186
59 158
160 259
170 269
70 169
98 197
88 187
137 236
38 137
81 180
185 284
186 285
110 209
93 192
126 225
58 157
152 251
38 137
188 287
23 122
120 219
195 294
29 128
148 247
36 135
11 110
45 144
81 180
190 289
125 224
74 173
174 273
177 276
122 221
73 172
70 169
147 246
43 142
82 181
136 235
66 165
97 196
76 175
71 170
49 148
119 218
74 173
52 151
72 171
21 120
158 257
131 230
28 127
186 285
132 231
52 151
28 127
67 166
120 219
14 113
16 115
189 288
83 182
39 138
82 181
115 214
181 280
131 230
161 260
87 186
56 155
146 245
124 223
157 256
118 217
130 229
80 179
134 233
125 224
188 287
12 111
56 155
37 136
191 290
8 107
137 236
27 126
2 101
29 128
21 120
21 120
4 103
163 262
123 222
157 256
112 211
187 286
164 263
133 232
31 130
0 99
138 237
64 163
46 145
125 224
4 103
83 182
31 130
80 179
158 257
157 256
5 104
46 145
145 244
31 130
6 105
25 124
93 192
70 169
141 240
4 103
58 157
157 256
91 190
127 226
145 244
145 244
64 163
83 182
135 234
8 107
41 140
190 289
110 209
45 144
163 262
6 105
73 172
86 185
45 144
14 113
56 155
67 166
80 179
30 129
84 183
43 142
6 105
22 121
103 202
41 140
51 150
153 252
87 186
36 135
138 237
124 223
66 165
29 128
27 126
133 232
140 239
162 261
180 279
14 113
64 163
64 163
187 286
5 104
135 234
133 232
52 151
70 169
30 129
64 163
4 103
102 201
24 123
106 205
192 291
9 108
169 268
129 228
190 289
135 234
157 256
144 243
80 179
167 266
44 143
47 146
195 294
5 104
185 284
90 189
103 202
101 200
74 173
126 225
193 292
195 294
31 130
39 138
29 128
190 289
173 272
159 258
62 161
43 142
177 276
58 157
196 295
63 162
191 290
99 198
45 144
100 199
48 147
142 241
37 136
95 194
95 194
139 238
89 188
44 143
77 176
26 125
76 175
106 205
75 174
21 120
22 121
158 257
86 185
191 290
57 156
102 201
14 113
14 113
129 228
107 206
10 109
181 280
124 223
165 264
101 200
53 152
68 167
103 202
70 169
145 244
15 114
6 105
190 289
53 152
147 246
11 110
5 104
113 212
74 173
58 157
68 167
23 122
182 281
125 224
171 270
9 108
80 179
26 125
174 273
156 255
28 127
111 210
38 137
120 219
70 169
98 197
165 264
130 229
90 189
192 291
81 180
51 150
14 113
186 285
97 196
33 132
83 182
132 231
105 204
187 286
145 244
45 144
127 226
40 139
24 123
49 148
56 155
136 235
165 264
71 170
101 200
107 206
15 114
95 194
150 249
43 142
114 213
129 228
41 140
62 161
42 141
158 257
191 290
92 191
12 111
4 103
37 136
22 121
86 185
156 255
196 295
46 145
78 177
128 227
13 112
186 285
31 130
149 248
19 118
46 145
173 272
132 231
94 193
134 233
177 276
68 167
7 106
68 167
140 239
193 292
49 148
24 123
48 147
60 159
56 155
9 108
164 263
142 241
45 144
67 166
80 179
74 173
96 195
117 216
92 191
122 221
92 191
141 240
33 132
100 199
158 257
137 236
161 260
5 104
59 158
18 117
99 198
23 122
59 158
120 219
40 139
166 265
48 147
106 205
47 146
89 188
12 111
189 288
181 280
46 145
133 232
82 181
172 271
145 244
8 107
40 139
98 197
93 192
155 254
17 116
134 233
103 202
121 220
65 164
58 157
191 290
77 176
52 151
18 117
173 272
173 272
42 141
46 145
31 130
169 268
166 265
122 221
131 230
150 249
87 186
163 262
171 270
21 120
108 207
36 135
30 129
42 141
194 293
107 206
60 159
139 238
158 257
57 156
78 177
111 210
156 255
142 241
10 109
147 246
20 119
194 293
148 247
126 225
83 182
38 137
134 233
2 101
102 201
135 234
9 108
76 175
104 203
63 162
183 282
115 214
125 224
96 195
26 125
87 186
53 152
186 285
116 215
88 187
67 166
95 194
1 100
86 185
168 267
194 293
110 209
194 293
3 102
0 99
182 281
60 159
84 183
1 100
32 131
163 262
120 219
56 155
48 147
171 270
31 130
44 143
65 164
125 224
89 188
171 270
124 223
1 100
51 150
29 128
107 206
83 182
180 279
172 271
136 235
157 256
115 214
38 137
25 124
25 124
43 142
176 275
175 274
160 259
101 200
131 230
132 231
42 141
4 103
101 200
121 220
49 148
110 209
152 251
70 169
100 199
98 197
116 215
79 178
101 200
0 99
102 201
131 230
79 178
23 122
65 164
181 280
168 267
148 247
149 248
55 154
16 115
99 198
7 106
98 197
119 218
0 99
82 181
188 287
100 199
163 262
137 236
162 261
146 245
97 196
161 260
187 286
140 239
89 188
36 135
87 186
73 172
90 189
53 152
74 173
58 157
184 283
152 251
67 166
48 147
139 238
114 213
116 215
191 290
14 113
35 134
126 225
138 237
187 286
150 249
182 281
47 146
143 242
147 246
60 159
69 168
156 255
116 215
173 272
76 175
118 217
144 243
137 236
155 254
131 230
17 116
185 284
12 111
21 120
90 189
72 171
173 272
42 141
67 166
79 178
0 99
87 186
79 178
135 234
61 160
66 165
131 230
187 286
118 217
69 168
45 144
126 225
57 156
151 250
133 232
116 215
110 209
21 120
163 262
154 253
118 217
174 273
148 247
61 160
114 213
69 168
195 294
193 292
37 136
53 152
139 238
7 106
22 121
158 257
85 184
168 267
78 177
36 135
76 175
173 272
10 109
113 212
106 205
110 209
13 112
1 100
56 155
54 153
121 220
186 285
40 139
139 238
18 117
165 264
147 246
105 204
145 244
17 116
79 178
180 279
49 148
116 215
83 182
38 137
143 242
9 108
141 240
173 272
151 250
57 156
149 248
10 109
121 220
115 214
2 101
132 231
17 116
78 177
5 104
154 253
118 217
92 191
185 284
104 203
133 232
141 240
27 126
138 237
166 265
78 177
145 244
125 224
82 181
84 183
108 207
16 115
31 130
121 220
89 188
103 202
88 187
103 202
38 137
150 249
31 130
65 164
99 198
169 268
29 128
0 99
12 111
161 260
15 114
160 259
78 177
89 188
131 230
92 191
187 286
83 182
84 183
159 258
66 165
23 122
141 240
109 208
149 248
106 205
118 217
157 256
118 217
184 283
167 266
126 225
83 182
136 235
34 133
174 273
84 183
18 117
16 115
63 162
161 260
57 156
93 192
29 128
136 235
115 214
83 182
61 160
69 168
80 179
171 270
175 274
164 263
136 235
131 230
86 185
160 259
20 119
118 217
58 157
184 283
88 187
15 114
154 253
152 251
185 284
158 257
74 173
194 293
150 249
87 186
69 168
145 244
85 184
58 157
117 216
103 202
166 265
113 212
1 100
1 100
59 158
125 224
91 190
176 275
94 193
9 108
180 279
89 188
106 205
132 231
20 119
61 160
80 179
132 231
66 165
8 107
135 234
107 206
123 222
99 198
110 209
138 237
6 105
151 250
54 153
111 210
14 113
84 183
177 276
111 210
129 228
6 105
44 143
125 224
191 290
187 286
125 224
129 228
65 164
41 140
110 209
123 222
61 160
124 223
107 206
158 257
165 264
90 189
134 233
181 280
17 116
25 124
125 224
123 222
108 207
139 238
125 224
196 295
188 287
99 198
182 281
172 271
73 172
69 168
161 260
103 202
139 238
4 103
191 290
143 242
26 125
88 187
41 140
120 219
12 111
103 202
125 224
65 164
194 293
147 246
86 185
190 289
25 124
11 110
182 281
15 114
74 173
106 205
147 246
104 203
51 150
194 293
108 207
158 257
50 149
27 126
14 113
168 267
43 142
82 181
171 270
132 231
34 133
22 121
21 120
145 244
75 174
186 285
52 151
168 267
24 123
54 153
125 224
88 187
178 277
172 271
183 282
183 282
52 151
160 259
150 249
99 198
76 175
181 280
145 244
120 219
17 116
106 205
49 148
121 220
77 176
117 216
79 178
56 155
40 139
112 211
111 210
166 265
37 136
178 277
8 107
188 287
37 136
32 131
97 196
113 212
1 100
33 132
8 107
49 148
133 232
113 212
19 118
181 280
29 128
60 159
64 163
10 109
146 245
98 197
119 218
56 155
86 185
53 152
158 257
39 138
15 114
78 177
0 99
114 213
35 134
122 221
10 109
94 193
58 157
128 227
123 222
114 213
92 191
100 199
61 160
167 266
23 122
78 177
152 251
81 180
163 262
26 125
121 220
133 232
192 291
182 281
54 153
196 295
192 291
71 170
45 144
36 135
187 286
186 285
104 203
166 265
3 102
102 201
103 202
154 253
135 234
177 276
48 147
23 122
40 139
160 259
152 251
132 231
65 164
31 130
14 113
72 171
159 258
133 232
20 119
37 136
133 232
111 210
9 108
70 169
126 225
167 266
149 248
126 225
43 142
106 205
122 221
17 116
163 262
73 172
165 264
99 198
70 169
127 226
43 142
132 231
137 236
160 259
164 263
33 132
23 122
120 219
159 258
14 113
183 282
137 236
3 102
194 293
140 239
168 267
165 264
29 128
128 227
105 204
139 238
36 135
56 155
58 157
94 193
99 198
27 126
119 218
88 187
92 191
74 173
21 120
95 194
18 117
100 199
165 264
7 106
122 221
110 209
155 254
58 157
17 116
126 225
43 142
17 116
169 268
110 209
30 129
65 164
57 156
113 212
24 123
30 129
114 213
116 215
121 220
184 283
126 225
140 239
41 140
38 137
187 286
47 146
79 178
108 207
93 192
4 103
80 179
150 249
34 133
156 255
104 203
127 226
169 268
145 244
73 172
152 251
177 276
12 111
5 104
112 211
152 251
77 176
149 248
147 246
159 258
167 266
158 257
101 200
76 175
18 117
159 258
12 111
28 127
126 225
104 203
98 197
192 291
168 267
181 280
101 200
163 262
173 272
179 278
79 178
167 266
27 126
175 274
13 112
117 216
37 136
126 225
44 143
137 236
173 272
120 219
73 172
41 140
59 158
88 187
163 262
152 251
28 127
14 113
115 214
26 125
104 203
58 157
80 179
97 196
44 143
151 250
91 190
129 228
169 268
182 281
166 265
94 193
187 286
45 144
59 158
187 286
58 157
120 219
89 188
142 241
192 291
158 257
76 175
181 280
24 123
91 190
149 248
193 292
34 133
123 222
52 151
49 148
90 189
50 149
109 208
153 252
136 235
28 127
44 143
148 247
122 221
128 227
56 155
79 178
156 255
2 101
34 133
176 275
16 115
144 243
191 290
194 293
123 222
51 150
108 207
38 137
88 187
29 128
81 180
52 151
182 281
3 102
31 130
150 249
51 150
61 160
165 264
39 138
164 263
13 112
175 274
150 249
79 178
113 212
0 99
50 149
18 117
166 265
69 168
69 168
168 267
126 225
33 132
93 192
6 105
19 118
62 161
118 217
109 208
51 150
118 217
164 263
182 281
53 152
160 259
75 174
38 137
42 141
167 266
146 245
159 258
44 143
114 213
34 133
60 159
5 104
123 222
89 188
154 253
42 141
121 220
106 205
66 165
170 269
160 259
71 170
90 189
134 233
46 145
184 283
192 291
71 170
172 271
187 286
73 172
92 191
20 119
74 173
187 286
158 257
188 287
93 192
73 172
144 243
113 212
142 241
66 165
22 121
61 160
144 243
157 256
110 209
63 162
36 135
111 210
145 244
40 139
157 256
54 153
82 181
46 145
90 189
74 173
106 205
109 208
33 132
185 284
49 148
138 237
97 196
27 126
172 271
178 277
114 213
25 124
14 113
21 120
10 109
37 136
172 271
29 128
41 140
4 103
164 263
95 194
19 118
8 107
13 112
163 262
114 213
33 132
63 162
165 264
45 144
129 228
64 163
67 166
195 294
2 101
80 179
178 277
195 294
145 244
133 232
26 125
123 222
91 190
36 135
133 232
102 201
135 234
107 206
127 226
30 129
43 142
143 242
105 204
36 135
93 192
27 126
7 106
146 245
193 292
168 267
58 157
107 206
1;156504
48 147
171 270
161 260
172 271
58 157
130 229
84 183
18 117
84 183
39 138
87 186
75 174
134 233
144 243
10 109
36 135
73 172
166 265
61 160
154 253
106 205
115 214
155 254
89 188
197 296
51 150
184 283
15 114
70 169
166 265
42 141
118 217
25 124
197 296
82 181
112 211
98 197
187 286
158 257
51 150
140 239
145 244
102 201
69 168
80 179
185 284
76 175
164 263
113 212
17 116
104 203
8 107
51 150
96 195
171 270
10 109
147 246
193 292
194 293
197 296
4 103
184 283
157 256
186 285
6 105
72 171
55 154
106 205
115 214
134 233
172 271
145 244
124 223
194 293
154 253
19 118
111 210
164 263
5 104
77 176
160 259
122 221
126 225
89 188
25 124
74 173
111 210
102 201
70 169
160 259
149 248
69 168
161 260
77 176
178 277
109 208
163 262
90 189
24 123
55 154
150 249
11 110
143 242
24 123
37 136
151 250
63 162
9 108
2 101
168 267
137 236
177 276
29 128
67 166
32 131
104 203
50 149
111 210
179 278
178 277
81 180
107 206
172 271
118 217
81 180
6 105
91 190
165 264
65 164
142 241
113 212
168 267
191 290
185 284
160 259
78 177
172 271
126 225
15 114
169 268
41 140
185 284
35 134
93 192
168 267
147 246
181 280
47 146
167 266
111 210
67 166
152 251
12 111
186 285
64 163
24 123
68 167
169 268
70 169
52 151
0 99
106 205
147 246
170 269
3 102
150 249
32 131
120 219
95 194
37 136
144 243
157 256
96 195
15 114
48 147
176 275
153 252
103 202
158 257
155 254
111 210
97 196
98 197
43 142
131 230
170 269
183 282
113 212
76 175
15 114
38 137
112 211
68 167
141 240
195 294
87 186
195 294
23 122
38 137
116 215
99 198
131 230
100 199
48 147
25 124
162 261
188 287
123 222
52 151
38 137
190 289
28 127
169 268
168 267
11 110
82 181
141 240
18 117
121 220
38 137
111 210
20 119
156 255
34 133
192 291
69 168
110 209
6 105
98 197
72 171
73 172
161 260
79 178
169 268
149 248
191 290
152 251
53 152
45 144
151 250
54 153
44 143
154 253
60 159
66 165
117 216
53 152
103 202
140 239
140 239
31 130
112 211
33 132
84 183
114 213
41 140
119 218
6 105
64 163
112 211
51 150
68 167
79 178
67 166
32 131
93 192
164 263
85 184
76 175
126 225
108 207
132 231
77 176
43 142
128 227
6 105
138 237
124 223
179 278
126 225
173 272
78 177
156 255
122 221
17 116
165 264
190 289
119 218
56 155
92 191
15 114
73 172
145 244
41 140
72 171
175 274
117 216
53 152
32 131
60 159
36 135
32 131
151 250
172 271
74 173
144 243
22 121
67 166
140 239
3 102
37 136
165 264
143 242
47 146
12 111
174 273
164 263
70 169
7 106
174 273
56 155
14 113
86 185
137 236
195 294
73 172
132 231
32 131
3 102
25 124
40 139
90 189
181 280
111 210
107 206
72 171
78 177
135 234
112 211
173 272
100 199
82 181
71 170
113 212
90 189
65 164
193 292
186 285
123 222
118 217
126 225
164 263
72 171
164 263
175 274
52 151
78 177
46 145
175 274
166 265
134 233
90 189
116 215
59 158
44 143
128 227
168 267
183 282
58 157
67 166
192 291
1 100
76 175
177 276
157 256
183 282
73 172
171 270
139 238
39 138
142 241
54 153
77 176
68 167
106 205
28 127
95 194
32 131
9 108
129 228
86 185
58 157
134 233
95 194
9 108
25 124
79 178
63 162
108 207
21 120
62 161
35 134
40 139
72 171
117 216
118 217
84 183
150 249
100 199
53 152
79 178
120 219
179 278
147 246
16 115
52 151
79 178
96 195
108 207
163 262
83 182
180 279
194 293
92 191
123 222
66 165
125 224
107 206
42 141
7 106
52 151
166 265
130 229
140 239
37 136
109 208
56 155
146 245
3 102
9 108
196 295
76 175
23 122
109 208
72 171
159 258
67 166
65 164
52 151
4 103
124 223
164 263
147 246
174 273
95 194
162 261
5 104
132 231
17 116
69 168
38 137
117 216
175 274
141 240
197 296
90 189
52 151
107 206
50 149
108 207
83 182
97 196
132 231
85 184
153 252
162 261
194 293
52 151
176 275
19 118
133 232
0 99
68 167
166 265
157 256
124 223
68 167
75 174
144 243
2 101
182 281
115 214
113 212
164 263
27 126
15 114
11 110
112 211
14 113
80 179
11 110
119 218
94 193
30 129
193 292
74 173
33 132
166 265
10 109
172 271
168 267
149 248
101 200
85 184
192 291
27 126
4 103
146 245
181 280
121 220
175 274
22 121
168 267
67 166
22 121
178 277
92 191
151 250
86 185
137 236
106 205
145 244
172 271
103 202
9 108
108 207
134 233
175 274
76 175
16 115
129 228
39 138
11 110
45 144
98 197
18 117
150 249
51 150
91 190
63 162
103 202
177 276
99 198
58 157
76 175
76 175
46 145
17 116
116 215
189 288
51 150
14 113
171 270
146 245
147 246
159 258
112 211
100 199
43 142
37 136
144 243
98 197
70 169
29 128
22 121
190 289
157 256
50 149
39 138
175 274
33 132
106 205
169 268
139 238
96 195
79 178
180 279
149 248
39 138
192 291
197 296
55 154
109 208
111 210
91 190
48 147
186 285
97 196
196 295
127 226
55 154
29 128
113 212
98 197
145 244
14 113
143 242
133 232
29 128
5 104
48 147
50 149
74 173
96 195
16 115
63 162
176 275
20 119
148 247
129 228
190 289
144 243
86 185
171 270
163 262
49 148
92 191
179 278
132 231
143 242
30 129
118 217
175 274
144 243
99 198
135 234
27 126
59 158
196 295
55 154
124 223
117 216
185 284
79 178
194 293
13 112
34 133
86 185
177 276
103 202
64 163
77 176
158 257
121 220
138 237
188 287
153 252
113 212
2 101
84 183
104 203
15 114
97 196
60 159
96 195
28 127
113 212
36 135
189 288
33 132
112 211
146 245
77 176
41 140
48 147
141 240
169 268
113 212
73 172
121 220
110 209
159 258
147 246
172 271
7 106
7 106
146 245
188 287
51 150
23 122
81 180
162 261
173 272
110 209
110 209
107 206
62 161
100 199
77 176
80 179
132 231
128 227
89 188
122 221
11 110
170 269
82 181
125 224
88 187
41 140
119 218
21 120
135 234
187 286
13 112
114 213
159 258
45 144
5 104
58 157
36 135
57 156
127 226
83 182
38 137
123 222
25 124
90 189
80 179
1 100
197 296
31 130
119 218
118 217
127 226
58 157
5 104
70 169
10 109
99 198
120 219
58 157
154 253
23 122
27 126
152 251
66 165
156 255
79 178
41 140
95 194
197 296
16 115
174 273
176 275
100 199
99 198
107 206
28 127
112 211
58 157
44 143
120 219
113 212
182 281
197 296
19 118
143 242
60 159
193 292
19 118
9 108
184 283
43 142
64 163
25 124
13 112
18 117
172 271
16 115
194 293
60 159
104 203
152 251
168 267
56 155
105 204
64 163
167 266
71 170
43 142
102 201
12 111
55 154
98 197
13 112
189 288
153 252
191 290
103 202
143 242
32 131
42 141
165 264
156 255
149 248
59 158
197 296
57 156
31 130
109 208
152 251
81 180
7 106
98 197
24 123
183 282
108 207
26 125
194 293
84 183
41 140
38 137
63 162
127 226
180 279
194 293
63 162
83 182
100 199
2 101
162 261
105 204
119 218
74 173
31 130
98 197
162 261
36 135
175 274
31 130
183 282
36 135
171 270
79 178
167 266
135 234
191 290
63 162
126 225
17 116
30 129
73 172
24 123
168 267
31 130
152 251
47 146
184 283
130 229
18 117
118 217
166 265
11 110
100 199
8 107
82 181
191 290
17 116
36 135
168 267
197 296
139 238
172 271
56 155
36 135
5 104
125 224
58 157
58 157
99 198
8 107
11 110
139 238
53 152
20 119
39 138
12 111
21 120
5 104
18 117
155 254
56 155
187 286
121 220
1 100
163 262
192 291
5 104
104 203
13 112
177 276
112 211
196 295
174 273
117 216
115 214
142 241
50 149
28 127
123 222
87 186
24 123
21 120
118 217
99 198
16 115
159 258
35 134
55 154
62 161
153 252
135 234
147 246
190 289
143 242
193 292
150 249
85 184
77 176
171 270
27 126
0 99
74 173
100 199
43 142
141 240
102 201
70 169
137 236
101 200
32 131
12 111
49 148
112 211
87 186
47 146
185 284
192 291
194 293
125 224
133 232
175 274
59 158
50 149
129 228
60 159
11 110
107 206
136 235
129 228
185 284
2 101
5 104
118 217
120 219
187 286
115 214
116 215
195 294
163 262
68 167
147 246
1 100
82 181
45 144
3 102
65 164
82 181
122 221
159 258
14 113
25 124
191 290
132 231
37 136
68 167
40 139
179 278
34 133
32 131
92 191
184 283
117 216
18 117
159 258
97 196
187 286
109 208
10 109
59 158
194 293
193 292
58 157
116 215
139 238
30 129
138 237
20 119
119 218
116 215
85 184
187 286
165 264
182 281
183 282
102 201
62 161
15 114
60 159
67 166
125 224
98 197
133 232
55 154
197 296
175 274
101 200
136 235
129 228
159 258
47 146
150 249
97 196
175 274
22 121
177 276
185 284
66 165
162 261
43 142
107 206
67 166
50 149
15 114
156 255
121 220
23 122
34 133
122 221
29 128
145 244
158 257
122 221
32 131
149 248
87 186
138 237
60 159
117 216
29 128
6 105
170 269
107 206
115 214
18 117
161 260
179 278
4 103
95 194
165 264
169 268
56 155
147 246
112 211
157 256
128 227
31 130
40 139
177 276
3 102
75 174
153 252
100 199
186 285
193 292
1 100
112 211
110 209
38 137
75 174
122 221
61 160
138 237
66 165
161 260
130 229
57 156
34 133
10 109
16 115
95 194
45 144
104 203
57 156
112 211
115 214
41 140
68 167
154 253
10 109
108 207
171 270
44 143
121 220
54 153
181 280
164 263
150 249
105 204
58 157
54 153
181 280
172 271
97 196
88 187
119 218
156 255
30 129
76 175
8 107
9 108
169 268
86 185
186 285
151 250
191 290
55 154
134 233
50 149
33 132
102 201
92 191
39 138
63 162
153 252
185 284
184 283
97 196
22 121
173 272
118 217
176 275
78 177
116 215
7 106
38 137
49 148
135 234
139 238
172 271
59 158
162 261
67 166
65 164
166 265
172 271
173 272
7 106
4 103
79 178
123 222
23 122
129 228
133 232
154 253
85 184
29 128
133 232
90 189
102 201
14 113
20 119
72 171
146 245
124 223
152 251
91 190
46 145
174 273
105 204
136 235
7 106
184 283
108 207
114 213
4 103
101 200
146 245
13 112
102 201
4 103
98 197
86 185
168 267
60 159
141 240
4 103
132 231
120 219
31 130
24 123
149 248
90 189
103 202
128 227
166 265
75 174
193 292
141 240
100 199
137 236
56 155
39 138
0 99
139 238
165 264
179 278
111 210
94 193
117 216
139 238
156 255
170 269
37 136
14 113
53 152
59 158
132 231
197 296
74 173
94 193
136 235
136 235
160 259
21 120
137 236
17 116
102 201
128 227
138 237
150 249
34 133
194 293
44 143
27 126
184 283
111 210
47 146
127 226
140 239
18 117
0 99
137 236
29 128
142 241
191 290
144 243
116 215
52 151
67 166
148 247
133 232
58 157
24 123
68 167
30 129
172 271
74 173
191 290
124 223
168 267
142 241
61 160
181 280
131 230
57 156
67 166
73 172
123 222
177 276
70 169
47 146
121 220
197 296
26 125
150 249
1 100
71 170
138 237
113 212
54 153
162 261
97 196
31 130
3 102
140 239
55 154
180 279
16 115
36 135
139 238
9 108
119 218
71 170
38 137
107 206
29 128
163 262
127 226
160 259
67 166
3 102
168 267
133 232
108 207
92 191
64 163
157 256
86 185
140 239
80 179
85 184
32 131
3 102
72 171
147 246
57 156
54 153
121 220
184 283
173 272
133 232
167 266
197 296
90 189
134 233
158 257
15 114
56 155
53 152
170 269
153 252
111 210
162 261
4 103
154 253
179 278
5 104
139 238
28 127
78 177
63 162
184 283
109 208
5 104
71 170
134 233
139 238
46 145
78 177
64 163
129 228
159 258
142 241
186 285
191 290
79 178
39 138
58 157
4 103
130 229
4 103
145 244
116 215
12 111
45 144
146 245
50 149
71 170
64 163
132 231
168 267
69 168
65 164
158 257
23 122
58 157
77 176
14 113
36 135
196 295
60 159
46 145
190 289
123 222
197 296
17 116
48 147
108 207
197 296
149 248
180 279
38 137
95 194
89 188
162 261
138 237
29 128
135 234
157 256
178 277
100 199
91 190
25 124
99 198
143 242
129 228
20 119
79 178
97 196
191 290
30 129
181 280
29 128
48 147
12 111
159 258
29 128
34 133
111 210
110 209
33 132
66 165
130 229
184 283
17 116
93 192
92 191
43 142
59 158
21 120
69 168
31 130
84 183
143 242
63 162
31 130
166 265
154 253
75 174
131 230
13 112
81 180
163 262
75 174
193 292
181 280
112 211
76 175
174 273
51 150
166 265
66 165
141 240
183 282
140 239
8 107
91 190
58 157
17 116
132 231
62 161
119 218
139 238
9 108
148 247
124 223
31 130
58 157
182 281
29 128
128 227
71 170
41 140
143 242
116 215
80 179
96 195
50 149
176 275
163 262
16 115
145 244
35 134
14 113
145 244
188 287
147 246
43 142
148 247
20 119
51 150
97 196
66 165
173 272
80 179
159 258
49 148
50 149
196 295
121 220
82 181
89 188
192 291
93 192
22 121
88 187
157 256
88 187
40 139
73 172
24 123
124 223
134 233
122 221
54 153
71 170
177 276
180 279
175 274
161 260
48 147
86 185
75 174
32 131
41 140
48 147
23 122
113 212
115 214
13 112
10 109
132 231
37 136
57 156
33 132
55 154
193 292
92 191
140 239
32 131
60 159
183 282
0 99
24 123
91 190
112 211
167 266
124 223
88 187
25 124
146 245
127 226
25 124
19 118
114 213
192 291
80 179
140 239
34 133
137 236
125 224
92 191
92 191
171 270
125 224
120 219
118 217
190 289
75 174
27 126
167 266
34 133
156 255
157 256
123 222
196 295
54 153
73 172
158 257
42 141
125 224
188 287
29 128
91 190
45 144
149 248
48 147
18 117
147 246
123 222
159 258
154 253
85 184
118 217
72 171
139 238
102 201
145 244
118 217
61 160
58 157
161 260
77 176
113 212
78 177
5 104
73 172
29 128
124 223
37 136
133 232
146 245
42 141
180 279
148 247
139 238
128 227
94 193
109 208
67 166
138 237
131 230
41 140
152 251
125 224
101 200
32 131
159 258
12 111
181 280
72 171
12 111
57 156
92 191
190 289
178 277
9 108
134 233
71 170
80 179
50 149
11 110
39 138
38 137
0 99
63 162
57 156
76 175
104 203
1 100
169 268
193 292
48 147
191 290
170 269
1 100
169 268
103 202
73 172
7 106
126 225
94 193
71 170
192 291
54 153
195 294
194 293
132 231
31 130
38 137
161 260
101 200
142 241
170 269
58 157
194 293
109 208
161 260
115 214
14 113
129 228
14 113
5 104
77 176
19 118
193 292
176 275
65 164
53 152
153 252
101 200
158 257
106 205
108 207
188 287
125 224
143 242
17 116
130 229
11 110
172 271
86 185
169 268
112 211
146 245
104 203
96 195
84 183
85 184
18 117
21 120
74 173
47 146
26 125
172 271
28 127
55 154
73 172
100 199
106 205
119 218
70 169
190 289
14 113
119 218
47 146
164 263
90 189
141 240
121 220
42 141
9 108
184 283
141 240
171 270
75 174
193 292
162 261
176 275
170 269
75 174
189 288
174 273
44 143
138 237
86 185
186 285
55 154
23 122
126 225
90 189
96 195
44 143
83 182
141 240
192 291
75 174
149 248
131 230
123 222
57 156
161 260
89 188
55 154
38 137
64 163
116 215
113 212
4 103
125 224
177 276
165 264
126 225
108 207
185 284
51 150
167 266
127 226
88 187
129 228
43 142
8 107
6 105
83 182
71 170
89 188
49 148
171 270
7 106
82 181
98 197
75 174
80 179
97 196
119 218
68 167
196 295
100 199
150 249
89 188
113 212
62 161
174 273
3 102
72 171
4 103
65 164
168 267
158 257
56 155
63 162
2 101
159 258
118 217
25 124
172 271
79 178
138 237
89 188
170 269
10 109
55 154
82 181
18 117
6 105
76 175
135 234
96 195
85 184
156 255
60 159
120 219
17 116
110 209
151 250
65 164
7 106
26 125
1 100
0 99
184 283
187 286
41 140
49 148
184 283
191 290
164 263
54 153
81 180
112 211
176 275
166 265
0 99
129 228
131 230
152 251
61 160
55 154
47 146
96 195
97 196
49 148
102 201
195 294
133 232
182 281
120 219
52 151
52 151
92 191
139 238
117 216
82 181
29 128
83 182
30 129
34 133
143 242
77 176
119 218
16 115
57 156
103 202
112 211
84 183
123 222
72 171
17 116
13 112
191 290
44 143
40 139
83 182
169 268
147 246
176 275
84 183
62 161
95 194
22 121
18 117
52 151
85 184
179 278
48 147
126 225
8 107
185 284
50 149
108 207
174 273
191 290
29 128
30 129
163 262
70 169
135 234
71 170
2 101
1 100
94 193
13 112
150 249
93 192
44 143
76 175
38 137
172 271
164 263
28 127
69 168
86 185
37 136
98 197
85 184
68 167
55 154
34 133
40 139
109 208
96 195
158 257
96 195
144 243
51 150
46 145
125 224
169 268
129 228
29 128
132 231
164 263
117 216
27 126
20 119
87 186
1 100
164 263
22 121
43 142
70 169
78 177
10 109
166 265
155 254
14 113
172 271
191 290
71 170
178 277
170 269
27 126
81 180
121 220
102 201
45 144
109 208
43 142
2 101
33 132
138 237
174 273
142 241
22 121
111 210
24 123
6 105
170 269
177 276
119 218
72 171
142 241
93 192
189 288
181 280
73 172
9 108
107 206
141 240
167 266
187 286
171 270
152 251
112 211
157 256
88 187
43 142
166 265
145 244
183 282
59 158
120 219
112 211
170 269
159 258
182 281
130 229
26 125
108 207
50 149
172 271
138 237
161 260
127 226
145 244
124 223
48 147
71 170
114 213
150 249
181 280
156 255
175 274
162 261
31 130
17 116
102 201
48 147
125 224
194 293
56 155
36 135
176 275
189 288
48 147
5 104
48 147
171 270
22 121
7 106
60 159
29 128
70 169
64 163
155 254
71 170
119 218
47 146
18 117
143 242
102 201
160 259
64 163
196 295
15 114
191 290
195 294
183 282
160 259
175 274
74 173
10 109
49 148
28 127
140 239
98 197
168 267
8 107
185 284
178 277
120 219
50 149
49 148
146 245
127 226
123 222
45 144
177 276
47 146
2 101
73 172
73 172
159 258
2 101
185 284
33 132
89 188
89 188
183 282
166 265
33 132
112 211
73 172
79 178
26 125
131 230
88 187
21 120
50 149
19 118
97 196
83 182
157 256
41 140
144 243
144 243
104 203
162 261
195 294
128 227
137 236
104 203
159 258
167 266
12 111
134 233
99 198
80 179
11 110
65 164
69 168
132 231
59 158
13 112
171 270
14 113
64 163
122 221
94 193
51 150
104 203
33 132
126 225
132 231
9 108
68 167
120 219
194 293
130 229
98 197
101 200
96 195
77 176
84 183
140 239
132 231
162 261
10 109
32 131
18 117
155 254
24 123
154 253
197 296
30 129
9 108
26 125
178 277
32 131
35 134
83 182
191 290
66 165
192 291
133 232
86 185
85 184
153 252
93 192
47 146
47 146
22 121
154 253
60 159
139 238
68 167
111 210
94 193
7 106
28 127
91 190
122 221
127 226
185 284
37 136
42 141
3 102
65 164
141 240
85 184
185 284
58 157
56 155
118 217
58 157
189 288
183 282
130 229
24 123
110 209
5 104
157 256
173 272
45 144
26 125
170 269
2 101
47 146
125 224
179 278
61 160
8 107
125 224
96 195
138 237
128 227
165 264
172 271
139 238
171 270
129 228
183 282
74 173
95 194
43 142
128 227
148 247
131 230
33 132
133 232
169 268
59 158
141 240
173 272
60 159
129 228
3 102
137 236
139 238
48 147
142 241
168 267
81 180
57 156
19 118
191 290
47 146
79 178
77 176
192 291
91 190
165 264
189 288
0 99
185 284
6 105
187 286
187 286
182 281
1 100
182 281
167 266
62 161
64 163
64 163
33 132
71 170
176 275
113 212
23 122
146 245
147 246
150 249
32 131
166 265
27 126
11 110
17 116
132 231
23 122
59 158
105 204
103 202
28 127
161 260
8 107
113 212
155 254
182 281
7 106
40 139
183 282
128 227
186 285
197 296
193 292
22 121
26 125
94 193
51 150
108 207
196 295
102 201
102 201
129 228
100 199
24 123
143 242
179 278
31 130
20 119
67 166
45 144
3 102
140 239
12 111
187 286
14 113
196 295
156 255
1 100
145 244
182 281
0 99
57 156
182 281
187 286
114 213
135 234
35 134
68 167
166 265
27 126
43 142
48 147
26 125
178 277
11 110
22 121
108 207
20 119
38 137
157 256
103 202
28 127
184 283
177 276
34 133
193 292
27 126
121 220
66 165
95 194
113 212
83 182
149 248
71 170
178 277
77 176
17 116
83 182
99 198
69 168
92 191
193 292
0 99
10 109
83 182
96 195
150 249
195 294
54 153
25 124
174 273
13 112
100 199
85 184
103 202
129 228
53 152
154 253
138 237
120 219
128 227
97 196
58 157
77 176
153 252
182 281
10 109
32 131
2 101
39 138
125 224
192 291
42 141
177 276
134 233
189 288
120 219
161 260
65 164
34 133
189 288
183 282
80 179
34 133
60 159
10 109
155 254
61 160
91 190
0 99
66 165
93 192
184 283
36 135
72 171
52 151
99 198
39 138
89 188
76 175
87 186
113 212
31 130
175 274
172 271
43 142
194 293
7 106
6 105
97 196
96 195
66 165
11 110
96 195
60 159
141 240
180 279
135 234
130 229
47 146
158 257
132 231
37 136
72 171
68 167
1 100
37 136
149 248
77 176
40 139
151 250
56 155
156 255
135 234
0 99
153 252
90 189
144 243
163 262
172 271
134 233
60 159
127 226
107 206
73 172
22 121
175 274
127 226
164 263
181 280
195 294
123 222
126 225
146 245
91 190
97 196
113 212
190 289
68 167
10 109
1 100
41 140
50 149
43 142
12 111
130 229
50 149
7 106
77 176
68 167
122 221
2 101
6 105
146 245
83 182
20 119
98 197
3 102
153 252
31 130
68 167
14 113
161 260
5 104
110 209
154 253
33 132
151 250
140 239
128 227
106 205
28 127
44 143
19 118
43 142
130 229
96 195
6 105
193 292
149 248
194 293
109 208
166 265
75 174
166 265
120 219
151 250
95 194
22 121
0 99
57 156
189 288
190 289
141 240
117 216
39 138
79 178
111 210
1 100
107 206
173 272
67 166
82 181
135 234
91 190
150 249
16 115
103 202
137 236
105 204
162 261
192 291
178 277
76 175
36 135
14 113
13 112
16 115
0 99
76 175
155 254
39 138
45 144
155 254
90 189
195 294
132 231
27 126
14 113
177 276
138 237
195 294
106 205
151 250
197 296
97 196
57 156
83 182
174 273
141 240
109 208
61 160
130 229
46 145
10 109
35 134
16 115
133 232
83 182
9 108
140 239
75 174
7 106
108 207
190 289
175 274
138 237
36 135
18 117
18 117
45 144
192 291
40 139
3 102
71 170
108 207
140 239
17 116
117 216
94 193
108 207
23 122
60 159
85 184
125 224
46 145
164 263
33 132
112 211
9 108
4 103
47 146
122 221
49 148
67 166
97 196
82 181
20 119
42 141
147 246
54 153
25 124
88 187
145 244
6 105
53 152
147 246
122 221
111 210
89 188
70 169
74 173
91 190
62 161
165 264
6 105
124 223
136 235
9 108
138 237
190 289
53 152
131 230
173 272
12 111
11 110
39 138
142 241
29 128
171 270
32 131
124 223
29 128
165 264
122 221
5 104
137 236
0 99
42 141
142 241
154 253
91 190
17 116
112 211
143 242
177 276
78 177
15 114
182 281
1 100
96 195
27 126
22 121
178 277
40 139
15 114
47 146
59 158
102 201
116 215
10 109
117 216
98 197
130 229
18 117
126 225
150 249
187 286
148 247
54 153
110 209
56 155
126 225
181 280
151 250
99 198
16 115
134 233
182 281
195 294
142 241
8 107
153 252
112 211
154 253
29 128
109 208
137 236
47 146
87 186
41 140
184 283
66 165
34 133
4 103
21 120
1 100
121 220
75 174
180 279
144 243
100 199
108 207
115 214
143 242
167 266
164 263
107 206
144 243
178 277
61 160
27 126
38 137
46 145
103 202
44 143
125 224
193 292
13 112
149 248
170 269
59 158
104 203
171 270
64 163
56 155
75 174
132 231
42 141
165 264
19 118
117 216
30 129
31 130
95 194
74 173
142 241
95 194
130 229
21 120
166 265
83 182
171 270
123 222
174 273
101 200
79 178
196 295
188 287
95 194
180 279
8 107
21 120
69 168
31 130
123 222
62 161
25 124
147 246
73 172
160 259
121 220
163 262
74 173
84 183
186 285
5 104
128 227
151 250
97 196
176 275
77 176
108 207
132 231
26 125
0 99
134 233
50 149
54 153
60 159
186 285
135 234
144 243
74 173
62 161
62 161
17 116
143 242
129 228
19 118
157 256
8 107
43 142
127 226
35 134
59 158
17 116
186 285
107 206
107 206
0 99
82 181
153 252
135 234
196 295
21 120
186 285
32 131
67 166
178 277
12 111
0 99
19 118
85 184
36 135
57 156
55 154
19 118
18 117
32 131
91 190
25 124
9 108
174 273
44 143
76 175
124 223
29 128
39 138
189 288
194 293
89 188
178 277
16 115
185 284
156 255
29 128
184 283
39 138
140 239
41 140
186 285
103 202
44 143
108 207
35 134
123 222
26 125
195 294
116 215
52 151
186 285
148 247
100 199
19 118
179 278
98 197
3 102
2 101
191 290
162 261
118 217
79 178
17 116
23 122
169 268
36 135
179 278
187 286
102 201
173 272
148 247
193 292
48 147
60 159
8 107
173 272
1 100
194 293
118 217
115 214
99 198
80 179
176 275
167 266
125 224
148 247
15 114
125 224
43 142
191 290
70 169
144 243
47 146
61 160
53 152
26 125
97 196
178 277
52 151
112 211
174 273
48 147
71 170
59 158
55 154
192 291
99 198
187 286
117 216
94 193
134 233
185 284
161 260
54 153
136 235
100 199
154 253
155 254
96 195
134 233
179 278
51 150
111 210
176 275
71 170
122 221
44 143
168 267
130 229
141 240
111 210
99 198
187 286
29 128
108 207
172 271
197 296
175 274
142 241
167 266
133 232
186 285
56 155
59 158
82 181
35 134
106 205
39 138
47 146
154 253
55 154
61 160
19 118
59 158
192 291
112 211
120 219
131 230
132 231
33 132
33 132
119 218
144 243
180 279
170 269
20 119
15 114
17 116
59 158
18 117
197 296
99 198
42 141
119 218
192 291
166 265
42 141
183 282
91 190
60 159
164 263
192 291
59 158
173 272
37 136
132 231
110 209
153 252
155 254
98 197
89 188
138 237
71 170
181 280
164 263
92 191
176 275
58 157
166 265
197 296
23 122
187 286
173 272
66 165
178 277
50 149
54 153
60 159
141 240
151 250
5 104
156 255
52 151
197 296
122 221
190 289
110 209
69 168
169 268
197 296
151 250
79 178
132 231
37 136
15 114
178 277
144 243
65 164
96 195
137 236
28 127
21 120
29 128
177 276
130 229
98 197
178 277
80 179
35 134
0 99
91 190
29 128
120 219
39 138
187 286
37 136
78 177
60 159
167 266
23 122
95 194
23 122
111 210
28 127
65 164
37 136
127 226
50 149
76 175
185 284
109 208
93 192
10 109
138 237
158 257
137 236
177 276
30 129
96 195
37 136
106 205
74 173
18 117
67 166
115 214
166 265
157 256
195 294
62 161
13 112
165 264
191 290
7 106
149 248
85 184
60 159
142 241
185 284
175 274
77 176
66 165
96 195
87 186
85 184
94 193
65 164
144 243
157 256
154 253
172 271
69 168
39 138
109 208
35 134
194 293
166 265
107 206
51 150
191 290
76 175
85 184
62 161
159 258
67 166
125 224
169 268
56 155
167 266
97 196
140 239
102 201
18 117
176 275
114 213
9 108
61 160
172 271
188 287
72 171
60 159
169 268
40 139
67 166
103 202
23 122
150 249
157 256
47 146
109 208
34 133
54 153
96 195
50 149
46 145
8 107
62 161
136 235
107 206
17 116
113 212
61 160
21 120
36 135
78 177
93 192
138 237
102 201
153 252
65 164
89 188
147 246
179 278
121 220
52 151
18 117
61 160
2 101
73 172
8 107
191 290
197 296
17 116
32 131
161 260
25 124
135 234
164 263
62 161
49 148
129 228
80 179
16 115
160 259
34 133
173 272
62 161
176 275
67 166
9 108
21 120
160 259
180 279
141 240
56 155
149 248
103 202
61 160
102 201
78 177
177 276
71 170
91 190
182 281
122 221
70 169
65 164
110 209
78 177
69 168
15 114
154 253
148 247
49 148
186 285
1 100
13 112
163 262
130 229
84 183
1 100
35 134
121 220
82 181
60 159
180 279
52 151
62 161
37 136
148 247
55 154
16 115
15 114
125 224
95 194
117 216
50 149
78 177
2 101
67 166
191 290
164 263
99 198
143 242
172 271
134 233
115 214
93 192
90 189
136 235
157 256
128 227
12 111
59 158
44 143
24 123
190 289
121 220
81 180
64 163
143 242
136 235
95 194
130 229
33 132
26 125
163 262
93 192
117 216
150 249
80 179
82 181
119 218
154 253
118 217
5 104
175 274
181 280
62 161
161 260
189 288
64 163
126 225
121 220
20 119
70 169
77 176
93 192
110 209
151 250
93 192
155 254
43 142
101 200
144 243
108 207
40 139
1 100
174 273
147 246
54 153
135 234
76 175
163 262
166 265
154 253
181 280
192 291
114 213
62 161
143 242
193 292
161 260
181 280
77 176
134 233
148 247
7 106
109 208
92 191
157 256
147 246
101 200
116 215
140 239
171 270
0 99
187 286
7 106
114 213
59 158
121 220
184 283
140 239
62 161
106 205
18 117
104 203
102 201
38 137
184 283
72 171
75 174
15 114
173 272
103 202
103 202
107 206
26 125
172 271
154 253
171 270
136 235
46 145
24 123
187 286
65 164
109 208
25 124
50 149
5 104
192 291
55 154
185 284
37 136
194 293
128 227
90 189
48 147
43 142
95 194
159 258
112 211
106 205
141 240
139 238
16 115
180 279
163 262
96 195
122 221
100 199
185 284
105 204
162 261
133 232
177 276
25 124
143 242
108 207
177 276
116 215
148 247
190 289
164 263
182 281
76 175
194 293
73 172
5 104
37 136
138 237
49 148
2 101
89 188
0 99
118 217
133 232
36 135
133 232
102 201
115 214
120 219
31 130
64 163
110 209
46 145
113 212
69 168
134 233
72 171
30 129
92 191
152 251
39 138
137 236
23 122
97 196
92 191
144 243
84 183
35 134
26 125
61 160
74 173
181 280
119 218
47 146
109 208
35 134
166 265
180 279
196 295
25 124
167 266
192 291
83 182
67 166
174 273
162 261
173 272
172 271
190 289
133 232
7 106
190 289
141 240
34 133
109 208
68 167
61 160
13 112
156 255
32 131
53 152
192 291
80 179
173 272
92 191
29 128
40 139
152 251
137 236
161 260
196 295
125 224
65 164
84 183
186 285
85 184
147 246
161 260
144 243
6 105
147 246
30 129
89 188
68 167
74 173
69 168
191 290
111 210
112 211
114 213
124 223
55 154
182 281
82 181
172 271
105 204
123 222
69 168
100 199
19 118
88 187
193 292
122 221
19 118
181 280
60 159
1 100
49 148
85 184
70 169
15 114
84 183
181 280
6 105
173 272
147 246
102 201
132 231
129 228
28 127
164 263
191 290
193 292
46 145
172 271
17 116
73 172
147 246
16 115
192 291
168 267
196 295
81 180
54 153
140 239
139 238
53 152
84 183
143 242
163 262
55 154
152 251
67 166
5 104
138 237
34 133
11 110
38 137
4 103
26 125
188 287
120 219
137 236
165 264
12 111
62 161
98 197
106 205
112 211
76 175
101 200
29 128
138 237
188 287
79 178
85 184
27 126
153 252
6 105
88 187
189 288
122 221
186 285
94 193
121 220
167 266
23 122
94 193
42 141
176 275
161 260
2 101
189 288
116 215
85 184
95 194
0 99
157 256
90 189
43 142
104 203
133 232
62 161
13 112
163 262
105 204
77 176
94 193
24 123
105 204
156 255
121 220
4 103
17 116
1 100
109 208
133 232
34 133
102 201
149 248
61 160
145 244
135 234
81 180
167 266
141 240
188 287
1 100
172 271
95 194
112 211
19 118
189 288
145 244
116 215
40 139
76 175
1 100
161 260
1 100
62 161
72 171
193 292
153 252
153 252
93 192
134 233
177 276
110 209
45 144
122 221
67 166
129 228
54 153
130 229
179 278
27 126
194 293
36 135
10 109
3 102
4 103
112 211
110 209
165 264
44 143
12 111
44 143
38 137
130 229
106 205
144 243
23 122
11 110
121 220
54 153
79 178
91 190
44 143
59 158
87 186
150 249
26 125
7 106
126 225
117 216
19 118
175 274
106 205
145 244
72 171
146 245
134 233
196 295
171 270
72 171
129 228
10 109
187 286
177 276
134 233
120 219
174 273
77 176
110 209
113 212
125 224
94 193
9 108
125 224
44 143
54 153
137 236
138 237
136 235
136 235
43 142
41 140
158 257
42 141
191 290
54 153
75 174
26 125
131 230
118 217
196 295
181 280
24 123
60 159
127 226
4 103
170 269
101 200
185 284
26 125
171 270
179 278
11 110
105 204
37 136
127 226
1 100
37 136
22 121
47 146
91 190
150 249
125 224
88 187
177 276
3 102
113 212
171 270
169 268
46 145
145 244
29 128
195 294
22 121
175 274
38 137
4 103
187 286
146 245
41 140
111 210
131 230
46 145
181 280
194 293
88 187
39 138
44 143
123 222
109 208
60 159
29 128
197 296
29 128
151 250
195 294
113 212
10 109
181 280
41 140
119 218
43 142
131 230
141 240
148 247
104 203
188 287
146 245
115 214
164 263
93 192
156 255
150 249
153 252
175 274
99 198
30 129
48 147
152 251
17 116
87 186
142 241
20 119
156 255
58 157
194 293
149 248
155 254
181 280
1 100
62 161
67 166
153 252
149 248
90 189
126 225
124 223
195 294
24 123
147 246
95 194
41 140
81 180
29 128
47 146
169 268
109 208
77 176
109 208
32 131
131 230
124 223
12 111
167 266
135 234
184 283
46 145
129 228
57 156
107 206
180 279
7 106
58 157
165 264
90 189
183 282
158 257
5 104
177 276
89 188
120 219
159 258
78 177
0 99
134 233
101 200
3 102
68 167
67 166
113 212
169 268
109 208
108 207
167 266
69 168
129 228
66 165
91 190
135 234
130 229
67 166
2 101
170 269
150 249
170 269
30 129
110 209
58 157
127 226
45 144
106 205
54 153
167 266
101 200
183 282
76 175
137 236
190 289
107 206
188 287
128 227
1 100
33 132
164 263
144 243
183 282
8 107
28 127
83 182
167 266
182 281
134 233
161 260
180 279
83 182
172 271
63 162
105 204
106 205
67 166
80 179
121 220
151 250
194 293
172 271
157 256
129 228
82 181
89 188
156 255
25 124
15 114
116 215
79 178
14 113
33 132
89 188
93 192
161 260
83 182
97 196
130 229
84 183
125 224
93 192
123 222
44 143
30 129
112 211
81 180
2 101
71 170
151 250
21 120
190 289
12 111
145 244
103 202
154 253
143 242
102 201
16 115
81 180
148 247
97 196
26 125
165 264
151 250
126 225
62 161
40 139
154 253
56 155
129 228
64 163
48 147
36 135
53 152
31 130
109 208
165 264
103 202
8 107
67 166
147 246
174 273
176 275
135 234
195 294
105 204
69 168
47 146
37 136
136 235
133 232
167 266
14 113
90 189
22 121
124 223
2 101
90 189
77 176
51 150
151 250
92 191
4 103
42 141
53 152
83 182
29 128
145 244
153 252
3 102
19 118
33 132
125 224
5 104
9 108
118 217
39 138
151 250
179 278
158 257
7 106
158 257
0 99
188 287
30 129
48 147
102 201
126 225
156 255
86 185
102 201
170 269
105 204
58 157
124 223
28 127
158 257
86 185
197 296
149 248
171 270
124 223
44 143
166 265
62 161
109 208
82 181
179 278
104 203
118 217
180 279
151 250
27 126
58 157
97 196
57 156
125 224
187 286
10 109
135 234
163 262
193 292
105 204
141 240
91 190
5 104
139 238
181 280
33 132
14 113
78 177
128 227
51 150
83 182
155 254
27 126
175 274
95 194
76 175
102 201
97 196
109 208
115 214
145 244
152 251
107 206
149 248
0 99
32 131
93 192
136 235
131 230
145 244
33 132
158 257
102 201
127 226
132 231
186 285
3 102
130 229
187 286
190 289
109 208
3 102
81 180
41 140
60 159
174 273
120 219
166 265
175 274
135 234
147 246
117 216
5 104
57 156
191 290
195 294
43 142
55 154
141 240
101 200
151 250
58 157
31 130
47 146
100 199
108 207
9 108
137 236
83 182
32 131
25 124
37 136
80 179
73 172
31 130
52 151
164 263
108 207
33 132
8 107
179 278
197 296
88 187
129 228
196 295
136 235
15 114
107 206
187 286
10 109
10 109
89 188
184 283
93 192
118 217
131 230
149 248
161 260
133 232
9 108
187 286
27 126
182 281
93 192
23 122
81 180
83 182
56 155
139 238
113 212
135 234
182 281
36 135
111 210
191 290
22 121
25 124
117 216
13 112
73 172
121 220
69 168
99 198
92 191
43 142
85 184
186 285
15 114
75 174
20 119
177 276
75 174
176 275
137 236
160 259
85 184
166 265
161 260
26 125
37 136
152 251
44 143
18 117
127 226
87 186
169 268
109 208
108 207
125 224
29 128
42 141
22 121
110 209
187 286
72 171
196 295
40 139
163 262
114 213
99 198
150 249
44 143
158 257
159 258
85 184
42 141
169 268
70 169
62 161
10 109
181 280
137 236
167 266
104 203
74 173
38 137
186 285
58 157
133 232
77 176
145 244
133 232
1 100
77 176
120 219
21 120
17 116
101 200
117 216
88 187
176 275
167 266
182 281
114 213
85 184
74 173
41 140
67 166
34 133
95 194
176 275
157 256
96 195
141 240
14 113
1 100
5 104
39 138
120 219
119 218
118 217
117 216
10 109
162 261
6 105
112 211
152 251
102 201
183 282
147 246
68 167
118 217
50 149
69 168
178 277
13 112
130 229
168 267
56 155
3 102
169 268
158 257
154 253
104 203
19 118
152 251
175 274
102 201
130 229
118 217
152 251
118 217
130 229
90 189
55 154
105 204
197 296
193 292
128 227
107 206
101 200
16 115
150 249
30 129
8 107
191 290
140 239
176 275
133 232
144 243
196 295
122 221
51 150
153 252
77 176
174 273
170 269
57 156
159 258
142 241
86 185
28 127
149 248
114 213
120 219
98 197
101 200
192 291
54 153
55 154
82 181
157 256
51 150
35 134
93 192
99 198
186 285
196 295
58 157
86 185
50 149
48 147
101 200
123 222
122 221
174 273
182 281
175 274
43 142
164 263
53 152
72 171
128 227
99 198
56 155
143 242
17 116
9 108
84 183
114 213
40 139
136 235
20 119
146 245
172 271
71 170
30 129
129 228
32 131
148 247
116 215
129 228
158 257
96 195
142 241
43 142
88 187
195 294
75 174
176 275
95 194
83 182
47 146
182 281
167 266
117 216
167 266
132 231
102 201
58 157
44 143
4 103
124 223
192 291
35 134
19 118
50 149
132 231
109 208
171 270
38 137
11 110
117 216
169 268
104 203
85 184
166 265
186 285
70 169
137 236
63 162
128 227
85 184
6 105
64 163
45 144
74 173
183 282
172 271
143 242
152 251
97 196
48 147
124 223
136 235
30 129
56 155
26 125
3 102
37 136
16 115
187 286
177 276
126 225
125 224
113 212
156 255
178 277
188 287
88 187
149 248
71 170
89 188
60 159
89 188
187 286
0 99
71 170
185 284
117 216
1 100
177 276
32 131
195 294
149 248
12 111
197 296
106 205
40 139
179 278
171 270
8 107
177 276
118 217
189 288
62 161
12 111
188 287
72 171
145 244
24 123
81 180
163 262
7 106
166 265
67 166
64 163
52 151
178 277
6 105
96 195
38 137
154 253
168 267
57 156
103 202
141 240
27 126
153 252
88 187
181 280
164 263
63 162
180 279
111 210
125 224
60 159
166 265
30 129
10 109
105 204
87 186
53 152
88 187
45 144
65 164
136 235
9 108
12 111
169 268
150 249
150 249
38 137
149 248
52 151
122 221
43 142
163 262
175 274
55 154
180 279
148 247
71 170
190 289
17 116
131 230
78 177
158 257
164 263
45 144
170 269
99 198
40 139
172 271
136 235
94 193
109 208
17 116
74 173
105 204
14 113
160 259
77 176
2 101
136 235
35 134
55 154
154 253
71 170
3 102
195 294
154 253
22 121
1 100
24 123
1 100
166 265
133 232
181 280
36 135
184 283
86 185
184 283
144 243
65 164
180 279
124 223
165 264
158 257
96 195
67 166
5 104
193 292
140 239
175 274
197 296
66 165
192 291
81 180
68 167
47 146
66 165
168 267
7 106
157 256
176 275
87 186
19 118
28 127
71 170
105 204
84 183
166 265
39 138
178 277
74 173
62 161
106 205
23 122
65 164
20 119
16 115
93 192
90 189
9 108
144 243
19 118
168 267
136 235
34 133
179 278
98 197
7 106
44 143
192 291
137 236
191 290
114 213
178 277
81 180
35 134
11 110
27 126
22 121
154 253
36 135
162 261
134 233
112 211
36 135
121 220
142 241
114 213
118 217
101 200
9 108
49 148
26 125
15 114
13 112
197 296
95 194
195 294
95 194
2 101
175 274
23 122
64 163
151 250
39 138
42 141
139 238
12 111
65 164
38 137
16 115
85 184
167 266
12 111
156 255
52 151
178 277
20 119
9 108
137 236
58 157
2 101
101 200
37 136
82 181
122 221
34 133
168 267
59 158
153 252
174 273
156 255
133 232
14 113
185 284
134 233
12 111
164 263
14 113
122 221
44 143
139 238
179 278
124 223
81 180
90 189
188 287
39 138
80 179
5 104
42 141
117 216
124 223
45 144
90 189
168 267
94 193
60 159
49 148
83 182
72 171
192 291
108 207
11 110
91 190
34 133
48 147
121 220
186 285
179 278
26 125
37 136
182 281
174 273
139 238
140 239
41 140
93 192
156 255
194 293
68 167
3 102
34 133
159 258
191 290
137 236
93 192
138 237
89 188
57 156
92 191
141 240
135 234
110 209
28 127
23 122
178 277
36 135
141 240
42 141
36 135
136 235
180 279
114 213
78 177
33 132
196 295
193 292
87 186
38 137
187 286
107 206
191 290
114 213
127 226
15 114
182 281
54 153
49 148
0 99
102 201
43 142
85 184
129 228
39 138
127 226
120 219
140 239
129 228
26 125
27 126
41 140
32 131
99 198
73 172
130 229
20 119
181 280
118 217
92 191
183 282
116 215
196 295
93 192
170 269
51 150
167 266
166 265
98 197
75 174
77 176
106 205
104 203
179 278
189 288
37 136
69 168
77 176
137 236
147 246
32 131
182 281
63 162
123 222
38 137
69 168
92 191
27 126
152 251
82 181
147 246
127 226
103 202
125 224
169 268
99 198
59 158
71 170
58 157
156 255
24 123
82 181
24 123
165 264
121 220
167 266
49 148
181 280
112 211
182 281
59 158
162 261
116 215
12 111
84 183
168 267
44 143
42 141
106 205
107 206
92 191
97 196
117 216
112 211
43 142
154 253
74 173
113 212
86 185
151 250
127 226
117 216
159 258
22 121
70 169
168 267
77 176
165 264
160 259
65 164
42 141
63 162
172 271
127 226
108 207
72 171
114 213
165 264
183 282
59 158
125 224
160 259
134 233
166 265
138 237
19 118
76 175
193 292
114 213
119 218
127 226
49 148
2 101
67 166
196 295
139 238
99 198
136 235
150 249
176 275
139 238
154 253
187 286
119 218
13 112
132 231
142 241
152 251
195 294
132 231
170 269
159 258
52 151
79 178
148 247
114 213
34 133
78 177
96 195
154 253
191 290
124 223
46 145
186 285
43 142
14 113
153 252
62 161
5 104
85 184
69 168
2 101
96 195
189 288
84 183
117 216
48 147
190 289
151 250
79 178
43 142
166 265
106 205
22 121
65 164
68 167
0 99
185 284
0 99
110 209
12 111
188 287
104 203
150 249
137 236
52 151
165 264
149 248
170 269
40 139
45 144
111 210
23 122
48 147
191 290
49 148
90 189
49 148
15 114
27 126
79 178
98 197
118 217
90 189
125 224
28 127
118 217
130 229
97 196
175 274
153 252
72 171
169 268
154 253
158 257
93 192
137 236
61 160
5 104
7 106
105 204
165 264
145 244
146 245
148 247
149 248
43 142
31 130
169 268
29 128
177 276
78 177
175 274
148 247
134 233
116 215
194 293
172 271
134 233
13 112
61 160
6 105
180 279
145 244
12 111
24 123
10 109
144 243
135 234
192 291
175 274
7 106
46 145
120 219
54 153
68 167
74 173
165 264
96 195
145 244
106 205
95 194
54 153
181 280
76 175
133 232
65 164
99 198
87 186
162 261
16 115
176 275
19 118
189 288
174 273
23 122
39 138
18 117
127 226
124 223
74 173
92 191
151 250
48 147
72 171
86 185
130 229
137 236
188 287
62 161
63 162
147 246
154 253
163 262
139 238
180 279
173 272
96 195
26 125
142 241
150 249
58 157
73 172
79 178
156 255
84 183
78 177
135 234
136 235
96 195
141 240
8 107
67 166
129 228
163 262
14 113
37 136
32 131
13 112
196 295
78 177
30 129
154 253
176 275
156 255
141 240
69 168
175 274
14 113
94 193
7 106
3 102
120 219
98 197
36 135
116 215
11 110
20 119
13 112
184 283
150 249
133 232
52 151
101 200
7 106
142 241
195 294
72 171
120 219
141 240
8 107
138 237
109 208
69 168
134 233
50 149
86 185
8 107
77 176
154 253
143 242
22 121
3 102
20 119
114 213
24 123
113 212
173 272
37 136
104 203
139 238
186 285
65 164
66 165
82 181
60 159
87 186
165 264
153 252
174 273
121 220
178 277
164 263
107 206
45 144
55 154
192 291
187 286
29 128
32 131
110 209
43 142
15 114
119 218
134 233
164 263
20 119
119 218
190 289
42 141
188 287
67 166
149 248
176 275
69 168
59 158
183 282
81 180
9 108
137 236
92 191
24 123
124 223
120 219
56 155
67 166
59 158
7 106
186 285
125 224
114 213
124 223
12 111
75 174
47 146
90 189
184 283
137 236
174 273
76 175
175 274
67 166
10 109
189 288
149 248
98 197
5 104
45 144
150 249
43 142
80 179
86 185
42 141
79 178
86 185
47 146
100 199
29 128
155 254
117 216
3 102
171 270
154 253
4 103
139 238
69 168
17 116
7 106
128 227
130 229
28 127
46 145
125 224
58 157
188 287
120 219
130 229
155 254
132 231
123 222
188 287
122 221
167 266
141 240
6 105
52 151
84 183
98 197
14 113
70 169
125 224
170 269
170 269
56 155
38 137
29 128
2 101
194 293
70 169
16 115
111 210
62 161
189 288
22 121
0 99
107 206
84 183
89 188
79 178
85 184
14 113
57 156
42 141
130 229
82 181
38 137
68 167
29 128
152 251
86 185
143 242
139 238
14 113
116 215
155 254
76 175
130 229
96 195
167 266
84 183
110 209
86 185
176 275
81 180
152 251
61 160
42 141
127 226
74 173
14 113
52 151
118 217
69 168
58 157
39 138
36 135
2 101
126 225
23 122
152 251
51 150
38 137
195 294
138 237
135 234
86 185
195 294
70 169
91 190
72 171
138 237
183 282
152 251
6 105
122 221
78 177
26 125
194 293
87 186
118 217
35 134
66 165
190 289
132 231
137 236
12 111
136 235
44 143
176 275
122 221
149 248
50 149
57 156
175 274
14 113
101 200
47 146
3 102
86 185
20 119
3 102
27 126
43 142
37 136
91 190
65 164
120 219
189 288
72 171
177 276
7 106
73 172
46 145
47 146
106 205
37 136
177 276
102 201
146 245
167 266
52 151
65 164
109 208
129 228
126 225
175 274
99 198
74 173
114 213
46 145
141 240
149 248
52 151
113 212
35 134
91 190
79 178
26 125
76 175
188 287
59 158
82 181
195 294
30 129
184 283
98 197
107 206
28 127
75 174
88 187
88 187
123 222
102 201
43 142
187 286
150 249
61 160
111 210
48 147
165 264
24 123
114 213
24 123
186 285
61 160
133 232
178 277
110 209
103 202
81 180
135 234
154 253
186 285
96 195
153 252
29 128
168 267
29 128
188 287
135 234
104 203
53 152
20 119
37 136
56 155
88 187
33 132
122 221
89 188
52 151
21 120
3 102
14 113
98 197
70 169
153 252
59 158
4 103
51 150
186 285
144 243
79 178
197 296
161 260
155 254
150 249
56 155
193 292
45 144
152 251
70 169
83 182
186 285
119 218
67 166
188 287
197 296
47 146
110 209
79 178
85 184
152 251
176 275
49 148
148 247
1 100
32 131
54 153
142 241
113 212
68 167
56 155
191 290
85 184
182 281
47 146
39 138
33 132
66 165
113 212
186 285
172 271
77 176
164 263
12 111
77 176
2 101
98 197
4 103
169 268
180 279
87 186
110 209
189 288
33 132
28 127
29 128
112 211
2 101
89 188
113 212
170 269
111 210
128 227
7 106
5 104
89 188
35 134
118 217
31 130
121 220
179 278
78 177
95 194
87 186
159 258
181 280
73 172
86 185
19 118
194 293
166 265
140 239
98 197
54 153
115 214
40 139
38 137
110 209
108 207
143 242
100 199
41 140
41 140
35 134
167 266
126 225
39 138
2 101
126 225
7 106
40 139
63 162
79 178
75 174
157 256
152 251
4 103
74 173
83 182
90 189
14 113
132 231
180 279
116 215
177 276
81 180
186 285
119 218
189 288
59 158
112 211
5 104
94 193
196 295
178 277
145 244
160 259
192 291
109 208
118 217
52 151
183 282
52 151
190 289
196 295
91 190
0 99
145 244
185 284
45 144
101 200
188 287
16 115
35 134
90 189
140 239
68 167
74 173
121 220
120 219
187 286
75 174
109 208
196 295
83 182
150 249
129 228
23 122
51 150
154 253
181 280
116 215
184 283
34 133
111 210
47 146
141 240
90 189
74 173
184 283
101 200
69 168
57 156
174 273
114 213
23 122
153 252
185 284
182 281
55 154
161 260
172 271
3 102
1 100
196 295
37 136
80 179
65 164
16 115
91 190
5 104
170 269
151 250
23 122
154 253
71 170
119 218
192 291
29 128
161 260
34 133
79 178
90 189
54 153
139 238
62 161
78 177
155 254
166 265
178 277
17 116
181 280
189 288
24 123
3 102
113 212
180 279
143 242
12 111
141 240
130 229
35 134
7 106
141 240
6 105
23 122
29 128
183 282
31 130
47 146
176 275
190 289
27 126
123 222
112 211
0 99
134 233
48 147
109 208
102 201
66 165
76 175
169 268
19 118
47 146
25 124
141 240
60 159
166 265
75 174
113 212
23 122
95 194
63 162
95 194
20 119
136 235
19 118
140 239
36 135
181 280
124 223
50 149
85 184
83 182
84 183
82 181
42 141
93 192
30 129
166 265
111 210
56 155
153 252
116 215
102 201
109 208
40 139
62 161
13 112
123 222
162 261
123 222
177 276
132 231
35 134
49 148
109 208
174 273
183 282
53 152
68 167
132 231
66 165
159 258
13 112
137 236
127 226
57 156
37 136
75 174
29 128
35 134
145 244
172 271
55 154
5 104
54 153
195 294
43 142
55 154
89 188
12 111
44 143
101 200
82 181
194 293
44 143
152 251
129 228
80 179
100 199
13 112
87 186
194 293
48 147
155 254
144 243
22 121
115 214
49 148
23 122
24 123
21 120
125 224
180 279
17 116
120 219
101 200
77 176
61 160
180 279
151 250
180 279
33 132
79 178
36 135
9 108
192 291
152 251
27 126
132 231
193 292
125 224
187 286
54 153
174 273
109 208
69 168
24 123
119 218
106 205
49 148
116 215
173 272
30 129
59 158
165 264
121 220
88 187
60 159
131 230
177 276
126 225
108 207
139 238
149 248
158 257
80 179
170 269
74 173
176 275
71 170
131 230
114 213
12 111
132 231
42 141
90 189
177 276
193 292
109 208
155 254
130 229
161 260
12 111
103 202
144 243
94 193
70 169
125 224
86 185
140 239
128 227
63 162
105 204
152 251
55 154
187 286
99 198
3 102
62 161
102 201
190 289
23 122
4 103
77 176
139 238
156 255
0 99
180 279
36 135
194 293
190 289
12 111
181 280
75 174
194 293
76 175
71 170
167 266
158 257
122 221
84 183
187 286
91 190
82 181
90 189
121 220
65 164
180 279
18 117
126 225
87 186
171 270
130 229
115 214
160 259
93 192
195 294
189 288
118 217
25 124
39 138
128 227
70 169
75 174
76 175
74 173
161 260
66 165
94 193
35 134
133 232
46 145
148 247
42 141
143 242
65 164
132 231
133 232
81 180
81 180
86 185
90 189
109 208
147 246
52 151
48 147
144 243
135 234
22 121
191 290
8 107
110 209
105 204
114 213
26 125
2 101
78 177
162 261
157 256
194 293
100 199
78 177
45 144
90 189
158 257
117 216
11 110
60 159
110 209
186 285
19 118
57 156
121 220
96 195
127 226
63 162
126 225
42 141
1 100
100 199
58 157
123 222
123 222
78 177
173 272
193 292
26 125
28 127
12 111
62 161
87 186
132 231
151 250
95 194
138 237
171 270
7 106
193 292
50 149
54 153
95 194
63 162
88 187
167 266
57 156
122 221
42 141
27 126
127 226
138 237
177 276
14 113
188 287
64 163
184 283
162 261
60 159
125 224
10 109
175 274
179 278
73 172
3 102
135 234
41 140
88 187
18 117
167 266
21 120
127 226
101 200
122 221
178 277
142 241
157 256
15 114
59 158
154 253
9 108
152 251
123 222
49 148
68 167
113 212
78 177
88 187
62 161
135 234
69 168
66 165
40 139
185 284
26 125
156 255
193 292
186 285
56 155
89 188
73 172
43 142
73 172
8 107
80 179
137 236
12 111
2 101
160 259
162 261
39 138
37 136
82 181
133 232
88 187
74 173
14 113
197 296
39 138
40 139
83 182
90 189
70 169
150 249
54 153
101 200
83 182
24 123
84 183
91 190
67 166
81 180
6 105
59 158
166 265
126 225
98 197
49 148
71 170
43 142
134 233
57 156
127 226
22 121
123 222
123 222
162 261
127 226
128 227
194 293
62 161
72 171
98 197
78 177
143 242
140 239
157 256
91 190
105 204
31 130
143 242
37 136
146 245
73 172
37 136
24 123
153 252
183 282
153 252
102 201
65 164
177 276
55 154
137 236
18 117
16 115
130 229
156 255
39 138
65 164
142 241
169 268
83 182
4 103
178 277
28 127
84 183
188 287
184 283
14 113
64 163
190 289
170 269
80 179
75 174
122 221
134 233
91 190
51 150
30 129
98 197
41 140
123 222
13 112
108 207
120 219
190 289
167 266
108 207
23 122
185 284
31 130
87 186
177 276
32 131
146 245
141 240
48 147
49 148
144 243
120 219
146 245
183 282
129 228
57 156
1 100
110 209
49 148
10 109
173 272
65 164
148 247
42 141
72 171
62 161
115 214
174 273
131 230
122 221
5 104
171 270
36 135
44 143
116 215
151 250
112 211
89 188
180 279
27 126
19 118
157 256
192 291
186 285
30 129
41 140
117 216
104 203
56 155
82 181
179 278
73 172
105 204
72 171
147 246
59 158
196 295
91 190
92 191
112 211
57 156
61 160
150 249
126 225
112 211
160 259
101 200
169 268
119 218
152 251
103 202
81 180
155 254
86 185
167 266
54 153
86 185
130 229
47 146
41 140
44 143
178 277
111 210
39 138
38 137
176 275
156 255
169 268
190 289
62 161
73 172
166 265
140 239
113 212
1 100
16 115
43 142
123 222
155 254
58 157
122 221
144 243
49 148
34 133
193 292
167 266
170 269
128 227
195 294
88 187
104 203
32 131
197 296
45 144
117 216
107 206
68 167
109 208
88 187
36 135
171 270
104 203
143 242
93 192
18 117
146 245
39 138
87 186
68 167
59 158
17 116
108 207
15 114
129 228
16 115
61 160
122 221
189 288
17 116
148 247
19 118
23 122
67 166
190 289
27 126
9 108
61 160
167 266
157 256
81 180
128 227
156 255
170 269
41 140
129 228
58 157
42 141
143 242
64 163
18 117
186 285
192 291
174 273
116 215
157 256
147 246
23 122
122 221
86 185
172 271
54 153
45 144
172 271
136 235
2 101
160 259
50 149
152 251
79 178
108 207
115 214
182 281
5 104
22 121
48 147
144 243
156 255
132 231
178 277
171 270
27 126
88 187
185 284
71 170
77 176
95 194
29 128
11 110
27 126
33 132
24 123
85 184
34 133
197 296
108 207
12 111
92 191
60 159
90 189
179 278
189 288
45 144
129 228
118 217
81 180
75 174
109 208
11 110
72 171
93 192
123 222
95 194
114 213
193 292
101 200
157 256
58 157
106 205
15 114
74 173
130 229
80 179
39 138
14 113
15 114
125 224
182 281
72 171
73 172
185 284
56 155
103 202
158 257
133 232
162 261
32 131
169 268
47 146
194 293
32 131
105 204
58 157
76 175
99 198
97 196
68 167
67 166
164 263
149 248
11 110
31 130
142 241
173 272
49 148
131 230
197 296
138 237
149 248
75 174
53 152
152 251
112 211
38 137
100 199
136 235
143 242
54 153
92 191
177 276
64 163
105 204
141 240
143 242
186 285
48 147
177 276
130 229
152 251
19 118
148 247
102 201
91 190
44 143
149 248
15 114
144 243
33 132
82 181
177 276
69 168
6 105
59 158
57 156
26 125
173 272
173 272
125 224
127 226
125 224
156 255
138 237
112 211
13 112
143 242
119 218
104 203
185 284
119 218
26 125
195 294
122 221
14 113
74 173
165 264
53 152
62 161
68 167
149 248
118 217
184 283
33 132
180 279
48 147
77 176
181 280
146 245
107 206
25 124
153 252
25 124
0 99
147 246
69 168
122 221
182 281
40 139
148 247
148 247
147 246
44 143
178 277
23 122
110 209
148 247
24 123
17 116
197 296
60 159
182 281
137 236
180 279
127 226
191 290
102 201
161 260
190 289
150 249
159 258
155 254
103 202
177 276
37 136
44 143
144 243
34 133
147 246
124 223
31 130
89 188
123 222
79 178
164 263
25 124
104 203
102 201
111 210
59 158
163 262
34 133
147 246
40 139
45 144
192 291
41 140
119 218
189 288
172 271
3 102
121 220
197 296
3 102
9 108
184 283
5 104
94 193
174 273
102 201
43 142
60 159
167 266
150 249
189 288
29 128
158 257
141 240
7 106
24 123
129 228
178 277
80 179
126 225
164 263
155 254
143 242
129 228
113 212
150 249
91 190
169 268
33 132
85 184
37 136
172 271
42 141
179 278
157 256
127 226
125 224
158 257
54 153
19 118
154 253
47 146
5 104
77 176
40 139
21 120
38 137
173 272
60 159
7 106
80 179
82 181
99 198
168 267
12 111
156 255
38 137
3 102
178 277
103 202
143 242
180 279
128 227
139 238
62 161
21 120
9 108
55 154
108 207
55 154
13 112
61 160
108 207
49 148
66 165
103 202
179 278
67 166
132 231
71 170
0 99
58 157
147 246
24 123
143 242
88 187
165 264
12 111
80 179
22 121
3 102
62 161
90 189
105 204
74 173
0 99
2 101
55 154
171 270
83 182
27 126
7 106
110 209
158 257
99 198
168 267
22 121
177 276
65 164
87 186
159 258
44 143
13 112
156 255
182 281
60 159
32 131
135 234
123 222
191 290
27 126
37 136
75 174
148 247
171 270
4 103
111 210
47 146
190 289
103 202
185 284
121 220
104 203
7 106
24 123
86 185
87 186
30 129
163 262
96 195
163 262
108 207
2 101
83 182
91 190
29 128
47 146
130 229
156 255
132 231
11 110
89 188
12 111
146 245
143 242
84 183
190 289
46 145
119 218
140 239
178 277
8 107
84 183
65 164
60 159
123 222
53 152
27 126
171 270
191 290
108 207
110 209
73 172
57 156
150 249
30 129
107 206
151 250
11 110
27 126
62 161
101 200
2 101
105 204
8 107
23 122
172 271
124 223
113 212
173 272
24 123
150 249
160 259
36 135
83 182
75 174
148 247
173 272
60 159
188 287
14 113
14 113
54 153
172 271
175 274
10 109
50 149
21 120
188 287
16 115
197 296
120 219
78 177
172 271
98 197
74 173
192 291
0 99
69 168
102 201
67 166
121 220
143 242
70 169
162 261
73 172
28 127
27 126
163 262
80 179
150 249
107 206
135 234
13 112
2 101
86 185
109 208
176 275
183 282
21 120
150 249
157 256
41 140
142 241
56 155
57 156
132 231
157 256
75 174
142 241
182 281
143 242
194 293
174 273
189 288
148 247
136 235
190 289
44 143
177 276
11 110
118 217
87 186
180 279
53 152
138 237
165 264
157 256
150 249
150 249
6 105
149 248
96 195
97 196
7 106
180 279
170 269
144 243
60 159
141 240
163 262
109 208
185 284
196 295
40 139
159 258
131 230
46 145
146 245
191 290
167 266
86 185
38 137
38 137
40 139
118 217
8 107
185 284
46 145
0 99
142 241
41 140
181 280
69 168
30 129
136 235
90 189
162 261
101 200
83 182
187 286
66 165
51 150
129 228
96 195
91 190
84 183
55 154
133 232
62 161
69 168
77 176
3 102
130 229
22 121
22 121
159 258
2 101
74 173
58 157
35 134
110 209
22 121
184 283
14 113
8 107
59 158
129 228
142 241
86 185
49 148
172 271
170 269
136 235
29 128
48 147
186 285
58 157
37 136
157 256
175 274
29 128
115 214
147 246
139 238
118 217
80 179
66 165
169 268
128 227
20 119
41 140
127 226
74 173
16 115
54 153
62 161
39 138
116 215
133 232
4 103
17 116
62 161
124 223
15 114
144 243
153 252
43 142
196 295
88 187
88 187
87 186
130 229
89 188
14 113
190 289
64 163
61 160
26 125
83 182
179 278
51 150
79 178
12 111
58 157
57 156
132 231
28 127
24 123
172 271
9 108
80 179
73 172
158 257
3 102
192 291
80 179
3 102
161 260
185 284
184 283
195 294
14 113
144 243
64 163
95 194
85 184
15 114
85 184
90 189
141 240
171 270
129 228
183 282
98 197
48 147
129 228
140 239
8 107
165 264
67 166
163 262
48 147
91 190
145 244
41 140
79 178
21 120
50 149
129 228
62 161
24 123
90 189
44 143
0 99
106 205
137 236
89 188
56 155
38 137
119 218
170 269
118 217
190 289
91 190
92 191
93 192
106 205
20 119
36 135
180 279
157 256
67 166
193 292
121 220
2;156504
98 197
75 174
95 194
185 284
173 272
187 286
25 124
147 246
128 227
23 122
146 245
23 122
115 214
32 131
72 171
172 271
67 166
167 266
160 259
191 290
161 260
141 240
173 272
138 237
131 230
158 257
27 126
149 248
16 115
114 213
61 160
134 233
124 223
71 170
121 220
2 101
171 270
157 256
42 141
137 236
35 134
144 243
31 130
44 143
28 127
20 119
112 211
147 246
73 172
55 154
20 119
113 212
104 203
5 104
116 215
193 292
178 277
19 118
107 206
180 279
135 234
149 248
35 134
162 261
12 111
190 289
10 109
12 111
98 197
139 238
122 221
140 239
67 166
98 197
13 112
109 208
175 274
182 281
196 295
127 226
190 289
55 154
170 269
70 169
145 244
190 289
169 268
184 283
173 272
55 154
142 241
30 129
162 261
94 193
44 143
91 190
86 185
96 195
158 257
63 162
59 158
137 236
135 234
141 240
194 293
114 213
170 269
184 283
19 118
116 215
101 200
39 138
78 177
71 170
171 270
123 222
22 121
104 203
61 160
193 292
161 260
3 102
129 228
122 221
10 109
53 152
148 247
171 270
13 112
161 260
163 262
62 161
81 180
126 225
66 165
170 269
62 161
62 161
137 236
161 260
170 269
19 118
130 229
155 254
139 238
180 279
147 246
0 99
129 228
120 219
111 210
69 168
177 276
54 153
148 247
99 198
97 196
49 148
133 232
106 205
183 282
72 171
195 294
148 247
142 241
50 149
119 218
128 227
116 215
135 234
84 183
41 140
34 133
0 99
3 102
130 229
129 228
126 225
134 233
109 208
93 192
1 100
189 288
161 260
56 155
75 174
107 206
62 161
83 182
18 117
80 179
183 282
173 272
65 164
180 279
62 161
172 271
47 146
157 256
26 125
114 213
149 248
35 134
51 150
6 105
144 243
34 133
49 148
131 230
129 228
109 208
181 280
77 176
108 207
59 158
126 225
4 103
191 290
58 157
133 232
66 165
38 137
73 172
81 180
18 117
163 262
113 212
144 243
143 242
107 206
141 240
42 141
144 243
26 125
58 157
65 164
71 170
55 154
13 112
93 192
74 173
96 195
126 225
32 131
157 256
77 176
15 114
117 216
16 115
136 235
31 130
27 126
177 276
38 137
178 277
191 290
169 268
197 296
85 184
102 201
103 202
25 124
136 235
100 199
110 209
185 284
76 175
114 213
120 219
122 221
2 101
151 250
47 146
196 295
110 209
170 269
191 290
147 246
191 290
90 189
169 268
184 283
72 171
191 290
71 170
167 266
90 189
12 111
4 103
37 136
131 230
41 140
109 208
141 240
176 275
194 293
80 179
6 105
5 104
160 259
80 179
195 294
128 227
19 118
79 178
77 176
162 261
3 102
109 208
84 183
79 178
144 243
159 258
16 115
181 280
98 197
60 159
120 219
161 260
87 186
148 247
178 277
127 226
0 99
18 117
178 277
162 261
110 209
42 141
11 110
51 150
167 266
52 151
183 282
62 161
142 241
191 290
105 204
0 99
191 290
150 249
179 278
103 202
158 257
194 293
48 147
152 251
89 188
125 224
74 173
188 287
47 146
196 295
93 192
180 279
26 125
59 158
98 197
58 157
155 254
57 156
20 119
141 240
45 144
111 210
152 251
0 99
196 295
186 285
97 196
124 223
106 205
89 188
80 179
21 120
126 225
154 253
181 280
197 296
157 256
139 238
172 271
38 137
158 257
170 269
42 141
84 183
136 235
131 230
154 253
70 169
105 204
171 270
183 282
16 115
11 110
55 154
123 222
75 174
47 146
166 265
186 285
101 200
63 162
21 120
72 171
138 237
152 251
151 250
48 147
63 162
8 107
109 208
34 133
114 213
90 189
182 281
148 247
158 257
23 122
53 152
194 293
47 146
184 283
17 116
99 198
185 284
180 279
153 252
5 104
34 133
174 273
138 237
192 291
28 127
16 115
37 136
157 256
44 143
185 284
148 247
153 252
134 233
115 214
88 187
138 237
21 120
142 241
32 131
183 282
79 178
47 146
142 241
132 231
63 162
171 270
60 159
73 172
23 122
97 196
131 230
106 205
133 232
33 132
56 155
18 117
166 265
21 120
149 248
21 120
180 279
130 229
101 200
18 117
87 186
77 176
59 158
49 148
168 267
158 257
173 272
128 227
170 269
182 281
168 267
162 261
132 231
178 277
167 266
40 139
159 258
144 243
119 218
110 209
121 220
130 229
186 285
60 159
42 141
78 177
188 287
102 201
30 129
90 189
148 247
127 226
133 232
66 165
165 264
71 170
162 261
43 142
85 184
63 162
134 233
143 242
85 184
115 214
123 222
11 110
12 111
91 190
191 290
147 246
57 156
74 173
20 119
197 296
85 184
147 246
16 115
2 101
62 161
85 184
140 239
154 253
174 273
12 111
183 282
77 176
48 147
67 166
95 194
57 156
18 117
179 278
186 285
178 277
130 229
85 184
12 111
68 167
127 226
72 171
3 102
153 252
139 238
171 270
68 167
85 184
186 285
146 245
168 267
169 268
166 265
157 256
167 266
76 175
167 266
57 156
18 117
81 180
100 199
30 129
117 216
167 266
112 211
41 140
163 262
113 212
36 135
84 183
40 139
139 238
81 180
19 118
56 155
99 198
91 190
37 136
168 267
78 177
122 221
40 139
51 150
59 158
11 110
54 153
94 193
160 259
152 251
78 177
82 181
165 264
6 105
183 282
59 158
109 208
194 293
156 255
83 182
31 130
123 222
43 142
146 245
88 187
164 263
104 203
153 252
18 117
118 217
137 236
17 116
106 205
19 118
170 269
158 257
105 204
93 192
119 218
192 291
111 210
116 215
181 280
187 286
90 189
117 216
115 214
106 205
171 270
155 254
158 257
181 280
35 134
182 281
105 204
179 278
25 124
136 235
28 127
147 246
187 286
185 284
39 138
191 290
65 164
49 148
86 185
54 153
92 191
160 259
178 277
131 230
166 265
84 183
16 115
184 283
65 164
12 111
78 177
64 163
169 268
0 99
8 107
126 225
76 175
23 122
197 296
76 175
130 229
82 181
82 181
129 228
10 109
173 272
31 130
19 118
184 283
156 255
118 217
173 272
34 133
148 247
147 246
51 150
18 117
193 292
112 211
19 118
34 133
68 167
189 288
111 210
94 193
38 137
167 266
64 163
49 148
197 296
127 226
98 197
2 101
8 107
166 265
158 257
40 139
95 194
147 246
138 237
121 220
7 106
174 273
117 216
115 214
28 127
86 185
128 227
91 190
95 194
76 175
22 121
115 214
96 195
179 278
175 274
185 284
122 221
89 188
34 133
154 253
176 275
75 174
144 243
104 203
184 283
154 253
68 167
24 123
134 233
41 140
93 192
24 123
155 254
27 126
163 262
109 208
188 287
38 137
114 213
65 164
77 176
131 230
192 291
105 204
146 245
16 115
128 227
80 179
117 216
159 258
140 239
70 169
22 121
8 107
74 173
143 242
87 186
185 284
108 207
54 153
182 281
98 197
176 275
95 194
29 128
195 294
180 279
195 294
92 191
119 218
76 175
144 243
23 122
152 251
176 275
44 143
126 225
145 244
155 254
117 216
75 174
184 283
114 213
168 267
11 110
193 292
162 261
76 175
33 132
33 132
5 104
37 136
87 186
165 264
66 165
168 267
58 157
112 211
54 153
148 247
91 190
135 234
71 170
148 247
153 252
15 114
194 293
11 110
167 266
95 194
89 188
123 222
118 217
29 128
77 176
133 232
50 149
46 145
21 120
39 138
91 190
185 284
151 250
98 197
11 110
168 267
140 239
97 196
153 252
79 178
172 271
46 145
177 276
52 151
87 186
149 248
145 244
53 152
8 107
112 211
29 128
168 267
132 231
172 271
133 232
85 184
142 241
118 217
160 259
178 277
55 154
33 132
122 221
117 216
72 171
129 228
94 193
147 246
134 233
178 277
145 244
148 247
56 155
6 105
10 109
30 129
4 103
81 180
114 213
95 194
187 286
16 115
7 106
79 178
185 284
108 207
65 164
87 186
116 215
194 293
24 123
179 278
28 127
100 199
142 241
197 296
167 266
24 123
120 219
86 185
76 175
102 201
128 227
174 273
46 145
101 200
78 177
138 237
154 253
130 229
38 137
93 192
125 224
178 277
43 142
174 273
83 182
182 281
13 112
145 244
5 104
193 292
103 202
111 210
85 184
191 290
32 131
93 192
90 189
154 253
18 117
30 129
154 253
187 286
89 188
96 195
129 228
113 212
43 142
63 162
11 110
185 284
62 161
55 154
151 250
70 169
40 139
140 239
32 131
102 201
24 123
62 161
111 210
109 208
118 217
102 201
179 278
164 263
68 167
182 281
132 231
25 124
21 120
193 292
165 264
166 265
94 193
37 136
188 287
71 170
99 198
47 146
180 279
54 153
51 150
107 206
67 166
197 296
34 133
168 267
191 290
108 207
138 237
146 245
186 285
24 123
9 108
135 234
156 255
95 194
46 145
115 214
7 106
44 143
36 135
103 202
76 175
24 123
132 231
91 190
69 168
137 236
25 124
64 163
76 175
27 126
144 243
86 185
159 258
138 237
4 103
18 117
63 162
67 166
161 260
85 184
157 256
34 133
58 157
191 290
154 253
13 112
119 218
76 175
147 246
98 197
74 173
80 179
94 193
101 200
184 283
58 157
184 283
34 133
181 280
161 260
61 160
86 185
49 148
100 199
29 128
92 191
120 219
120 219
169 268
9 108
71 170
64 163
26 125
71 170
81 180
135 234
180 279
134 233
137 236
115 214
60 159
40 139
66 165
112 211
182 281
160 259
118 217
23 122
79 178
163 262
174 273
113 212
81 180
143 242
156 255
177 276
110 209
132 231
160 259
54 153
86 185
92 191
13 112
131 230
49 148
121 220
192 291
170 269
107 206
126 225
133 232
51 150
151 250
196 295
13 112
75 174
142 241
108 207
97 196
100 199
145 244
135 234
68 167
179 278
183 282
120 219
72 171
105 204
171 270
193 292
5 104
85 184
52 151
134 233
49 148
115 214
156 255
178 277
3 102
15 114
122 221
41 140
145 244
66 165
136 235
121 220
92 191
66 165
98 197
174 273
4 103
110 209
150 249
42 141
66 165
136 235
94 193
152 251
137 236
88 187
18 117
116 215
28 127
163 262
45 144
88 187
15 114
106 205
113 212
182 281
59 158
171 270
125 224
146 245
159 258
143 242
14 113
169 268
7 106
27 126
45 144
174 273
32 131
11 110
142 241
145 244
52 151
141 240
197 296
165 264
96 195
129 228
84 183
177 276
46 145
181 280
91 190
126 225
125 224
77 176
49 148
99 198
107 206
96 195
73 172
121 220
119 218
77 176
30 129
1 100
87 186
192 291
2 101
147 246
106 205
61 160
184 283
131 230
128 227
16 115
60 159
61 160
186 285
101 200
118 217
24 123
184 283
182 281
38 137
53 152
51 150
157 256
56 155
88 187
135 234
51 150
163 262
183 282
138 237
114 213
125 224
61 160
13 112
58 157
46 145
74 173
63 162
110 209
109 208
109 208
12 111
42 141
143 242
51 150
175 274
196 295
177 276
77 176
82 181
108 207
188 287
43 142
148 247
10 109
192 291
79 178
153 252
87 186
119 218
132 231
164 263
85 184
149 248
31 130
3 102
62 161
134 233
112 211
43 142
147 246
56 155
107 206
40 139
64 163
67 166
28 127
149 248
115 214
62 161
88 187
173 272
65 164
122 221
98 197
181 280
112 211
197 296
179 278
148 247
176 275
88 187
134 233
158 257
20 119
42 141
40 139
122 221
47 146
64 163
115 214
73 172
42 141
21 120
157 256
115 214
108 207
61 160
187 286
76 175
190 289
26 125
84 183
89 188
79 178
57 156
114 213
196 295
50 149
29 128
134 233
104 203
101 200
18 117
35 134
174 273
153 252
79 178
194 293
163 262
87 186
57 156
83 182
181 280
197 296
59 158
25 124
21 120
156 255
37 136
120 219
72 171
90 189
59 158
175 274
27 126
77 176
96 195
141 240
39 138
37 136
139 238
5 104
38 137
1 100
36 135
29 128
59 158
164 263
31 130
57 156
86 185
33 132
102 201
35 134
149 248
0 99
94 193
47 146
129 228
168 267
57 156
91 190
92 191
145 244
61 160
137 236
89 188
135 234
4 103
110 209
25 124
18 117
153 252
116 215
126 225
65 164
35 134
192 291
144 243
104 203
188 287
112 211
159 258
136 235
146 245
42 141
102 201
129 228
3 102
159 258
175 274
194 293
183 282
174 273
62 161
104 203
93 192
67 166
71 170
158 257
192 291
48 147
70 169
127 226
99 198
173 272
50 149
170 269
33 132
15 114
163 262
37 136
21 120
174 273
120 219
187 286
67 166
7 106
95 194
151 250
155 254
18 117
191 290
156 255
118 217
117 216
180 279
77 176
35 134
169 268
45 144
136 235
151 250
13 112
22 121
2 101
166 265
9 108
140 239
178 277
56 155
15 114
185 284
25 124
116 215
57 156
132 231
28 127
142 241
175 274
69 168
85 184
132 231
154 253
109 208
179 278
29 128
121 220
12 111
84 183
120 219
108 207
54 153
128 227
92 191
106 205
180 279
17 116
185 284
36 135
163 262
75 174
121 220
131 230
101 200
116 215
62 161
73 172
182 281
44 143
156 255
134 233
142 241
24 123
103 202
155 254
159 258
185 284
170 269
34 133
141 240
2 101
83 182
27 126
77 176
179 278
49 148
38 137
120 219
148 247
31 130
31 130
75 174
52 151
117 216
173 272
79 178
89 188
133 232
67 166
56 155
146 245
194 293
70 169
40 139
66 165
82 181
190 289
26 125
197 296
79 178
69 168
79 178
92 191
126 225
34 133
133 232
67 166
80 179
66 165
129 228
118 217
130 229
1 100
94 193
116 215
96 195
182 281
28 127
180 279
99 198
63 162
24 123
168 267
27 126
162 261
145 244
186 285
196 295
195 294
99 198
70 169
14 113
37 136
124 223
146 245
15 114
46 145
166 265
147 246
15 114
107 206
63 162
59 158
31 130
92 191
112 211
53 152
142 241
194 293
129 228
26 125
140 239
162 261
139 238
130 229
174 273
57 156
100 199
56 155
178 277
117 216
163 262
7 106
145 244
132 231
57 156
99 198
0 99
43 142
77 176
41 140
81 180
166 265
196 295
192 291
186 285
40 139
3 102
87 186
119 218
122 221
141 240
51 150
55 154
161 260
177 276
116 215
100 199
195 294
119 218
192 291
177 276
166 265
17 116
196 295
6 105
177 276
183 282
189 288
24 123
113 212
155 254
22 121
18 117
90 189
171 270
46 145
128 227
6 105
102 201
192 291
159 258
97 196
41 140
37 136
118 217
12 111
193 292
76 175
158 257
83 182
135 234
169 268
92 191
26 125
154 253
22 121
142 241
189 288
108 207
39 138
55 154
85 184
19 118
36 135
179 278
5 104
67 166
173 272
135 234
113 212
10 109
173 272
156 255
167 266
185 284
160 259
185 284
156 255
144 243
173 272
161 260
116 215
6 105
98 197
131 230
122 221
88 187
37 136
132 231
185 284
19 118
134 233
137 236
34 133
188 287
38 137
35 134
159 258
120 219
51 150
72 171
158 257
134 233
35 134
162 261
49 148
116 215
55 154
75 174
96 195
97 196
137 236
43 142
12 111
157 256
176 275
25 124
89 188
149 248
158 257
1 100
103 202
55 154
15 114
79 178
163 262
45 144
24 123
37 136
43 142
99 198
52 151
151 250
79 178
184 283
60 159
83 182
9 108
190 289
16 115
124 223
130 229
108 207
59 158
144 243
196 295
172 271
31 130
193 292
149 248
74 173
155 254
127 226
36 135
69 168
171 270
24 123
44 143
98 197
116 215
99 198
38 137
27 126
153 252
154 253
189 288
104 203
70 169
152 251
190 289
102 201
43 142
114 213
131 230
53 152
69 168
96 195
7 106
93 192
48 147
195 294
148 247
161 260
179 278
93 192
156 255
175 274
135 234
26 125
61 160
4 103
41 140
137 236
76 175
32 131
52 151
102 201
156 255
142 241
165 264
12 111
9 108
84 183
192 291
12 111
82 181
194 293
31 130
141 240
172 271
191 290
18 117
172 271
114 213
173 272
83 182
71 170
192 291
62 161
100 199
173 272
14 113
50 149
70 169
148 247
15 114
65 164
103 202
136 235
47 146
145 244
100 199
177 276
24 123
191 290
22 121
42 141
106 205
110 209
23 122
71 170
123 222
105 204
125 224
178 277
32 131
150 249
55 154
38 137
76 175
61 160
50 149
96 195
166 265
122 221
103 202
103 202
4 103
101 200
94 193
75 174
88 187
117 216
158 257
84 183
160 259
44 143
78 177
126 225
163 262
102 201
91 190
6 105
95 194
194 293
177 276
88 187
151 250
115 214
30 129
65 164
170 269
49 148
95 194
103 202
132 231
130 229
118 217
134 233
121 220
119 218
128 227
17 116
176 275
1 100
196 295
179 278
195 294
139 238
6 105
106 205
123 222
156 255
64 163
102 201
2 101
193 292
19 118
113 212
14 113
71 170
127 226
170 269
46 145
82 181
92 191
3 102
129 228
197 296
57 156
24 123
67 166
163 262
151 250
74 173
54 153
72 171
6 105
89 188
17 116
79 178
37 136
38 137
93 192
145 244
90 189
17 116
156 255
170 269
159 258
110 209
68 167
136 235
85 184
174 273
61 160
113 212
95 194
90 189
144 243
156 255
109 208
123 222
140 239
184 283
106 205
69 168
68 167
164 263
60 159
28 127
157 256
82 181
175 274
102 201
124 223
148 247
162 261
192 291
71 170
124 223
62 161
15 114
10 109
157 256
158 257
81 180
99 198
7 106
196 295
103 202
129 228
30 129
58 157
50 149
43 142
160 259
114 213
93 192
25 124
121 220
114 213
92 191
98 197
35 134
20 119
20 119
35 134
3 102
138 237
180 279
178 277
100 199
152 251
90 189
36 135
28 127
148 247
137 236
106 205
33 132
70 169
179 278
187 286
80 179
190 289
188 287
189 288
197 296
8 107
27 126
197 296
36 135
136 235
190 289
56 155
39 138
187 286
163 262
10 109
32 131
154 253
68 167
96 195
19 118
57 156
22 121
36 135
9 108
27 126
37 136
157 256
110 209
85 184
182 281
193 292
175 274
177 276
61 160
179 278
55 154
48 147
24 123
96 195
78 177
58 157
82 181
133 232
170 269
121 220
140 239
17 116
144 243
58 157
22 121
113 212
55 154
92 191
39 138
166 265
0 99
89 188
156 255
165 264
64 163
23 122
146 245
48 147
188 287
35 134
2 101
7 106
188 287
168 267
123 222
80 179
59 158
154 253
85 184
77 176
106 205
47 146
46 145
69 168
149 248
80 179
49 148
108 207
197 296
83 182
163 262
38 137
171 270
114 213
176 275
170 269
95 194
66 165
1 100
13 112
145 244
23 122
194 293
3 102
49 148
31 130
86 185
99 198
60 159
101 200
46 145
124 223
85 184
184 283
63 162
90 189
12 111
52 151
13 112
145 244
77 176
132 231
188 287
89 188
79 178
147 246
170 269
82 181
2 101
147 246
175 274
142 241
40 139
97 196
47 146
157 256
26 125
76 175
65 164
78 177
53 152
65 164
120 219
8 107
85 184
160 259
176 275
146 245
65 164
180 279
180 279
84 183
80 179
119 218
37 136
77 176
106 205
124 223
149 248
85 184
141 240
125 224
167 266
118 217
5 104
148 247
111 210
163 262
33 132
169 268
126 225
126 225
109 208
94 193
100 199
187 286
20 119
96 195
125 224
148 247
64 163
35 134
132 231
64 163
182 281
12 111
74 173
8 107
42 141
185 284
149 248
165 264
78 177
108 207
174 273
75 174
122 221
84 183
63 162
36 135
64 163
173 272
141 240
67 166
148 247
29 128
59 158
71 170
138 237
165 264
11 110
69 168
110 209
44 143
50 149
30 129
154 253
191 290
139 238
13 112
178 277
18 117
23 122
64 163
119 218
154 253
1 100
101 200
9 108
148 247
43 142
108 207
173 272
160 259
31 130
1 100
165 264
171 270
188 287
117 216
120 219
134 233
35 134
65 164
4 103
153 252
171 270
140 239
41 140
185 284
124 223
162 261
76 175
119 218
120 219
40 139
107 206
118 217
22 121
48 147
120 219
83 182
53 152
130 229
97 196
91 190
184 283
83 182
30 129
121 220
156 255
102 201
152 251
169 268
67 166
166 265
11 110
49 148
85 184
105 204
194 293
56 155
122 221
167 266
75 174
110 209
20 119
41 140
27 126
132 231
92 191
108 207
36 135
187 286
87 186
14 113
119 218
39 138
180 279
6 105
33 132
82 181
94 193
118 217
88 187
85 184
22 121
180 279
155 254
162 261
164 263
195 294
192 291
18 117
25 124
95 194
52 151
106 205
142 241
71 170
171 270
116 215
195 294
137 236
150 249
135 234
129 228
89 188
63 162
173 272
13 112
131 230
18 117
190 289
144 243
7 106
132 231
143 242
175 274
28 127
187 286
60 159
20 119
55 154
59 158
102 201
31 130
48 147
7 106
18 117
114 213
114 213
167 266
82 181
98 197
187 286
147 246
18 117
12 111
126 225
21 120
128 227
105 204
159 258
145 244
11 110
173 272
76 175
16 115
17 116
76 175
120 219
137 236
51 150
94 193
14 113
178 277
23 122
42 141
159 258
58 157
159 258
17 116
129 228
128 227
102 201
15 114
133 232
27 126
37 136
195 294
32 131
145 244
131 230
83 182
47 146
131 230
142 241
145 244
159 258
170 269
44 143
11 110
162 261
124 223
144 243
142 241
184 283
33 132
77 176
97 196
121 220
29 128
91 190
179 278
129 228
73 172
161 260
162 261
5 104
186 285
182 281
60 159
60 159
5 104
3 102
87 186
54 153
133 232
53 152
44 143
195 294
40 139
103 202
187 286
118 217
30 129
8 107
68 167
173 272
73 172
60 159
52 151
172 271
41 140
114 213
63 162
38 137
35 134
92 191
7 106
182 281
187 286
130 229
25 124
178 277
139 238
47 146
139 238
135 234
156 255
59 158
54 153
194 293
85 184
156 255
166 265
168 267
46 145
64 163
136 235
84 183
148 247
53 152
160 259
134 233
189 288
123 222
15 114
182 281
30 129
10 109
82 181
63 162
62 161
82 181
1 100
13 112
35 134
89 188
161 260
19 118
188 287
171 270
14 113
60 159
187 286
173 272
163 262
164 263
88 187
116 215
99 198
112 211
126 225
23 122
190 289
166 265
51 150
90 189
120 219
167 266
101 200
46 145
35 134
140 239
50 149
39 138
182 281
151 250
188 287
173 272
195 294
21 120
15 114
192 291
86 185
121 220
173 272
154 253
126 225
90 189
167 266
163 262
119 218
62 161
101 200
58 157
17 116
103 202
1 100
99 198
137 236
41 140
196 295
65 164
10 109
0 99
16 115
168 267
3 102
91 190
156 255
112 211
48 147
2 101
104 203
118 217
196 295
197 296
76 175
173 272
32 131
181 280
8 107
173 272
195 294
94 193
28 127
30 129
47 146
59 158
56 155
163 262
37 136
30 129
74 173
94 193
15 114
65 164
189 288
124 223
34 133
98 197
149 248
135 234
91 190
143 242
36 135
150 249
59 158
37 136
136 235
133 232
87 186
133 232
60 159
141 240
129 228
170 269
111 210
173 272
77 176
9 108
180 279
122 221
188 287
132 231
114 213
133 232
81 180
88 187
74 173
99 198
120 219
0 99
170 269
122 221
64 163
153 252
5 104
186 285
1 100
20 119
35 134
74 173
107 206
133 232
151 250
141 240
21 120
174 273
45 144
23 122
25 124
177 276
72 171
158 257
152 251
183 282
119 218
19 118
148 247
175 274
5 104
18 117
21 120
7 106
182 281
91 190
74 173
166 265
44 143
18 117
189 288
52 151
66 165
183 282
177 276
104 203
156 255
136 235
27 126
35 134
155 254
28 127
45 144
0 99
193 292
57 156
18 117
43 142
186 285
186 285
121 220
155 254
146 245
24 123
97 196
174 273
37 136
57 156
131 230
6 105
59 158
87 186
15 114
107 206
54 153
50 149
81 180
40 139
166 265
153 252
122 221
93 192
103 202
11 110
191 290
85 184
103 202
11 110
53 152
156 255
24 123
151 250
131 230
112 211
19 118
11 110
114 213
87 186
188 287
112 211
74 173
37 136
189 288
36 135
78 177
148 247
118 217
5 104
45 144
174 273
95 194
22 121
172 271
187 286
71 170
22 121
170 269
70 169
12 111
6 105
142 241
9 108
74 173
14 113
88 187
124 223
129 228
13 112
187 286
87 186
186 285
150 249
156 255
153 252
10 109
32 131
54 153
69 168
27 126
3 102
129 228
39 138
170 269
174 273
45 144
50 149
135 234
145 244
58 157
54 153
112 211
190 289
66 165
77 176
71 170
186 285
72 171
158 257
1 100
172 271
97 196
180 279
15 114
154 253
178 277
91 190
191 290
37 136
91 190
14 113
164 263
58 157
105 204
50 149
69 168
94 193
18 117
95 194
58 157
182 281
99 198
132 231
108 207
137 236
76 175
79 178
191 290
36 135
161 260
18 117
144 243
14 113
44 143
86 185
48 147
103 202
75 174
139 238
155 254
166 265
33 132
114 213
140 239
151 250
177 276
29 128
11 110
184 283
131 230
8 107
99 198
122 221
173 272
83 182
119 218
62 161
116 215
137 236
140 239
123 222
118 217
82 181
109 208
10 109
24 123
24 123
111 210
154 253
109 208
192 291
10 109
161 260
78 177
140 239
146 245
110 209
49 148
169 268
144 243
168 267
0 99
97 196
78 177
131 230
180 279
22 121
142 241
73 172
86 185
167 266
178 277
22 121
74 173
195 294
10 109
15 114
75 174
8 107
146 245
118 217
138 237
133 232
17 116
14 113
91 190
74 173
38 137
71 170
103 202
146 245
42 141
110 209
157 256
24 123
102 201
93 192
111 210
16 115
60 159
178 277
77 176
185 284
136 235
65 164
53 152
185 284
164 263
146 245
195 294
22 121
0 99
88 187
149 248
170 269
60 159
184 283
129 228
181 280
164 263
48 147
141 240
155 254
121 220
142 241
29 128
53 152
192 291
177 276
26 125
113 212
150 249
167 266
129 228
44 143
169 268
183 282
88 187
87 186
129 228
153 252
158 257
50 149
48 147
101 200
112 211
41 140
86 185
86 185
197 296
21 120
138 237
88 187
161 260
106 205
118 217
160 259
152 251
186 285
107 206
109 208
89 188
69 168
138 237
20 119
189 288
146 245
30 129
179 278
22 121
49 148
37 136
70 169
177 276
153 252
19 118
33 132
122 221
10 109
122 221
109 208
106 205
26 125
56 155
66 165
44 143
181 280
104 203
104 203
118 217
42 141
197 296
112 211
54 153
130 229
130 229
55 154
190 289
189 288
50 149
98 197
165 264
45 144
184 283
49 148
160 259
84 183
184 283
136 235
126 225
89 188
126 225
175 274
141 240
149 248
77 176
48 147
76 175
191 290
14 113
18 117
30 129
19 118
39 138
189 288
79 178
165 264
81 180
150 249
11 110
12 111
114 213
13 112
165 264
66 165
71 170
136 235
88 187
135 234
68 167
162 261
3 102
20 119
194 293
195 294
142 241
6 105
95 194
146 245
35 134
140 239
138 237
29 128
98 197
149 248
121 220
57 156
69 168
111 210
98 197
44 143
67 166
181 280
162 261
88 187
80 179
59 158
128 227
36 135
64 163
191 290
12 111
158 257
12 111
8 107
28 127
11 110
133 232
64 163
29 128
40 139
181 280
178 277
65 164
159 258
133 232
79 178
98 197
129 228
94 193
120 219
132 231
132 231
62 161
85 184
101 200
70 169
130 229
94 193
166 265
132 231
9 108
36 135
146 245
126 225
185 284
102 201
169 268
147 246
90 189
94 193
139 238
38 137
164 263
77 176
126 225
164 263
86 185
150 249
161 260
105 204
26 125
37 136
7 106
64 163
122 221
14 113
50 149
95 194
112 211
147 246
159 258
36 135
47 146
82 181
14 113
139 238
90 189
118 217
109 208
108 207
149 248
33 132
122 221
176 275
34 133
143 242
159 258
101 200
71 170
80 179
116 215
171 270
4 103
21 120
21 120
112 211
110 209
21 120
87 186
36 135
43 142
179 278
16 115
63 162
179 278
59 158
133 232
46 145
42 141
19 118
24 123
169 268
81 180
56 155
73 172
49 148
46 145
29 128
134 233
138 237
173 272
171 270
87 186
187 286
137 236
26 125
196 295
193 292
76 175
20 119
120 219
37 136
87 186
141 240
141 240
7 106
166 265
179 278
149 248
156 255
124 223
115 214
161 260
99 198
142 241
29 128
86 185
149 248
66 165
169 268
90 189
99 198
86 185
185 284
26 125
27 126
134 233
196 295
32 131
193 292
118 217
130 229
190 289
156 255
178 277
24 123
0 99
66 165
192 291
34 133
109 208
95 194
101 200
158 257
85 184
100 199
86 185
12 111
174 273
29 128
114 213
192 291
14 113
192 291
106 205
45 144
37 136
104 203
175 274
160 259
131 230
182 281
45 144
65 164
58 157
119 218
192 291
154 253
124 223
149 248
169 268
98 197
190 289
104 203
37 136
148 247
114 213
84 183
91 190
145 244
186 285
85 184
95 194
142 241
25 124
191 290
96 195
129 228
131 230
52 151
118 217
149 248
145 244
153 252
38 137
110 209
86 185
14 113
100 199
37 136
49 148
179 278
15 114
153 252
153 252
64 163
146 245
41 140
192 291
89 188
128 227
128 227
167 266
61 160
123 222
168 267
81 180
106 205
102 201
83 182
113 212
60 159
172 271
39 138
168 267
177 276
76 175
97 196
79 178
175 274
20 119
119 218
75 174
148 247
106 205
127 226
19 118
196 295
119 218
179 278
22 121
5 104
140 239
84 183
59 158
184 283
182 281
178 277
49 148
75 174
38 137
50 149
58 157
115 214
102 201
26 125
109 208
121 220
159 258
63 162
179 278
157 256
100 199
137 236
43 142
95 194
43 142
163 262
54 153
133 232
83 182
102 201
73 172
17 116
139 238
49 148
178 277
48 147
119 218
138 237
133 232
191 290
57 156
26 125
64 163
181 280
163 262
22 121
165 264
165 264
126 225
197 296
13 112
117 216
177 276
150 249
86 185
61 160
139 238
158 257
112 211
151 250
64 163
145 244
137 236
34 133
93 192
75 174
35 134
85 184
100 199
2 101
88 187
195 294
66 165
170 269
129 228
147 246
17 116
145 244
117 216
151 250
137 236
20 119
170 269
135 234
31 130
102 201
129 228
132 231
100 199
12 111
136 235
93 192
100 199
175 274
159 258
101 200
48 147
93 192
187 286
159 258
26 125
116 215
81 180
42 141
3 102
9 108
92 191
95 194
193 292
97 196
127 226
129 228
83 182
128 227
73 172
179 278
170 269
153 252
38 137
148 247
93 192
19 118
126 225
184 283
72 171
87 186
8 107
146 245
37 136
129 228
179 278
5 104
3 102
79 178
18 117
33 132
86 185
192 291
117 216
118 217
127 226
151 250
6 105
40 139
25 124
29 128
129 228
151 250
184 283
141 240
98 197
143 242
178 277
186 285
195 294
40 139
109 208
71 170
154 253
64 163
166 265
196 295
80 179
145 244
62 161
108 207
11 110
87 186
134 233
83 182
67 166
165 264
124 223
62 161
55 154
162 261
62 161
19 118
163 262
83 182
99 198
24 123
14 113
93 192
38 137
3 102
105 204
41 140
78 177
143 242
81 180
77 176
138 237
17 116
176 275
102 201
90 189
85 184
63 162
19 118
129 228
69 168
141 240
191 290
49 148
27 126
69 168
26 125
54 153
38 137
185 284
79 178
183 282
167 266
122 221
65 164
161 260
84 183
47 146
194 293
184 283
100 199
179 278
70 169
138 237
156 255
183 282
93 192
80 179
15 114
1 100
13 112
34 133
18 117
88 187
148 247
102 201
197 296
129 228
26 125
71 170
82 181
176 275
101 200
99 198
178 277
18 117
190 289
106 205
140 239
140 239
113 212
67 166
48 147
163 262
19 118
133 232
189 288
194 293
32 131
193 292
124 223
78 177
139 238
31 130
51 150
74 173
168 267
41 140
111 210
53 152
86 185
86 185
156 255
85 184
1 100
33 132
169 268
160 259
15 114
161 260
24 123
96 195
49 148
85 184
152 251
43 142
184 283
138 237
0 99
47 146
20 119
83 182
43 142
77 176
88 187
51 150
163 262
108 207
43 142
124 223
170 269
146 245
156 255
75 174
97 196
149 248
58 157
104 203
16 115
126 225
117 216
44 143
100 199
102 201
142 241
52 151
17 116
43 142
92 191
172 271
83 182
184 283
64 163
149 248
189 288
4 103
3 102
64 163
108 207
155 254
195 294
121 220
28 127
74 173
11 110
2 101
195 294
197 296
161 260
190 289
73 172
134 233
17 116
10 109
27 126
119 218
170 269
169 268
81 180
10 109
103 202
10 109
140 239
196 295
111 210
64 163
28 127
162 261
185 284
144 243
15 114
113 212
2 101
153 252
45 144
79 178
185 284
0 99
24 123
111 210
54 153
194 293
26 125
159 258
184 283
158 257
172 271
8 107
49 148
3 102
27 126
97 196
106 205
165 264
1 100
142 241
85 184
69 168
40 139
115 214
57 156
30 129
103 202
64 163
17 116
167 266
140 239
157 256
28 127
90 189
187 286
53 152
69 168
147 246
37 136
25 124
155 254
116 215
12 111
38 137
66 165
178 277
127 226
25 124
109 208
170 269
124 223
71 170
6 105
73 172
194 293
132 231
107 206
73 172
111 210
151 250
130 229
192 291
77 176
91 190
193 292
69 168
114 213
190 289
168 267
75 174
99 198
179 278
2 101
127 226
95 194
103 202
19 118
180 279
156 255
78 177
64 163
144 243
54 153
14 113
143 242
127 226
142 241
4 103
84 183
84 183
110 209
9 108
112 211
12 111
173 272
107 206
140 239
131 230
36 135
135 234
176 275
140 239
103 202
90 189
66 165
182 281
137 236
174 273
157 256
149 248
50 149
11 110
127 226
179 278
116 215
114 213
131 230
119 218
174 273
171 270
79 178
75 174
11 110
124 223
141 240
88 187
87 186
98 197
54 153
115 214
144 243
139 238
165 264
4 103
34 133
125 224
16 115
161 260
56 155
193 292
129 228
69 168
73 172
28 127
172 271
78 177
176 275
111 210
90 189
130 229
13 112
75 174
130 229
43 142
15 114
101 200
163 262
192 291
190 289
64 163
183 282
126 225
51 150
10 109
104 203
39 138
171 270
182 281
100 199
131 230
169 268
73 172
103 202
93 192
97 196
167 266
85 184
82 181
184 283
4 103
76 175
134 233
8 107
25 124
137 236
116 215
138 237
96 195
196 295
61 160
183 282
184 283
36 135
30 129
145 244
191 290
44 143
2 101
79 178
1 100
56 155
23 122
6 105
196 295
165 264
105 204
96 195
157 256
78 177
62 161
117 216
105 204
69 168
62 161
111 210
98 197
141 240
50 149
86 185
138 237
168 267
9 108
74 173
63 162
45 144
152 251
172 271
56 155
38 137
107 206
158 257
84 183
33 132
95 194
152 251
114 213
8 107
52 151
69 168
183 282
51 150
150 249
77 176
91 190
180 279
59 158
100 199
182 281
32 131
156 255
41 140
165 264
29 128
81 180
74 173
41 140
131 230
67 166
184 283
192 291
143 242
124 223
129 228
184 283
63 162
10 109
166 265
137 236
178 277
180 279
49 148
5 104
13 112
108 207
42 141
174 273
118 217
20 119
68 167
105 204
47 146
183 282
197 296
10 109
2 101
76 175
7 106
87 186
32 131
150 249
41 140
5 104
164 263
124 223
103 202
111 210
105 204
146 245
141 240
31 130
83 182
160 259
168 267
183 282
132 231
99 198
190 289
174 273
175 274
162 261
101 200
132 231
83 182
160 259
56 155
61 160
139 238
113 212
31 130
152 251
23 122
6 105
26 125
113 212
140 239
176 275
193 292
156 255
73 172
73 172
105 204
63 162
37 136
160 259
103 202
88 187
177 276
56 155
156 255
125 224
48 147
8 107
91 190
30 129
0 99
26 125
16 115
24 123
129 228
173 272
70 169
26 125
67 166
62 161
45 144
92 191
32 131
65 164
13 112
25 124
110 209
84 183
166 265
32 131
158 257
112 211
153 252
126 225
102 201
128 227
171 270
176 275
34 133
3 102
37 136
27 126
41 140
94 193
49 148
148 247
7 106
24 123
159 258
193 292
63 162
131 230
157 256
104 203
94 193
135 234
73 172
138 237
84 183
69 168
73 172
137 236
138 237
79 178
114 213
92 191
5 104
151 250
178 277
131 230
86 185
59 158
113 212
87 186
100 199
55 154
127 226
72 171
72 171
179 278
82 181
171 270
5 104
25 124
59 158
162 261
55 154
50 149
59 158
81 180
12 111
186 285
99 198
184 283
34 133
49 148
131 230
171 270
0 99
147 246
170 269
102 201
83 182
76 175
160 259
85 184
104 203
90 189
7 106
172 271
66 165
51 150
65 164
18 117
1 100
51 150
50 149
123 222
159 258
29 128
112 211
106 205
102 201
56 155
93 192
176 275
73 172
92 191
103 202
132 231
66 165
54 153
103 202
50 149
3 102
158 257
17 116
108 207
14 113
184 283
27 126
73 172
67 166
123 222
174 273
128 227
81 180
193 292
83 182
177 276
177 276
40 139
192 291
70 169
3 102
110 209
34 133
15 114
135 234
9 108
16 115
165 264
168 267
118 217
78 177
32 131
126 225
103 202
183 282
47 146
181 280
34 133
160 259
102 201
54 153
135 234
120 219
75 174
97 196
136 235
108 207
34 133
98 197
41 140
42 141
111 210
37 136
9 108
25 124
139 238
56 155
87 186
65 164
170 269
63 162
5 104
162 261
151 250
177 276
42 141
1 100
151 250
2 101
2 101
9 108
70 169
138 237
154 253
3 102
189 288
7 106
190 289
136 235
122 221
117 216
110 209
31 130
129 228
97 196
165 264
128 227
106 205
188 287
84 183
105 204
66 165
98 197
52 151
107 206
16 115
83 182
163 262
154 253
152 251
70 169
121 220
82 181
93 192
87 186
67 166
88 187
135 234
64 163
175 274
131 230
48 147
184 283
77 176
33 132
36 135
111 210
3 102
194 293
41 140
158 257
163 262
85 184
143 242
53 152
186 285
133 232
110 209
24 123
161 260
31 130
159 258
38 137
30 129
94 193
174 273
192 291
79 178
110 209
115 214
10 109
191 290
26 125
67 166
136 235
62 161
184 283
110 209
3 102
1 100
108 207
142 241
162 261
3 102
49 148
137 236
155 254
196 295
107 206
16 115
67 166
68 167
42 141
156 255
168 267
93 192
160 259
45 144
111 210
196 295
133 232
1 100
46 145
43 142
55 154
94 193
63 162
21 120
87 186
32 131
77 176
197 296
136 235
172 271
61 160
133 232
167 266
150 249
143 242
70 169
9 108
19 118
188 287
189 288
151 250
175 274
181 280
182 281
108 207
117 216
197 296
172 271
14 113
37 136
190 289
44 143
82 181
79 178
172 271
180 279
142 241
173 272
13 112
64 163
125 224
54 153
195 294
63 162
108 207
71 170
71 170
159 258
82 181
34 133
150 249
167 266
51 150
104 203
120 219
73 172
147 246
166 265
133 232
44 143
95 194
9 108
128 227
182 281
57 156
29 128
42 141
149 248
133 232
135 234
110 209
68 167
196 295
160 259
115 214
51 150
70 169
103 202
79 178
56 155
128 227
45 144
33 132
14 113
193 292
174 273
29 128
133 232
170 269
89 188
164 263
45 144
118 217
173 272
0 99
65 164
161 260
127 226
12 111
11 110
132 231
117 216
102 201
24 123
12 111
184 283
181 280
148 247
59 158
35 134
62 161
154 253
127 226
101 200
69 168
14 113
137 236
111 210
66 165
186 285
184 283
149 248
151 250
51 150
39 138
18 117
30 129
194 293
164 263
14 113
144 243
97 196
81 180
153 252
151 250
18 117
149 248
78 177
190 289
39 138
91 190
17 116
176 275
71 170
165 264
185 284
121 220
128 227
173 272
120 219
99 198
62 161
7 106
120 219
184 283
107 206
19 118
47 146
110 209
128 227
43 142
18 117
58 157
48 147
15 114
82 181
101 200
147 246
6 105
152 251
145 244
19 118
63 162
129 228
133 232
87 186
158 257
177 276
25 124
161 260
69 168
104 203
29 128
66 165
4 103
180 279
6 105
11 110
95 194
179 278
89 188
16 115
131 230
30 129
61 160
49 148
2 101
108 207
150 249
151 250
56 155
93 192
177 276
184 283
130 229
18 117
125 224
27 126
32 131
177 276
42 141
108 207
10 109
77 176
95 194
125 224
157 256
58 157
2 101
158 257
181 280
163 262
23 122
12 111
158 257
94 193
192 291
13 112
81 180
106 205
136 235
125 224
161 260
103 202
3 102
186 285
187 286
31 130
120 219
61 160
172 271
0 99
32 131
137 236
192 291
47 146
0 99
155 254
136 235
144 243
36 135
74 173
118 217
54 153
86 185
137 236
48 147
66 165
163 262
118 217
33 132
136 235
159 258
42 141
167 266
189 288
27 126
138 237
148 247
190 289
196 295
147 246
2 101
80 179
160 259
29 128
122 221
157 256
144 243
71 170
147 246
102 201
81 180
94 193
19 118
150 249
184 283
160 259
96 195
154 253
66 165
158 257
85 184
31 130
96 195
61 160
92 191
165 264
184 283
96 195
102 201
115 214
121 220
98 197
48 147
192 291
79 178
82 181
90 189
24 123
38 137
5 104
137 236
35 134
42 141
184 283
68 167
160 259
140 239
27 126
131 230
93 192
196 295
19 118
56 155
160 259
98 197
120 219
194 293
196 295
20 119
111 210
1 100
151 250
105 204
111 210
16 115
97 196
120 219
165 264
139 238
124 223
73 172
90 189
142 241
62 161
33 132
9 108
133 232
192 291
72 171
17 116
154 253
140 239
22 121
157 256
72 171
191 290
20 119
44 143
187 286
81 180
81 180
90 189
168 267
103 202
42 141
185 284
76 175
128 227
27 126
86 185
152 251
151 250
99 198
197 296
121 220
28 127
113 212
31 130
6 105
35 134
128 227
95 194
117 216
92 191
96 195
101 200
61 160
137 236
101 200
91 190
142 241
153 252
179 278
187 286
71 170
16 115
20 119
159 258
31 130
54 153
181 280
109 208
72 171
143 242
192 291
196 295
154 253
91 190
135 234
79 178
67 166
97 196
136 235
27 126
53 152
82 181
28 127
104 203
195 294
180 279
107 206
6 105
185 284
48 147
170 269
194 293
194 293
152 251
11 110
36 135
169 268
150 249
192 291
3 102
87 186
61 160
24 123
2 101
35 134
93 192
169 268
101 200
37 136
149 248
170 269
185 284
53 152
58 157
133 232
1 100
37 136
34 133
41 140
74 173
51 150
145 244
109 208
90 189
142 241
155 254
24 123
18 117
63 162
104 203
134 233
135 234
15 114
129 228
190 289
131 230
141 240
3 102
196 295
0 99
180 279
78 177
108 207
22 121
135 234
96 195
144 243
143 242
176 275
189 288
76 175
127 226
27 126
94 193
171 270
69 168
86 185
94 193
154 253
87 186
28 127
76 175
161 260
38 137
58 157
183 282
173 272
26 125
172 271
177 276
73 172
71 170
22 121
172 271
151 250
28 127
193 292
89 188
71 170
33 132
47 146
120 219
54 153
123 222
59 158
128 227
158 257
169 268
91 190
25 124
32 131
19 118
42 141
143 242
105 204
101 200
98 197
188 287
59 158
84 183
169 268
0 99
68 167
178 277
167 266
1 100
4 103
67 166
138 237
179 278
13 112
110 209
72 171
112 211
71 170
136 235
22 121
189 288
118 217
27 126
156 255
54 153
188 287
16 115
8 107
113 212
125 224
88 187
180 279
76 175
187 286
145 244
68 167
154 253
101 200
14 113
118 217
1 100
5 104
58 157
125 224
54 153
130 229
117 216
110 209
155 254
60 159
104 203
26 125
59 158
36 135
144 243
146 245
11 110
87 186
100 199
22 121
116 215
62 161
112 211
162 261
192 291
134 233
162 261
6 105
119 218
26 125
94 193
77 176
1 100
83 182
46 145
157 256
109 208
6 105
53 152
2 101
60 159
93 192
132 231
21 120
190 289
161 260
24 123
103 202
95 194
98 197
16 115
149 248
6 105
84 183
31 130
31 130
99 198
24 123
91 190
63 162
45 144
101 200
11 110
17 116
113 212
73 172
172 271
192 291
70 169
36 135
14 113
177 276
8 107
102 201
181 280
124 223
70 169
75 174
0 99
188 287
167 266
77 176
49 148
85 184
68 167
104 203
17 116
57 156
127 226
127 226
158 257
82 181
9 108
71 170
169 268
39 138
116 215
47 146
194 293
80 179
31 130
148 247
8 107
164 263
112 211
33 132
152 251
169 268
85 184
195 294
89 188
12 111
192 291
90 189
110 209
193 292
181 280
32 131
36 135
125 224
125 224
24 123
11 110
31 130
12 111
98 197
65 164
17 116
80 179
145 244
14 113
98 197
22 121
129 228
196 295
189 288
11 110
140 239
186 285
92 191
36 135
196 295
168 267
91 190
65 164
73 172
61 160
120 219
16 115
59 158
63 162
152 251
24 123
18 117
2 101
78 177
143 242
40 139
90 189
195 294
119 218
91 190
54 153
53 152
163 262
156 255
172 271
193 292
194 293
117 216
92 191
38 137
62 161
108 207
177 276
78 177
59 158
188 287
127 226
6 105
157 256
140 239
105 204
117 216
18 117
118 217
100 199
72 171
84 183
64 163
146 245
167 266
152 251
175 274
1 100
108 207
151 250
13 112
75 174
38 137
167 266
101 200
83 182
11 110
56 155
119 218
92 191
45 144
122 221
143 242
173 272
20 119
115 214
61 160
105 204
41 140
190 289
160 259
197 296
150 249
13 112
193 292
184 283
2 101
141 240
134 233
75 174
67 166
124 223
6 105
149 248
41 140
102 201
2 101
28 127
174 273
10 109
114 213
104 203
102 201
167 266
181 280
191 290
9 108
126 225
95 194
143 242
150 249
125 224
179 278
31 130
70 169
37 136
173 272
20 119
173 272
6 105
73 172
95 194
43 142
81 180
70 169
135 234
27 126
58 157
124 223
132 231
155 254
129 228
9 108
69 168
62 161
36 135
155 254
123 222
101 200
104 203
188 287
182 281
91 190
125 224
29 128
70 169
184 283
116 215
90 189
0 99
65 164
173 272
149 248
49 148
46 145
55 154
163 262
134 233
104 203
0 99
37 136
180 279
104 203
166 265
177 276
90 189
86 185
136 235
89 188
66 165
71 170
84 183
159 258
87 186
71 170
56 155
18 117
32 131
155 254
118 217
108 207
30 129
70 169
58 157
159 258
36 135
59 158
89 188
161 260
156 255
114 213
49 148
48 147
70 169
159 258
159 258
177 276
162 261
147 246
95 194
72 171
99 198
58 157
105 204
134 233
119 218
151 250
7 106
9 108
97 196
125 224
153 252
141 240
109 208
68 167
181 280
150 249
26 125
123 222
81 180
124 223
172 271
17 116
53 152
88 187
11 110
11 110
120 219
24 123
160 259
166 265
173 272
93 192
26 125
123 222
186 285
177 276
29 128
50 149
117 216
166 265
68 167
92 191
28 127
142 241
104 203
168 267
57 156
90 189
65 164
135 234
175 274
46 145
2 101
44 143
125 224
88 187
74 173
86 185
93 192
147 246
176 275
97 196
79 178
9 108
165 264
120 219
140 239
163 262
75 174
4 103
26 125
148 247
152 251
134 233
18 117
59 158
0 99
152 251
144 243
99 198
83 182
58 157
93 192
29 128
122 221
18 117
190 289
127 226
125 224
104 203
2 101
65 164
16 115
176 275
152 251
46 145
194 293
153 252
99 198
189 288
45 144
80 179
90 189
36 135
118 217
91 190
38 137
162 261
151 250
187 286
17 116
45 144
97 196
193 292
102 201
99 198
143 242
176 275
1 100
187 286
42 141
163 262
132 231
114 213
81 180
149 248
66 165
132 231
20 119
125 224
12 111
179 278
169 268
162 261
170 269
123 222
17 116
135 234
139 238
82 181
140 239
34 133
116 215
27 126
116 215
128 227
177 276
168 267
16 115
39 138
157 256
21 120
44 143
65 164
47 146
129 228
19 118
86 185
88 187
184 283
55 154
95 194
126 225
187 286
133 232
23 122
51 150
70 169
8 107
133 232
27 126
111 210
58 157
78 177
96 195
114 213
145 244
1 100
42 141
41 140
27 126
77 176
71 170
78 177
41 140
117 216
88 187
75 174
137 236
40 139
33 132
37 136
110 209
110 209
63 162
189 288
54 153
138 237
61 160
35 134
121 220
105 204
4 103
81 180
124 223
35 134
89 188
161 260
71 170
151 250
168 267
128 227
15 114
33 132
114 213
150 249
88 187
16 115
196 295
170 269
11 110
126 225
158 257
12 111
39 138
9 108
133 232
118 217
64 163
190 289
180 279
166 265
95 194
124 223
75 174
160 259
164 263
84 183
190 289
113 212
176 275
22 121
172 271
104 203
38 137
121 220
183 282
52 151
15 114
110 209
121 220
68 167
151 250
112 211
50 149
117 216
168 267
23 122
177 276
167 266
103 202
168 267
191 290
158 257
155 254
170 269
187 286
64 163
156 255
85 184
82 181
121 220
100 199
161 260
90 189
3 102
176 275
73 172
182 281
137 236
179 278
87 186
150 249
26 125
132 231
79 178
106 205
146 245
143 242
41 140
95 194
167 266
115 214
157 256
126 225
37 136
54 153
141 240
47 146
134 233
142 241
46 145
65 164
94 193
194 293
8 107
55 154
60 159
121 220
96 195
73 172
6 105
127 226
141 240
164 263
47 146
189 288
96 195
82 181
161 260
191 290
2 101
181 280
12 111
82 181
64 163
116 215
20 119
94 193
18 117
61 160
12 111
2 101
20 119
23 122
75 174
145 244
137 236
81 180
53 152
147 246
147 246
79 178
165 264
144 243
111 210
196 295
85 184
118 217
157 256
32 131
50 149
99 198
10 109
102 201
41 140
182 281
187 286
27 126
172 271
164 263
46 145
128 227
25 124
180 279
131 230
183 282
111 210
148 247
166 265
132 231
161 260
2 101
188 287
94 193
88 187
92 191
34 133
47 146
132 231
33 132
180 279
188 287
56 155
144 243
101 200
154 253
1 100
3 102
34 133
104 203
26 125
138 237
111 210
192 291
18 117
169 268
60 159
144 243
67 166
93 192
110 209
167 266
157 256
183 282
50 149
125 224
27 126
124 223
85 184
123 222
59 158
101 200
187 286
34 133
25 124
129 228
74 173
115 214
115 214
29 128
58 157
120 219
89 188
92 191
118 217
182 281
19 118
86 185
196 295
133 232
68 167
118 217
90 189
172 271
82 181
130 229
4 103
5 104
11 110
120 219
108 207
182 281
153 252
62 161
63 162
1 100
20 119
16 115
29 128
14 113
1 100
94 193
148 247
120 219
98 197
190 289
122 221
149 248
4 103
139 238
58 157
83 182
4 103
132 231
120 219
150 249
67 166
59 158
47 146
60 159
188 287
191 290
179 278
93 192
54 153
195 294
99 198
97 196
162 261
69 168
188 287
130 229
59 158
81 180
25 124
185 284
117 216
97 196
113 212
18 117
188 287
66 165
12 111
4 103
128 227
10 109
125 224
80 179
139 238
115 214
3 102
26 125
64 163
85 184
166 265
12 111
95 194
61 160
124 223
191 290
110 209
100 199
125 224
124 223
135 234
97 196
95 194
131 230
182 281
57 156
58 157
130 229
16 115
160 259
14 113
147 246
23 122
77 176
12 111
70 169
68 167
189 288
194 293
187 286
167 266
85 184
169 268
144 243
139 238
89 188
106 205
171 270
174 273
105 204
184 283
71 170
182 281
107 206
31 130
89 188
158 257
37 136
194 293
32 131
0 99
155 254
12 111
43 142
115 214
72 171
134 233
105 204
171 270
193 292
97 196
23 122
183 282
95 194
89 188
193 292
7 106
43 142
91 190
130 229
113 212
118 217
112 211
91 190
80 179
132 231
71 170
100 199
22 121
31 130
53 152
177 276
39 138
115 214
97 196
60 159
157 256
96 195
7 106
102 201
105 204
192 291
197 296
131 230
151 250
76 175
136 235
129 228
2 101
177 276
17 116
189 288
46 145
16 115
129 228
133 232
40 139
16 115
22 121
192 291
128 227
103 202
157 256
17 116
78 177
3 102
25 124
63 162
116 215
171 270
70 169
0 99
197 296
11 110
168 267
152 251
15 114
107 206
106 205
175 274
126 225
18 117
79 178
52 151
100 199
10 109
152 251
35 134
125 224
111 210
62 161
118 217
190 289
174 273
40 139
89 188
140 239
114 213
171 270
173 272
75 174
31 130
2 101
179 278
115 214
174 273
3 102
0 99
87 186
168 267
177 276
148 247
89 188
29 128
1 100
196 295
141 240
141 240
147 246
61 160
79 178
101 200
135 234
151 250
62 161
106 205
5 104
182 281
135 234
25 124
177 276
30 129
47 146
192 291
100 199
21 120
157 256
69 168
113 212
188 287
172 271
101 200
99 198
67 166
9 108
117 216
129 228
7 106
29 128
70 169
14 113
63 162
93 192
54 153
183 282
97 196
55 154
62 161
193 292
137 236
10 109
88 187
64 163
115 214
61 160
14 113
187 286
46 145
15 114
39 138
182 281
10 109
161 260
160 259
180 279
34 133
80 179
46 145
172 271
29 128
139 238
50 149
22 121
123 222
182 281
0 99
191 290
79 178
63 162
82 181
142 241
67 166
79 178
188 287
50 149
57 156
133 232
151 250
145 244
137 236
122 221
50 149
129 228
171 270
38 137
26 125
6 105
83 182
76 175
123 222
2 101
25 124
118 217
183 282
118 217
124 223
109 208
70 169
29 128
187 286
95 194
110 209
55 154
117 216
94 193
130 229
165 264
164 263
152 251
82 181
98 197
64 163
87 186
105 204
136 235
10 109
137 236
102 201
192 291
185 284
159 258
116 215
152 251
86 185
88 187
119 218
116 215
96 195
151 250
104 203
105 204
87 186
176 275
76 175
61 160
164 263
152 251
71 170
195 294
49 148
77 176
123 222
172 271
98 197
106 205
167 266
17 116
86 185
15 114
173 272
196 295
123 222
173 272
2 101
17 116
167 266
46 145
5 104
109 208
144 243
122 221
95 194
92 191
142 241
145 244
189 288
82 181
132 231
84 183
9 108
197 296
194 293
78 177
170 269
192 291
123 222
120 219
28 127
183 282
143 242
64 163
66 165
134 233
163 262
95 194
95 194
183 282
96 195
2 101
56 155
102 201
159 258
103 202
2 101
55 154
81 180
51 150
184 283
92 191
160 259
143 242
129 228
91 190
178 277
55 154
150 249
98 197
30 129
62 161
39 138
126 225
104 203
132 231
179 278
127 226
82 181
175 274
69 168
159 258
0 99
36 135
114 213
165 264
20 119
63 162
13 112
152 251
5 104
150 249
4 103
80 179
169 268
170 269
109 208
52 151
134 233
133 232
185 284
26 125
81 180
23 122
24 123
75 174
111 210
166 265
98 197
100 199
59 158
38 137
40 139
36 135
41 140
71 170
161 260
178 277
66 165
27 126
88 187
66 165
177 276
192 291
65 164
88 187
8 107
20 119
176 275
30 129
142 241
92 191
33 132
29 128
112 211
74 173
99 198
105 204
13 112
116 215
26 125
164 263
44 143
24 123
176 275
65 164
43 142
59 158
128 227
146 245
23 122
34 133
132 231
22 121
194 293
92 191
90 189
7 106
61 160
59 158
51 150
34 133
158 257
51 150
36 135
5 104
68 167
184 283
35 134
167 266
56 155
8 107
166 265
122 221
53 152
167 266
142 241
57 156
129 228
181 280
116 215
47 146
115 214
140 239
117 216
179 278
131 230
97 196
51 150
79 178
145 244
58 157
86 185
94 193
190 289
39 138
22 121
182 281
63 162
153 252
172 271
28 127
180 279
18 117
60 159
70 169
47 146
84 183
101 200
187 286
126 225
0 99
7 106
31 130
132 231
186 285
56 155
171 270
43 142
21 120
150 249
27 126
11 110
88 187
114 213
125 224
194 293
38 137
55 154
145 244
64 163
41 140
165 264
35 134
73 172
106 205
73 172
92 191
101 200
172 271
196 295
2 101
82 181
169 268
105 204
159 258
105 204
142 241
1 100
138 237
194 293
167 266
65 164
164 263
163 262
34 133
59 158
51 150
26 125
176 275
30 129
120 219
111 210
150 249
189 288
136 235
32 131
182 281
1 100
105 204
114 213
183 282
187 286
161 260
5 104
14 113
185 284
164 263
18 117
78 177
94 193
144 243
8 107
123 222
128 227
93 192
92 191
180 279
134 233
32 131
165 264
161 260
116 215
1 100
7 106
77 176
73 172
165 264
118 217
111 210
107 206
128 227
69 168
141 240
45 144
132 231
16 115
18 117
42 141
131 230
189 288
53 152
70 169
154 253
75 174
98 197
171 270
44 143
56 155
60 159
148 247
59 158
7 106
84 183
147 246
78 177
181 280
151 250
102 201
183 282
132 231
16 115
169 268
38 137
81 180
149 248
148 247
20 119
23 122
65 164
140 239
22 121
173 272
18 117
117 216
135 234
33 132
32 131
66 165
164 263
116 215
134 233
190 289
117 216
77 176
164 263
94 193
45 144
51 150
14 113
80 179
13 112
175 274
90 189
122 221
177 276
15 114
15 114
1 100
107 206
85 184
149 248
17 116
47 146
167 266
117 216
33 132
115 214
108 207
55 154
154 253
140 239
15 114
122 221
77 176
70 169
189 288
188 287
9 108
165 264
13 112
137 236
80 179
55 154
62 161
60 159
189 288
25 124
57 156
115 214
175 274
35 134
176 275
158 257
73 172
148 247
87 186
190 289
39 138
2 101
62 161
108 207
19 118
135 234
119 218
3 102
64 163
109 208
12 111
142 241
16 115
188 287
188 287
50 149
58 157
192 291
24 123
136 235
20 119
13 112
107 206
7 106
19 118
174 273
38 137
58 157
24 123
176 275
37 136
120 219
172 271
117 216
16 115
115 214
151 250
110 209
11 110
13 112
107 206
57 156
109 208
13 112
14 113
178 277
110 209
196 295
72 171
110 209
165 264
132 231
87 186
196 295
5 104
138 237
171 270
118 217
64 163
37 136
156 255
132 231
154 253
133 232
181 280
159 258
0 99
139 238
156 255
152 251
162 261
120 219
17 116
4 103
141 240
153 252
155 254
71 170
145 244
102 201
97 196
104 203
188 287
171 270
89 188
145 244
62 161
115 214
75 174
84 183
99 198
180 279
181 280
128 227
66 165
92 191
57 156
25 124
197 296
78 177
41 140
186 285
183 282
164 263
118 217
47 146
35 134
80 179
110 209
3 102
194 293
31 130
82 181
121 220
48 147
74 173
137 236
178 277
109 208
155 254
36 135
85 184
144 243
81 180
150 249
2 101
23 122
41 140
65 164
175 274
165 264
147 246
196 295
162 261
197 296
164 263
73 172
64 163
163 262
48 147
52 151
104 203
13 112
90 189
140 239
22 121
98 197
121 220
25 124
166 265
72 171
18 117
176 275
195 294
159 258
113 212
24 123
25 124
75 174
19 118
98 197
180 279
66 165
21 120
137 236
48 147
185 284
177 276
129 228
143 242
13 112
73 172
32 131
100 199
135 234
134 233
191 290
162 261
177 276
122 221
150 249
61 160
117 216
14 113
91 190
196 295
106 205
178 277
194 293
49 148
189 288
106 205
82 181
3 102
60 159
92 191
108 207
69 168
21 120
141 240
7 106
107 206
155 254
59 158
3 102
176 275
38 137
195 294
13 112
46 145
136 235
46 145
17 116
16 115
88 187
22 121
115 214
122 221
89 188
49 148
125 224
25 124
37 136
95 194
154 253
0 99
164 263
57 156
166 265
158 257
120 219
64 163
43 142
33 132
120 219
74 173
8 107
52 151
170 269
20 119
182 281
104 203
101 200
38 137
12 111
92 191
14 113
36 135
27 126
142 241
83 182
77 176
150 249
193 292
16 115
169 268
4 103
17 116
84 183
44 143
47 146
95 194
75 174
112 211
76 175
117 216
163 262
20 119
56 155
153 252
38 137
10 109
1 100
166 265
90 189
60 159
29 128
41 140
180 279
92 191
132 231
163 262
92 191
189 288
112 211
120 219
130 229
169 268
177 276
111 210
116 215
41 140
171 270
161 260
81 180
132 231
191 290
64 163
108 207
82 181
121 220
196 295
87 186
102 201
91 190
32 131
140 239
26 125
138 237
43 142
160 259
22 121
50 149
9 108
197 296
107 206
167 266
188 287
27 126
41 140
69 168
172 271
46 145
135 234
186 285
143 242
4 103
179 278
151 250
129 228
136 235
119 218
1 100
178 277
43 142
73 172
121 220
115 214
186 285
141 240
15 114
185 284
109 208
17 116
177 276
106 205
124 223
2 101
47 146
154 253
179 278
84 183
188 287
179 278
150 249
171 270
171 270
177 276
184 283
166 265
51 150
157 256
15 114
23 122
30 129
50 149
23 122
99 198
195 294
82 181
52 151
192 291
96 195
129 228
73 172
131 230
12 111
99 198
9 108
32 131
92 191
104 203
197 296
54 153
100 199
54 153
120 219
177 276
175 274
83 182
89 188
193 292
32 131
32 131
169 268
169 268
172 271
21 120
185 284
24 123
114 213
77 176
65 164
153 252
96 195
12 111
17 116
150 249
51 150
72 171
98 197
114 213
118 217
129 228
137 236
4 103
157 256
97 196
74 173
11 110
68 167
178 277
42 141
83 182
71 170
129 228
30 129
101 200
120 219
121 220
191 290
40 139
34 133
141 240
28 127
63 162
170 269
170 269
163 262
131 230
56 155
119 218
97 196
80 179
52 151
35 134
104 203
86 185
142 241
43 142
63 162
50 149
1 100
183 282
53 152
73 172
111 210
77 176
162 261
67 166
188 287
148 247
26 125
162 261
82 181
186 285
192 291
132 231
60 159
95 194
192 291
59 158
157 256
155 254
152 251
38 137
182 281
55 154
31 130
185 284
50 149
22 121
176 275
95 194
124 223
13 112
104 203
43 142
7 106
106 205
134 233
78 177
121 220
79 178
91 190
155 254
126 225
9 108
168 267
162 261
180 279
175 274
16 115
161 260
130 229
159 258
4 103
74 173
197 296
73 172
141 240
81 180
77 176
107 206
141 240
113 212
23 122
56 155
28 127
168 267
0 99
71 170
196 295
174 273
144 243
128 227
194 293
57 156
1 100
99 198
148 247
168 267
109 208
15 114
88 187
145 244
61 160
183 282
124 223
130 229
73 172
186 285
40 139
79 178
75 174
16 115
111 210
145 244
144 243
164 263
15 114
89 188
196 295
122 221
27 126
142 241
37 136
150 249
28 127
66 165
46 145
13 112
140 239
100 199
132 231
26 125
183 282
52 151
69 168
90 189
46 145
171 270
83 182
6 105
125 224
3 102
103 202
183 282
154 253
115 214
118 217
182 281
116 215
75 174
36 135
32 131
149 248
146 245
114 213
171 270
100 199
11 110
79 178
84 183
47 146
84 183
116 215
64 163
96 195
161 260
135 234
50 149
177 276
167 266
37 136
89 188
5 104
131 230
0 99
113 212
144 243
82 181
169 268
152 251
59 158
38 137
139 238
97 196
156 255
87 186
187 286
38 137
35 134
25 124
131 230
103 202
131 230
150 249
156 255
186 285
43 142
71 170
125 224
107 206
115 214
10 109
37 136
110 209
144 243
15 114
184 283
96 195
51 150
177 276
66 165
58 157
3 102
89 188
46 145
142 241
163 262
22 121
33 132
102 201
153 252
154 253
58 157
104 203
36 135
0 99
163 262
96 195
145 244
123 222
0 99
64 163
151 250
4 103
106 205
93 192
7 106
166 265
37 136
183 282
195 294
85 184
95 194
38 137
69 168
24 123
150 249
157 256
49 148
171 270
21 120
58 157
194 293
139 238
1 100
183 282
125 224
43 142
122 221
8 107
21 120
1 100
164 263
105 204
116 215
4 103
8 107
13 112
194 293
147 246
57 156
91 190
104 203
154 253
17 116
28 127
23 122
11 110
157 256
59 158
50 149
28 127
126 225
33 132
69 168
157 256
76 175
6 105
31 130
67 166
9 108
1 100
89 188
62 161
147 246
110 209
195 294
188 287
6 105
187 286
63 162
102 201
127 226
113 212
7 106
147 246
83 182
106 205
154 253
116 215
58 157
95 194
29 128
19 118
156 255
108 207
30 129
193 292
188 287
191 290
129 228
168 267
40 139
37 136
120 219
119 218
171 270
128 227
27 126
156 255
46 145
69 168
5 104
171 270
113 212
67 166
104 203
60 159
97 196
52 151
83 182
134 233
40 139
155 254
194 293
176 275
134 233
72 171
183 282
95 194
83 182
63 162
190 289
62 161
120 219
97 196
176 275
188 287
3 102
138 237
172 271
5 104
196 295
189 288
46 145
169 268
6 105
0 99
181 280
137 236
104 203
158 257
87 186
21 120
186 285
151 250
189 288
102 201
121 220
175 274
74 173
158 257
173 272
105 204
181 280
161 260
42 141
160 259
137 236
171 270
23 122
196 295
174 273
165 264
3;156504
63 162
91 190
156 255
186 285
16 115
171 270
103 202
44 143
94 193
104 203
49 148
25 124
98 197
32 131
17 116
82 181
110 209
25 124
1 100
1 100
49 148
186 285
32 131
144 243
128 227
164 263
95 194
41 140
165 264
115 214
101 200
24 123
105 204
62 161
34 133
10 109
178 277
103 202
35 134
59 158
119 218
54 153
152 251
67 166
109 208
135 234
126 225
6 105
83 182
57 156
61 160
43 142
177 276
145 244
164 263
65 164
102 201
171 270
16 115
95 194
150 249
163 262
74 173
52 151
39 138
69 168
106 205
0 99
48 147
10 109
130 229
95 194
104 203
17 116
14 113
91 190
88 187
55 154
165 264
28 127
30 129
127 226
139 238
192 291
142 241
195 294
60 159
44 143
64 163
141 240
60 159
181 280
91 190
165 264
153 252
139 238
26 125
76 175
149 248
104 203
63 162
180 279
134 233
87 186
95 194
42 141
74 173
171 270
64 163
29 128
83 182
179 278
76 175
105 204
155 254
145 244
41 140
169 268
92 191
126 225
149 248
58 157
80 179
121 220
138 237
146 245
104 203
114 213
117 216
60 159
82 181
74 173
159 258
21 120
31 130
117 216
194 293
118 217
25 124
48 147
12 111
153 252
24 123
22 121
147 246
135 234
128 227
82 181
105 204
63 162
42 141
177 276
50 149
79 178
95 194
94 193
168 267
189 288
190 289
91 190
58 157
11 110
71 170
54 153
146 245
181 280
61 160
176 275
113 212
14 113
105 204
192 291
134 233
94 193
90 189
156 255
80 179
78 177
3 102
48 147
102 201
95 194
11 110
189 288
148 247
55 154
180 279
32 131
151 250
7 106
39 138
162 261
46 145
182 281
66 165
4 103
98 197
48 147
130 229
119 218
51 150
89 188
35 134
182 281
161 260
31 130
109 208
3 102
153 252
163 262
76 175
60 159
80 179
21 120
26 125
9 108
63 162
6 105
156 255
139 238
35 134
162 261
127 226
191 290
73 172
119 218
109 208
176 275
120 219
50 149
124 223
61 160
9 108
172 271
165 264
153 252
173 272
23 122
163 262
8 107
163 262
109 208
108 207
157 256
83 182
35 134
92 191
38 137
174 273
82 181
19 118
10 109
164 263
167 266
104 203
95 194
38 137
9 108
8 107
33 132
52 151
178 277
126 225
183 282
172 271
16 115
160 259
165 264
25 124
183 282
71 170
187 286
48 147
146 245
156 255
1 100
13 112
192 291
68 167
180 279
193 292
105 204
132 231
179 278
155 254
67 166
11 110
191 290
71 170
67 166
182 281
194 293
122 221
70 169
9 108
36 135
73 172
4 103
139 238
160 259
115 214
34 133
65 164
190 289
88 187
12 111
119 218
0 99
140 239
182 281
2 101
96 195
88 187
65 164
8 107
91 190
46 145
155 254
81 180
12 111
181 280
149 248
150 249
154 253
110 209
131 230
65 164
77 176
27 126
102 201
163 262
54 153
128 227
105 204
131 230
126 225
122 221
24 123
85 184
175 274
11 110
1 100
4 103
159 258
150 249
113 212
96 195
13 112
123 222
38 137
186 285
193 292
185 284
119 218
6 105
185 284
73 172
151 250
85 184
110 209
132 231
157 256
195 294
73 172
130 229
26 125
138 237
56 155
71 170
132 231
154 253
122 221
28 127
20 119
186 285
116 215
191 290
8 107
160 259
118 217
60 159
152 251
22 121
117 216
164 263
43 142
145 244
21 120
9 108
49 148
69 168
168 267
186 285
185 284
19 118
104 203
87 186
170 269
73 172
90 189
70 169
181 280
30 129
112 211
54 153
147 246
147 246
114 213
47 146
164 263
135 234
127 226
186 285
100 199
51 150
180 279
74 173
119 218
172 271
80 179
24 123
50 149
106 205
100 199
180 279
96 195
72 171
94 193
160 259
118 217
162 261
54 153
56 155
56 155
55 154
94 193
190 289
41 140
124 223
167 266
12 111
145 244
57 156
142 241
163 262
15 114
95 194
148 247
128 227
115 214
163 262
74 173
137 236
157 256
7 106
185 284
63 162
73 172
23 122
21 120
91 190
165 264
21 120
49 148
106 205
194 293
144 243
31 130
85 184
35 134
93 192
44 143
90 189
13 112
117 216
132 231
17 116
185 284
196 295
133 232
37 136
148 247
109 208
151 250
38 137
61 160
5 104
11 110
184 283
15 114
2 101
195 294
66 165
36 135
4 103
108 207
156 255
53 152
153 252
14 113
51 150
106 205
178 277
148 247
182 281
62 161
14 113
0 99
55 154
155 254
60 159
57 156
22 121
62 161
61 160
64 163
148 247
190 289
170 269
72 171
162 261
116 215
88 187
75 174
93 192
157 256
92 191
73 172
2 101
118 217
80 179
160 259
51 150
89 188
182 281
27 126
33 132
185 284
111 210
54 153
133 232
52 151
15 114
56 155
181 280
179 278
33 132
123 222
24 123
17 116
37 136
186 285
5 104
92 191
161 260
99 198
157 256
78 177
111 210
47 146
117 216
174 273
55 154
169 268
151 250
92 191
136 235
101 200
131 230
68 167
101 200
89 188
55 154
145 244
100 199
99 198
155 254
10 109
89 188
169 268
76 175
38 137
97 196
7 106
41 140
43 142
14 113
105 204
109 208
156 255
144 243
67 166
90 189
157 256
126 225
40 139
70 169
80 179
2 101
95 194
138 237
132 231
156 255
76 175
160 259
129 228
1 100
125 224
46 145
120 219
41 140
126 225
2 101
187 286
50 149
108 207
54 153
189 288
195 294
132 231
157 256
151 250
152 251
197 296
65 164
132 231
69 168
123 222
70 169
196 295
39 138
143 242
127 226
36 135
51 150
188 287
65 164
125 224
170 269
170 269
29 128
28 127
189 288
28 127
33 132
77 176
115 214
71 170
170 269
142 241
52 151
109 208
111 210
33 132
106 205
61 160
176 275
187 286
83 182
119 218
53 152
179 278
98 197
180 279
68 167
75 174
130 229
25 124
81 180
72 171
189 288
35 134
2 101
150 249
23 122
184 283
124 223
107 206
6 105
163 262
184 283
190 289
180 279
81 180
30 129
110 209
132 231
10 109
72 171
45 144
125 224
68 167
103 202
113 212
141 240
93 192
12 111
150 249
30 129
94 193
141 240
18 117
165 264
16 115
185 284
107 206
69 168
131 230
39 138
36 135
130 229
69 168
178 277
90 189
111 210
103 202
146 245
100 199
112 211
165 264
24 123
74 173
171 270
18 117
61 160
197 296
152 251
75 174
6 105
140 239
61 160
157 256
98 197
79 178
14 113
73 172
176 275
46 145
83 182
193 292
9 108
45 144
34 133
8 107
21 120
73 172
197 296
76 175
140 239
188 287
185 284
169 268
26 125
32 131
147 246
26 125
196 295
162 261
89 188
23 122
56 155
27 126
56 155
67 166
52 151
17 116
140 239
149 248
28 127
150 249
146 245
179 278
0 99
170 269
9 108
108 207
11 110
37 136
165 264
151 250
147 246
39 138
6 105
58 157
21 120
19 118
55 154
137 236
196 295
133 232
25 124
117 216
192 291
103 202
97 196
24 123
118 217
69 168
55 154
163 262
69 168
137 236
119 218
195 294
178 277
138 237
109 208
187 286
98 197
115 214
178 277
61 160
117 216
166 265
108 207
161 260
27 126
188 287
158 257
174 273
99 198
108 207
6 105
64 163
19 118
144 243
31 130
57 156
38 137
5 104
90 189
153 252
128 227
22 121
150 249
35 134
4 103
163 262
160 259
93 192
126 225
135 234
92 191
29 128
142 241
180 279
1 100
149 248
135 234
81 180
78 177
144 243
51 150
125 224
180 279
154 253
182 281
45 144
15 114
103 202
44 143
23 122
40 139
67 166
73 172
18 117
124 223
2 101
171 270
127 226
102 201
162 261
9 108
41 140
182 281
146 245
97 196
42 141
154 253
47 146
18 117
98 197
167 266
36 135
96 195
61 160
166 265
186 285
69 168
62 161
53 152
55 154
172 271
146 245
50 149
80 179
194 293
56 155
87 186
62 161
15 114
181 280
32 131
151 250
193 292
148 247
157 256
131 230
31 130
157 256
174 273
45 144
3 102
52 151
72 171
181 280
1 100
52 151
35 134
86 185
113 212
184 283
139 238
196 295
28 127
38 137
87 186
76 175
4 103
94 193
138 237
123 222
147 246
165 264
134 233
37 136
191 290
11 110
130 229
196 295
111 210
80 179
165 264
134 233
169 268
37 136
127 226
35 134
94 193
130 229
183 282
173 272
144 243
148 247
174 273
18 117
117 216
140 239
116 215
69 168
3 102
37 136
12 111
125 224
59 158
118 217
145 244
30 129
117 216
56 155
5 104
89 188
171 270
38 137
83 182
13 112
55 154
142 241
53 152
74 173
176 275
41 140
3 102
64 163
163 262
91 190
90 189
83 182
2 101
44 143
82 181
111 210
163 262
185 284
59 158
36 135
151 250
144 243
32 131
128 227
16 115
168 267
8 107
57 156
139 238
54 153
165 264
79 178
126 225
146 245
105 204
113 212
140 239
14 113
143 242
192 291
177 276
135 234
27 126
192 291
20 119
49 148
79 178
22 121
86 185
58 157
179 278
170 269
179 278
29 128
38 137
75 174
113 212
135 234
122 221
147 246
122 221
148 247
186 285
80 179
168 267
32 131
160 259
2 101
100 199
148 247
146 245
177 276
103 202
74 173
88 187
95 194
94 193
110 209
66 165
22 121
30 129
119 218
117 216
135 234
134 233
183 282
177 276
161 260
34 133
39 138
66 165
91 190
117 216
75 174
28 127
170 269
1 100
84 183
107 206
24 123
26 125
31 130
89 188
146 245
97 196
19 118
82 181
9 108
34 133
171 270
0 99
141 240
88 187
99 198
86 185
182 281
98 197
189 288
119 218
46 145
115 214
125 224
98 197
85 184
24 123
94 193
169 268
138 237
174 273
43 142
154 253
99 198
146 245
63 162
118 217
27 126
99 198
65 164
157 256
114 213
75 174
171 270
159 258
0 99
181 280
185 284
17 116
9 108
98 197
71 170
33 132
179 278
64 163
139 238
120 219
96 195
93 192
162 261
130 229
167 266
167 266
24 123
63 162
116 215
87 186
25 124
55 154
13 112
179 278
67 166
131 230
173 272
60 159
10 109
120 219
110 209
96 195
102 201
169 268
147 246
125 224
13 112
54 153
83 182
87 186
60 159
134 233
8 107
51 150
105 204
186 285
103 202
118 217
57 156
11 110
105 204
133 232
61 160
10 109
144 243
70 169
185 284
73 172
131 230
61 160
54 153
98 197
27 126
128 227
80 179
84 183
64 163
133 232
52 151
55 154
143 242
180 279
154 253
155 254
108 207
17 116
69 168
138 237
101 200
173 272
166 265
105 204
36 135
123 222
39 138
140 239
13 112
37 136
190 289
33 132
194 293
145 244
88 187
131 230
9 108
130 229
58 157
116 215
135 234
31 130
30 129
173 272
197 296
71 170
123 222
190 289
36 135
144 243
27 126
79 178
156 255
79 178
58 157
64 163
137 236
169 268
184 283
82 181
88 187
178 277
138 237
106 205
32 131
97 196
142 241
40 139
7 106
113 212
112 211
188 287
118 217
115 214
65 164
36 135
65 164
102 201
183 282
185 284
97 196
15 114
191 290
161 260
3 102
192 291
21 120
173 272
152 251
141 240
97 196
112 211
97 196
17 116
130 229
156 255
112 211
125 224
135 234
169 268
29 128
16 115
103 202
171 270
69 168
135 234
62 161
9 108
24 123
186 285
174 273
147 246
42 141
23 122
167 266
80 179
96 195
196 295
49 148
116 215
4 103
185 284
68 167
8 107
102 201
170 269
5 104
48 147
68 167
166 265
17 116
30 129
96 195
131 230
100 199
194 293
138 237
86 185
25 124
31 130
118 217
106 205
104 203
36 135
57 156
176 275
132 231
166 265
48 147
153 252
129 228
144 243
103 202
166 265
96 195
130 229
165 264
142 241
35 134
123 222
5 104
19 118
44 143
149 248
50 149
178 277
107 206
115 214
71 170
140 239
194 293
44 143
21 120
144 243
190 289
193 292
16 115
0 99
87 186
77 176
8 107
178 277
133 232
87 186
167 266
24 123
147 246
52 151
31 130
85 184
49 148
32 131
61 160
3 102
106 205
67 166
197 296
94 193
161 260
67 166
117 216
185 284
137 236
196 295
129 228
31 130
128 227
135 234
77 176
68 167
19 118
89 188
78 177
32 131
174 273
141 240
154 253
130 229
7 106
158 257
89 188
158 257
143 242
73 172
41 140
27 126
130 229
111 210
18 117
69 168
13 112
71 170
73 172
143 242
66 165
132 231
96 195
41 140
55 154
166 265
125 224
155 254
96 195
47 146
109 208
47 146
38 137
164 263
4 103
176 275
169 268
155 254
21 120
132 231
161 260
176 275
123 222
147 246
21 120
46 145
181 280
59 158
157 256
83 182
158 257
75 174
103 202
156 255
151 250
128 227
49 148
41 140
140 239
143 242
142 241
88 187
126 225
119 218
46 145
160 259
142 241
103 202
66 165
3 102
101 200
138 237
150 249
109 208
189 288
33 132
100 199
166 265
31 130
14 113
157 256
152 251
26 125
76 175
142 241
64 163
145 244
63 162
180 279
137 236
135 234
55 154
177 276
12 111
177 276
164 263
79 178
137 236
115 214
74 173
66 165
48 147
82 181
69 168
0 99
88 187
108 207
85 184
26 125
181 280
123 222
191 290
108 207
57 156
39 138
129 228
170 269
10 109
184 283
134 233
194 293
191 290
35 134
110 209
160 259
183 282
65 164
55 154
109 208
128 227
81 180
165 264
107 206
33 132
119 218
34 133
69 168
135 234
187 286
27 126
52 151
65 164
190 289
129 228
135 234
157 256
18 117
60 159
128 227
173 272
156 255
53 152
139 238
107 206
61 160
171 270
194 293
120 219
118 217
131 230
42 141
33 132
58 157
120 219
124 223
186 285
175 274
165 264
185 284
158 257
8 107
36 135
150 249
173 272
190 289
143 242
92 191
99 198
155 254
1 100
4 103
164 263
110 209
189 288
45 144
66 165
88 187
152 251
31 130
163 262
134 233
136 235
87 186
136 235
146 245
51 150
186 285
122 221
33 132
7 106
68 167
175 274
192 291
112 211
180 279
26 125
133 232
119 218
86 185
59 158
81 180
10 109
197 296
96 195
92 191
66 165
84 183
195 294
46 145
88 187
162 261
74 173
156 255
78 177
30 129
121 220
169 268
6 105
38 137
97 196
93 192
148 247
71 170
38 137
67 166
95 194
197 296
134 233
179 278
161 260
25 124
59 158
19 118
79 178
8 107
2 101
22 121
2 101
152 251
5 104
28 127
109 208
176 275
86 185
64 163
15 114
36 135
53 152
58 157
34 133
101 200
132 231
55 154
138 237
142 241
14 113
170 269
78 177
194 293
78 177
102 201
156 255
97 196
53 152
46 145
67 166
4 103
174 273
82 181
125 224
14 113
4 103
129 228
35 134
65 164
124 223
90 189
159 258
103 202
124 223
179 278
69 168
166 265
103 202
60 159
111 210
2 101
0 99
142 241
150 249
164 263
176 275
50 149
95 194
73 172
41 140
33 132
77 176
42 141
72 171
129 228
59 158
10 109
2 101
16 115
102 201
150 249
177 276
46 145
55 154
171 270
83 182
90 189
156 255
14 113
51 150
142 241
183 282
138 237
114 213
106 205
113 212
166 265
83 182
171 270
114 213
141 240
62 161
102 201
147 246
100 199
182 281
102 201
177 276
141 240
73 172
181 280
64 163
65 164
51 150
7 106
31 130
33 132
131 230
126 225
117 216
197 296
139 238
85 184
67 166
124 223
52 151
41 140
189 288
190 289
105 204
187 286
153 252
132 231
99 198
41 140
133 232
158 257
86 185
92 191
51 150
14 113
180 279
71 170
84 183
149 248
178 277
100 199
43 142
104 203
120 219
172 271
63 162
88 187
111 210
143 242
91 190
16 115
106 205
38 137
104 203
72 171
164 263
197 296
163 262
154 253
81 180
125 224
192 291
143 242
36 135
70 169
0 99
24 123
137 236
98 197
106 205
64 163
193 292
21 120
74 173
93 192
166 265
70 169
125 224
61 160
112 211
64 163
136 235
189 288
49 148
50 149
174 273
145 244
30 129
98 197
173 272
19 118
153 252
154 253
9 108
65 164
168 267
52 151
77 176
103 202
127 226
118 217
36 135
57 156
131 230
105 204
147 246
39 138
35 134
86 185
15 114
184 283
163 262
11 110
16 115
177 276
91 190
35 134
107 206
138 237
106 205
165 264
65 164
32 131
70 169
112 211
74 173
3 102
186 285
54 153
66 165
167 266
5 104
22 121
82 181
182 281
34 133
86 185
88 187
168 267
183 282
78 177
13 112
118 217
164 263
118 217
33 132
129 228
39 138
44 143
50 149
7 106
26 125
185 284
3 102
30 129
135 234
65 164
15 114
75 174
89 188
55 154
133 232
94 193
83 182
164 263
158 257
168 267
84 183
6 105
161 260
77 176
187 286
176 275
99 198
177 276
170 269
21 120
108 207
78 177
101 200
42 141
66 165
82 181
184 283
142 241
157 256
103 202
130 229
59 158
116 215
188 287
155 254
38 137
160 259
35 134
56 155
178 277
127 226
44 143
46 145
2 101
170 269
129 228
27 126
117 216
67 166
102 201
34 133
79 178
85 184
116 215
14 113
124 223
101 200
71 170
49 148
128 227
55 154
7 106
57 156
53 152
121 220
44 143
20 119
149 248
186 285
170 269
94 193
74 173
171 270
51 150
73 172
53 152
84 183
31 130
165 264
1 100
71 170
81 180
144 243
125 224
191 290
90 189
192 291
171 270
10 109
100 199
84 183
15 114
181 280
161 260
75 174
147 246
79 178
13 112
153 252
184 283
174 273
162 261
10 109
190 289
88 187
137 236
58 157
110 209
87 186
27 126
106 205
109 208
62 161
72 171
28 127
5 104
40 139
114 213
126 225
12 111
63 162
128 227
67 166
153 252
137 236
43 142
60 159
95 194
61 160
168 267
166 265
194 293
119 218
26 125
118 217
64 163
186 285
72 171
175 274
168 267
151 250
174 273
159 258
7 106
49 148
162 261
82 181
166 265
194 293
111 210
73 172
4 103
85 184
102 201
176 275
99 198
172 271
61 160
164 263
13 112
171 270
130 229
54 153
110 209
21 120
38 137
146 245
172 271
32 131
76 175
11 110
60 159
191 290
75 174
116 215
49 148
65 164
154 253
21 120
61 160
185 284
82 181
28 127
153 252
195 294
3 102
59 158
102 201
30 129
102 201
88 187
38 137
115 214
42 141
64 163
1 100
196 295
48 147
97 196
184 283
169 268
42 141
94 193
104 203
189 288
99 198
97 196
148 247
4 103
87 186
196 295
138 237
160 259
77 176
87 186
26 125
101 200
93 192
165 264
138 237
132 231
170 269
48 147
127 226
164 263
116 215
123 222
124 223
154 253
176 275
110 209
4 103
68 167
142 241
53 152
135 234
60 159
22 121
187 286
107 206
3 102
103 202
162 261
30 129
103 202
178 277
165 264
39 138
132 231
164 263
83 182
6 105
46 145
132 231
150 249
102 201
137 236
116 215
134 233
13 112
178 277
30 129
99 198
130 229
132 231
152 251
192 291
25 124
73 172
48 147
139 238
77 176
18 117
29 128
62 161
175 274
134 233
153 252
21 120
122 221
49 148
87 186
120 219
150 249
131 230
89 188
159 258
47 146
66 165
51 150
67 166
68 167
166 265
71 170
140 239
195 294
106 205
187 286
80 179
74 173
5 104
172 271
33 132
45 144
53 152
80 179
59 158
108 207
107 206
33 132
91 190
112 211
83 182
43 142
80 179
187 286
171 270
46 145
77 176
185 284
27 126
190 289
11 110
44 143
12 111
114 213
124 223
163 262
192 291
195 294
155 254
29 128
87 186
113 212
68 167
16 115
58 157
166 265
183 282
176 275
99 198
97 196
36 135
80 179
26 125
23 122
190 289
33 132
149 248
141 240
146 245
25 124
136 235
96 195
22 121
23 122
27 126
130 229
17 116
147 246
143 242
143 242
26 125
128 227
53 152
91 190
45 144
98 197
81 180
75 174
188 287
166 265
148 247
123 222
11 110
85 184
187 286
4 103
158 257
166 265
155 254
104 203
136 235
160 259
168 267
58 157
195 294
5 104
143 242
109 208
162 261
148 247
85 184
24 123
95 194
114 213
136 235
84 183
131 230
26 125
188 287
175 274
197 296
7 106
81 180
56 155
116 215
5 104
57 156
125 224
16 115
7 106
188 287
39 138
106 205
184 283
102 201
10 109
51 150
36 135
163 262
44 143
165 264
125 224
149 248
112 211
154 253
61 160
149 248
25 124
190 289
77 176
145 244
59 158
72 171
127 226
178 277
117 216
25 124
52 151
190 289
195 294
179 278
17 116
68 167
107 206
31 130
188 287
33 132
34 133
101 200
31 130
152 251
75 174
116 215
141 240
75 174
150 249
156 255
106 205
90 189
168 267
43 142
32 131
169 268
156 255
174 273
179 278
69 168
36 135
50 149
146 245
119 218
88 187
87 186
112 211
68 167
50 149
130 229
94 193
73 172
169 268
12 111
14 113
61 160
61 160
4 103
43 142
131 230
167 266
133 232
185 284
170 269
15 114
110 209
28 127
132 231
169 268
94 193
153 252
148 247
81 180
85 184
87 186
162 261
122 221
24 123
105 204
167 266
171 270
93 192
95 194
104 203
173 272
155 254
103 202
107 206
33 132
69 168
127 226
55 154
65 164
190 289
2 101
24 123
167 266
51 150
128 227
101 200
36 135
81 180
49 148
152 251
169 268
71 170
189 288
139 238
45 144
22 121
2 101
11 110
120 219
48 147
193 292
114 213
59 158
97 196
174 273
71 170
188 287
174 273
166 265
167 266
150 249
86 185
135 234
5 104
176 275
7 106
25 124
113 212
108 207
40 139
165 264
145 244
132 231
167 266
148 247
72 171
150 249
86 185
83 182
194 293
36 135
140 239
135 234
68 167
179 278
38 137
49 148
134 233
137 236
39 138
193 292
45 144
33 132
17 116
126 225
49 148
114 213
0 99
42 141
109 208
39 138
130 229
95 194
171 270
85 184
146 245
82 181
154 253
6 105
135 234
187 286
124 223
48 147
13 112
112 211
191 290
76 175
116 215
26 125
7 106
74 173
160 259
3 102
93 192
109 208
171 270
107 206
83 182
130 229
187 286
56 155
91 190
137 236
197 296
10 109
123 222
96 195
85 184
13 112
99 198
142 241
188 287
148 247
146 245
185 284
157 256
38 137
25 124
23 122
194 293
158 257
49 148
57 156
17 116
132 231
75 174
15 114
120 219
50 149
133 232
191 290
30 129
180 279
76 175
153 252
184 283
87 186
112 211
154 253
60 159
5 104
31 130
43 142
156 255
10 109
18 117
194 293
186 285
190 289
10 109
89 188
97 196
45 144
184 283
187 286
84 183
68 167
171 270
38 137
78 177
55 154
107 206
181 280
3 102
41 140
1 100
55 154
176 275
130 229
33 132
81 180
82 181
20 119
168 267
167 266
161 260
94 193
44 143
139 238
19 118
178 277
147 246
124 223
162 261
96 195
73 172
9 108
92 191
136 235
126 225
35 134
37 136
193 292
166 265
58 157
58 157
104 203
3 102
73 172
73 172
77 176
82 181
169 268
49 148
115 214
117 216
16 115
192 291
68 167
99 198
96 195
176 275
68 167
54 153
12 111
97 196
197 296
187 286
134 233
175 274
68 167
77 176
101 200
43 142
123 222
50 149
63 162
167 266
69 168
70 169
29 128
84 183
180 279
56 155
31 130
178 277
35 134
42 141
183 282
68 167
110 209
1 100
152 251
70 169
173 272
187 286
73 172
168 267
110 209
91 190
160 259
63 162
153 252
73 172
63 162
192 291
105 204
17 116
140 239
110 209
153 252
82 181
102 201
154 253
85 184
70 169
78 177
64 163
76 175
102 201
67 166
3 102
60 159
105 204
18 117
16 115
38 137
56 155
125 224
77 176
89 188
12 111
151 250
55 154
31 130
137 236
99 198
127 226
139 238
27 126
157 256
61 160
156 255
159 258
79 178
141 240
104 203
44 143
153 252
1 100
83 182
102 201
138 237
164 263
157 256
14 113
123 222
164 263
170 269
42 141
64 163
150 249
37 136
73 172
171 270
148 247
47 146
129 228
132 231
141 240
0 99
91 190
9 108
108 207
70 169
153 252
140 239
155 254
195 294
113 212
51 150
149 248
38 137
138 237
162 261
35 134
51 150
12 111
152 251
36 135
90 189
186 285
52 151
54 153
15 114
60 159
156 255
119 218
20 119
153 252
16 115
8 107
186 285
170 269
128 227
142 241
103 202
24 123
160 259
65 164
178 277
174 273
74 173
24 123
0 99
87 186
189 288
19 118
28 127
115 214
46 145
161 260
52 151
142 241
91 190
53 152
170 269
136 235
65 164
96 195
157 256
118 217
82 181
142 241
116 215
172 271
137 236
169 268
3 102
174 273
104 203
153 252
153 252
92 191
109 208
91 190
109 208
16 115
10 109
168 267
34 133
117 216
48 147
112 211
76 175
189 288
149 248
188 287
38 137
28 127
165 264
166 265
0 99
136 235
34 133
103 202
6 105
196 295
45 144
189 288
169 268
169 268
78 177
182 281
142 241
17 116
124 223
112 211
77 176
188 287
184 283
91 190
136 235
10 109
17 116
2 101
187 286
111 210
96 195
192 291
43 142
107 206
65 164
94 193
126 225
47 146
142 241
181 280
184 283
147 246
140 239
197 296
193 292
180 279
103 202
6 105
50 149
84 183
4 103
142 241
8 107
12 111
5 104
21 120
126 225
31 130
106 205
131 230
138 237
55 154
71 170
142 241
85 184
113 212
118 217
188 287
197 296
106 205
91 190
43 142
197 296
147 246
189 288
184 283
72 171
129 228
34 133
132 231
111 210
55 154
148 247
115 214
143 242
117 216
145 244
163 262
118 217
98 197
193 292
195 294
136 235
24 123
86 185
4 103
85 184
156 255
105 204
83 182
99 198
0 99
42 141
46 145
190 289
106 205
185 284
165 264
169 268
177 276
66 165
159 258
115 214
173 272
71 170
66 165
8 107
93 192
148 247
17 116
162 261
158 257
139 238
39 138
40 139
181 280
103 202
13 112
114 213
74 173
77 176
21 120
196 295
113 212
18 117
151 250
167 266
19 118
9 108
81 180
34 133
10 109
142 241
99 198
177 276
137 236
0 99
5 104
112 211
9 108
113 212
103 202
63 162
113 212
145 244
161 260
60 159
101 200
164 263
130 229
0 99
110 209
66 165
162 261
192 291
161 260
29 128
4 103
12 111
144 243
142 241
40 139
124 223
139 238
182 281
2 101
89 188
40 139
25 124
142 241
89 188
114 213
9 108
110 209
170 269
186 285
110 209
196 295
79 178
100 199
70 169
34 133
55 154
33 132
125 224
91 190
66 165
60 159
175 274
127 226
97 196
33 132
57 156
73 172
103 202
29 128
133 232
51 150
168 267
189 288
114 213
80 179
68 167
141 240
83 182
34 133
18 117
7 106
171 270
171 270
31 130
98 197
149 248
10 109
50 149
178 277
129 228
97 196
111 210
71 170
27 126
182 281
142 241
24 123
175 274
150 249
180 279
86 185
155 254
116 215
29 128
41 140
23 122
20 119
149 248
65 164
96 195
36 135
124 223
148 247
157 256
120 219
25 124
148 247
55 154
8 107
159 258
70 169
4 103
187 286
190 289
37 136
43 142
154 253
65 164
87 186
78 177
170 269
114 213
138 237
131 230
80 179
84 183
169 268
53 152
168 267
130 229
169 268
105 204
102 201
117 216
183 282
76 175
39 138
78 177
5 104
174 273
5 104
163 262
36 135
78 177
176 275
5 104
120 219
140 239
40 139
130 229
188 287
98 197
34 133
124 223
64 163
138 237
43 142
138 237
183 282
181 280
190 289
113 212
8 107
103 202
22 121
113 212
194 293
192 291
86 185
107 206
91 190
158 257
153 252
54 153
118 217
37 136
93 192
106 205
191 290
93 192
2 101
84 183
26 125
76 175
32 131
90 189
108 207
34 133
162 261
38 137
51 150
135 234
25 124
130 229
32 131
175 274
12 111
79 178
63 162
32 131
102 201
30 129
88 187
46 145
175 274
172 271
110 209
30 129
142 241
99 198
142 241
76 175
42 141
48 147
26 125
96 195
123 222
61 160
126 225
126 225
50 149
25 124
115 214
56 155
11 110
173 272
130 229
114 213
197 296
100 199
143 242
50 149
161 260
85 184
11 110
177 276
183 282
4 103
47 146
131 230
196 295
19 118
144 243
86 185
144 243
149 248
177 276
99 198
123 222
50 149
189 288
152 251
140 239
186 285
43 142
71 170
60 159
108 207
164 263
193 292
59 158
41 140
102 201
184 283
57 156
135 234
191 290
92 191
114 213
115 214
78 177
46 145
38 137
38 137
189 288
92 191
91 190
105 204
5 104
135 234
63 162
88 187
196 295
81 180
37 136
0 99
169 268
25 124
95 194
129 228
33 132
147 246
31 130
165 264
150 249
100 199
118 217
96 195
68 167
12 111
55 154
148 247
41 140
105 204
91 190
139 238
62 161
73 172
127 226
45 144
37 136
62 161
106 205
92 191
61 160
183 282
24 123
74 173
34 133
131 230
115 214
2 101
110 209
174 273
185 284
68 167
129 228
92 191
86 185
28 127
176 275
52 151
85 184
3 102
165 264
126 225
109 208
35 134
113 212
186 285
162 261
36 135
108 207
133 232
27 126
186 285
61 160
158 257
106 205
44 143
3 102
137 236
179 278
34 133
97 196
28 127
17 116
103 202
44 143
146 245
172 271
98 197
134 233
150 249
84 183
63 162
186 285
188 287
135 234
68 167
148 247
4 103
112 211
90 189
31 130
40 139
32 131
56 155
136 235
120 219
136 235
142 241
186 285
33 132
194 293
76 175
85 184
76 175
93 192
90 189
9 108
156 255
101 200
126 225
73 172
0 99
186 285
12 111
57 156
174 273
103 202
24 123
10 109
178 277
10 109
120 219
95 194
82 181
103 202
42 141
95 194
101 200
107 206
96 195
103 202
181 280
83 182
84 183
190 289
126 225
111 210
8 107
195 294
45 144
152 251
102 201
10 109
146 245
51 150
173 272
166 265
105 204
47 146
75 174
123 222
17 116
177 276
96 195
66 165
52 151
104 203
111 210
53 152
154 253
166 265
150 249
34 133
76 175
86 185
131 230
104 203
13 112
14 113
196 295
14 113
48 147
175 274
28 127
143 242
9 108
162 261
93 192
147 246
12 111
12 111
166 265
113 212
125 224
38 137
115 214
40 139
137 236
183 282
115 214
168 267
182 281
162 261
121 220
108 207
83 182
25 124
31 130
20 119
184 283
41 140
141 240
92 191
49 148
42 141
188 287
163 262
121 220
52 151
17 116
92 191
55 154
64 163
90 189
170 269
137 236
157 256
147 246
94 193
171 270
50 149
91 190
89 188
148 247
163 262
65 164
38 137
190 289
49 148
125 224
171 270
73 172
132 231
62 161
152 251
28 127
129 228
35 134
173 272
52 151
87 186
140 239
148 247
52 151
175 274
7 106
141 240
181 280
69 168
166 265
12 111
6 105
83 182
5 104
115 214
93 192
128 227
83 182
2 101
175 274
68 167
144 243
86 185
143 242
164 263
192 291
109 208
140 239
102 201
184 283
74 173
143 242
125 224
10 109
67 166
80 179
22 121
196 295
122 221
150 249
30 129
142 241
2 101
85 184
47 146
99 198
194 293
73 172
85 184
52 151
151 250
96 195
166 265
149 248
47 146
120 219
35 134
116 215
83 182
116 215
2 101
35 134
91 190
117 216
193 292
107 206
1 100
60 159
116 215
17 116
43 142
118 217
93 192
58 157
54 153
154 253
81 180
160 259
131 230
14 113
63 162
24 123
26 125
54 153
192 291
31 130
23 122
158 257
145 244
89 188
48 147
6 105
94 193
97 196
170 269
149 248
64 163
129 228
18 117
156 255
197 296
171 270
5 104
139 238
181 280
131 230
108 207
56 155
57 156
110 209
32 131
100 199
94 193
129 228
159 258
193 292
124 223
24 123
153 252
77 176
151 250
3 102
37 136
113 212
39 138
110 209
115 214
127 226
53 152
58 157
168 267
188 287
127 226
175 274
33 132
52 151
5 104
59 158
30 129
168 267
184 283
167 266
88 187
66 165
164 263
154 253
24 123
9 108
193 292
150 249
41 140
74 173
70 169
24 123
188 287
98 197
96 195
127 226
187 286
36 135
48 147
71 170
36 135
168 267
121 220
94 193
165 264
140 239
86 185
151 250
77 176
33 132
153 252
117 216
44 143
135 234
171 270
65 164
193 292
82 181
21 120
73 172
83 182
104 203
178 277
113 212
18 117
3 102
79 178
82 181
173 272
82 181
26 125
44 143
28 127
129 228
63 162
16 115
35 134
152 251
53 152
12 111
83 182
154 253
129 228
110 209
121 220
11 110
52 151
29 128
56 155
184 283
112 211
161 260
81 180
107 206
166 265
88 187
192 291
142 241
34 133
12 111
19 118
77 176
21 120
119 218
85 184
149 248
37 136
65 164
191 290
32 131
6 105
188 287
155 254
196 295
15 114
70 169
153 252
192 291
62 161
129 228
4 103
174 273
110 209
46 145
8 107
76 175
149 248
175 274
132 231
10 109
10 109
52 151
83 182
116 215
124 223
17 116
40 139
180 279
122 221
116 215
147 246
85 184
9 108
88 187
54 153
1 100
128 227
100 199
115 214
78 177
54 153
132 231
60 159
153 252
24 123
135 234
76 175
3 102
62 161
180 279
125 224
193 292
14 113
149 248
54 153
147 246
77 176
123 222
36 135
53 152
167 266
113 212
104 203
160 259
97 196
70 169
37 136
43 142
146 245
33 132
188 287
178 277
25 124
178 277
195 294
4 103
49 148
137 236
34 133
144 243
96 195
59 158
105 204
146 245
131 230
13 112
6 105
66 165
180 279
157 256
85 184
92 191
148 247
196 295
98 197
122 221
92 191
153 252
28 127
25 124
124 223
28 127
35 134
37 136
161 260
16 115
167 266
5 104
57 156
131 230
132 231
126 225
10 109
8 107
197 296
144 243
97 196
119 218
6 105
105 204
121 220
18 117
195 294
131 230
95 194
71 170
14 113
48 147
171 270
117 216
146 245
61 160
160 259
84 183
160 259
0 99
52 151
133 232
92 191
0 99
162 261
22 121
100 199
97 196
106 205
116 215
10 109
131 230
184 283
156 255
171 270
74 173
82 181
11 110
169 268
42 141
79 178
122 221
154 253
56 155
110 209
102 201
44 143
28 127
104 203
15 114
188 287
87 186
46 145
21 120
78 177
101 200
66 165
94 193
7 106
61 160
86 185
176 275
108 207
194 293
33 132
22 121
124 223
105 204
62 161
193 292
1 100
71 170
145 244
57 156
124 223
183 282
138 237
154 253
169 268
162 261
92 191
187 286
174 273
26 125
52 151
118 217
183 282
12 111
50 149
161 260
34 133
64 163
68 167
0 99
123 222
140 239
112 211
14 113
24 123
56 155
154 253
176 275
89 188
33 132
177 276
7 106
106 205
20 119
170 269
76 175
159 258
3 102
150 249
89 188
30 129
174 273
117 216
32 131
31 130
170 269
63 162
166 265
179 278
72 171
48 147
149 248
176 275
121 220
64 163
155 254
175 274
79 178
97 196
37 136
65 164
176 275
178 277
45 144
15 114
141 240
69 168
65 164
51 150
118 217
90 189
128 227
74 173
103 202
92 191
94 193
181 280
40 139
126 225
7 106
38 137
101 200
111 210
79 178
0 99
50 149
176 275
151 250
61 160
188 287
68 167
88 187
57 156
105 204
116 215
24 123
3 102
125 224
165 264
39 138
149 248
120 219
52 151
168 267
172 271
31 130
181 280
119 218
137 236
136 235
117 216
70 169
47 146
196 295
193 292
82 181
160 259
150 249
0 99
153 252
104 203
95 194
31 130
112 211
115 214
68 167
185 284
6 105
102 201
128 227
60 159
22 121
176 275
165 264
70 169
94 193
155 254
156 255
89 188
193 292
18 117
23 122
23 122
55 154
155 254
130 229
61 160
184 283
107 206
69 168
88 187
129 228
167 266
41 140
145 244
179 278
87 186
62 161
164 263
31 130
47 146
154 253
50 149
33 132
113 212
194 293
65 164
143 242
140 239
46 145
127 226
43 142
160 259
167 266
196 295
127 226
45 144
133 232
77 176
136 235
15 114
66 165
44 143
14 113
47 146
77 176
179 278
129 228
179 278
45 144
8 107
135 234
165 264
157 256
65 164
186 285
184 283
9 108
105 204
51 150
172 271
81 180
2 101
83 182
124 223
194 293
33 132
108 207
174 273
46 145
180 279
171 270
113 212
23 122
148 247
133 232
180 279
138 237
186 285
103 202
170 269
7 106
152 251
194 293
81 180
77 176
180 279
127 226
186 285
160 259
67 166
24 123
48 147
185 284
33 132
105 204
177 276
114 213
87 186
123 222
108 207
149 248
19 118
139 238
19 118
185 284
143 242
39 138
136 235
133 232
117 216
192 291
164 263
103 202
126 225
11 110
88 187
45 144
166 265
139 238
38 137
9 108
37 136
158 257
27 126
92 191
133 232
71 170
35 134
145 244
19 118
162 261
117 216
70 169
11 110
49 148
192 291
5 104
120 219
5 104
113 212
127 226
36 135
130 229
146 245
184 283
3 102
112 211
77 176
111 210
8 107
74 173
13 112
67 166
46 145
87 186
155 254
96 195
187 286
7 106
107 206
114 213
62 161
187 286
123 222
183 282
137 236
141 240
197 296
39 138
96 195
145 244
126 225
164 263
176 275
40 139
103 202
162 261
110 209
47 146
150 249
137 236
196 295
53 152
119 218
145 244
172 271
172 271
67 166
91 190
178 277
172 271
36 135
113 212
110 209
78 177
60 159
191 290
81 180
137 236
131 230
28 127
34 133
197 296
110 209
92 191
23 122
96 195
44 143
58 157
93 192
43 142
71 170
160 259
22 121
14 113
12 111
48 147
69 168
154 253
62 161
74 173
18 117
73 172
46 145
6 105
64 163
159 258
147 246
101 200
114 213
75 174
148 247
166 265
119 218
185 284
31 130
51 150
166 265
92 191
192 291
55 154
103 202
46 145
87 186
64 163
170 269
137 236
114 213
124 223
100 199
25 124
40 139
166 265
178 277
78 177
4 103
196 295
10 109
26 125
36 135
68 167
137 236
184 283
120 219
120 219
61 160
108 207
49 148
145 244
71 170
22 121
82 181
105 204
100 199
180 279
59 158
178 277
176 275
127 226
108 207
79 178
129 228
43 142
164 263
29 128
80 179
153 252
123 222
37 136
91 190
5 104
153 252
116 215
74 173
98 197
182 281
123 222
120 219
25 124
177 276
98 197
90 189
164 263
140 239
14 113
130 229
193 292
87 186
181 280
105 204
0 99
174 273
31 130
175 274
89 188
138 237
91 190
10 109
149 248
139 238
13 112
174 273
26 125
23 122
42 141
189 288
11 110
26 125
160 259
51 150
106 205
106 205
147 246
44 143
24 123
120 219
28 127
78 177
121 220
100 199
121 220
155 254
22 121
62 161
1 100
79 178
118 217
140 239
140 239
93 192
190 289
32 131
40 139
154 253
181 280
108 207
90 189
133 232
43 142
23 122
195 294
120 219
104 203
24 123
88 187
161 260
176 275
37 136
103 202
71 170
176 275
195 294
190 289
177 276
183 282
68 167
92 191
53 152
100 199
30 129
122 221
83 182
27 126
86 185
45 144
18 117
152 251
92 191
84 183
1 100
17 116
156 255
187 286
13 112
74 173
108 207
50 149
140 239
71 170
57 156
15 114
115 214
151 250
14 113
90 189
162 261
107 206
160 259
119 218
34 133
112 211
181 280
150 249
166 265
65 164
100 199
111 210
24 123
70 169
28 127
33 132
15 114
86 185
158 257
30 129
63 162
45 144
60 159
2 101
53 152
190 289
106 205
172 271
86 185
110 209
37 136
92 191
55 154
160 259
34 133
59 158
145 244
83 182
27 126
117 216
140 239
65 164
116 215
173 272
155 254
64 163
140 239
58 157
126 225
60 159
180 279
123 222
129 228
190 289
58 157
66 165
186 285
178 277
35 134
163 262
106 205
60 159
134 233
123 222
13 112
80 179
75 174
196 295
90 189
43 142
89 188
152 251
182 281
114 213
96 195
171 270
40 139
24 123
101 200
144 243
0 99
51 150
158 257
68 167
191 290
97 196
163 262
36 135
158 257
152 251
5 104
140 239
173 272
145 244
177 276
41 140
159 258
174 273
138 237
35 134
156 255
27 126
22 121
160 259
12 111
196 295
122 221
48 147
84 183
0 99
3 102
60 159
105 204
81 180
93 192
35 134
75 174
197 296
187 286
175 274
151 250
77 176
143 242
24 123
43 142
23 122
78 177
124 223
97 196
28 127
69 168
132 231
168 267
108 207
74 173
146 245
157 256
0 99
57 156
172 271
18 117
89 188
162 261
45 144
46 145
14 113
12 111
145 244
76 175
128 227
13 112
181 280
188 287
9 108
23 122
96 195
110 209
173 272
46 145
174 273
134 233
42 141
155 254
52 151
102 201
110 209
152 251
168 267
93 192
168 267
47 146
72 171
188 287
182 281
67 166
155 254
87 186
114 213
10 109
137 236
28 127
60 159
86 185
66 165
138 237
38 137
120 219
25 124
59 158
38 137
70 169
157 256
96 195
85 184
77 176
165 264
8 107
96 195
25 124
115 214
116 215
29 128
74 173
87 186
21 120
141 240
150 249
191 290
116 215
91 190
72 171
56 155
193 292
51 150
171 270
122 221
115 214
30 129
112 211
16 115
114 213
63 162
2 101
130 229
120 219
102 201
78 177
147 246
131 230
158 257
41 140
0 99
137 236
41 140
2 101
72 171
164 263
7 106
95 194
77 176
41 140
27 126
48 147
43 142
58 157
102 201
137 236
195 294
133 232
18 117
169 268
188 287
47 146
20 119
123 222
46 145
107 206
19 118
161 260
43 142
87 186
31 130
3 102
183 282
50 149
46 145
56 155
122 221
57 156
159 258
101 200
14 113
165 264
159 258
1 100
96 195
144 243
41 140
134 233
59 158
49 148
84 183
197 296
96 195
8 107
79 178
113 212
138 237
63 162
76 175
112 211
165 264
107 206
128 227
124 223
169 268
80 179
188 287
110 209
74 173
75 174
115 214
65 164
58 157
17 116
79 178
60 159
128 227
81 180
154 253
134 233
27 126
88 187
80 179
102 201
99 198
141 240
66 165
55 154
140 239
145 244
66 165
87 186
59 158
8 107
124 223
149 248
33 132
28 127
99 198
33 132
161 260
171 270
178 277
175 274
187 286
162 261
150 249
51 150
107 206
161 260
197 296
25 124
32 131
68 167
117 216
48 147
165 264
122 221
36 135
56 155
72 171
183 282
158 257
15 114
195 294
95 194
65 164
61 160
33 132
146 245
179 278
190 289
118 217
70 169
84 183
60 159
104 203
17 116
184 283
185 284
80 179
99 198
106 205
70 169
24 123
11 110
128 227
3 102
115 214
194 293
38 137
138 237
54 153
146 245
104 203
22 121
70 169
2 101
31 130
151 250
10 109
73 172
53 152
82 181
190 289
57 156
114 213
82 181
102 201
110 209
8 107
169 268
1 100
41 140
50 149
92 191
59 158
166 265
184 283
197 296
67 166
38 137
48 147
135 234
106 205
81 180
15 114
174 273
70 169
89 188
168 267
111 210
107 206
20 119
29 128
188 287
4 103
83 182
185 284
35 134
148 247
157 256
110 209
46 145
40 139
179 278
44 143
21 120
82 181
90 189
134 233
31 130
125 224
105 204
30 129
156 255
51 150
80 179
35 134
41 140
130 229
182 281
7 106
173 272
100 199
19 118
190 289
39 138
73 172
110 209
74 173
29 128
125 224
45 144
115 214
124 223
93 192
141 240
19 118
69 168
31 130
85 184
184 283
9 108
92 191
108 207
161 260
114 213
116 215
8 107
53 152
18 117
107 206
27 126
22 121
67 166
53 152
3 102
194 293
105 204
119 218
136 235
63 162
74 173
99 198
74 173
95 194
96 195
162 261
58 157
100 199
126 225
127 226
46 145
39 138
42 141
107 206
164 263
164 263
12 111
153 252
158 257
130 229
55 154
178 277
13 112
70 169
60 159
46 145
18 117
163 262
90 189
186 285
159 258
91 190
186 285
13 112
187 286
2 101
97 196
166 265
193 292
94 193
18 117
15 114
44 143
24 123
91 190
191 290
43 142
64 163
25 124
64 163
16 115
188 287
57 156
167 266
99 198
92 191
154 253
121 220
6 105
113 212
110 209
35 134
52 151
197 296
71 170
71 170
98 197
122 221
97 196
58 157
119 218
195 294
149 248
11 110
155 254
181 280
6 105
183 282
68 167
155 254
75 174
58 157
98 197
193 292
150 249
147 246
120 219
22 121
2 101
68 167
22 121
46 145
164 263
107 206
70 169
100 199
177 276
0 99
145 244
107 206
91 190
124 223
126 225
127 226
111 210
149 248
101 200
193 292
159 258
78 177
22 121
186 285
32 131
157 256
77 176
76 175
182 281
73 172
47 146
134 233
54 153
34 133
156 255
79 178
180 279
196 295
58 157
70 169
53 152
67 166
61 160
126 225
0 99
20 119
33 132
149 248
99 198
4 103
179 278
83 182
53 152
49 148
145 244
75 174
196 295
29 128
152 251
15 114
28 127
195 294
12 111
31 130
6 105
58 157
2 101
14 113
83 182
28 127
6 105
42 141
61 160
189 288
179 278
36 135
105 204
15 114
47 146
133 232
96 195
28 127
8 107
6 105
11 110
19 118
75 174
69 168
56 155
161 260
179 278
66 165
130 229
18 117
34 133
9 108
118 217
154 253
59 158
112 211
62 161
50 149
188 287
112 211
186 285
20 119
46 145
166 265
107 206
80 179
110 209
160 259
14 113
43 142
159 258
69 168
181 280
83 182
186 285
30 129
138 237
49 148
47 146
93 192
195 294
156 255
14 113
133 232
73 172
122 221
192 291
132 231
11 110
55 154
104 203
148 247
178 277
113 212
158 257
5 104
194 293
22 121
155 254
133 232
76 175
111 210
86 185
71 170
17 116
49 148
173 272
189 288
115 214
144 243
125 224
74 173
10 109
102 201
119 218
150 249
115 214
69 168
56 155
104 203
102 201
28 127
147 246
116 215
9 108
141 240
105 204
88 187
16 115
90 189
115 214
145 244
91 190
115 214
169 268
40 139
22 121
76 175
81 180
155 254
97 196
188 287
78 177
164 263
19 118
23 122
1 100
105 204
101 200
42 141
112 211
118 217
166 265
186 285
145 244
142 241
90 189
139 238
29 128
140 239
56 155
109 208
37 136
86 185
103 202
131 230
9 108
52 151
156 255
92 191
91 190
144 243
81 180
87 186
156 255
21 120
13 112
52 151
86 185
156 255
193 292
188 287
58 157
169 268
76 175
53 152
138 237
72 171
158 257
79 178
154 253
50 149
116 215
53 152
195 294
158 257
39 138
103 202
74 173
151 250
81 180
33 132
113 212
161 260
95 194
185 284
95 194
168 267
165 264
101 200
112 211
136 235
184 283
79 178
149 248
137 236
93 192
166 265
9 108
13 112
24 123
180 279
95 194
133 232
129 228
131 230
89 188
50 149
68 167
49 148
40 139
19 118
143 242
141 240
142 241
166 265
194 293
60 159
136 235
177 276
92 191
182 281
157 256
45 144
72 171
27 126
178 277
136 235
78 177
161 260
194 293
89 188
65 164
120 219
149 248
38 137
149 248
143 242
145 244
138 237
98 197
151 250
121 220
182 281
25 124
168 267
139 238
123 222
66 165
42 141
1 100
146 245
89 188
126 225
16 115
164 263
109 208
187 286
64 163
128 227
94 193
5 104
187 286
113 212
96 195
167 266
123 222
81 180
49 148
73 172
115 214
15 114
148 247
3 102
118 217
24 123
116 215
131 230
102 201
185 284
112 211
126 225
189 288
83 182
191 290
29 128
102 201
64 163
163 262
71 170
197 296
61 160
80 179
94 193
0 99
26 125
21 120
122 221
57 156
20 119
25 124
16 115
14 113
135 234
75 174
85 184
158 257
1 100
40 139
74 173
99 198
106 205
35 134
116 215
153 252
144 243
30 129
151 250
126 225
196 295
56 155
58 157
34 133
32 131
110 209
112 211
25 124
125 224
173 272
26 125
173 272
31 130
190 289
57 156
111 210
169 268
192 291
60 159
35 134
171 270
131 230
57 156
188 287
23 122
18 117
142 241
128 227
194 293
193 292
15 114
108 207
25 124
101 200
26 125
5 104
98 197
97 196
144 243
159 258
98 197
34 133
168 267
71 170
40 139
40 139
157 256
70 169
22 121
162 261
137 236
130 229
171 270
197 296
1 100
20 119
39 138
14 113
176 275
78 177
124 223
174 273
126 225
167 266
83 182
140 239
144 243
52 151
110 209
59 158
9 108
18 117
84 183
155 254
65 164
36 135
97 196
7 106
61 160
174 273
111 210
52 151
77 176
76 175
151 250
56 155
70 169
106 205
120 219
185 284
56 155
136 235
171 270
27 126
40 139
36 135
180 279
92 191
74 173
51 150
50 149
162 261
72 171
95 194
39 138
80 179
100 199
174 273
97 196
155 254
130 229
102 201
113 212
64 163
165 264
158 257
57 156
124 223
116 215
84 183
58 157
195 294
159 258
189 288
124 223
33 132
3 102
164 263
168 267
43 142
62 161
19 118
34 133
22 121
178 277
183 282
160 259
184 283
147 246
39 138
55 154
156 255
95 194
112 211
40 139
138 237
138 237
150 249
169 268
75 174
102 201
25 124
121 220
177 276
86 185
149 248
136 235
90 189
108 207
197 296
2 101
79 178
83 182
172 271
44 143
88 187
156 255
170 269
136 235
11 110
18 117
190 289
158 257
76 175
102 201
131 230
149 248
65 164
47 146
88 187
50 149
5 104
93 192
41 140
108 207
56 155
74 173
38 137
165 264
18 117
0 99
162 261
86 185
193 292
113 212
52 151
125 224
161 260
82 181
159 258
130 229
164 263
169 268
2 101
165 264
108 207
19 118
166 265
181 280
187 286
66 165
100 199
175 274
138 237
151 250
181 280
128 227
61 160
61 160
59 158
23 122
185 284
118 217
34 133
174 273
28 127
120 219
4 103
153 252
151 250
193 292
72 171
89 188
132 231
109 208
20 119
191 290
133 232
163 262
195 294
105 204
77 176
152 251
165 264
64 163
106 205
40 139
46 145
69 168
17 116
54 153
170 269
162 261
96 195
157 256
76 175
92 191
169 268
187 286
169 268
138 237
89 188
110 209
31 130
61 160
138 237
135 234
54 153
46 145
183 282
124 223
15 114
19 118
154 253
142 241
158 257
188 287
129 228
60 159
66 165
39 138
194 293
137 236
184 283
128 227
189 288
154 253
160 259
24 123
81 180
74 173
60 159
179 278
197 296
84 183
137 236
100 199
117 216
183 282
142 241
75 174
139 238
47 146
182 281
167 266
143 242
165 264
106 205
60 159
157 256
100 199
32 131
131 230
33 132
74 173
127 226
79 178
106 205
15 114
50 149
113 212
182 281
158 257
53 152
25 124
17 116
197 296
55 154
192 291
118 217
46 145
31 130
171 270
5 104
67 166
27 126
72 171
116 215
4 103
89 188
54 153
18 117
30 129
157 256
130 229
180 279
94 193
97 196
21 120
124 223
180 279
53 152
159 258
100 199
69 168
120 219
31 130
57 156
5 104
111 210
1 100
191 290
30 129
70 169
165 264
114 213
116 215
127 226
144 243
55 154
186 285
77 176
106 205
160 259
35 134
186 285
171 270
19 118
132 231
154 253
1 100
175 274
98 197
183 282
70 169
144 243
112 211
16 115
29 128
184 283
46 145
110 209
94 193
105 204
5 104
179 278
56 155
164 263
195 294
0 99
135 234
193 292
5 104
32 131
65 164
156 255
189 288
7 106
47 146
29 128
97 196
25 124
61 160
68 167
130 229
132 231
41 140
48 147
170 269
91 190
182 281
115 214
47 146
57 156
24 123
60 159
174 273
195 294
127 226
176 275
196 295
88 187
163 262
170 269
65 164
28 127
94 193
84 183
185 284
53 152
137 236
144 243
79 178
3 102
127 226
1 100
159 258
29 128
32 131
48 147
188 287
130 229
113 212
32 131
96 195
29 128
17 116
127 226
72 171
129 228
104 203
140 239
92 191
52 151
96 195
187 286
187 286
14 113
117 216
180 279
32 131
96 195
141 240
129 228
14 113
7 106
134 233
130 229
11 110
19 118
22 121
101 200
63 162
24 123
124 223
65 164
136 235
89 188
41 140
148 247
77 176
184 283
69 168
164 263
30 129
83 182
14 113
26 125
169 268
153 252
131 230
90 189
85 184
121 220
127 226
171 270
3 102
190 289
28 127
31 130
157 256
184 283
56 155
131 230
82 181
3 102
30 129
125 224
32 131
130 229
184 283
158 257
182 281
155 254
47 146
68 167
2 101
130 229
117 216
103 202
118 217
23 122
97 196
197 296
147 246
80 179
36 135
18 117
17 116
95 194
139 238
180 279
168 267
197 296
131 230
85 184
172 271
16 115
108 207
191 290
35 134
108 207
5 104
54 153
171 270
60 159
50 149
31 130
192 291
5 104
162 261
186 285
103 202
139 238
118 217
126 225
43 142
106 205
58 157
73 172
122 221
80 179
84 183
195 294
101 200
172 271
140 239
105 204
13 112
21 120
154 253
114 213
138 237
68 167
42 141
135 234
33 132
58 157
124 223
23 122
172 271
78 177
54 153
128 227
94 193
27 126
61 160
26 125
77 176
171 270
19 118
0 99
68 167
175 274
37 136
30 129
197 296
127 226
109 208
124 223
96 195
27 126
185 284
26 125
21 120
133 232
110 209
38 137
123 222
4 103
107 206
57 156
27 126
195 294
179 278
27 126
24 123
23 122
80 179
41 140
120 219
175 274
116 215
102 201
55 154
174 273
48 147
68 167
48 147
186 285
178 277
172 271
137 236
94 193
8 107
101 200
162 261
24 123
79 178
102 201
48 147
168 267
165 264
93 192
53 152
63 162
84 183
186 285
162 261
34 133
189 288
113 212
144 243
169 268
176 275
70 169
140 239
29 128
163 262
28 127
43 142
144 243
194 293
158 257
7 106
31 130
78 177
48 147
11 110
168 267
76 175
45 144
87 186
27 126
28 127
94 193
111 210
125 224
22 121
177 276
156 255
139 238
156 255
60 159
83 182
79 178
147 246
188 287
71 170
51 150
159 258
95 194
129 228
12 111
46 145
197 296
69 168
197 296
34 133
135 234
18 117
111 210
152 251
156 255
135 234
18 117
119 218
134 233
188 287
158 257
188 287
148 247
50 149
190 289
136 235
11 110
27 126
7 106
106 205
106 205
69 168
25 124
171 270
104 203
89 188
182 281
4 103
21 120
36 135
20 119
173 272
60 159
81 180
42 141
197 296
160 259
126 225
196 295
107 206
140 239
76 175
93 192
132 231
52 151
149 248
38 137
148 247
125 224
60 159
59 158
5 104
3 102
14 113
87 186
105 204
150 249
106 205
75 174
17 116
63 162
150 249
78 177
133 232
188 287
114 213
179 278
55 154
130 229
39 138
44 143
195 294
172 271
109 208
159 258
96 195
31 130
58 157
86 185
136 235
186 285
109 208
48 147
0 99
157 256
192 291
49 148
124 223
191 290
35 134
81 180
55 154
79 178
139 238
125 224
62 161
144 243
102 201
188 287
105 204
23 122
32 131
58 157
109 208
103 202
26 125
109 208
71 170
112 211
168 267
101 200
64 163
193 292
78 177
69 168
76 175
127 226
13 112
158 257
159 258
101 200
157 256
91 190
187 286
54 153
80 179
91 190
117 216
15 114
153 252
69 168
51 150
36 135
157 256
138 237
77 176
8 107
52 151
29 128
150 249
120 219
108 207
73 172
139 238
3 102
59 158
173 272
53 152
183 282
12 111
33 132
157 256
167 266
185 284
103 202
189 288
43 142
120 219
11 110
160 259
106 205
134 233
63 162
189 288
54 153
84 183
67 166
165 264
94 193
114 213
1 100
137 236
179 278
60 159
135 234
100 199
162 261
94 193
87 186
83 182
152 251
143 242
120 219
79 178
121 220
30 129
10 109
119 218
186 285
110 209
177 276
32 131
54 153
123 222
58 157
22 121
197 296
28 127
161 260
78 177
53 152
111 210
171 270
42 141
41 140
157 256
49 148
10 109
190 289
150 249
42 141
47 146
122 221
109 208
121 220
117 216
130 229
48 147
55 154
140 239
149 248
96 195
80 179
154 253
17 116
62 161
21 120
82 181
197 296
109 208
132 231
102 201
180 279
160 259
125 224
182 281
80 179
159 258
44 143
185 284
59 158
165 264
75 174
140 239
128 227
66 165
170 269
118 217
86 185
188 287
40 139
172 271
118 217
173 272
175 274
83 182
136 235
191 290
151 250
168 267
1 100
58 157
72 171
58 157
106 205
41 140
21 120
20 119
139 238
194 293
81 180
174 273
2 101
35 134
8 107
47 146
82 181
131 230
58 157
171 270
158 257
186 285
57 156
169 268
74 173
77 176
61 160
196 295
167 266
10 109
131 230
116 215
1 100
189 288
42 141
30 129
134 233
110 209
68 167
147 246
166 265
78 177
194 293
196 295
185 284
65 164
37 136
20 119
165 264
63 162
99 198
125 224
167 266
130 229
107 206
149 248
129 228
41 140
154 253
137 236
194 293
106 205
197 296
103 202
48 147
196 295
44 143
22 121
117 216
21 120
154 253
114 213
142 241
74 173
181 280
7 106
52 151
119 218
182 281
125 224
154 253
86 185
37 136
20 119
68 167
71 170
75 174
65 164
150 249
18 117
129 228
147 246
101 200
109 208
54 153
157 256
101 200
77 176
65 164
50 149
71 170
77 176
148 247
69 168
0 99
188 287
7 106
49 148
139 238
47 146
159 258
66 165
188 287
176 275
4 103
86 185
75 174
130 229
154 253
136 235
57 156
168 267
128 227
109 208
131 230
179 278
5 104
168 267
129 228
153 252
89 188
0 99
82 181
84 183
52 151
184 283
89 188
122 221
153 252
36 135
182 281
162 261
175 274
125 224
193 292
106 205
21 120
43 142
121 220
23 122
38 137
111 210
169 268
159 258
66 165
78 177
171 270
106 205
96 195
76 175
101 200
195 294
57 156
166 265
8 107
137 236
158 257
177 276
25 124
160 259
128 227
180 279
35 134
108 207
187 286
46 145
141 240
146 245
87 186
60 159
93 192
193 292
126 225
129 228
175 274
129 228
193 292
135 234
178 277
105 204
62 161
85 184
55 154
6 105
92 191
12 111
145 244
126 225
194 293
93 192
158 257
105 204
82 181
126 225
40 139
34 133
91 190
56 155
196 295
44 143
121 220
24 123
28 127
159 258
149 248
44 143
151 250
77 176
72 171
98 197
101 200
116 215
164 263
87 186
184 283
167 266
144 243
87 186
80 179
23 122
11 110
192 291
166 265
121 220
192 291
35 134
46 145
47 146
67 166
140 239
7 106
42 141
20 119
137 236
79 178
191 290
154 253
14 113
191 290
140 239
153 252
95 194
122 221
99 198
35 134
166 265
76 175
70 169
69 168
4 103
142 241
78 177
131 230
196 295
26 125
115 214
40 139
86 185
25 124
52 151
135 234
5 104
53 152
156 255
28 127
66 165
145 244
51 150
64 163
188 287
80 179
165 264
11 110
187 286
98 197
127 226
69 168
17 116
17 116
175 274
85 184
88 187
72 171
49 148
122 221
196 295
107 206
131 230
44 143
15 114
174 273
58 157
114 213
195 294
158 257
183 282
109 208
185 284
94 193
110 209
196 295
39 138
73 172
144 243
69 168
102 201
147 246
50 149
184 283
151 250
166 265
70 169
94 193
27 126
38 137
125 224
158 257
116 215
68 167
133 232
118 217
185 284
146 245
75 174
79 178
86 185
13 112
35 134
99 198
169 268
194 293
72 171
188 287
182 281
139 238
18 117
119 218
103 202
15 114
23 122
160 259
105 204
153 252
196 295
24 123
49 148
14 113
183 282
56 155
28 127
168 267
21 120
107 206
92 191
28 127
35 134
70 169
175 274
59 158
174 273
188 287
175 274
48 147
150 249
141 240
25 124
153 252
124 223
88 187
172 271
169 268
39 138
66 165
63 162
162 261
6 105
155 254
179 278
59 158
20 119
15 114
93 192
172 271
152 251
91 190
142 241
4 103
137 236
190 289
94 193
195 294
158 257
125 224
172 271
194 293
119 218
27 126
48 147
172 271
35 134
171 270
34 133
69 168
148 247
1 100
130 229
107 206
134 233
177 276
142 241
138 237
105 204
51 150
195 294
171 270
26 125
56 155
129 228
127 226
190 289
77 176
29 128
59 158
10 109
54 153
137 236
172 271
64 163
164 263
192 291
132 231
32 131
125 224
10 109
187 286
142 241
84 183
98 197
90 189
136 235
188 287
37 136
31 130
49 148
9 108
33 132
58 157
38 137
154 253
129 228
6 105
163 262
110 209
168 267
22 121
77 176
70 169
12 111
43 142
62 161
25 124
62 161
184 283
12 111
175 274
100 199
157 256
94 193
180 279
154 253
3 102
3 102
35 134
30 129
173 272
137 236
159 258
102 201
15 114
77 176
11 110
119 218
99 198
64 163
115 214
96 195
160 259
159 258
31 130
74 173
174 273
76 175
18 117
100 199
118 217
103 202
80 179
140 239
130 229
23 122
141 240
100 199
121 220
189 288
90 189
43 142
46 145
143 242
81 180
133 232
183 282
182 281
192 291
164 263
10 109
40 139
135 234
19 118
161 260
170 269
120 219
172 271
90 189
78 177
27 126
155 254
139 238
68 167
50 149
31 130
87 186
22 121
21 120
110 209
195 294
19 118
122 221
38 137
142 241
41 140
11 110
87 186
181 280
195 294
126 225
91 190
58 157
193 292
71 170
131 230
1 100
171 270
136 235
197 296
151 250
99 198
23 122
6 105
40 139
150 249
189 288
194 293
123 222
135 234
101 200
119 218
21 120
193 292
128 227
147 246
58 157
27 126
41 140
46 145
155 254
93 192
93 192
9 108
145 244
30 129
149 248
24 123
70 169
184 283
147 246
59 158
159 258
27 126
116 215
193 292
164 263
6 105
75 174
183 282
63 162
34 133
98 197
47 146
168 267
13 112
195 294
184 283
70 169
39 138
68 167
190 289
145 244
34 133
68 167
183 282
29 128
95 194
189 288
82 181
108 207
7 106
21 120
159 258
132 231
136 235
61 160
1 100
92 191
181 280
189 288
162 261
51 150
147 246
187 286
60 159
97 196
21 120
114 213
68 167
29 128
111 210
120 219
196 295
168 267
157 256
99 198
147 246
14 113
113 212
180 279
9 108
166 265
8 107
170 269
180 279
162 261
34 133
182 281
116 215
195 294
27 126
103 202
95 194
3 102
73 172
49 148
41 140
148 247
166 265
123 222
131 230
126 225
45 144
143 242
124 223
166 265
79 178
40 139
146 245
194 293
175 274
92 191
92 191
82 181
28 127
16 115
105 204
145 244
28 127
22 121
123 222
82 181
29 128
29 128
79 178
125 224
21 120
91 190
181 280
93 192
108 207
172 271
152 251
16 115
22 121
120 219
141 240
79 178
28 127
177 276
122 221
170 269
151 250
161 260
159 258
157 256
61 160
79 178
58 157
87 186
179 278
76 175
151 250
83 182
151 250
32 131
51 150
192 291
68 167
93 192
61 160
124 223
87 186
80 179
16 115
106 205
31 130
149 248
77 176
53 152
185 284
61 160
132 231
105 204
6 105
192 291
153 252
76 175
107 206
58 157
119 218
104 203
164 263
158 257
170 269
52 151
34 133
34 133
105 204
35 134
112 211
116 215
34 133
21 120
148 247
27 126
13 112
43 142
1 100
66 165
47 146
17 116
116 215
5 104
111 210
19 118
106 205
178 277
100 199
51 150
195 294
44 143
98 197
39 138
103 202
166 265
36 135
6 105
25 124
23 122
29 128
57 156
12 111
81 180
53 152
139 238
22 121
196 295
22 121
13 112
31 130
75 174
77 176
80 179
112 211
129 228
94 193
192 291
109 208
75 174
145 244
190 289
184 283
104 203
101 200
172 271
78 177
50 149
38 137
4 103
10 109
18 117
118 217
76 175
155 254
21 120
35 134
165 264
14 113
139 238
58 157
27 126
44 143
44 143
12 111
53 152
174 273
196 295
129 228
192 291
49 148
150 249
67 166
133 232
176 275
4;156504
88 187
18 117
73 172
99 198
33 132
19 118
162 261
47 146
43 142
105 204
25 124
141 240
22 121
107 206
5 104
70 169
7 106
156 255
169 268
66 165
100 199
134 233
90 189
59 158
166 265
121 220
97 196
175 274
86 185
178 277
28 127
21 120
24 123
105 204
129 228
66 165
20 119
108 207
87 186
162 261
94 193
175 274
188 287
154 253
133 232
46 145
99 198
29 128
176 275
37 136
32 131
196 295
22 121
148 247
89 188
63 162
78 177
128 227
53 152
10 109
113 212
94 193
14 113
82 181
175 274
27 126
19 118
80 179
168 267
17 116
144 243
43 142
67 166
19 118
80 179
156 255
154 253
113 212
156 255
72 171
24 123
176 275
196 295
104 203
178 277
191 290
81 180
184 283
96 195
11 110
24 123
169 268
136 235
137 236
169 268
70 169
73 172
166 265
55 154
130 229
78 177
23 122
134 233
67 166
168 267
195 294
148 247
111 210
62 161
19 118
81 180
45 144
181 280
186 285
92 191
156 255
102 201
61 160
162 261
162 261
145 244
101 200
94 193
108 207
180 279
58 157
76 175
127 226
135 234
57 156
158 257
4 103
54 153
57 156
72 171
49 148
44 143
132 231
26 125
116 215
84 183
196 295
101 200
186 285
157 256
85 184
134 233
181 280
57 156
92 191
36 135
168 267
0 99
27 126
97 196
26 125
132 231
9 108
137 236
163 262
167 266
106 205
33 132
18 117
150 249
163 262
13 112
178 277
44 143
133 232
30 129
172 271
80 179
1 100
163 262
134 233
72 171
123 222
42 141
152 251
138 237
80 179
190 289
41 140
181 280
119 218
31 130
148 247
88 187
45 144
123 222
90 189
51 150
178 277
97 196
67 166
92 191
66 165
18 117
117 216
39 138
39 138
96 195
18 117
39 138
72 171
84 183
41 140
126 225
188 287
109 208
36 135
142 241
73 172
65 164
111 210
5 104
128 227
129 228
130 229
144 243
86 185
7 106
17 116
174 273
62 161
151 250
139 238
7 106
57 156
167 266
191 290
114 213
42 141
91 190
68 167
86 185
16 115
170 269
54 153
34 133
27 126
95 194
29 128
128 227
52 151
101 200
45 144
126 225
60 159
136 235
22 121
116 215
12 111
156 255
23 122
1 100
81 180
22 121
41 140
142 241
121 220
177 276
180 279
193 292
37 136
143 242
197 296
70 169
127 226
141 240
173 272
115 214
23 122
40 139
23 122
6 105
97 196
82 181
128 227
11 110
189 288
165 264
85 184
130 229
19 118
151 250
152 251
8 107
21 120
35 134
141 240
13 112
48 147
91 190
62 161
179 278
175 274
97 196
93 192
4 103
46 145
163 262
8 107
24 123
160 259
64 163
11 110
105 204
56 155
65 164
70 169
54 153
64 163
61 160
55 154
9 108
170 269
61 160
186 285
135 234
30 129
192 291
179 278
19 118
65 164
191 290
29 128
167 266
155 254
178 277
117 216
105 204
76 175
3 102
9 108
160 259
62 161
186 285
113 212
111 210
76 175
29 128
17 116
44 143
102 201
87 186
152 251
146 245
144 243
4 103
5 104
83 182
146 245
150 249
102 201
109 208
100 199
145 244
122 221
47 146
165 264
91 190
48 147
57 156
36 135
13 112
24 123
22 121
26 125
50 149
174 273
175 274
175 274
113 212
109 208
52 151
88 187
36 135
116 215
179 278
186 285
32 131
36 135
38 137
146 245
20 119
180 279
46 145
50 149
74 173
26 125
106 205
35 134
10 109
81 180
99 198
134 233
171 270
97 196
59 158
126 225
150 249
130 229
53 152
51 150
76 175
93 192
80 179
28 127
44 143
116 215
163 262
22 121
11 110
135 234
23 122
99 198
32 131
57 156
82 181
175 274
94 193
44 143
154 253
14 113
14 113
167 266
9 108
149 248
137 236
14 113
51 150
166 265
107 206
155 254
56 155
193 292
70 169
1 100
7 106
14 113
136 235
53 152
135 234
54 153
122 221
167 266
9 108
183 282
29 128
10 109
18 117
171 270
8 107
71 170
136 235
131 230
37 136
72 171
166 265
184 283
101 200
139 238
119 218
21 120
197 296
61 160
19 118
102 201
64 163
65 164
92 191
148 247
148 247
79 178
86 185
20 119
49 148
99 198
47 146
48 147
49 148
6 105
66 165
2 101
86 185
196 295
55 154
152 251
157 256
108 207
4 103
60 159
23 122
92 191
169 268
95 194
85 184
29 128
57 156
23 122
40 139
61 160
91 190
132 231
20 119
93 192
138 237
105 204
27 126
44 143
48 147
64 163
50 149
10 109
182 281
80 179
24 123
146 245
108 207
90 189
111 210
80 179
148 247
168 267
56 155
114 213
76 175
21 120
49 148
36 135
72 171
68 167
157 256
150 249
148 247
23 122
163 262
184 283
69 168
22 121
162 261
8 107
150 249
85 184
64 163
179 278
165 264
7 106
189 288
176 275
130 229
188 287
116 215
82 181
16 115
188 287
59 158
193 292
38 137
188 287
84 183
76 175
87 186
190 289
160 259
20 119
55 154
138 237
131 230
0 99
87 186
63 162
7 106
78 177
33 132
101 200
43 142
189 288
16 115
2 101
137 236
93 192
170 269
165 264
72 171
143 242
87 186
143 242
43 142
30 129
129 228
164 263
42 141
104 203
36 135
67 166
131 230
43 142
108 207
181 280
37 136
74 173
14 113
21 120
181 280
79 178
18 117
61 160
184 283
195 294
120 219
129 228
134 233
15 114
98 197
165 264
157 256
5 104
27 126
97 196
94 193
60 159
170 269
158 257
134 233
111 210
182 281
26 125
127 226
124 223
73 172
137 236
116 215
49 148
1 100
177 276
190 289
165 264
70 169
166 265
5 104
182 281
177 276
103 202
96 195
152 251
98 197
42 141
150 249
97 196
9 108
108 207
111 210
97 196
55 154
22 121
35 134
14 113
10 109
154 253
187 286
86 185
176 275
197 296
57 156
94 193
77 176
158 257
188 287
193 292
73 172
146 245
59 158
126 225
14 113
58 157
35 134
157 256
182 281
161 260
18 117
18 117
79 178
24 123
36 135
72 171
195 294
151 250
195 294
181 280
55 154
48 147
85 184
176 275
61 160
103 202
9 108
45 144
145 244
111 210
72 171
91 190
13 112
34 133
15 114
186 285
0 99
151 250
139 238
188 287
78 177
176 275
110 209
71 170
170 269
20 119
56 155
65 164
173 272
194 293
73 172
80 179
29 128
161 260
36 135
145 244
122 221
166 265
161 260
50 149
98 197
155 254
49 148
173 272
175 274
123 222
86 185
100 199
194 293
98 197
10 109
149 248
193 292
128 227
74 173
125 224
159 258
69 168
177 276
76 175
35 134
88 187
138 237
49 148
28 127
8 107
145 244
66 165
67 166
105 204
51 150
20 119
105 204
146 245
127 226
30 129
46 145
27 126
127 226
196 295
105 204
176 275
22 121
124 223
186 285
130 229
126 225
58 157
50 149
87 186
187 286
71 170
169 268
109 208
98 197
103 202
101 200
156 255
33 132
42 141
48 147
21 120
64 163
4 103
49 148
124 223
39 138
15 114
133 232
26 125
159 258
43 142
55 154
85 184
78 177
165 264
55 154
76 175
72 171
107 206
16 115
117 216
16 115
105 204
23 122
35 134
58 157
169 268
21 120
99 198
42 141
24 123
155 254
6 105
153 252
85 184
134 233
109 208
168 267
187 286
20 119
16 115
146 245
0 99
41 140
191 290
3 102
42 141
141 240
35 134
17 116
76 175
17 116
32 131
22 121
24 123
134 233
40 139
139 238
146 245
170 269
42 141
58 157
49 148
121 220
93 192
159 258
132 231
54 153
44 143
41 140
172 271
101 200
75 174
84 183
98 197
197 296
132 231
197 296
83 182
59 158
77 176
92 191
107 206
85 184
156 255
67 166
121 220
77 176
56 155
32 131
193 292
56 155
156 255
8 107
67 166
23 122
75 174
105 204
58 157
39 138
97 196
167 266
119 218
28 127
100 199
114 213
40 139
46 145
40 139
40 139
112 211
148 247
176 275
112 211
51 150
111 210
59 158
114 213
7 106
145 244
22 121
179 278
41 140
168 267
154 253
55 154
122 221
8 107
47 146
118 217
6 105
129 228
117 216
38 137
193 292
78 177
164 263
185 284
101 200
21 120
63 162
61 160
99 198
2 101
41 140
13 112
81 180
9 108
39 138
74 173
196 295
121 220
122 221
77 176
19 118
82 181
105 204
85 184
153 252
100 199
125 224
84 183
86 185
68 167
103 202
130 229
17 116
7 106
33 132
2 101
91 190
108 207
160 259
120 219
94 193
157 256
30 129
177 276
177 276
21 120
153 252
156 255
93 192
42 141
130 229
186 285
29 128
100 199
13 112
25 124
27 126
18 117
169 268
58 157
116 215
45 144
57 156
43 142
158 257
104 203
11 110
23 122
175 274
4 103
45 144
111 210
187 286
130 229
117 216
180 279
0 99
109 208
108 207
23 122
82 181
128 227
83 182
73 172
76 175
150 249
82 181
9 108
134 233
121 220
112 211
6 105
122 221
137 236
67 166
177 276
49 148
21 120
9 108
146 245
179 278
20 119
98 197
156 255
172 271
38 137
190 289
191 290
46 145
78 177
119 218
39 138
142 241
167 266
8 107
171 270
34 133
158 257
94 193
162 261
99 198
105 204
179 278
162 261
178 277
22 121
33 132
52 151
20 119
150 249
44 143
161 260
68 167
197 296
196 295
192 291
181 280
194 293
186 285
83 182
165 264
69 168
123 222
89 188
94 193
109 208
0 99
86 185
131 230
42 141
110 209
55 154
44 143
50 149
124 223
187 286
104 203
168 267
102 201
21 120
108 207
133 232
40 139
127 226
79 178
158 257
135 234
17 116
24 123
18 117
130 229
134 233
167 266
66 165
194 293
133 232
45 144
157 256
196 295
113 212
39 138
166 265
7 106
147 246
167 266
72 171
175 274
159 258
94 193
160 259
126 225
34 133
67 166
32 131
190 289
141 240
78 177
6 105
125 224
76 175
15 114
1 100
9 108
48 147
167 266
34 133
141 240
112 211
187 286
15 114
61 160
186 285
92 191
108 207
147 246
100 199
150 249
113 212
145 244
181 280
127 226
88 187
166 265
143 242
70 169
87 186
168 267
40 139
58 157
0 99
40 139
79 178
129 228
184 283
90 189
2 101
170 269
170 269
104 203
151 250
98 197
25 124
23 122
74 173
156 255
66 165
74 173
197 296
137 236
2 101
94 193
81 180
159 258
48 147
5 104
64 163
87 186
30 129
158 257
85 184
126 225
57 156
190 289
39 138
151 250
150 249
66 165
9 108
98 197
58 157
53 152
91 190
161 260
143 242
11 110
28 127
68 167
59 158
46 145
47 146
94 193
129 228
158 257
84 183
110 209
130 229
71 170
157 256
84 183
171 270
155 254
123 222
147 246
4 103
33 132
129 228
102 201
52 151
92 191
108 207
48 147
158 257
101 200
64 163
14 113
1 100
69 168
190 289
37 136
30 129
25 124
62 161
83 182
185 284
98 197
155 254
52 151
86 185
104 203
16 115
120 219
92 191
123 222
48 147
170 269
76 175
134 233
182 281
131 230
74 173
190 289
84 183
49 148
111 210
7 106
35 134
67 166
26 125
68 167
52 151
164 263
96 195
186 285
163 262
126 225
36 135
81 180
55 154
134 233
22 121
164 263
171 270
110 209
96 195
57 156
117 216
72 171
107 206
74 173
109 208
27 126
3 102
153 252
30 129
88 187
53 152
182 281
117 216
12 111
98 197
7 106
55 154
163 262
87 186
22 121
119 218
105 204
67 166
169 268
116 215
116 215
181 280
99 198
124 223
64 163
153 252
24 123
174 273
100 199
17 116
71 170
5 104
108 207
12 111
143 242
37 136
20 119
80 179
57 156
46 145
151 250
112 211
184 283
114 213
77 176
39 138
93 192
151 250
187 286
6 105
38 137
131 230
7 106
178 277
98 197
54 153
171 270
40 139
37 136
129 228
127 226
6 105
51 150
1 100
107 206
57 156
10 109
65 164
27 126
181 280
111 210
88 187
41 140
101 200
48 147
106 205
78 177
160 259
156 255
124 223
188 287
116 215
153 252
119 218
108 207
152 251
131 230
85 184
82 181
128 227
129 228
160 259
127 226
98 197
192 291
18 117
61 160
17 116
193 292
86 185
85 184
159 258
195 294
191 290
102 201
68 167
61 160
181 280
51 150
76 175
127 226
25 124
58 157
3 102
21 120
138 237
101 200
78 177
92 191
163 262
91 190
46 145
140 239
112 211
16 115
47 146
149 248
76 175
66 165
143 242
62 161
85 184
40 139
33 132
33 132
134 233
70 169
154 253
53 152
176 275
140 239
96 195
77 176
136 235
115 214
119 218
46 145
18 117
193 292
152 251
47 146
190 289
40 139
191 290
47 146
185 284
58 157
37 136
46 145
28 127
133 232
147 246
44 143
109 208
92 191
102 201
50 149
154 253
69 168
189 288
76 175
120 219
34 133
175 274
1 100
51 150
118 217
111 210
90 189
5 104
177 276
122 221
6 105
116 215
61 160
81 180
182 281
194 293
51 150
69 168
62 161
179 278
89 188
178 277
45 144
179 278
163 262
60 159
185 284
137 236
33 132
42 141
182 281
166 265
157 256
34 133
186 285
44 143
186 285
186 285
140 239
33 132
56 155
67 166
145 244
183 282
121 220
146 245
10 109
109 208
176 275
101 200
107 206
120 219
141 240
73 172
162 261
113 212
55 154
157 256
43 142
113 212
108 207
2 101
194 293
104 203
46 145
4 103
167 266
13 112
110 209
162 261
156 255
197 296
10 109
0 99
156 255
174 273
177 276
178 277
127 226
28 127
162 261
49 148
153 252
40 139
90 189
36 135
18 117
168 267
54 153
57 156
159 258
133 232
183 282
175 274
59 158
194 293
137 236
94 193
54 153
74 173
142 241
72 171
140 239
82 181
97 196
105 204
173 272
75 174
143 242
72 171
166 265
69 168
80 179
159 258
186 285
143 242
112 211
154 253
83 182
177 276
5 104
115 214
115 214
1 100
56 155
155 254
21 120
38 137
128 227
81 180
119 218
15 114
157 256
70 169
192 291
197 296
147 246
132 231
157 256
85 184
122 221
131 230
35 134
41 140
181 280
50 149
76 175
108 207
28 127
6 105
96 195
176 275
185 284
46 145
111 210
72 171
11 110
19 118
114 213
82 181
166 265
129 228
77 176
180 279
22 121
69 168
115 214
114 213
132 231
57 156
196 295
79 178
28 127
169 268
126 225
16 115
19 118
78 177
140 239
161 260
111 210
102 201
184 283
85 184
32 131
130 229
182 281
26 125
61 160
2 101
41 140
150 249
10 109
17 116
193 292
162 261
17 116
3 102
100 199
46 145
187 286
128 227
127 226
69 168
183 282
148 247
12 111
167 266
154 253
180 279
52 151
111 210
152 251
34 133
113 212
5 104
29 128
2 101
170 269
175 274
100 199
184 283
101 200
188 287
86 185
61 160
2 101
4 103
26 125
104 203
67 166
77 176
34 133
19 118
52 151
177 276
9 108
120 219
152 251
8 107
196 295
14 113
77 176
19 118
48 147
26 125
43 142
114 213
133 232
3 102
183 282
3 102
120 219
16 115
138 237
189 288
45 144
125 224
54 153
172 271
104 203
191 290
84 183
142 241
178 277
54 153
24 123
197 296
63 162
56 155
104 203
123 222
76 175
84 183
4 103
68 167
186 285
86 185
105 204
45 144
184 283
103 202
104 203
135 234
184 283
141 240
185 284
100 199
16 115
157 256
138 237
77 176
161 260
118 217
92 191
121 220
117 216
66 165
124 223
30 129
117 216
10 109
37 136
34 133
113 212
150 249
149 248
166 265
37 136
90 189
28 127
194 293
154 253
77 176
68 167
191 290
164 263
79 178
82 181
108 207
124 223
171 270
118 217
128 227
95 194
80 179
166 265
194 293
67 166
25 124
190 289
6 105
191 290
184 283
170 269
65 164
183 282
104 203
68 167
17 116
133 232
193 292
47 146
115 214
134 233
171 270
59 158
9 108
163 262
94 193
188 287
170 269
33 132
30 129
6 105
17 116
82 181
53 152
31 130
46 145
176 275
15 114
28 127
193 292
63 162
193 292
183 282
146 245
87 186
48 147
172 271
142 241
19 118
177 276
185 284
3 102
141 240
144 243
153 252
82 181
80 179
189 288
101 200
10 109
167 266
175 274
72 171
45 144
86 185
22 121
161 260
109 208
70 169
75 174
172 271
133 232
7 106
44 143
17 116
115 214
164 263
9 108
148 247
34 133
148 247
10 109
129 228
84 183
106 205
144 243
145 244
72 171
73 172
137 236
57 156
25 124
67 166
174 273
120 219
86 185
130 229
37 136
154 253
116 215
67 166
155 254
19 118
72 171
141 240
63 162
14 113
124 223
35 134
86 185
20 119
84 183
41 140
185 284
0 99
12 111
43 142
191 290
148 247
71 170
36 135
18 117
17 116
24 123
163 262
90 189
167 266
147 246
28 127
157 256
140 239
26 125
2 101
50 149
29 128
105 204
79 178
137 236
126 225
96 195
163 262
26 125
58 157
99 198
184 283
197 296
64 163
148 247
150 249
148 247
94 193
136 235
71 170
125 224
31 130
8 107
9 108
40 139
185 284
1 100
125 224
81 180
189 288
179 278
156 255
74 173
89 188
48 147
177 276
35 134
42 141
122 221
46 145
15 114
18 117
24 123
104 203
193 292
84 183
5 104
161 260
51 150
145 244
62 161
188 287
24 123
18 117
131 230
109 208
183 282
82 181
184 283
96 195
42 141
23 122
37 136
73 172
1 100
179 278
51 150
39 138
176 275
146 245
28 127
31 130
126 225
160 259
191 290
69 168
71 170
144 243
72 171
37 136
148 247
8 107
84 183
48 147
58 157
189 288
41 140
39 138
195 294
172 271
43 142
61 160
37 136
142 241
115 214
16 115
85 184
109 208
184 283
22 121
67 166
29 128
98 197
59 158
55 154
40 139
18 117
101 200
41 140
50 149
184 283
169 268
14 113
102 201
9 108
117 216
52 151
1 100
42 141
88 187
89 188
32 131
113 212
159 258
193 292
162 261
18 117
151 250
133 232
147 246
31 130
53 152
13 112
11 110
79 178
168 267
122 221
123 222
184 283
92 191
88 187
162 261
136 235
46 145
109 208
80 179
46 145
88 187
188 287
12 111
78 177
32 131
51 150
185 284
168 267
72 171
93 192
180 279
177 276
165 264
121 220
113 212
125 224
186 285
32 131
175 274
17 116
130 229
171 270
85 184
39 138
29 128
113 212
56 155
114 213
107 206
128 227
130 229
138 237
128 227
42 141
15 114
187 286
88 187
123 222
37 136
58 157
39 138
40 139
136 235
121 220
46 145
21 120
142 241
133 232
153 252
119 218
186 285
61 160
190 289
95 194
33 132
168 267
27 126
6 105
126 225
2 101
98 197
195 294
176 275
20 119
133 232
110 209
125 224
12 111
33 132
80 179
82 181
0 99
66 165
129 228
184 283
1 100
33 132
190 289
137 236
39 138
61 160
25 124
53 152
121 220
115 214
72 171
76 175
186 285
183 282
127 226
77 176
11 110
196 295
79 178
148 247
180 279
15 114
81 180
136 235
17 116
154 253
69 168
98 197
97 196
26 125
17 116
184 283
83 182
155 254
119 218
191 290
89 188
175 274
99 198
11 110
63 162
64 163
63 162
158 257
46 145
177 276
160 259
5 104
15 114
127 226
184 283
196 295
6 105
46 145
30 129
49 148
78 177
161 260
172 271
73 172
165 264
185 284
150 249
168 267
131 230
86 185
188 287
9 108
14 113
182 281
122 221
71 170
91 190
172 271
9 108
63 162
9 108
169 268
122 221
139 238
2 101
187 286
135 234
79 178
197 296
100 199
171 270
12 111
113 212
63 162
190 289
34 133
127 226
119 218
104 203
53 152
170 269
156 255
13 112
88 187
1 100
133 232
34 133
109 208
173 272
163 262
96 195
6 105
190 289
166 265
140 239
86 185
75 174
32 131
128 227
87 186
132 231
186 285
132 231
60 159
127 226
81 180
31 130
176 275
183 282
5 104
34 133
145 244
138 237
127 226
106 205
111 210
12 111
44 143
67 166
46 145
126 225
132 231
7 106
23 122
48 147
2 101
177 276
20 119
86 185
80 179
153 252
151 250
117 216
84 183
38 137
132 231
128 227
6 105
12 111
111 210
14 113
134 233
51 150
178 277
157 256
144 243
136 235
60 159
25 124
81 180
59 158
151 250
65 164
126 225
197 296
98 197
69 168
54 153
146 245
194 293
104 203
77 176
180 279
29 128
11 110
129 228
193 292
5 104
45 144
27 126
56 155
155 254
151 250
81 180
110 209
108 207
57 156
157 256
79 178
170 269
85 184
186 285
41 140
189 288
157 256
196 295
189 288
172 271
153 252
55 154
50 149
112 211
22 121
165 264
97 196
175 274
72 171
148 247
69 168
176 275
190 289
50 149
40 139
94 193
187 286
31 130
37 136
80 179
44 143
115 214
108 207
52 151
141 240
10 109
155 254
151 250
15 114
188 287
192 291
61 160
143 242
64 163
112 211
73 172
138 237
48 147
179 278
196 295
19 118
26 125
106 205
149 248
76 175
163 262
68 167
96 195
74 173
151 250
43 142
11 110
18 117
160 259
83 182
133 232
153 252
4 103
46 145
63 162
180 279
29 128
77 176
73 172
39 138
26 125
145 244
131 230
159 258
157 256
37 136
146 245
66 165
55 154
36 135
24 123
98 197
155 254
65 164
180 279
42 141
87 186
5 104
165 264
188 287
191 290
74 173
138 237
18 117
146 245
133 232
107 206
76 175
72 171
83 182
96 195
64 163
140 239
14 113
37 136
77 176
78 177
47 146
170 269
160 259
164 263
87 186
179 278
50 149
89 188
172 271
34 133
82 181
118 217
31 130
154 253
36 135
73 172
23 122
154 253
172 271
96 195
89 188
171 270
101 200
122 221
24 123
143 242
170 269
65 164
66 165
94 193
68 167
72 171
191 290
43 142
119 218
155 254
16 115
71 170
176 275
44 143
136 235
42 141
78 177
7 106
174 273
80 179
10 109
47 146
99 198
151 250
196 295
133 232
114 213
119 218
171 270
11 110
88 187
6 105
188 287
8 107
157 256
96 195
141 240
26 125
61 160
6 105
60 159
38 137
101 200
28 127
113 212
71 170
21 120
121 220
135 234
134 233
108 207
80 179
0 99
119 218
3 102
73 172
113 212
99 198
9 108
92 191
135 234
64 163
16 115
97 196
68 167
117 216
44 143
113 212
46 145
11 110
90 189
138 237
70 169
106 205
92 191
124 223
133 232
107 206
102 201
134 233
90 189
81 180
36 135
187 286
138 237
28 127
121 220
61 160
157 256
161 260
174 273
137 236
62 161
65 164
116 215
180 279
182 281
29 128
31 130
48 147
195 294
43 142
149 248
102 201
149 248
40 139
181 280
18 117
129 228
138 237
93 192
103 202
14 113
89 188
190 289
21 120
35 134
101 200
128 227
105 204
56 155
128 227
196 295
160 259
178 277
74 173
134 233
186 285
68 167
158 257
91 190
111 210
142 241
178 277
110 209
161 260
187 286
135 234
2 101
113 212
134 233
108 207
72 171
27 126
61 160
31 130
123 222
68 167
39 138
124 223
114 213
63 162
23 122
193 292
148 247
147 246
115 214
159 258
155 254
125 224
163 262
53 152
46 145
75 174
166 265
82 181
18 117
54 153
140 239
197 296
16 115
108 207
116 215
33 132
10 109
183 282
86 185
188 287
13 112
21 120
118 217
12 111
50 149
98 197
83 182
115 214
27 126
165 264
141 240
68 167
66 165
83 182
186 285
175 274
10 109
44 143
73 172
147 246
174 273
193 292
148 247
169 268
55 154
55 154
184 283
24 123
113 212
45 144
147 246
114 213
72 171
111 210
38 137
118 217
43 142
11 110
139 238
2 101
162 261
19 118
30 129
16 115
130 229
173 272
162 261
117 216
11 110
170 269
68 167
39 138
63 162
59 158
43 142
165 264
147 246
101 200
122 221
59 158
195 294
185 284
192 291
27 126
107 206
144 243
160 259
174 273
1 100
64 163
33 132
180 279
29 128
106 205
137 236
82 181
40 139
47 146
91 190
169 268
131 230
127 226
104 203
176 275
197 296
114 213
188 287
43 142
155 254
157 256
95 194
195 294
58 157
122 221
102 201
66 165
9 108
11 110
173 272
70 169
22 121
156 255
111 210
65 164
101 200
9 108
175 274
69 168
130 229
105 204
138 237
141 240
47 146
80 179
197 296
97 196
26 125
93 192
44 143
128 227
52 151
154 253
83 182
167 266
70 169
185 284
99 198
69 168
161 260
130 229
190 289
120 219
151 250
46 145
173 272
100 199
77 176
59 158
81 180
180 279
190 289
39 138
46 145
62 161
155 254
30 129
12 111
16 115
116 215
51 150
123 222
12 111
49 148
155 254
168 267
107 206
166 265
54 153
148 247
36 135
107 206
194 293
49 148
193 292
32 131
30 129
49 148
43 142
54 153
18 117
96 195
80 179
44 143
92 191
0 99
88 187
36 135
32 131
4 103
188 287
113 212
38 137
169 268
160 259
8 107
20 119
90 189
21 120
173 272
18 117
193 292
192 291
143 242
109 208
106 205
124 223
175 274
149 248
156 255
99 198
76 175
148 247
94 193
122 221
61 160
181 280
138 237
115 214
19 118
102 201
174 273
49 148
129 228
76 175
131 230
0 99
17 116
28 127
74 173
30 129
0 99
73 172
70 169
81 180
111 210
61 160
145 244
23 122
183 282
114 213
130 229
83 182
185 284
40 139
2 101
5 104
56 155
141 240
11 110
165 264
136 235
21 120
15 114
65 164
167 266
67 166
90 189
66 165
28 127
163 262
159 258
134 233
130 229
65 164
165 264
28 127
104 203
172 271
121 220
8 107
76 175
22 121
73 172
105 204
179 278
93 192
110 209
84 183
46 145
124 223
77 176
177 276
152 251
57 156
116 215
155 254
137 236
45 144
147 246
63 162
184 283
143 242
173 272
4 103
62 161
73 172
135 234
49 148
48 147
197 296
118 217
26 125
39 138
117 216
86 185
114 213
169 268
40 139
56 155
56 155
56 155
84 183
110 209
92 191
166 265
135 234
110 209
146 245
107 206
131 230
113 212
13 112
182 281
66 165
188 287
62 161
104 203
97 196
24 123
10 109
34 133
56 155
112 211
58 157
118 217
166 265
102 201
83 182
89 188
155 254
101 200
105 204
183 282
116 215
46 145
114 213
151 250
125 224
51 150
85 184
116 215
173 272
160 259
40 139
183 282
157 256
151 250
71 170
28 127
101 200
121 220
118 217
129 228
177 276
141 240
193 292
83 182
149 248
144 243
147 246
147 246
54 153
182 281
15 114
132 231
179 278
151 250
113 212
45 144
148 247
59 158
162 261
132 231
132 231
32 131
71 170
40 139
183 282
122 221
88 187
168 267
141 240
137 236
62 161
142 241
18 117
73 172
165 264
165 264
165 264
11 110
183 282
162 261
48 147
25 124
25 124
63 162
20 119
97 196
22 121
142 241
13 112
138 237
13 112
6 105
189 288
42 141
123 222
71 170
131 230
18 117
154 253
76 175
178 277
94 193
61 160
163 262
137 236
174 273
146 245
10 109
41 140
137 236
44 143
112 211
3 102
160 259
20 119
143 242
105 204
188 287
42 141
52 151
13 112
84 183
38 137
130 229
80 179
97 196
63 162
28 127
88 187
38 137
8 107
1 100
117 216
159 258
123 222
183 282
83 182
54 153
7 106
90 189
105 204
156 255
26 125
60 159
23 122
122 221
36 135
196 295
155 254
51 150
191 290
93 192
165 264
79 178
44 143
22 121
74 173
61 160
163 262
1 100
175 274
194 293
77 176
34 133
65 164
93 192
10 109
66 165
151 250
185 284
167 266
102 201
148 247
76 175
48 147
87 186
71 170
24 123
179 278
36 135
82 181
132 231
112 211
126 225
183 282
194 293
37 136
122 221
48 147
40 139
100 199
160 259
116 215
56 155
18 117
118 217
37 136
128 227
107 206
44 143
123 222
178 277
52 151
193 292
122 221
98 197
12 111
114 213
9 108
4 103
118 217
146 245
83 182
102 201
62 161
98 197
23 122
2 101
34 133
132 231
59 158
13 112
110 209
35 134
10 109
21 120
73 172
102 201
107 206
109 208
69 168
68 167
75 174
74 173
11 110
110 209
23 122
188 287
177 276
85 184
171 270
176 275
166 265
192 291
161 260
160 259
177 276
6 105
28 127
3 102
29 128
62 161
86 185
103 202
34 133
154 253
61 160
66 165
154 253
149 248
157 256
76 175
192 291
80 179
6 105
81 180
117 216
68 167
127 226
28 127
5 104
66 165
123 222
4 103
62 161
108 207
122 221
137 236
93 192
27 126
17 116
131 230
122 221
161 260
72 171
4 103
159 258
164 263
5 104
58 157
6 105
162 261
115 214
49 148
136 235
72 171
41 140
67 166
32 131
118 217
28 127
181 280
129 228
33 132
3 102
177 276
148 247
138 237
24 123
3 102
0 99
174 273
187 286
143 242
139 238
163 262
125 224
154 253
124 223
57 156
30 129
122 221
172 271
178 277
51 150
47 146
26 125
153 252
42 141
128 227
70 169
163 262
73 172
63 162
7 106
102 201
98 197
196 295
187 286
170 269
17 116
185 284
76 175
179 278
194 293
78 177
107 206
139 238
135 234
182 281
159 258
65 164
110 209
173 272
159 258
143 242
120 219
2 101
189 288
74 173
24 123
21 120
108 207
157 256
105 204
85 184
113 212
93 192
44 143
180 279
93 192
137 236
192 291
87 186
99 198
83 182
171 270
156 255
118 217
138 237
195 294
67 166
98 197
150 249
132 231
140 239
25 124
125 224
85 184
20 119
77 176
67 166
42 141
126 225
26 125
5 104
184 283
154 253
168 267
90 189
123 222
187 286
175 274
86 185
18 117
115 214
13 112
189 288
3 102
138 237
176 275
98 197
90 189
45 144
53 152
152 251
38 137
196 295
54 153
7 106
57 156
42 141
38 137
47 146
178 277
158 257
9 108
34 133
32 131
69 168
85 184
79 178
163 262
98 197
119 218
112 211
97 196
165 264
159 258
145 244
100 199
115 214
163 262
117 216
110 209
70 169
83 182
82 181
167 266
98 197
63 162
52 151
129 228
26 125
189 288
100 199
86 185
137 236
63 162
9 108
30 129
21 120
55 154
152 251
41 140
143 242
159 258
54 153
24 123
94 193
90 189
25 124
50 149
64 163
81 180
168 267
99 198
163 262
122 221
33 132
1 100
174 273
168 267
161 260
192 291
160 259
69 168
172 271
62 161
45 144
139 238
110 209
24 123
141 240
4 103
125 224
185 284
124 223
158 257
186 285
67 166
103 202
148 247
68 167
142 241
38 137
94 193
56 155
5 104
87 186
180 279
55 154
186 285
91 190
197 296
173 272
80 179
34 133
123 222
53 152
123 222
129 228
139 238
170 269
115 214
105 204
121 220
15 114
61 160
25 124
127 226
134 233
82 181
93 192
105 204
195 294
0 99
50 149
42 141
36 135
130 229
147 246
162 261
47 146
79 178
139 238
6 105
38 137
5 104
71 170
182 281
24 123
168 267
179 278
25 124
188 287
112 211
159 258
100 199
7 106
80 179
104 203
6 105
4 103
138 237
9 108
7 106
59 158
189 288
190 289
32 131
181 280
191 290
172 271
21 120
170 269
187 286
163 262
163 262
109 208
127 226
53 152
0 99
93 192
61 160
174 273
186 285
53 152
114 213
97 196
80 179
0 99
69 168
108 207
114 213
113 212
44 143
167 266
124 223
88 187
147 246
170 269
123 222
108 207
60 159
16 115
159 258
133 232
46 145
71 170
56 155
68 167
194 293
89 188
8 107
117 216
185 284
62 161
18 117
38 137
60 159
63 162
93 192
87 186
30 129
131 230
129 228
152 251
182 281
148 247
68 167
66 165
67 166
72 171
156 255
51 150
107 206
65 164
114 213
168 267
65 164
52 151
194 293
128 227
179 278
169 268
19 118
73 172
167 266
7 106
50 149
175 274
60 159
34 133
66 165
60 159
65 164
130 229
166 265
151 250
194 293
38 137
159 258
129 228
58 157
20 119
66 165
105 204
176 275
178 277
148 247
142 241
93 192
186 285
153 252
188 287
87 186
10 109
74 173
84 183
172 271
163 262
81 180
81 180
86 185
179 278
76 175
63 162
188 287
102 201
192 291
104 203
41 140
16 115
127 226
96 195
145 244
33 132
58 157
161 260
138 237
43 142
166 265
122 221
190 289
107 206
49 148
40 139
137 236
7 106
135 234
96 195
180 279
38 137
22 121
118 217
30 129
178 277
11 110
31 130
142 241
8 107
194 293
130 229
24 123
12 111
93 192
151 250
158 257
77 176
101 200
15 114
154 253
25 124
25 124
64 163
4 103
64 163
117 216
77 176
48 147
169 268
189 288
183 282
10 109
133 232
83 182
71 170
117 216
116 215
1 100
47 146
177 276
108 207
170 269
35 134
100 199
101 200
79 178
92 191
30 129
138 237
102 201
67 166
23 122
41 140
60 159
163 262
151 250
89 188
12 111
96 195
90 189
143 242
146 245
147 246
103 202
133 232
72 171
42 141
37 136
17 116
10 109
191 290
30 129
155 254
160 259
93 192
151 250
120 219
119 218
97 196
61 160
2 101
119 218
48 147
166 265
139 238
92 191
191 290
188 287
14 113
32 131
137 236
7 106
120 219
62 161
129 228
4 103
145 244
27 126
137 236
161 260
167 266
2 101
6 105
67 166
52 151
95 194
187 286
75 174
84 183
95 194
58 157
166 265
155 254
97 196
1 100
179 278
71 170
89 188
83 182
98 197
102 201
15 114
67 166
76 175
92 191
59 158
13 112
92 191
1 100
24 123
76 175
44 143
192 291
71 170
50 149
139 238
85 184
172 271
28 127
45 144
136 235
192 291
70 169
158 257
186 285
105 204
106 205
99 198
73 172
56 155
83 182
161 260
156 255
168 267
134 233
29 128
125 224
127 226
72 171
13 112
59 158
63 162
177 276
21 120
73 172
194 293
72 171
34 133
52 151
30 129
109 208
146 245
1 100
73 172
18 117
171 270
93 192
66 165
152 251
91 190
135 234
97 196
89 188
77 176
180 279
106 205
153 252
6 105
84 183
118 217
129 228
152 251
85 184
174 273
105 204
88 187
8 107
2 101
22 121
1 100
190 289
71 170
134 233
72 171
88 187
193 292
131 230
51 150
168 267
192 291
1 100
111 210
81 180
71 170
160 259
140 239
32 131
157 256
134 233
167 266
67 166
167 266
48 147
85 184
142 241
61 160
109 208
79 178
5 104
41 140
96 195
162 261
190 289
197 296
39 138
55 154
31 130
44 143
89 188
11 110
26 125
115 214
167 266
45 144
108 207
174 273
86 185
186 285
77 176
180 279
17 116
96 195
38 137
185 284
116 215
23 122
49 148
157 256
62 161
144 243
115 214
14 113
122 221
50 149
70 169
59 158
196 295
94 193
107 206
158 257
85 184
46 145
1 100
114 213
71 170
6 105
138 237
150 249
128 227
45 144
101 200
13 112
196 295
0 99
49 148
120 219
123 222
27 126
53 152
74 173
184 283
49 148
52 151
130 229
111 210
54 153
95 194
106 205
38 137
109 208
138 237
163 262
21 120
116 215
50 149
190 289
11 110
15 114
16 115
14 113
23 122
114 213
74 173
117 216
138 237
144 243
192 291
65 164
173 272
57 156
118 217
32 131
140 239
94 193
102 201
168 267
89 188
64 163
32 131
11 110
151 250
26 125
56 155
67 166
86 185
89 188
191 290
57 156
122 221
107 206
114 213
28 127
61 160
78 177
139 238
24 123
32 131
183 282
63 162
82 181
107 206
175 274
88 187
120 219
145 244
167 266
4 103
29 128
47 146
131 230
80 179
156 255
137 236
182 281
3 102
184 283
144 243
52 151
65 164
175 274
53 152
130 229
40 139
167 266
194 293
25 124
150 249
171 270
3 102
22 121
54 153
184 283
165 264
124 223
46 145
172 271
70 169
73 172
164 263
93 192
77 176
75 174
197 296
77 176
68 167
190 289
128 227
109 208
38 137
120 219
41 140
115 214
98 197
12 111
170 269
180 279
91 190
85 184
177 276
25 124
123 222
169 268
149 248
5 104
72 171
67 166
79 178
83 182
156 255
77 176
1 100
115 214
151 250
193 292
110 209
122 221
114 213
61 160
59 158
70 169
187 286
165 264
162 261
142 241
28 127
28 127
79 178
88 187
116 215
160 259
179 278
184 283
76 175
51 150
155 254
142 241
137 236
111 210
139 238
160 259
149 248
60 159
143 242
92 191
62 161
56 155
14 113
134 233
77 176
13 112
154 253
44 143
169 268
153 252
57 156
165 264
118 217
3 102
102 201
25 124
191 290
125 224
134 233
80 179
134 233
138 237
33 132
154 253
62 161
189 288
140 239
16 115
85 184
88 187
95 194
132 231
115 214
135 234
191 290
177 276
175 274
135 234
44 143
68 167
43 142
97 196
120 219
188 287
40 139
155 254
81 180
58 157
135 234
28 127
32 131
144 243
69 168
130 229
63 162
136 235
5 104
53 152
91 190
103 202
4 103
197 296
0 99
140 239
57 156
129 228
100 199
156 255
194 293
49 148
173 272
80 179
29 128
180 279
131 230
77 176
72 171
181 280
83 182
132 231
152 251
39 138
19 118
168 267
136 235
78 177
72 171
27 126
128 227
154 253
116 215
78 177
10 109
4 103
125 224
40 139
72 171
61 160
95 194
41 140
75 174
106 205
18 117
148 247
79 178
63 162
15 114
186 285
29 128
63 162
117 216
53 152
3 102
18 117
160 259
128 227
12 111
82 181
127 226
44 143
195 294
118 217
98 197
194 293
5 104
5 104
80 179
158 257
140 239
155 254
127 226
194 293
53 152
29 128
94 193
30 129
42 141
86 185
13 112
129 228
162 261
174 273
127 226
120 219
180 279
15 114
175 274
45 144
16 115
53 152
197 296
107 206
0 99
68 167
89 188
148 247
43 142
79 178
137 236
176 275
179 278
133 232
122 221
134 233
11 110
25 124
171 270
53 152
143 242
25 124
14 113
72 171
146 245
28 127
80 179
98 197
196 295
68 167
97 196
159 258
37 136
71 170
178 277
98 197
74 173
66 165
92 191
25 124
85 184
21 120
135 234
166 265
167 266
173 272
163 262
124 223
102 201
119 218
92 191
16 115
33 132
103 202
54 153
154 253
81 180
183 282
88 187
162 261
147 246
5 104
86 185
125 224
101 200
58 157
150 249
96 195
76 175
61 160
107 206
129 228
121 220
129 228
39 138
27 126
4 103
151 250
169 268
146 245
95 194
66 165
143 242
48 147
46 145
93 192
16 115
182 281
159 258
159 258
45 144
56 155
144 243
150 249
123 222
138 237
122 221
26 125
172 271
2 101
140 239
58 157
73 172
89 188
110 209
10 109
117 216
31 130
97 196
133 232
175 274
31 130
143 242
40 139
183 282
108 207
49 148
83 182
178 277
44 143
170 269
134 233
154 253
60 159
25 124
61 160
66 165
107 206
90 189
137 236
123 222
26 125
187 286
49 148
67 166
113 212
133 232
35 134
21 120
118 217
22 121
58 157
150 249
144 243
157 256
66 165
169 268
83 182
9 108
10 109
24 123
47 146
146 245
19 118
85 184
19 118
100 199
111 210
47 146
182 281
156 255
185 284
160 259
2 101
165 264
55 154
59 158
15 114
85 184
30 129
48 147
34 133
67 166
144 243
194 293
98 197
129 228
170 269
26 125
165 264
183 282
12 111
78 177
132 231
166 265
176 275
181 280
195 294
167 266
135 234
131 230
106 205
24 123
9 108
94 193
171 270
25 124
120 219
58 157
141 240
121 220
47 146
116 215
174 273
6 105
43 142
105 204
31 130
64 163
101 200
193 292
137 236
113 212
61 160
32 131
170 269
40 139
14 113
192 291
13 112
25 124
174 273
62 161
141 240
59 158
116 215
47 146
28 127
166 265
145 244
74 173
103 202
142 241
108 207
95 194
144 243
140 239
164 263
21 120
73 172
145 244
101 200
9 108
43 142
23 122
142 241
52 151
39 138
67 166
132 231
28 127
50 149
93 192
193 292
29 128
49 148
116 215
72 171
91 190
169 268
191 290
91 190
29 128
23 122
13 112
109 208
14 113
37 136
152 251
117 216
157 256
129 228
42 141
6 105
187 286
116 215
125 224
119 218
6 105
155 254
6 105
58 157
130 229
142 241
71 170
176 275
90 189
183 282
166 265
41 140
90 189
41 140
111 210
133 232
116 215
159 258
29 128
175 274
21 120
120 219
19 118
111 210
91 190
89 188
80 179
182 281
154 253
156 255
58 157
45 144
36 135
131 230
175 274
180 279
55 154
92 191
62 161
51 150
9 108
105 204
47 146
117 216
93 192
157 256
105 204
29 128
151 250
196 295
48 147
93 192
29 128
121 220
31 130
52 151
159 258
121 220
54 153
180 279
50 149
65 164
77 176
113 212
14 113
9 108
119 218
180 279
64 163
20 119
181 280
104 203
121 220
5 104
28 127
8 107
34 133
34 133
13 112
168 267
77 176
167 266
159 258
62 161
52 151
24 123
38 137
67 166
54 153
39 138
54 153
151 250
50 149
22 121
45 144
71 170
41 140
43 142
19 118
128 227
103 202
45 144
3 102
119 218
162 261
107 206
17 116
31 130
197 296
21 120
16 115
19 118
93 192
83 182
172 271
54 153
178 277
164 263
88 187
137 236
43 142
173 272
85 184
194 293
164 263
67 166
89 188
18 117
17 116
22 121
167 266
185 284
53 152
57 156
156 255
49 148
124 223
172 271
61 160
149 248
21 120
45 144
135 234
8 107
175 274
17 116
3 102
139 238
149 248
126 225
43 142
143 242
104 203
74 173
188 287
41 140
179 278
9 108
188 287
8 107
71 170
25 124
69 168
105 204
76 175
80 179
17 116
136 235
137 236
185 284
153 252
108 207
140 239
134 233
65 164
87 186
7 106
10 109
87 186
50 149
79 178
68 167
80 179
167 266
110 209
84 183
48 147
120 219
148 247
140 239
111 210
12 111
59 158
104 203
108 207
128 227
26 125
69 168
30 129
95 194
45 144
73 172
53 152
158 257
54 153
197 296
130 229
93 192
3 102
166 265
89 188
28 127
185 284
177 276
80 179
80 179
195 294
177 276
110 209
12 111
20 119
12 111
88 187
173 272
127 226
11 110
23 122
83 182
159 258
122 221
126 225
176 275
182 281
110 209
194 293
140 239
79 178
178 277
108 207
64 163
183 282
62 161
89 188
140 239
84 183
163 262
138 237
65 164
142 241
93 192
29 128
174 273
152 251
181 280
126 225
158 257
105 204
8 107
80 179
34 133
110 209
167 266
185 284
67 166
70 169
195 294
130 229
176 275
116 215
75 174
47 146
179 278
192 291
153 252
8 107
183 282
35 134
161 260
177 276
149 248
124 223
176 275
22 121
91 190
181 280
24 123
164 263
82 181
80 179
125 224
192 291
33 132
125 224
2 101
42 141
83 182
45 144
139 238
46 145
64 163
110 209
47 146
165 264
52 151
58 157
98 197
54 153
66 165
175 274
20 119
149 248
154 253
191 290
109 208
192 291
137 236
15 114
66 165
145 244
12 111
166 265
192 291
121 220
75 174
97 196
3 102
62 161
143 242
90 189
127 226
88 187
106 205
116 215
150 249
130 229
115 214
39 138
136 235
34 133
129 228
167 266
139 238
1 100
140 239
100 199
22 121
172 271
1 100
197 296
150 249
167 266
11 110
174 273
28 127
194 293
5 104
74 173
140 239
47 146
146 245
38 137
36 135
93 192
125 224
14 113
84 183
127 226
101 200
116 215
122 221
151 250
150 249
174 273
104 203
46 145
5 104
124 223
61 160
86 185
161 260
160 259
184 283
88 187
125 224
10 109
134 233
29 128
165 264
189 288
93 192
3 102
110 209
103 202
123 222
112 211
72 171
188 287
73 172
4 103
150 249
47 146
31 130
87 186
116 215
12 111
163 262
81 180
190 289
60 159
6 105
95 194
19 118
124 223
47 146
173 272
97 196
45 144
66 165
46 145
20 119
92 191
191 290
164 263
166 265
50 149
75 174
32 131
68 167
105 204
196 295
141 240
64 163
88 187
11 110
178 277
92 191
140 239
84 183
184 283
167 266
115 214
165 264
38 137
64 163
31 130
112 211
184 283
123 222
99 198
94 193
71 170
19 118
12 111
92 191
181 280
144 243
185 284
60 159
71 170
61 160
135 234
119 218
154 253
1 100
79 178
58 157
117 216
103 202
73 172
41 140
127 226
117 216
94 193
128 227
96 195
111 210
132 231
119 218
84 183
194 293
193 292
167 266
180 279
100 199
177 276
40 139
98 197
95 194
151 250
71 170
154 253
30 129
140 239
161 260
177 276
120 219
56 155
104 203
89 188
26 125
133 232
89 188
61 160
101 200
58 157
35 134
144 243
140 239
61 160
106 205
6 105
87 186
116 215
163 262
171 270
124 223
100 199
114 213
13 112
169 268
5 104
29 128
10 109
27 126
168 267
31 130
112 211
50 149
104 203
170 269
95 194
176 275
121 220
4 103
11 110
56 155
111 210
158 257
54 153
65 164
117 216
120 219
118 217
125 224
141 240
78 177
161 260
24 123
30 129
76 175
151 250
123 222
9 108
103 202
75 174
171 270
88 187
107 206
95 194
178 277
175 274
9 108
130 229
42 141
130 229
120 219
95 194
108 207
195 294
117 216
123 222
81 180
55 154
83 182
85 184
17 116
91 190
118 217
89 188
100 199
163 262
70 169
187 286
133 232
1 100
24 123
3 102
88 187
159 258
146 245
46 145
181 280
0 99
149 248
188 287
164 263
193 292
193 292
25 124
117 216
49 148
107 206
143 242
75 174
147 246
97 196
77 176
78 177
39 138
36 135
185 284
142 241
102 201
164 263
56 155
94 193
82 181
103 202
135 234
145 244
186 285
37 136
133 232
171 270
29 128
159 258
181 280
174 273
73 172
109 208
144 243
39 138
110 209
1 100
66 165
167 266
80 179
54 153
13 112
159 258
92 191
50 149
151 250
4 103
107 206
171 270
70 169
116 215
16 115
72 171
56 155
193 292
47 146
77 176
144 243
37 136
185 284
186 285
8 107
109 208
35 134
187 286
154 253
67 166
61 160
68 167
70 169
173 272
19 118
171 270
1 100
145 244
41 140
134 233
21 120
66 165
35 134
114 213
130 229
103 202
15 114
80 179
121 220
160 259
150 249
26 125
82 181
167 266
97 196
67 166
153 252
2 101
195 294
182 281
73 172
26 125
39 138
186 285
22 121
155 254
188 287
25 124
142 241
70 169
40 139
123 222
181 280
192 291
141 240
178 277
43 142
118 217
1 100
74 173
2 101
45 144
60 159
173 272
30 129
54 153
112 211
64 163
169 268
40 139
190 289
193 292
183 282
84 183
149 248
86 185
181 280
112 211
135 234
58 157
169 268
98 197
176 275
135 234
52 151
125 224
119 218
49 148
41 140
86 185
150 249
128 227
69 168
171 270
58 157
4 103
170 269
158 257
181 280
39 138
181 280
146 245
139 238
67 166
21 120
160 259
1 100
67 166
196 295
127 226
32 131
5 104
104 203
27 126
149 248
127 226
21 120
192 291
129 228
64 163
143 242
58 157
147 246
12 111
15 114
159 258
22 121
10 109
41 140
25 124
63 162
98 197
191 290
20 119
169 268
145 244
139 238
146 245
78 177
180 279
73 172
148 247
67 166
135 234
45 144
186 285
19 118
8 107
2 101
22 121
111 210
176 275
170 269
29 128
194 293
194 293
51 150
101 200
48 147
91 190
7 106
10 109
197 296
157 256
166 265
72 171
24 123
27 126
19 118
160 259
196 295
94 193
97 196
194 293
92 191
30 129
127 226
76 175
119 218
180 279
93 192
171 270
53 152
162 261
65 164
17 116
180 279
72 171
30 129
180 279
38 137
101 200
10 109
132 231
80 179
97 196
197 296
156 255
110 209
105 204
192 291
160 259
178 277
182 281
39 138
30 129
126 225
99 198
167 266
6 105
155 254
81 180
118 217
4 103
51 150
148 247
127 226
1 100
122 221
72 171
109 208
25 124
141 240
62 161
83 182
169 268
163 262
137 236
48 147
57 156
79 178
190 289
145 244
190 289
116 215
190 289
7 106
26 125
97 196
79 178
82 181
19 118
143 242
115 214
62 161
159 258
95 194
11 110
105 204
82 181
174 273
19 118
139 238
196 295
2 101
166 265
8 107
192 291
191 290
159 258
47 146
58 157
48 147
109 208
195 294
167 266
134 233
172 271
196 295
135 234
27 126
16 115
74 173
34 133
64 163
90 189
161 260
103 202
72 171
183 282
59 158
73 172
166 265
143 242
109 208
51 150
127 226
39 138
193 292
94 193
7 106
150 249
110 209
83 182
170 269
181 280
149 248
159 258
148 247
51 150
127 226
26 125
8 107
86 185
31 130
20 119
196 295
185 284
31 130
40 139
6 105
16 115
30 129
6 105
9 108
86 185
7 106
96 195
136 235
52 151
168 267
80 179
48 147
12 111
1 100
54 153
160 259
41 140
45 144
98 197
117 216
20 119
128 227
31 130
63 162
20 119
40 139
27 126
166 265
168 267
95 194
7 106
197 296
132 231
102 201
26 125
115 214
102 201
59 158
156 255
139 238
13 112
63 162
29 128
81 180
61 160
76 175
54 153
70 169
14 113
146 245
92 191
25 124
54 153
195 294
85 184
41 140
44 143
170 269
88 187
46 145
184 283
55 154
147 246
74 173
119 218
109 208
127 226
11 110
186 285
180 279
71 170
87 186
95 194
45 144
192 291
159 258
115 214
15 114
92 191
117 216
183 282
64 163
60 159
175 274
174 273
158 257
40 139
189 288
171 270
179 278
190 289
40 139
55 154
48 147
25 124
125 224
140 239
19 118
52 151
39 138
82 181
124 223
179 278
31 130
163 262
43 142
22 121
14 113
153 252
137 236
119 218
53 152
160 259
69 168
180 279
144 243
127 226
36 135
151 250
39 138
183 282
122 221
58 157
136 235
0 99
8 107
167 266
8 107
17 116
92 191
83 182
139 238
105 204
93 192
37 136
39 138
196 295
20 119
185 284
47 146
177 276
14 113
50 149
22 121
78 177
25 124
136 235
85 184
33 132
171 270
187 286
37 136
127 226
31 130
52 151
157 256
156 255
7 106
90 189
1 100
167 266
133 232
105 204
143 242
164 263
64 163
180 279
195 294
57 156
32 131
84 183
0 99
20 119
114 213
25 124
87 186
111 210
97 196
115 214
187 286
11 110
69 168
113 212
25 124
59 158
5 104
194 293
165 264
42 141
59 158
67 166
8 107
94 193
71 170
85 184
67 166
19 118
147 246
117 216
172 271
175 274
180 279
40 139
95 194
82 181
121 220
80 179
191 290
77 176
64 163
46 145
194 293
19 118
30 129
179 278
168 267
64 163
91 190
9 108
1 100
136 235
57 156
197 296
114 213
147 246
191 290
33 132
45 144
170 269
125 224
6 105
39 138
48 147
191 290
184 283
87 186
78 177
78 177
17 116
55 154
36 135
106 205
55 154
124 223
29 128
105 204
182 281
109 208
75 174
95 194
156 255
88 187
148 247
81 180
56 155
194 293
167 266
2 101
134 233
183 282
17 116
49 148
39 138
49 148
42 141
162 261
75 174
30 129
36 135
15 114
176 275
140 239
179 278
108 207
19 118
157 256
24 123
159 258
173 272
104 203
3 102
30 129
8 107
78 177
71 170
48 147
73 172
187 286
50 149
159 258
14 113
130 229
130 229
126 225
81 180
140 239
35 134
49 148
173 272
143 242
55 154
23 122
42 141
187 286
125 224
129 228
49 148
0 99
180 279
179 278
77 176
84 183
172 271
20 119
159 258
55 154
63 162
187 286
30 129
123 222
124 223
84 183
109 208
79 178
89 188
104 203
115 214
190 289
60 159
104 203
130 229
193 292
10 109
190 289
121 220
159 258
14 113
74 173
150 249
128 227
88 187
155 254
189 288
33 132
122 221
91 190
187 286
61 160
6 105
166 265
75 174
18 117
154 253
61 160
38 137
52 151
93 192
158 257
138 237
107 206
154 253
52 151
76 175
190 289
138 237
145 244
21 120
68 167
141 240
163 262
90 189
26 125
86 185
167 266
140 239
19 118
173 272
13 112
13 112
140 239
53 152
8 107
108 207
44 143
5 104
67 166
111 210
69 168
173 272
147 246
185 284
130 229
163 262
6 105
185 284
38 137
194 293
73 172
95 194
60 159
141 240
176 275
112 211
105 204
3 102
53 152
85 184
125 224
30 129
131 230
9 108
122 221
23 122
33 132
152 251
109 208
163 262
94 193
173 272
166 265
146 245
9 108
158 257
89 188
58 157
2 101
122 221
63 162
83 182
105 204
97 196
54 153
151 250
183 282
184 283
94 193
132 231
182 281
112 211
71 170
124 223
37 136
74 173
151 250
81 180
96 195
104 203
110 209
23 122
19 118
49 148
38 137
66 165
37 136
151 250
18 117
66 165
159 258
156 255
17 116
115 214
50 149
26 125
193 292
38 137
26 125
10 109
91 190
120 219
64 163
104 203
175 274
38 137
28 127
10 109
132 231
26 125
89 188
166 265
141 240
60 159
93 192
147 246
144 243
16 115
78 177
126 225
79 178
169 268
98 197
117 216
41 140
39 138
156 255
98 197
127 226
49 148
48 147
15 114
118 217
0 99
79 178
108 207
40 139
3 102
110 209
182 281
181 280
11 110
82 181
48 147
166 265
99 198
55 154
31 130
175 274
157 256
78 177
39 138
15 114
145 244
175 274
123 222
154 253
141 240
139 238
66 165
18 117
178 277
187 286
52 151
54 153
176 275
64 163
121 220
167 266
90 189
23 122
91 190
190 289
99 198
168 267
99 198
195 294
32 131
191 290
76 175
3 102
145 244
98 197
45 144
85 184
4 103
53 152
82 181
27 126
39 138
152 251
108 207
47 146
60 159
168 267
155 254
89 188
52 151
183 282
196 295
88 187
175 274
19 118
60 159
102 201
139 238
106 205
22 121
136 235
83 182
181 280
66 165
67 166
15 114
182 281
59 158
193 292
109 208
191 290
53 152
172 271
4 103
101 200
56 155
166 265
75 174
122 221
132 231
0 99
144 243
128 227
140 239
2 101
145 244
153 252
87 186
63 162
129 228
144 243
121 220
75 174
34 133
184 283
47 146
76 175
58 157
7 106
125 224
89 188
50 149
185 284
113 212
35 134
172 271
48 147
13 112
70 169
183 282
180 279
178 277
182 281
156 255
170 269
41 140
160 259
82 181
189 288
192 291
9 108
10 109
1 100
114 213
158 257
34 133
28 127
187 286
138 237
171 270
66 165
24 123
142 241
174 273
87 186
78 177
4 103
161 260
92 191
40 139
91 190
101 200
162 261
10 109
96 195
97 196
138 237
6 105
174 273
76 175
115 214
11 110
42 141
123 222
149 248
10 109
19 118
191 290
116 215
43 142
70 169
76 175
24 123
134 233
155 254
55 154
11 110
23 122
102 201
197 296
117 216
143 242
31 130
191 290
134 233
118 217
52 151
188 287
188 287
67 166
51 150
66 165
37 136
42 141
89 188
168 267
14 113
56 155
33 132
168 267
31 130
196 295
122 221
5 104
171 270
158 257
13 112
113 212
144 243
52 151
81 180
192 291
87 186
195 294
193 292
126 225
105 204
100 199
109 208
170 269
157 256
49 148
55 154
64 163
12 111
49 148
155 254
189 288
81 180
2 101
64 163
81 180
58 157
91 190
142 241
116 215
155 254
159 258
76 175
138 237
15 114
166 265
65 164
125 224
179 278
26 125
1 100
92 191
98 197
137 236
153 252
104 203
74 173
30 129
155 254
18 117
149 248
48 147
55 154
3 102
189 288
76 175
160 259
55 154
46 145
76 175
4 103
174 273
72 171
129 228
68 167
1 100
3 102
108 207
108 207
89 188
69 168
94 193
97 196
194 293
134 233
137 236
181 280
34 133
160 259
97 196
31 130
27 126
0 99
76 175
18 117
91 190
185 284
57 156
1 100
145 244
108 207
17 116
54 153
146 245
17 116
110 209
164 263
71 170
58 157
59 158
185 284
19 118
77 176
9 108
145 244
29 128
147 246
73 172
172 271
39 138
35 134
67 166
35 134
181 280
90 189
80 179
94 193
117 216
18 117
138 237
96 195
48 147
132 231
160 259
29 128
134 233
37 136
55 154
149 248
41 140
7 106
124 223
197 296
14 113
166 265
123 222
90 189
107 206
41 140
5 104
86 185
63 162
181 280
179 278
58 157
151 250
69 168
148 247
151 250
9 108
84 183
197 296
96 195
138 237
178 277
24 123
163 262
49 148
132 231
3 102
151 250
70 169
5 104
21 120
65 164
133 232
6 105
42 141
186 285
131 230
152 251
129 228
164 263
191 290
74 173
23 122
129 228
39 138
41 140
35 134
94 193
179 278
56 155
6 105
45 144
64 163
46 145
151 250
97 196
89 188
118 217
62 161
35 134
72 171
87 186
3 102
172 271
15 114
94 193
85 184
130 229
158 257
119 218
107 206
170 269
8 107
93 192
158 257
73 172
114 213
159 258
123 222
129 228
142 241
110 209
1 100
188 287
190 289
5 104
128 227
74 173
88 187
22 121
116 215
46 145
71 170
44 143
10 109
167 266
122 221
23 122
60 159
36 135
195 294
187 286
45 144
133 232
121 220
134 233
24 123
190 289
19 118
183 282
4 103
139 238
164 263
101 200
94 193
40 139
152 251
61 160
114 213
5 104
161 260
171 270
19 118
11 110
95 194
157 256
34 133
189 288
62 161
45 144
4 103
192 291
57 156
116 215
131 230
125 224
86 185
45 144
193 292
30 129
154 253
136 235
16 115
179 278
44 143
154 253
115 214
26 125
53 152
107 206
12 111
7 106
10 109
126 225
84 183
152 251
181 280
88 187
45 144
76 175
5 104
98 197
184 283
81 180
46 145
73 172
112 211
115 214
154 253
25 124
155 254
184 283
2 101
103 202
94 193
56 155
76 175
25 124
10 109
174 273
73 172
125 224
158 257
84 183
143 242
96 195
156 255
77 176
194 293
142 241
16 115
58 157
128 227
126 225
23 122
139 238
58 157
132 231
39 138
131 230
73 172
101 200
123 222
158 257
4 103
131 230
195 294
78 177
94 193
117 216
73 172
72 171
107 206
47 146
176 275
160 259
178 277
23 122
169 268
178 277
10 109
101 200
2 101
173 272
136 235
158 257
37 136
74 173
6 105
145 244
186 285
119 218
72 171
103 202
102 201
21 120
166 265
30 129
81 180
162 261
78 177
67 166
85 184
155 254
85 184
60 159
10 109
176 275
70 169
73 172
196 295
160 259
98 197
96 195
48 147
95 194
40 139
131 230
149 248
117 216
123 222
108 207
153 252
183 282
47 146
102 201
8 107
0 99
116 215
118 217
38 137
152 251
101 200
131 230
177 276
49 148
114 213
7 106
115 214
71 170
125 224
34 133
33 132
104 203
107 206
61 160
118 217
145 244
41 140
25 124
43 142
87 186
36 135
116 215
157 256
165 264
17 116
171 270
61 160
188 287
132 231
9 108
95 194
134 233
58 157
92 191
49 148
44 143
63 162
106 205
29 128
130 229
81 180
77 176
119 218
33 132
73 172
165 264
85 184
87 186
103 202
74 173
68 167
105 204
72 171
133 232
3 102
143 242
10 109
136 235
125 224
55 154
48 147
63 162
80 179
70 169
88 187
141 240
82 181
68 167
180 279
187 286
134 233
182 281
93 192
88 187
22 121
171 270
30 129
21 120
178 277
119 218
194 293
196 295
173 272
117 216
150 249
162 261
23 122
121 220
81 180
145 244
176 275
170 269
31 130
119 218
74 173
187 286
23 122
155 254
77 176
115 214
112 211
91 190
155 254
58 157
180 279
39 138
25 124
119 218
117 216
50 149
179 278
55 154
168 267
89 188
183 282
23 122
153 252
70 169
183 282
35 134
143 242
183 282
27 126
17 116
186 285
34 133
96 195
5 104
82 181
59 158
128 227
66 165
166 265
73 172
160 259
177 276
123 222
184 283
42 141
122 221
54 153
176 275
99 198
56 155
45 144
21 120
187 286
20 119
128 227
124 223
158 257
52 151
46 145
45 144
162 261
159 258
57 156
100 199
164 263
12 111
126 225
36 135
2 101
65 164
6 105
109 208
3 102
160 259
120 219
99 198
176 275
145 244
74 173
126 225
4 103
51 150
123 222
188 287
184 283
62 161
164 263
94 193
13 112
13 112
0 99
179 278
110 209
154 253
53 152
130 229
12 111
192 291
161 260
125 224
41 140
79 178
57 156
185 284
13 112
107 206
59 158
128 227
182 281
56 155
6 105
98 197
171 270
18 117
64 163
72 171
76 175
45 144
47 146
175 274
24 123
143 242
54 153
77 176
148 247
177 276
80 179
46 145
118 217
25 124
1 100
40 139
130 229
152 251
45 144
7 106
14 113
27 126
169 268
42 141
56 155
190 289
139 238
190 289
113 212
38 137
13 112
182 281
143 242
134 233
27 126
138 237
194 293
181 280
104 203
107 206
52 151
89 188
76 175
48 147
150 249
104 203
20 119
126 225
164 263
81 180
56 155
128 227
142 241
20 119
67 166
195 294
189 288
166 265
108 207
187 286
106 205
91 190
84 183
26 125
183 282
22 121
92 191
111 210
21 120
107 206
83 182
76 175
156 255
62 161
3 102
37 136
148 247
102 201
117 216
16 115
135 234
87 186
53 152
77 176
177 276
141 240
70 169
188 287
180 279
182 281
23 122
32 131
174 273
22 121
65 164
14 113
118 217
44 143
138 237
142 241
194 293
33 132
118 217
127 226
17 116
118 217
24 123
21 120
37 136
4 103
46 145
150 249
30 129
193 292
188 287
155 254
158 257
140 239
121 220
4 103
54 153
123 222
190 289
106 205
119 218
39 138
169 268
171 270
7 106
190 289
173 272
149 248
98 197
167 266
192 291
28 127
13 112
125 224
83 182
125 224
27 126
103 202
80 179
55 154
8 107
52 151
89 188
105 204
72 171
97 196
197 296
106 205
167 266
150 249
189 288
60 159
113 212
57 156
140 239
162 261
196 295
60 159
168 267
172 271
42 141
43 142
51 150
150 249
87 186
32 131
99 198
99 198
8 107
190 289
171 270
120 219
16 115
21 120
173 272
180 279
122 221
95 194
195 294
179 278
140 239
13 112
7 106
137 236
190 289
3 102
8 107
145 244
132 231
41 140
20 119
128 227
141 240
56 155
83 182
6 105
53 152
46 145
75 174
161 260
60 159
69 168
100 199
116 215
73 172
170 269
36 135
27 126
158 257
21 120
174 273
94 193
19 118
166 265
135 234
168 267
73 172
142 241
37 136
177 276
47 146
133 232
53 152
124 223
110 209
151 250
72 171
5 104
4 103
142 241
20 119
14 113
61 160
125 224
73 172
134 233
153 252
90 189
44 143
173 272
85 184
73 172
52 151
86 185
108 207
139 238
80 179
182 281
80 179
37 136
165 264
108 207
117 216
83 182
114 213
80 179
167 266
22 121
196 295
185 284
165 264
72 171
66 165
149 248
172 271
72 171
99 198
53 152
116 215
81 180
89 188
78 177
87 186
61 160
46 145
64 163
186 285
127 226
76 175
53 152
125 224
68 167
91 190
145 244
46 145
183 282
145 244
17 116
163 262
132 231
20 119
16 115
29 128
8 107
32 131
48 147
13 112
66 165
26 125
27 126
7 106
168 267
126 225
167 266
67 166
78 177
148 247
127 226
139 238
23 122
74 173
108 207
185 284
114 213
138 237
190 289
51 150
161 260
130 229
28 127
158 257
126 225
77 176
63 162
19 118
26 125
135 234
140 239
162 261
182 281
152 251
28 127
73 172
192 291
87 186
7 106
132 231
154 253
184 283
181 280
125 224
10 109
23 122
30 129
39 138
51 150
112 211
108 207
87 186
43 142
75 174
71 170
69 168
21 120
150 249
33 132
45 144
45 144
114 213
75 174
48 147
76 175
9 108
185 284
143 242
60 159
60 159
76 175
79 178
134 233
100 199
185 284
87 186
163 262
169 268
180 279
55 154
131 230
78 177
129 228
16 115
171 270
135 234
99 198
72 171
122 221
195 294
145 244
5 104
153 252
124 223
23 122
5 104
17 116
126 225
45 144
54 153
77 176
135 234
37 136
27 126
63 162
9 108
127 226
42 141
5;156504
134 233
106 205
82 181
154 253
161 260
17 116
100 199
128 227
171 270
29 128
130 229
59 158
101 200
28 127
60 159
177 276
180 279
97 196
90 189
192 291
162 261
69 168
78 177
73 172
154 253
176 275
154 253
6 105
64 163
33 132
88 187
5 104
190 289
189 288
150 249
13 112
129 228
151 250
26 125
81 180
193 292
98 197
169 268
177 276
87 186
72 171
167 266
167 266
134 233
28 127
171 270
153 252
65 164
180 279
82 181
176 275
21 120
121 220
57 156
159 258
104 203
170 269
191 290
77 176
11 110
51 150
86 185
175 274
168 267
102 201
97 196
147 246
13 112
33 132
154 253
153 252
175 274
155 254
161 260
99 198
149 248
104 203
13 112
171 270
179 278
115 214
107 206
109 208
191 290
144 243
159 258
160 259
178 277
98 197
119 218
129 228
121 220
139 238
51 150
190 289
112 211
196 295
124 223
116 215
145 244
153 252
101 200
16 115
187 286
17 116
74 173
115 214
179 278
177 276
186 285
12 111
86 185
124 223
147 246
126 225
33 132
63 162
100 199
168 267
164 263
115 214
125 224
92 191
193 292
105 204
90 189
113 212
72 171
161 260
21 120
19 118
125 224
33 132
189 288
107 206
98 197
21 120
140 239
105 204
124 223
6 105
93 192
132 231
172 271
29 128
131 230
35 134
146 245
78 177
146 245
127 226
88 187
191 290
66 165
22 121
195 294
35 134
88 187
157 256
145 244
116 215
113 212
163 262
64 163
192 291
193 292
159 258
178 277
3 102
187 286
141 240
190 289
162 261
21 120
82 181
69 168
41 140
39 138
78 177
30 129
131 230
69 168
189 288
42 141
55 154
67 166
90 189
114 213
170 269
165 264
49 148
35 134
149 248
180 279
94 193
145 244
44 143
115 214
45 144
76 175
131 230
130 229
21 120
83 182
140 239
111 210
24 123
94 193
160 259
36 135
141 240
189 288
170 269
33 132
110 209
120 219
102 201
171 270
161 260
20 119
102 201
153 252
181 280
165 264
72 171
76 175
1 100
85 184
153 252
11 110
11 110
114 213
125 224
126 225
126 225
9 108
16 115
81 180
55 154
115 214
141 240
124 223
189 288
100 199
28 127
113 212
75 174
0 99
110 209
89 188
41 140
25 124
81 180
121 220
26 125
155 254
157 256
92 191
54 153
112 211
17 116
21 120
177 276
107 206
80 179
0 99
53 152
92 191
192 291
169 268
138 237
189 288
187 286
55 154
194 293
139 238
102 201
24 123
185 284
82 181
53 152
176 275
36 135
18 117
22 121
160 259
176 275
87 186
64 163
3 102
124 223
133 232
105 204
87 186
162 261
9 108
137 236
63 162
196 295
62 161
66 165
32 131
161 260
154 253
56 155
85 184
78 177
31 130
41 140
103 202
148 247
188 287
154 253
105 204
25 124
116 215
186 285
58 157
11 110
168 267
111 210
88 187
144 243
192 291
60 159
99 198
119 218
104 203
129 228
73 172
1 100
192 291
132 231
134 233
44 143
58 157
188 287
118 217
187 286
194 293
175 274
117 216
63 162
0 99
84 183
34 133
99 198
6 105
70 169
52 151
45 144
36 135
65 164
35 134
49 148
113 212
123 222
127 226
139 238
51 150
25 124
174 273
27 126
40 139
1 100
7 106
31 130
155 254
89 188
35 134
150 249
70 169
16 115
109 208
65 164
13 112
144 243
113 212
36 135
164 263
115 214
178 277
194 293
13 112
125 224
31 130
82 181
58 157
28 127
184 283
142 241
177 276
174 273
29 128
49 148
75 174
11 110
34 133
70 169
113 212
12 111
120 219
95 194
156 255
138 237
27 126
75 174
102 201
89 188
102 201
155 254
172 271
119 218
55 154
126 225
134 233
51 150
23 122
18 117
100 199
49 148
93 192
154 253
118 217
176 275
124 223
139 238
84 183
167 266
68 167
15 114
102 201
159 258
150 249
67 166
49 148
49 148
177 276
41 140
88 187
120 219
64 163
78 177
81 180
148 247
43 142
25 124
50 149
21 120
58 157
147 246
7 106
176 275
133 232
184 283
52 151
133 232
57 156
135 234
6 105
75 174
129 228
110 209
153 252
174 273
35 134
122 221
157 256
66 165
45 144
112 211
157 256
143 242
131 230
183 282
162 261
96 195
2 101
173 272
189 288
138 237
67 166
134 233
178 277
157 256
192 291
136 235
147 246
26 125
167 266
27 126
98 197
130 229
180 279
119 218
179 278
67 166
106 205
126 225
152 251
17 116
123 222
30 129
93 192
139 238
144 243
95 194
37 136
180 279
123 222
130 229
0 99
86 185
176 275
26 125
57 156
79 178
97 196
196 295
171 270
157 256
85 184
19 118
130 229
195 294
109 208
2 101
115 214
74 173
40 139
122 221
18 117
25 124
81 180
2 101
189 288
14 113
70 169
179 278
149 248
49 148
60 159
12 111
188 287
40 139
120 219
115 214
17 116
30 129
143 242
47 146
179 278
22 121
40 139
149 248
107 206
82 181
19 118
98 197
40 139
132 231
151 250
137 236
125 224
141 240
116 215
78 177
142 241
177 276
143 242
3 102
86 185
67 166
191 290
91 190
59 158
24 123
126 225
133 232
163 262
125 224
19 118
108 207
8 107
79 178
58 157
64 163
167 266
2 101
71 170
25 124
8 107
79 178
104 203
46 145
183 282
140 239
146 245
145 244
13 112
116 215
177 276
14 113
105 204
175 274
169 268
89 188
167 266
32 131
83 182
103 202
51 150
88 187
28 127
182 281
73 172
165 264
68 167
165 264
187 286
135 234
196 295
153 252
12 111
127 226
54 153
102 201
117 216
41 140
178 277
139 238
18 117
89 188
142 241
192 291
165 264
74 173
197 296
39 138
131 230
91 190
49 148
78 177
60 159
143 242
173 272
197 296
42 141
133 232
112 211
187 286
165 264
122 221
97 196
171 270
155 254
17 116
147 246
197 296
111 210
192 291
36 135
1 100
114 213
184 283
17 116
156 255
155 254
71 170
153 252
179 278
0 99
169 268
175 274
169 268
91 190
95 194
137 236
180 279
187 286
164 263
116 215
133 232
59 158
32 131
118 217
3 102
148 247
46 145
51 150
15 114
183 282
38 137
167 266
22 121
42 141
42 141
5 104
73 172
30 129
77 176
19 118
97 196
37 136
67 166
124 223
60 159
171 270
44 143
185 284
138 237
48 147
148 247
155 254
109 208
7 106
100 199
35 134
168 267
123 222
17 116
75 174
106 205
197 296
29 128
52 151
189 288
174 273
114 213
13 112
19 118
73 172
70 169
92 191
135 234
153 252
11 110
61 160
20 119
1 100
39 138
20 119
92 191
78 177
93 192
94 193
63 162
172 271
42 141
148 247
12 111
20 119
134 233
124 223
72 171
39 138
141 240
4 103
193 292
104 203
79 178
113 212
125 224
157 256
192 291
144 243
171 270
109 208
183 282
84 183
133 232
73 172
18 117
18 117
16 115
169 268
157 256
153 252
29 128
79 178
80 179
54 153
89 188
114 213
157 256
54 153
6 105
100 199
197 296
146 245
116 215
179 278
182 281
11 110
191 290
189 288
132 231
95 194
71 170
5 104
174 273
30 129
118 217
41 140
76 175
187 286
166 265
160 259
30 129
191 290
192 291
131 230
8 107
165 264
15 114
57 156
155 254
39 138
188 287
21 120
82 181
31 130
144 243
61 160
195 294
22 121
147 246
134 233
40 139
186 285
86 185
134 233
107 206
10 109
15 114
26 125
144 243
96 195
105 204
91 190
160 259
159 258
173 272
197 296
6 105
89 188
75 174
26 125
136 235
183 282
75 174
148 247
30 129
175 274
170 269
15 114
123 222
97 196
65 164
36 135
77 176
173 272
119 218
106 205
16 115
55 154
43 142
80 179
106 205
177 276
180 279
43 142
21 120
139 238
176 275
133 232
90 189
153 252
45 144
15 114
109 208
119 218
5 104
84 183
105 204
179 278
125 224
174 273
143 242
11 110
185 284
48 147
157 256
69 168
180 279
150 249
162 261
154 253
177 276
105 204
87 186
107 206
156 255
9 108
70 169
153 252
133 232
25 124
22 121
13 112
185 284
26 125
18 117
0 99
76 175
168 267
7 106
100 199
90 189
45 144
86 185
164 263
160 259
56 155
158 257
31 130
64 163
13 112
163 262
27 126
176 275
123 222
21 120
142 241
18 117
33 132
3 102
56 155
81 180
95 194
113 212
45 144
69 168
156 255
80 179
44 143
117 216
129 228
51 150
87 186
94 193
191 290
172 271
37 136
123 222
69 168
70 169
10 109
49 148
24 123
163 262
70 169
58 157
133 232
29 128
51 150
189 288
181 280
53 152
121 220
98 197
139 238
71 170
88 187
25 124
175 274
75 174
105 204
116 215
55 154
102 201
9 108
165 264
62 161
84 183
55 154
52 151
162 261
69 168
110 209
92 191
10 109
76 175
10 109
159 258
154 253
121 220
128 227
14 113
85 184
48 147
154 253
47 146
123 222
98 197
108 207
25 124
0 99
195 294
153 252
148 247
186 285
62 161
139 238
28 127
74 173
68 167
4 103
84 183
33 132
136 235
40 139
82 181
35 134
73 172
50 149
67 166
124 223
134 233
141 240
94 193
69 168
195 294
101 200
97 196
85 184
142 241
59 158
84 183
20 119
25 124
190 289
175 274
103 202
152 251
76 175
182 281
159 258
142 241
175 274
79 178
171 270
126 225
77 176
110 209
150 249
187 286
111 210
164 263
175 274
187 286
196 295
150 249
44 143
34 133
157 256
120 219
119 218
172 271
5 104
87 186
19 118
41 140
156 255
146 245
119 218
85 184
54 153
20 119
13 112
21 120
151 250
0 99
191 290
140 239
73 172
106 205
148 247
97 196
41 140
14 113
27 126
101 200
134 233
37 136
35 134
60 159
115 214
54 153
154 253
15 114
116 215
50 149
11 110
156 255
175 274
123 222
46 145
64 163
103 202
1 100
21 120
186 285
188 287
166 265
0 99
70 169
73 172
150 249
5 104
132 231
124 223
5 104
188 287
4 103
157 256
126 225
48 147
130 229
3 102
58 157
65 164
71 170
152 251
31 130
126 225
151 250
145 244
24 123
186 285
42 141
148 247
114 213
54 153
4 103
100 199
114 213
0 99
161 260
188 287
137 236
15 114
14 113
17 116
125 224
31 130
47 146
91 190
78 177
65 164
15 114
172 271
83 182
19 118
96 195
69 168
99 198
45 144
91 190
34 133
129 228
111 210
57 156
63 162
60 159
46 145
30 129
99 198
118 217
124 223
137 236
51 150
103 202
5 104
194 293
128 227
94 193
134 233
149 248
122 221
87 186
182 281
193 292
16 115
81 180
165 264
12 111
192 291
63 162
152 251
150 249
65 164
30 129
169 268
77 176
148 247
154 253
124 223
118 217
44 143
52 151
108 207
101 200
30 129
163 262
191 290
46 145
46 145
52 151
164 263
10 109
40 139
188 287
1 100
38 137
196 295
61 160
169 268
34 133
141 240
84 183
80 179
46 145
157 256
22 121
13 112
60 159
108 207
180 279
44 143
14 113
129 228
33 132
16 115
100 199
33 132
142 241
63 162
117 216
10 109
82 181
77 176
71 170
74 173
66 165
74 173
86 185
190 289
21 120
145 244
167 266
30 129
192 291
106 205
163 262
31 130
61 160
65 164
59 158
38 137
11 110
114 213
146 245
190 289
3 102
127 226
21 120
73 172
9 108
155 254
2 101
117 216
22 121
27 126
59 158
90 189
43 142
43 142
137 236
186 285
94 193
7 106
141 240
39 138
42 141
160 259
17 116
150 249
187 286
184 283
105 204
27 126
10 109
19 118
137 236
93 192
76 175
42 141
28 127
188 287
129 228
122 221
182 281
42 141
63 162
165 264
115 214
65 164
128 227
141 240
22 121
80 179
153 252
152 251
5 104
129 228
69 168
119 218
184 283
48 147
56 155
69 168
192 291
11 110
113 212
145 244
109 208
84 183
54 153
83 182
112 211
68 167
147 246
137 236
149 248
164 263
109 208
186 285
31 130
52 151
121 220
62 161
70 169
147 246
20 119
78 177
94 193
150 249
60 159
49 148
131 230
157 256
84 183
117 216
77 176
122 221
24 123
15 114
154 253
135 234
94 193
66 165
67 166
98 197
3 102
182 281
104 203
192 291
39 138
39 138
149 248
65 164
185 284
99 198
10 109
104 203
152 251
13 112
5 104
135 234
158 257
195 294
81 180
43 142
84 183
43 142
150 249
192 291
21 120
22 121
41 140
102 201
5 104
90 189
121 220
176 275
42 141
74 173
26 125
105 204
109 208
51 150
88 187
165 264
47 146
153 252
144 243
128 227
64 163
62 161
52 151
28 127
163 262
6 105
9 108
45 144
175 274
90 189
83 182
35 134
120 219
79 178
13 112
31 130
155 254
7 106
150 249
25 124
22 121
105 204
182 281
137 236
62 161
196 295
62 161
186 285
171 270
51 150
150 249
43 142
183 282
9 108
96 195
62 161
27 126
37 136
6 105
124 223
170 269
174 273
173 272
144 243
106 205
130 229
73 172
11 110
163 262
15 114
61 160
53 152
73 172
148 247
139 238
181 280
30 129
122 221
96 195
67 166
140 239
69 168
28 127
188 287
122 221
164 263
29 128
156 255
112 211
52 151
74 173
133 232
25 124
73 172
100 199
93 192
39 138
24 123
132 231
2 101
3 102
50 149
98 197
46 145
181 280
70 169
105 204
158 257
20 119
36 135
137 236
54 153
185 284
159 258
72 171
178 277
185 284
156 255
82 181
169 268
154 253
41 140
139 238
92 191
56 155
117 216
126 225
0 99
180 279
114 213
145 244
106 205
183 282
197 296
59 158
64 163
164 263
101 200
174 273
1 100
22 121
29 128
76 175
140 239
173 272
120 219
146 245
101 200
128 227
46 145
159 258
130 229
39 138
33 132
29 128
58 157
135 234
110 209
31 130
32 131
14 113
74 173
104 203
101 200
136 235
119 218
124 223
76 175
78 177
122 221
5 104
36 135
38 137
68 167
86 185
154 253
86 185
95 194
149 248
107 206
97 196
71 170
165 264
91 190
11 110
72 171
71 170
188 287
42 141
67 166
45 144
110 209
137 236
186 285
15 114
116 215
57 156
143 242
93 192
16 115
149 248
44 143
0 99
197 296
60 159
106 205
92 191
82 181
171 270
138 237
126 225
60 159
118 217
78 177
52 151
101 200
82 181
29 128
84 183
36 135
192 291
65 164
105 204
107 206
43 142
185 284
45 144
44 143
29 128
67 166
1 100
167 266
155 254
176 275
41 140
29 128
152 251
15 114
38 137
160 259
173 272
37 136
35 134
7 106
40 139
191 290
92 191
57 156
170 269
53 152
152 251
28 127
126 225
68 167
39 138
152 251
81 180
192 291
35 134
81 180
98 197
137 236
13 112
100 199
54 153
151 250
87 186
114 213
103 202
131 230
155 254
189 288
117 216
174 273
159 258
63 162
124 223
38 137
190 289
10 109
5 104
33 132
177 276
0 99
59 158
3 102
73 172
16 115
85 184
39 138
92 191
119 218
136 235
147 246
170 269
184 283
31 130
124 223
141 240
124 223
91 190
155 254
188 287
138 237
82 181
112 211
179 278
90 189
100 199
119 218
147 246
181 280
132 231
84 183
93 192
173 272
142 241
185 284
104 203
156 255
86 185
93 192
158 257
78 177
116 215
61 160
128 227
109 208
16 115
73 172
50 149
13 112
41 140
99 198
175 274
136 235
128 227
66 165
126 225
153 252
68 167
16 115
84 183
67 166
195 294
10 109
197 296
5 104
168 267
127 226
68 167
96 195
92 191
63 162
27 126
42 141
102 201
84 183
118 217
93 192
122 221
63 162
10 109
15 114
194 293
119 218
34 133
18 117
182 281
160 259
104 203
16 115
96 195
37 136
145 244
40 139
149 248
181 280
76 175
44 143
24 123
110 209
44 143
106 205
17 116
101 200
123 222
105 204
86 185
97 196
154 253
55 154
44 143
69 168
161 260
41 140
90 189
36 135
103 202
118 217
100 199
115 214
171 270
124 223
96 195
151 250
130 229
101 200
86 185
125 224
116 215
189 288
2 101
154 253
159 258
187 286
190 289
87 186
54 153
57 156
164 263
187 286
57 156
109 208
106 205
73 172
134 233
179 278
165 264
196 295
64 163
17 116
87 186
98 197
29 128
171 270
197 296
47 146
194 293
15 114
79 178
166 265
6 105
114 213
190 289
118 217
157 256
135 234
147 246
180 279
113 212
164 263
1 100
126 225
139 238
3 102
172 271
82 181
6 105
19 118
190 289
16 115
133 232
71 170
0 99
78 177
40 139
59 158
21 120
168 267
87 186
170 269
126 225
160 259
14 113
125 224
25 124
50 149
116 215
7 106
42 141
61 160
66 165
182 281
30 129
155 254
46 145
189 288
41 140
108 207
143 242
124 223
19 118
190 289
64 163
117 216
84 183
86 185
19 118
152 251
5 104
122 221
76 175
89 188
12 111
118 217
52 151
131 230
115 214
132 231
20 119
16 115
17 116
90 189
197 296
147 246
103 202
132 231
169 268
165 264
191 290
180 279
93 192
173 272
131 230
166 265
9 108
63 162
106 205
166 265
19 118
191 290
2 101
117 216
35 134
85 184
111 210
97 196
139 238
76 175
77 176
31 130
91 190
176 275
150 249
3 102
121 220
6 105
35 134
173 272
59 158
172 271
90 189
188 287
93 192
57 156
63 162
67 166
9 108
111 210
137 236
169 268
128 227
197 296
23 122
128 227
142 241
93 192
106 205
58 157
44 143
28 127
185 284
109 208
31 130
153 252
59 158
167 266
76 175
85 184
56 155
186 285
82 181
49 148
159 258
91 190
165 264
144 243
123 222
31 130
127 226
89 188
66 165
13 112
125 224
162 261
93 192
158 257
145 244
57 156
174 273
27 126
157 256
12 111
157 256
147 246
13 112
184 283
35 134
123 222
170 269
55 154
19 118
155 254
50 149
120 219
47 146
98 197
85 184
108 207
15 114
164 263
62 161
181 280
47 146
98 197
77 176
103 202
145 244
165 264
83 182
146 245
36 135
14 113
38 137
96 195
177 276
30 129
187 286
12 111
8 107
122 221
15 114
41 140
34 133
72 171
123 222
86 185
1 100
128 227
106 205
134 233
162 261
180 279
59 158
108 207
118 217
59 158
68 167
173 272
15 114
190 289
7 106
10 109
58 157
171 270
63 162
94 193
32 131
99 198
120 219
119 218
38 137
59 158
91 190
119 218
92 191
140 239
134 233
16 115
159 258
146 245
40 139
181 280
24 123
178 277
152 251
48 147
116 215
140 239
150 249
69 168
69 168
167 266
160 259
14 113
129 228
174 273
180 279
25 124
169 268
72 171
152 251
35 134
195 294
64 163
39 138
151 250
31 130
90 189
140 239
110 209
168 267
57 156
123 222
100 199
125 224
165 264
27 126
193 292
118 217
24 123
66 165
140 239
59 158
139 238
33 132
103 202
140 239
104 203
10 109
102 201
174 273
173 272
136 235
102 201
113 212
7 106
66 165
162 261
184 283
160 259
165 264
177 276
161 260
19 118
15 114
84 183
141 240
105 204
115 214
52 151
112 211
79 178
108 207
54 153
97 196
133 232
60 159
2 101
122 221
145 244
15 114
100 199
63 162
57 156
140 239
31 130
69 168
175 274
37 136
102 201
192 291
81 180
110 209
15 114
116 215
1 100
95 194
105 204
70 169
173 272
149 248
99 198
132 231
3 102
155 254
115 214
95 194
57 156
93 192
11 110
155 254
74 173
153 252
97 196
158 257
144 243
98 197
6 105
80 179
148 247
127 226
76 175
110 209
147 246
37 136
57 156
54 153
33 132
145 244
12 111
89 188
85 184
125 224
159 258
55 154
126 225
130 229
69 168
113 212
170 269
31 130
38 137
175 274
177 276
87 186
96 195
175 274
35 134
54 153
177 276
93 192
33 132
11 110
80 179
111 210
173 272
94 193
122 221
163 262
124 223
92 191
151 250
50 149
175 274
133 232
63 162
76 175
64 163
21 120
172 271
127 226
53 152
104 203
55 154
24 123
91 190
133 232
30 129
88 187
149 248
186 285
101 200
62 161
107 206
156 255
93 192
120 219
161 260
102 201
48 147
126 225
49 148
101 200
69 168
194 293
52 151
36 135
59 158
183 282
20 119
139 238
143 242
127 226
58 157
20 119
191 290
74 173
108 207
117 216
136 235
30 129
113 212
185 284
174 273
64 163
127 226
67 166
142 241
85 184
8 107
189 288
188 287
109 208
189 288
109 208
179 278
113 212
1 100
72 171
107 206
33 132
131 230
20 119
126 225
126 225
67 166
124 223
145 244
65 164
101 200
11 110
33 132
88 187
33 132
141 240
78 177
135 234
98 197
94 193
98 197
104 203
34 133
80 179
61 160
11 110
121 220
151 250
152 251
16 115
71 170
171 270
42 141
184 283
73 172
33 132
93 192
1 100
159 258
142 241
42 141
144 243
113 212
172 271
164 263
194 293
177 276
84 183
185 284
145 244
11 110
142 241
104 203
84 183
1 100
135 234
161 260
5 104
125 224
9 108
37 136
66 165
176 275
51 150
41 140
9 108
139 238
41 140
36 135
60 159
90 189
5 104
82 181
190 289
103 202
12 111
143 242
30 129
27 126
13 112
130 229
19 118
66 165
60 159
65 164
183 282
92 191
94 193
159 258
128 227
106 205
181 280
33 132
116 215
108 207
36 135
174 273
98 197
40 139
168 267
51 150
81 180
134 233
31 130
5 104
108 207
36 135
38 137
88 187
95 194
72 171
0 99
160 259
44 143
126 225
130 229
134 233
155 254
149 248
78 177
13 112
101 200
57 156
65 164
182 281
115 214
162 261
34 133
151 250
168 267
147 246
12 111
4 103
11 110
195 294
192 291
144 243
150 249
0 99
117 216
169 268
43 142
151 250
29 128
111 210
138 237
24 123
136 235
196 295
125 224
101 200
18 117
38 137
126 225
108 207
156 255
153 252
123 222
124 223
153 252
77 176
162 261
101 200
66 165
54 153
144 243
168 267
60 159
47 146
25 124
125 224
84 183
114 213
28 127
20 119
123 222
56 155
152 251
84 183
100 199
6 105
94 193
30 129
98 197
97 196
112 211
108 207
168 267
120 219
149 248
0 99
82 181
8 107
144 243
143 242
33 132
180 279
69 168
95 194
10 109
45 144
7 106
74 173
150 249
10 109
196 295
159 258
0 99
11 110
137 236
165 264
104 203
62 161
158 257
93 192
19 118
107 206
76 175
0 99
140 239
22 121
77 176
148 247
39 138
33 132
143 242
42 141
136 235
126 225
132 231
97 196
147 246
59 158
148 247
119 218
31 130
1 100
157 256
77 176
147 246
138 237
89 188
96 195
75 174
182 281
80 179
121 220
62 161
34 133
97 196
40 139
169 268
88 187
15 114
194 293
196 295
170 269
73 172
30 129
132 231
97 196
127 226
135 234
193 292
134 233
89 188
1 100
102 201
84 183
13 112
42 141
74 173
110 209
22 121
25 124
171 270
138 237
156 255
79 178
107 206
173 272
63 162
17 116
8 107
123 222
59 158
160 259
73 172
46 145
47 146
167 266
4 103
118 217
10 109
125 224
41 140
112 211
39 138
141 240
196 295
70 169
67 166
166 265
130 229
31 130
107 206
0 99
14 113
179 278
41 140
119 218
10 109
106 205
27 126
147 246
127 226
157 256
94 193
77 176
78 177
27 126
86 185
146 245
116 215
93 192
162 261
102 201
170 269
27 126
41 140
79 178
136 235
101 200
91 190
145 244
72 171
77 176
6 105
144 243
94 193
111 210
40 139
132 231
68 167
52 151
32 131
11 110
14 113
24 123
128 227
100 199
86 185
30 129
170 269
171 270
65 164
178 277
23 122
149 248
63 162
13 112
92 191
167 266
43 142
186 285
158 257
181 280
88 187
167 266
136 235
32 131
42 141
150 249
123 222
164 263
49 148
127 226
128 227
37 136
188 287
63 162
101 200
196 295
25 124
129 228
187 286
71 170
195 294
58 157
175 274
166 265
4 103
87 186
124 223
79 178
93 192
21 120
102 201
123 222
0 99
141 240
106 205
102 201
81 180
14 113
160 259
93 192
172 271
178 277
154 253
36 135
112 211
34 133
193 292
103 202
128 227
145 244
125 224
19 118
45 144
47 146
93 192
10 109
76 175
181 280
73 172
40 139
192 291
158 257
72 171
58 157
151 250
130 229
172 271
176 275
135 234
124 223
103 202
93 192
135 234
15 114
187 286
157 256
58 157
78 177
194 293
166 265
38 137
142 241
191 290
14 113
138 237
62 161
40 139
84 183
108 207
73 172
20 119
82 181
163 262
127 226
101 200
44 143
11 110
69 168
120 219
79 178
141 240
111 210
68 167
88 187
34 133
82 181
5 104
57 156
2 101
103 202
186 285
88 187
79 178
42 141
94 193
16 115
187 286
160 259
6 105
144 243
98 197
87 186
160 259
170 269
179 278
99 198
61 160
102 201
72 171
103 202
45 144
184 283
119 218
63 162
61 160
75 174
77 176
145 244
111 210
35 134
51 150
59 158
128 227
72 171
87 186
193 292
88 187
151 250
67 166
54 153
12 111
96 195
88 187
72 171
114 213
41 140
1 100
147 246
26 125
24 123
178 277
128 227
137 236
145 244
145 244
178 277
177 276
40 139
188 287
155 254
123 222
23 122
188 287
2 101
38 137
155 254
35 134
136 235
23 122
85 184
145 244
62 161
158 257
64 163
126 225
85 184
83 182
148 247
11 110
100 199
43 142
115 214
105 204
3 102
162 261
173 272
111 210
74 173
177 276
67 166
82 181
69 168
66 165
143 242
67 166
58 157
69 168
72 171
27 126
127 226
145 244
106 205
183 282
131 230
157 256
169 268
57 156
63 162
82 181
78 177
47 146
9 108
142 241
87 186
133 232
78 177
83 182
55 154
150 249
122 221
113 212
93 192
21 120
183 282
34 133
63 162
12 111
167 266
193 292
10 109
103 202
77 176
151 250
43 142
171 270
94 193
149 248
97 196
111 210
144 243
119 218
98 197
6 105
69 168
82 181
143 242
83 182
19 118
70 169
12 111
163 262
190 289
7 106
20 119
100 199
67 166
176 275
20 119
173 272
156 255
20 119
1 100
60 159
31 130
28 127
85 184
72 171
59 158
112 211
149 248
158 257
34 133
64 163
180 279
91 190
137 236
167 266
148 247
73 172
169 268
149 248
192 291
162 261
135 234
127 226
92 191
52 151
176 275
148 247
5 104
85 184
30 129
87 186
192 291
164 263
1 100
122 221
72 171
129 228
54 153
187 286
130 229
152 251
92 191
170 269
37 136
131 230
94 193
130 229
86 185
99 198
27 126
66 165
118 217
195 294
121 220
108 207
45 144
141 240
68 167
153 252
40 139
52 151
133 232
152 251
4 103
61 160
167 266
107 206
101 200
129 228
0 99
181 280
94 193
141 240
164 263
165 264
108 207
48 147
78 177
156 255
116 215
66 165
189 288
134 233
155 254
90 189
158 257
121 220
134 233
184 283
71 170
133 232
53 152
157 256
12 111
12 111
24 123
94 193
11 110
60 159
88 187
18 117
120 219
30 129
13 112
45 144
112 211
12 111
89 188
127 226
141 240
187 286
129 228
165 264
25 124
27 126
28 127
95 194
165 264
17 116
197 296
195 294
179 278
113 212
145 244
78 177
155 254
195 294
26 125
100 199
154 253
153 252
74 173
184 283
81 180
185 284
48 147
86 185
33 132
24 123
115 214
117 216
29 128
113 212
101 200
141 240
174 273
57 156
133 232
193 292
105 204
141 240
173 272
36 135
127 226
167 266
74 173
154 253
65 164
187 286
117 216
171 270
193 292
82 181
19 118
103 202
141 240
124 223
52 151
160 259
51 150
54 153
70 169
21 120
132 231
185 284
178 277
113 212
154 253
75 174
157 256
136 235
4 103
53 152
10 109
60 159
17 116
84 183
76 175
170 269
195 294
4 103
112 211
150 249
84 183
161 260
14 113
62 161
118 217
43 142
52 151
77 176
70 169
132 231
4 103
50 149
32 131
86 185
28 127
195 294
140 239
27 126
66 165
51 150
144 243
133 232
188 287
22 121
174 273
24 123
167 266
175 274
188 287
102 201
138 237
37 136
47 146
8 107
135 234
33 132
147 246
119 218
149 248
73 172
82 181
38 137
30 129
83 182
63 162
17 116
186 285
98 197
166 265
5 104
158 257
78 177
26 125
161 260
54 153
139 238
54 153
154 253
85 184
93 192
182 281
84 183
45 144
29 128
140 239
76 175
8 107
125 224
38 137
114 213
166 265
149 248
117 216
103 202
147 246
78 177
117 216
125 224
12 111
42 141
109 208
79 178
25 124
133 232
172 271
68 167
164 263
9 108
165 264
48 147
138 237
70 169
78 177
99 198
118 217
39 138
39 138
178 277
67 166
113 212
68 167
82 181
184 283
31 130
164 263
33 132
91 190
58 157
129 228
60 159
119 218
133 232
177 276
38 137
104 203
150 249
114 213
118 217
71 170
187 286
21 120
180 279
190 289
68 167
74 173
43 142
68 167
77 176
4 103
42 141
152 251
144 243
140 239
31 130
43 142
26 125
35 134
73 172
83 182
162 261
167 266
52 151
126 225
133 232
126 225
37 136
76 175
95 194
43 142
58 157
45 144
196 295
62 161
31 130
155 254
37 136
115 214
100 199
159 258
62 161
166 265
136 235
166 265
86 185
22 121
150 249
104 203
14 113
96 195
70 169
67 166
49 148
6 105
133 232
169 268
162 261
71 170
162 261
181 280
97 196
5 104
150 249
71 170
27 126
66 165
173 272
64 163
194 293
52 151
121 220
9 108
56 155
55 154
188 287
85 184
23 122
72 171
101 200
183 282
10 109
40 139
47 146
146 245
7 106
169 268
73 172
183 282
156 255
195 294
56 155
20 119
82 181
60 159
170 269
129 228
81 180
93 192
160 259
70 169
15 114
73 172
145 244
124 223
16 115
68 167
171 270
73 172
186 285
88 187
54 153
102 201
196 295
58 157
141 240
114 213
13 112
16 115
14 113
79 178
179 278
176 275
145 244
102 201
33 132
72 171
143 242
58 157
191 290
152 251
185 284
132 231
175 274
159 258
33 132
85 184
6 105
113 212
91 190
0 99
97 196
15 114
51 150
153 252
79 178
189 288
61 160
64 163
57 156
128 227
124 223
53 152
147 246
121 220
148 247
102 201
24 123
0 99
79 178
58 157
61 160
77 176
166 265
170 269
54 153
158 257
32 131
181 280
157 256
184 283
56 155
18 117
115 214
175 274
112 211
189 288
164 263
160 259
75 174
16 115
88 187
78 177
59 158
17 116
150 249
104 203
32 131
35 134
47 146
90 189
126 225
106 205
59 158
111 210
133 232
88 187
19 118
112 211
139 238
145 244
151 250
182 281
19 118
64 163
183 282
142 241
49 148
86 185
45 144
160 259
109 208
1 100
46 145
137 236
148 247
176 275
153 252
145 244
163 262
174 273
140 239
114 213
197 296
34 133
140 239
151 250
186 285
21 120
62 161
36 135
20 119
98 197
35 134
178 277
112 211
180 279
183 282
9 108
36 135
164 263
134 233
97 196
48 147
22 121
184 283
25 124
9 108
178 277
19 118
193 292
181 280
73 172
20 119
106 205
168 267
188 287
120 219
189 288
141 240
89 188
101 200
33 132
18 117
39 138
50 149
192 291
176 275
159 258
140 239
31 130
94 193
140 239
8 107
171 270
119 218
113 212
19 118
25 124
134 233
30 129
126 225
178 277
24 123
1 100
23 122
130 229
105 204
181 280
142 241
44 143
184 283
129 228
8 107
11 110
59 158
194 293
89 188
166 265
83 182
186 285
88 187
135 234
147 246
150 249
8 107
181 280
90 189
111 210
108 207
47 146
156 255
94 193
70 169
79 178
30 129
44 143
26 125
71 170
85 184
145 244
34 133
11 110
18 117
37 136
152 251
130 229
20 119
152 251
34 133
110 209
90 189
15 114
1 100
150 249
151 250
67 166
183 282
11 110
60 159
188 287
42 141
164 263
36 135
144 243
106 205
153 252
93 192
86 185
138 237
38 137
49 148
144 243
109 208
195 294
14 113
19 118
108 207
29 128
65 164
84 183
91 190
31 130
106 205
53 152
151 250
66 165
136 235
32 131
81 180
22 121
193 292
13 112
165 264
46 145
25 124
47 146
109 208
131 230
195 294
91 190
108 207
167 266
183 282
118 217
16 115
12 111
136 235
188 287
178 277
87 186
90 189
136 235
117 216
40 139
188 287
16 115
120 219
76 175
11 110
46 145
0 99
104 203
76 175
162 261
125 224
103 202
61 160
88 187
35 134
78 177
106 205
102 201
183 282
74 173
95 194
122 221
67 166
91 190
114 213
14 113
24 123
8 107
63 162
90 189
24 123
108 207
73 172
57 156
168 267
3 102
4 103
51 150
28 127
87 186
3 102
138 237
152 251
191 290
25 124
148 247
99 198
87 186
143 242
125 224
12 111
68 167
65 164
41 140
116 215
192 291
189 288
162 261
127 226
14 113
97 196
59 158
9 108
23 122
155 254
74 173
168 267
13 112
105 204
172 271
84 183
117 216
115 214
166 265
17 116
121 220
150 249
143 242
49 148
166 265
179 278
49 148
150 249
196 295
19 118
172 271
117 216
49 148
82 181
155 254
129 228
0 99
189 288
155 254
31 130
112 211
28 127
33 132
120 219
69 168
54 153
79 178
176 275
40 139
75 174
109 208
117 216
141 240
187 286
165 264
183 282
172 271
138 237
88 187
186 285
0 99
29 128
102 201
162 261
131 230
177 276
172 271
61 160
160 259
192 291
65 164
171 270
99 198
101 200
183 282
31 130
1 100
120 219
82 181
29 128
138 237
194 293
159 258
82 181
76 175
164 263
149 248
28 127
29 128
104 203
34 133
104 203
138 237
162 261
180 279
102 201
127 226
87 186
95 194
83 182
153 252
175 274
177 276
180 279
6 105
104 203
68 167
179 278
83 182
3 102
23 122
159 258
104 203
69 168
11 110
146 245
127 226
27 126
76 175
20 119
186 285
194 293
116 215
132 231
89 188
119 218
186 285
117 216
67 166
183 282
17 116
85 184
48 147
55 154
177 276
136 235
103 202
91 190
43 142
84 183
131 230
179 278
81 180
188 287
16 115
131 230
162 261
57 156
9 108
194 293
29 128
85 184
154 253
188 287
29 128
66 165
71 170
163 262
54 153
26 125
87 186
77 176
7 106
131 230
130 229
16 115
172 271
154 253
114 213
127 226
93 192
135 234
51 150
34 133
74 173
128 227
0 99
81 180
190 289
93 192
28 127
97 196
186 285
188 287
46 145
108 207
114 213
82 181
35 134
108 207
67 166
117 216
91 190
57 156
71 170
114 213
24 123
43 142
119 218
111 210
21 120
178 277
6 105
17 116
89 188
168 267
17 116
13 112
104 203
111 210
168 267
172 271
39 138
100 199
141 240
197 296
25 124
39 138
71 170
182 281
12 111
189 288
81 180
27 126
175 274
145 244
74 173
99 198
159 258
167 266
168 267
66 165
139 238
141 240
145 244
138 237
113 212
188 287
40 139
63 162
155 254
5 104
19 118
112 211
153 252
163 262
165 264
41 140
128 227
99 198
13 112
32 131
113 212
102 201
150 249
55 154
84 183
100 199
65 164
18 117
191 290
77 176
61 160
112 211
55 154
90 189
47 146
167 266
97 196
15 114
148 247
123 222
70 169
4 103
94 193
186 285
83 182
37 136
84 183
17 116
80 179
70 169
177 276
1 100
123 222
137 236
175 274
191 290
165 264
88 187
194 293
3 102
61 160
149 248
139 238
15 114
75 174
62 161
186 285
128 227
196 295
41 140
93 192
42 141
124 223
146 245
136 235
139 238
84 183
167 266
185 284
188 287
88 187
31 130
146 245
27 126
94 193
43 142
133 232
146 245
105 204
116 215
51 150
102 201
153 252
173 272
187 286
60 159
171 270
155 254
36 135
77 176
139 238
114 213
137 236
4 103
123 222
68 167
108 207
97 196
33 132
110 209
21 120
192 291
78 177
4 103
173 272
119 218
38 137
87 186
100 199
36 135
134 233
69 168
60 159
45 144
129 228
79 178
179 278
98 197
132 231
159 258
26 125
112 211
55 154
42 141
47 146
114 213
20 119
0 99
96 195
71 170
143 242
161 260
8 107
125 224
197 296
192 291
48 147
28 127
28 127
45 144
197 296
175 274
98 197
132 231
87 186
53 152
83 182
118 217
96 195
138 237
83 182
177 276
152 251
94 193
70 169
159 258
43 142
15 114
189 288
150 249
94 193
136 235
5 104
156 255
99 198
10 109
188 287
161 260
55 154
34 133
150 249
118 217
134 233
112 211
24 123
62 161
115 214
152 251
90 189
127 226
101 200
23 122
64 163
120 219
4 103
194 293
180 279
125 224
193 292
27 126
108 207
57 156
6 105
192 291
136 235
130 229
52 151
14 113
120 219
102 201
165 264
120 219
4 103
127 226
116 215
5 104
157 256
71 170
159 258
93 192
6 105
98 197
85 184
181 280
8 107
193 292
107 206
96 195
163 262
29 128
71 170
177 276
62 161
100 199
149 248
156 255
38 137
7 106
193 292
116 215
181 280
116 215
18 117
135 234
4 103
11 110
82 181
95 194
49 148
20 119
155 254
191 290
42 141
97 196
87 186
85 184
88 187
30 129
187 286
116 215
125 224
45 144
194 293
73 172
93 192
140 239
87 186
1 100
196 295
123 222
18 117
197 296
18 117
93 192
28 127
186 285
105 204
93 192
185 284
123 222
60 159
141 240
20 119
81 180
176 275
117 216
90 189
181 280
131 230
86 185
147 246
45 144
85 184
159 258
133 232
166 265
40 139
127 226
32 131
18 117
75 174
132 231
30 129
161 260
74 173
69 168
125 224
118 217
181 280
46 145
34 133
111 210
97 196
155 254
83 182
37 136
144 243
74 173
155 254
140 239
173 272
134 233
27 126
176 275
103 202
174 273
103 202
197 296
1 100
128 227
100 199
140 239
150 249
137 236
0 99
144 243
194 293
147 246
150 249
177 276
128 227
36 135
39 138
137 236
9 108
162 261
168 267
17 116
62 161
21 120
3 102
80 179
76 175
101 200
60 159
79 178
101 200
23 122
196 295
123 222
31 130
2 101
79 178
33 132
135 234
23 122
3 102
74 173
180 279
125 224
125 224
169 268
6 105
17 116
189 288
25 124
5 104
175 274
171 270
87 186
115 214
166 265
140 239
112 211
193 292
15 114
168 267
35 134
96 195
182 281
176 275
6 105
181 280
73 172
112 211
151 250
61 160
10 109
96 195
86 185
124 223
84 183
109 208
137 236
9 108
109 208
61 160
106 205
7 106
64 163
85 184
154 253
123 222
26 125
180 279
83 182
62 161
147 246
9 108
93 192
35 134
13 112
69 168
115 214
14 113
18 117
72 171
112 211
122 221
94 193
159 258
170 269
151 250
106 205
28 127
119 218
135 234
176 275
35 134
190 289
125 224
95 194
50 149
186 285
5 104
78 177
186 285
61 160
86 185
24 123
158 257
39 138
187 286
63 162
31 130
191 290
139 238
191 290
181 280
25 124
52 151
93 192
13 112
106 205
121 220
151 250
115 214
78 177
192 291
0 99
83 182
70 169
170 269
64 163
91 190
32 131
78 177
146 245
176 275
92 191
145 244
194 293
84 183
24 123
136 235
184 283
156 255
194 293
156 255
88 187
149 248
102 201
184 283
86 185
86 185
94 193
117 216
139 238
15 114
71 170
72 171
85 184
117 216
153 252
160 259
28 127
131 230
114 213
91 190
105 204
164 263
115 214
184 283
76 175
18 117
163 262
122 221
47 146
131 230
60 159
154 253
29 128
76 175
20 119
130 229
100 199
151 250
123 222
147 246
93 192
135 234
11 110
65 164
28 127
171 270
183 282
104 203
82 181
61 160
40 139
194 293
149 248
124 223
88 187
22 121
121 220
129 228
184 283
164 263
174 273
23 122
190 289
5 104
114 213
93 192
52 151
99 198
118 217
153 252
26 125
137 236
10 109
5 104
143 242
81 180
123 222
194 293
146 245
94 193
21 120
17 116
38 137
24 123
133 232
117 216
12 111
62 161
73 172
95 194
39 138
28 127
164 263
165 264
150 249
14 113
132 231
154 253
24 123
16 115
15 114
35 134
121 220
107 206
78 177
96 195
127 226
164 263
134 233
151 250
139 238
188 287
68 167
170 269
10 109
107 206
169 268
45 144
179 278
188 287
24 123
39 138
91 190
10 109
114 213
45 144
42 141
32 131
135 234
109 208
88 187
87 186
138 237
174 273
116 215
190 289
25 124
7 106
147 246
190 289
36 135
66 165
77 176
49 148
158 257
37 136
110 209
89 188
62 161
186 285
98 197
56 155
159 258
128 227
169 268
146 245
109 208
140 239
144 243
132 231
75 174
86 185
144 243
19 118
2 101
190 289
103 202
18 117
175 274
171 270
68 167
117 216
97 196
26 125
194 293
138 237
27 126
53 152
86 185
115 214
120 219
152 251
106 205
21 120
115 214
33 132
167 266
36 135
67 166
124 223
133 232
45 144
168 267
9 108
57 156
21 120
137 236
36 135
146 245
74 173
17 116
188 287
102 201
0 99
153 252
50 149
58 157
126 225
100 199
80 179
188 287
133 232
137 236
187 286
186 285
134 233
120 219
2 101
29 128
98 197
161 260
64 163
171 270
71 170
45 144
182 281
77 176
150 249
2 101
82 181
53 152
42 141
141 240
170 269
124 223
141 240
170 269
102 201
24 123
195 294
37 136
144 243
190 289
1 100
175 274
167 266
105 204
101 200
188 287
148 247
32 131
39 138
95 194
120 219
30 129
50 149
31 130
10 109
193 292
32 131
34 133
129 228
85 184
15 114
64 163
114 213
173 272
130 229
177 276
58 157
134 233
157 256
137 236
103 202
109 208
131 230
167 266
50 149
98 197
112 211
147 246
58 157
21 120
19 118
137 236
144 243
150 249
194 293
176 275
131 230
91 190
31 130
179 278
108 207
151 250
77 176
187 286
153 252
80 179
93 192
143 242
99 198
135 234
62 161
177 276
150 249
171 270
169 268
177 276
97 196
35 134
127 226
67 166
119 218
26 125
89 188
36 135
159 258
132 231
9 108
9 108
7 106
158 257
3 102
108 207
192 291
100 199
75 174
147 246
161 260
71 170
148 247
158 257
176 275
131 230
28 127
68 167
43 142
173 272
161 260
85 184
177 276
65 164
12 111
172 271
9 108
160 259
130 229
47 146
66 165
133 232
59 158
110 209
87 186
19 118
107 206
19 118
13 112
20 119
152 251
35 134
29 128
70 169
187 286
196 295
178 277
170 269
132 231
84 183
111 210
41 140
173 272
15 114
88 187
116 215
163 262
45 144
53 152
104 203
146 245
10 109
37 136
125 224
45 144
30 129
5 104
74 173
87 186
7 106
30 129
44 143
58 157
153 252
95 194
32 131
55 154
123 222
82 181
119 218
119 218
50 149
112 211
30 129
173 272
137 236
82 181
25 124
104 203
82 181
176 275
59 158
12 111
113 212
66 165
64 163
32 131
192 291
132 231
77 176
97 196
99 198
115 214
86 185
18 117
164 263
122 221
151 250
177 276
138 237
45 144
24 123
69 168
137 236
66 165
19 118
27 126
70 169
137 236
170 269
34 133
161 260
25 124
109 208
131 230
110 209
182 281
42 141
12 111
113 212
109 208
112 211
42 141
7 106
187 286
79 178
73 172
167 266
112 211
141 240
70 169
172 271
115 214
184 283
28 127
35 134
192 291
9 108
39 138
187 286
156 255
126 225
99 198
160 259
98 197
92 191
36 135
152 251
6 105
84 183
168 267
4 103
66 165
0 99
9 108
87 186
86 185
10 109
99 198
66 165
51 150
164 263
163 262
79 178
71 170
13 112
140 239
126 225
107 206
120 219
29 128
193 292
2 101
32 131
29 128
139 238
150 249
179 278
9 108
139 238
162 261
29 128
47 146
28 127
175 274
148 247
133 232
25 124
44 143
122 221
12 111
169 268
51 150
187 286
0 99
67 166
158 257
65 164
124 223
1 100
17 116
98 197
102 201
117 216
115 214
144 243
78 177
155 254
42 141
71 170
51 150
136 235
166 265
32 131
64 163
163 262
167 266
147 246
72 171
127 226
12 111
63 162
162 261
166 265
141 240
168 267
175 274
56 155
136 235
176 275
139 238
11 110
143 242
139 238
191 290
95 194
26 125
107 206
98 197
153 252
41 140
192 291
167 266
143 242
80 179
39 138
40 139
103 202
113 212
89 188
121 220
190 289
34 133
32 131
116 215
59 158
86 185
60 159
87 186
45 144
88 187
175 274
30 129
50 149
4 103
61 160
70 169
132 231
26 125
55 154
196 295
157 256
98 197
42 141
96 195
79 178
134 233
46 145
189 288
44 143
86 185
94 193
11 110
7 106
43 142
195 294
37 136
123 222
92 191
107 206
148 247
83 182
31 130
104 203
58 157
186 285
140 239
113 212
137 236
32 131
80 179
99 198
172 271
2 101
166 265
153 252
37 136
77 176
13 112
185 284
79 178
84 183
130 229
99 198
97 196
0 99
141 240
149 248
12 111
186 285
79 178
41 140
158 257
46 145
58 157
25 124
35 134
2 101
196 295
196 295
144 243
31 130
87 186
158 257
105 204
24 123
83 182
169 268
186 285
182 281
119 218
125 224
18 117
143 242
87 186
71 170
115 214
109 208
52 151
115 214
148 247
114 213
3 102
39 138
15 114
191 290
42 141
120 219
98 197
120 219
53 152
171 270
31 130
63 162
20 119
92 191
173 272
141 240
177 276
55 154
22 121
173 272
70 169
93 192
121 220
41 140
96 195
7 106
90 189
73 172
127 226
94 193
29 128
98 197
64 163
188 287
133 232
48 147
94 193
106 205
78 177
57 156
180 279
153 252
54 153
105 204
187 286
15 114
60 159
22 121
111 210
188 287
180 279
179 278
38 137
43 142
127 226
32 131
17 116
142 241
162 261
128 227
192 291
100 199
38 137
114 213
65 164
170 269
160 259
5 104
66 165
192 291
192 291
149 248
189 288
11 110
53 152
90 189
197 296
174 273
82 181
90 189
151 250
63 162
107 206
85 184
57 156
91 190
179 278
7 106
39 138
65 164
60 159
77 176
102 201
70 169
154 253
19 118
28 127
151 250
183 282
120 219
45 144
40 139
41 140
51 150
33 132
91 190
12 111
73 172
156 255
21 120
129 228
37 136
197 296
89 188
7 106
155 254
42 141
33 132
87 186
183 282
6 105
143 242
49 148
123 222
164 263
67 166
27 126
94 193
131 230
192 291
20 119
66 165
47 146
32 131
15 114
59 158
130 229
97 196
182 281
77 176
110 209
195 294
111 210
197 296
88 187
127 226
160 259
134 233
52 151
52 151
187 286
105 204
95 194
1 100
22 121
27 126
179 278
23 122
147 246
9 108
25 124
152 251
23 122
191 290
68 167
71 170
136 235
117 216
160 259
16 115
24 123
97 196
73 172
132 231
3 102
51 150
196 295
91 190
3 102
137 236
196 295
147 246
135 234
7 106
7 106
172 271
31 130
83 182
29 128
29 128
101 200
76 175
84 183
146 245
185 284
0 99
18 117
187 286
180 279
25 124
55 154
65 164
183 282
17 116
81 180
51 150
92 191
125 224
66 165
11 110
32 131
72 171
139 238
6 105
74 173
112 211
157 256
152 251
144 243
125 224
25 124
12 111
155 254
118 217
125 224
13 112
185 284
177 276
8 107
164 263
78 177
78 177
146 245
183 282
80 179
123 222
52 151
176 275
197 296
98 197
44 143
82 181
182 281
152 251
70 169
123 222
122 221
122 221
78 177
30 129
17 116
148 247
61 160
14 113
44 143
104 203
8 107
102 201
91 190
125 224
21 120
20 119
87 186
170 269
111 210
5 104
155 254
196 295
79 178
25 124
51 150
3 102
70 169
188 287
95 194
16 115
46 145
7 106
44 143
43 142
183 282
165 264
117 216
110 209
174 273
91 190
151 250
145 244
33 132
68 167
41 140
77 176
74 173
176 275
74 173
179 278
115 214
54 153
138 237
37 136
148 247
101 200
181 280
189 288
114 213
162 261
52 151
12 111
99 198
28 127
22 121
166 265
63 162
192 291
72 171
174 273
35 134
161 260
111 210
90 189
127 226
141 240
111 210
138 237
186 285
51 150
79 178
111 210
181 280
42 141
87 186
70 169
120 219
106 205
160 259
79 178
191 290
50 149
98 197
60 159
126 225
156 255
104 203
54 153
128 227
73 172
182 281
38 137
22 121
142 241
27 126
191 290
62 161
172 271
164 263
176 275
168 267
95 194
85 184
168 267
169 268
124 223
197 296
43 142
10 109
110 209
34 133
115 214
119 218
63 162
146 245
6 105
192 291
51 150
17 116
76 175
35 134
62 161
163 262
76 175
160 259
93 192
195 294
172 271
189 288
155 254
86 185
165 264
188 287
165 264
162 261
27 126
8 107
63 162
127 226
197 296
91 190
72 171
151 250
12 111
167 266
125 224
197 296
43 142
48 147
175 274
175 274
54 153
17 116
31 130
122 221
79 178
172 271
56 155
96 195
37 136
31 130
67 166
133 232
150 249
150 249
67 166
114 213
14 113
38 137
163 262
194 293
45 144
12 111
102 201
98 197
178 277
71 170
180 279
106 205
41 140
31 130
152 251
126 225
78 177
168 267
153 252
43 142
87 186
14 113
185 284
63 162
193 292
10 109
125 224
87 186
68 167
77 176
35 134
76 175
134 233
146 245
164 263
176 275
88 187
153 252
59 158
14 113
64 163
49 148
62 161
177 276
121 220
177 276
155 254
167 266
105 204
113 212
68 167
180 279
137 236
50 149
58 157
115 214
32 131
181 280
160 259
17 116
16 115
138 237
121 220
24 123
30 129
123 222
152 251
68 167
0 99
112 211
47 146
102 201
88 187
92 191
131 230
72 171
135 234
70 169
96 195
93 192
76 175
106 205
192 291
146 245
33 132
68 167
128 227
82 181
43 142
111 210
33 132
124 223
105 204
87 186
195 294
74 173
170 269
42 141
27 126
146 245
133 232
6 105
190 289
8 107
95 194
127 226
178 277
77 176
189 288
96 195
89 188
61 160
147 246
166 265
78 177
102 201
117 216
83 182
173 272
15 114
169 268
78 177
129 228
165 264
177 276
89 188
150 249
187 286
13 112
118 217
189 288
84 183
77 176
13 112
16 115
41 140
81 180
4 103
75 174
189 288
194 293
109 208
103 202
24 123
31 130
100 199
65 164
63 162
80 179
153 252
54 153
28 127
80 179
55 154
52 151
167 266
54 153
179 278
63 162
14 113
163 262
188 287
61 160
144 243
24 123
115 214
185 284
111 210
31 130
7 106
146 245
99 198
147 246
30 129
155 254
9 108
3 102
160 259
78 177
42 141
92 191
176 275
57 156
189 288
107 206
31 130
154 253
75 174
139 238
183 282
26 125
179 278
55 154
95 194
99 198
90 189
110 209
104 203
127 226
175 274
14 113
3 102
152 251
14 113
6 105
14 113
156 255
50 149
135 234
37 136
11 110
92 191
119 218
99 198
100 199
120 219
117 216
97 196
80 179
130 229
163 262
157 256
92 191
66 165
31 130
181 280
190 289
53 152
159 258
107 206
181 280
146 245
38 137
92 191
21 120
29 128
163 262
94 193
132 231
14 113
170 269
82 181
17 116
75 174
53 152
61 160
41 140
11 110
99 198
156 255
30 129
190 289
115 214
54 153
13 112
121 220
192 291
154 253
193 292
93 192
1 100
184 283
152 251
49 148
185 284
158 257
144 243
157 256
95 194
27 126
172 271
22 121
62 161
119 218
31 130
169 268
8 107
122 221
103 202
163 262
79 178
134 233
40 139
132 231
31 130
168 267
13 112
104 203
111 210
3 102
88 187
188 287
108 207
108 207
128 227
130 229
196 295
158 257
77 176
56 155
33 132
12 111
32 131
22 121
77 176
189 288
26 125
91 190
133 232
126 225
29 128
138 237
25 124
23 122
102 201
109 208
59 158
36 135
65 164
121 220
197 296
143 242
63 162
125 224
36 135
136 235
6 105
19 118
177 276
132 231
110 209
109 208
176 275
80 179
131 230
46 145
176 275
87 186
176 275
21 120
175 274
102 201
16 115
149 248
126 225
44 143
46 145
155 254
181 280
160 259
84 183
154 253
47 146
37 136
191 290
78 177
72 171
46 145
156 255
36 135
173 272
86 185
85 184
190 289
25 124
188 287
82 181
0 99
98 197
188 287
17 116
101 200
36 135
187 286
155 254
73 172
110 209
26 125
53 152
196 295
91 190
94 193
173 272
77 176
18 117
61 160
174 273
197 296
140 239
155 254
195 294
105 204
49 148
99 198
24 123
3 102
109 208
184 283
76 175
87 186
132 231
50 149
116 215
184 283
169 268
120 219
123 222
28 127
36 135
21 120
164 263
171 270
49 148
79 178
187 286
131 230
71 170
147 246
123 222
84 183
55 154
6 105
74 173
23 122
44 143
120 219
9 108
62 161
80 179
101 200
114 213
2 101
32 131
79 178
146 245
148 247
82 181
104 203
137 236
46 145
121 220
50 149
19 118
34 133
91 190
144 243
156 255
135 234
158 257
134 233
26 125
126 225
114 213
181 280
41 140
83 182
125 224
140 239
192 291
28 127
134 233
165 264
128 227
66 165
192 291
188 287
184 283
148 247
178 277
46 145
16 115
47 146
80 179
140 239
96 195
89 188
114 213
85 184
0 99
151 250
160 259
103 202
90 189
185 284
53 152
19 118
176 275
51 150
7 106
87 186
19 118
73 172
130 229
52 151
41 140
2 101
57 156
98 197
196 295
127 226
26 125
4 103
102 201
191 290
37 136
36 135
179 278
49 148
128 227
119 218
68 167
187 286
179 278
107 206
4 103
97 196
49 148
2 101
51 150
53 152
160 259
58 157
169 268
106 205
9 108
125 224
154 253
10 109
50 149
122 221
46 145
128 227
65 164
82 181
89 188
129 228
113 212
192 291
1 100
88 187
60 159
142 241
118 217
40 139
135 234
62 161
47 146
196 295
157 256
64 163
78 177
19 118
166 265
159 258
49 148
52 151
58 157
156 255
137 236
92 191
44 143
92 191
144 243
161 260
154 253
125 224
30 129
60 159
41 140
144 243
64 163
176 275
169 268
128 227
98 197
20 119
127 226
162 261
186 285
125 224
64 163
139 238
17 116
50 149
132 231
106 205
137 236
0 99
152 251
74 173
40 139
93 192
63 162
19 118
57 156
33 132
65 164
78 177
67 166
181 280
35 134
103 202
11 110
146 245
88 187
40 139
117 216
94 193
21 120
178 277
108 207
67 166
131 230
150 249
152 251
124 223
37 136
53 152
197 296
145 244
35 134
179 278
144 243
120 219
152 251
14 113
91 190
30 129
177 276
104 203
14 113
111 210
42 141
49 148
108 207
178 277
121 220
166 265
131 230
1 100
32 131
85 184
131 230
14 113
120 219
130 229
101 200
185 284
28 127
170 269
190 289
169 268
68 167
9 108
115 214
164 263
65 164
55 154
88 187
64 163
9 108
116 215
153 252
148 247
87 186
59 158
33 132
0 99
29 128
193 292
151 250
26 125
16 115
98 197
11 110
147 246
118 217
109 208
175 274
152 251
126 225
79 178
28 127
118 217
163 262
177 276
35 134
66 165
23 122
95 194
61 160
114 213
61 160
82 181
4 103
159 258
177 276
35 134
177 276
143 242
168 267
14 113
122 221
42 141
156 255
151 250
126 225
38 137
137 236
28 127
91 190
186 285
156 255
85 184
8 107
180 279
169 268
48 147
45 144
127 226
35 134
160 259
147 246
90 189
140 239
144 243
152 251
141 240
153 252
166 265
3 102
34 133
149 248
146 245
163 262
81 180
10 109
141 240
173 272
113 212
191 290
109 208
182 281
107 206
115 214
22 121
127 226
97 196
30 129
192 291
129 228
105 204
103 202
4 103
48 147
118 217
176 275
197 296
141 240
30 129
169 268
118 217
101 200
24 123
12 111
32 131
30 129
23 122
102 201
65 164
13 112
153 252
100 199
95 194
3 102
6 105
180 279
129 228
13 112
174 273
158 257
173 272
91 190
171 270
70 169
172 271
156 255
40 139
114 213
149 248
16 115
41 140
112 211
38 137
36 135
94 193
128 227
154 253
28 127
130 229
139 238
52 151
146 245
68 167
105 204
37 136
92 191
196 295
139 238
48 147
183 282
150 249
7 106
21 120
22 121
54 153
130 229
102 201
36 135
86 185
52 151
159 258
95 194
196 295
50 149
191 290
133 232
27 126
153 252
87 186
108 207
100 199
141 240
160 259
91 190
64 163
192 291
112 211
109 208
186 285
68 167
42 141
112 211
168 267
37 136
140 239
77 176
139 238
163 262
94 193
57 156
45 144
100 199
96 195
100 199
42 141
115 214
124 223
60 159
149 248
30 129
11 110
30 129
73 172
194 293
99 198
122 221
177 276
175 274
64 163
143 242
39 138
4 103
11 110
87 186
160 259
161 260
110 209
184 283
134 233
40 139
72 171
82 181
0 99
88 187
167 266
64 163
70 169
40 139
175 274
25 124
105 204
119 218
80 179
170 269
116 215
88 187
191 290
32 131
45 144
56 155
169 268
92 191
164 263
139 238
62 161
110 209
190 289
106 205
161 260
166 265
9 108
190 289
89 188
131 230
76 175
168 267
120 219
134 233
136 235
116 215
13 112
104 203
140 239
162 261
170 269
137 236
103 202
56 155
22 121
89 188
128 227
114 213
79 178
118 217
69 168
27 126
154 253
64 163
90 189
75 174
94 193
137 236
46 145
44 143
143 242
123 222
39 138
64 163
1 100
99 198
52 151
65 164
124 223
118 217
192 291
119 218
100 199
114 213
113 212
11 110
77 176
132 231
6 105
85 184
177 276
183 282
78 177
196 295
19 118
151 250
40 139
187 286
121 220
194 293
102 201
197 296
165 264
54 153
121 220
26 125
47 146
56 155
96 195
181 280
18 117
169 268
164 263
50 149
33 132
85 184
144 243
133 232
93 192
75 174
171 270
192 291
72 171
85 184
106 205
149 248
147 246
40 139
159 258
101 200
149 248
113 212
76 175
6 105
106 205
174 273
151 250
33 132
56 155
16 115
146 245
73 172
155 254
125 224
183 282
148 247
58 157
145 244
61 160
1 100
47 146
19 118
136 235
50 149
177 276
102 201
17 116
172 271
163 262
5 104
109 208
98 197
52 151
27 126
174 273
56 155
69 168
157 256
141 240
117 216
69 168
197 296
154 253
94 193
125 224
88 187
174 273
106 205
162 261
87 186
88 187
165 264
26 125
39 138
119 218
17 116
119 218
93 192
196 295
107 206
181 280
121 220
185 284
103 202
42 141
25 124
106 205
50 149
4 103
133 232
47 146
41 140
86 185
156 255
197 296
162 261
149 248
109 208
97 196
27 126
70 169
116 215
148 247
0 99
137 236
159 258
72 171
59 158
9 108
20 119
183 282
40 139
188 287
57 156
146 245
104 203
39 138
93 192
120 219
176 275
162 261
110 209
97 196
4 103
92 191
140 239
131 230
123 222
152 251
8 107
141 240
74 173
77 176
46 145
175 274
140 239
1 100
84 183
161 260
129 228
115 214
106 205
116 215
91 190
117 216
71 170
51 150
36 135
62 161
4 103
88 187
89 188
193 292
3 102
68 167
143 242
113 212
96 195
105 204
175 274
83 182
78 177
20 119
171 270
197 296
120 219
116 215
51 150
157 256
77 176
165 264
37 136
19 118
31 130
80 179
137 236
65 164
9 108
64 163
26 125
94 193
63 162
38 137
84 183
90 189
50 149
26 125
167 266
106 205
133 232
181 280
38 137
18 117
106 205
18 117
154 253
19 118
150 249
9 108
96 195
116 215
190 289
107 206
126 225
147 246
153 252
96 195
86 185
117 216
29 128
44 143
162 261
118 217
182 281
171 270
159 258
70 169
7 106
51 150
52 151
81 180
143 242
85 184
73 172
62 161
50 149
32 131
7 106
37 136
49 148
127 226
57 156
193 292
100 199
5 104
181 280
74 173
48 147
185 284
104 203
103 202
52 151
94 193
42 141
15 114
28 127
128 227
148 247
184 283
106 205
146 245
96 195
44 143
72 171
71 170
77 176
31 130
16 115
112 211
116 215
172 271
150 249
1 100
97 196
30 129
135 234
52 151
48 147
195 294
1 100
103 202
140 239
196 295
10 109
78 177
167 266
181 280
95 194
154 253
192 291
153 252
184 283
41 140
99 198
97 196
93 192
90 189
15 114
63 162
17 116
75 174
108 207
29 128
70 169
78 177
189 288
55 154
135 234
9 108
106 205
41 140
16 115
11 110
27 126
61 160
164 263
45 144
190 289
144 243
67 166
37 136
155 254
51 150
109 208
148 247
40 139
137 236
29 128
146 245
188 287
30 129
25 124
10 109
178 277
95 194
196 295
131 230
62 161
190 289
51 150
140 239
90 189
95 194
134 233
171 270
185 284
164 263
100 199
181 280
127 226
137 236
4 103
50 149
144 243
26 125
132 231
164 263
175 274
101 200
172 271
15 114
159 258
184 283
161 260
119 218
166 265
147 246
187 286
110 209
90 189
29 128
135 234
88 187
20 119
54 153
67 166
70 169
49 148
115 214
21 120
59 158
176 275
77 176
46 145
12 111
177 276
110 209
24 123
63 162
20 119
14 113
91 190
23 122
114 213
136 235
176 275
44 143
105 204
42 141
148 247
5 104
159 258
195 294
116 215
84 183
126 225
144 243
165 264
112 211
65 164
147 246
110 209
72 171
83 182
1 100
27 126
12 111
140 239
10 109
32 131
150 249
12 111
175 274
120 219
9 108
109 208
81 180
67 166
172 271
150 249
153 252
62 161
92 191
173 272
20 119
119 218
141 240
178 277
83 182
119 218
138 237
6 105
196 295
21 120
15 114
20 119
134 233
185 284
176 275
150 249
45 144
166 265
106 205
84 183
20 119
142 241
89 188
10 109
134 233
46 145
134 233
145 244
171 270
86 185
29 128
26 125
84 183
175 274
16 115
119 218
131 230
175 274
172 271
170 269
74 173
57 156
34 133
46 145
121 220
39 138
8 107
197 296
181 280
127 226
189 288
76 175
162 261
45 144
83 182
17 116
192 291
149 248
164 263
101 200
85 184
178 277
83 182
25 124
168 267
142 241
100 199
136 235
98 197
38 137
153 252
17 116
24 123
96 195
87 186
1 100
157 256
172 271
128 227
12 111
14 113
196 295
124 223
190 289
25 124
68 167
50 149
157 256
184 283
168 267
15 114
89 188
119 218
57 156
91 190
190 289
41 140
13 112
142 241
83 182
20 119
127 226
64 163
59 158
80 179
106 205
102 201
139 238
177 276
168 267
182 281
23 122
158 257
9 108
102 201
2 101
168 267
151 250
102 201
62 161
137 236
56 155
86 185
96 195
66 165
189 288
7 106
5 104
63 162
73 172
137 236
40 139
188 287
102 201
76 175
82 181
170 269
138 237
188 287
106 205
184 283
2 101
101 200
58 157
5 104
84 183
129 228
28 127
132 231
16 115
152 251
173 272
84 183
197 296
51 150
73 172
4 103
58 157
28 127
29 128
23 122
113 212
75 174
180 279
27 126
164 263
175 274
172 271
131 230
168 267
75 174
154 253
119 218
82 181
4 103
175 274
80 179
53 152
59 158
60 159
142 241
92 191
64 163
129 228
11 110
96 195
164 263
28 127
184 283
186 285
168 267
15 114
29 128
142 241
160 259
40 139
59 158
140 239
172 271
99 198
71 170
185 284
119 218
82 181
156 255
43 142
109 208
89 188
34 133
109 208
150 249
146 245
62 161
29 128
196 295
141 240
74 173
138 237
63 162
155 254
114 213
70 169
1 100
153 252
4 103
70 169
15 114
28 127
4 103
73 172
97 196
15 114
108 207
25 124
151 250
54 153
178 277
62 161
140 239
108 207
152 251
149 248
186 285
170 269
89 188
62 161
40 139
165 264
59 158
133 232
148 247
168 267
96 195
151 250
121 220
56 155
62 161
150 249
181 280
177 276
129 228
101 200
8 107
182 281
160 259
19 118
71 170
41 140
18 117
38 137
97 196
145 244
153 252
121 220
178 277
165 264
174 273
98 197
173 272
35 134
123 222
4 103
112 211
65 164
54 153
29 128
152 251
21 120
147 246
106 205
118 217
83 182
140 239
154 253
170 269
172 271
105 204
36 135
43 142
33 132
89 188
63 162
18 117
37 136
139 238
57 156
58 157
14 113
27 126
42 141
21 120
159 258
54 153
20 119
157 256
190 289
169 268
112 211
72 171
62 161
53 152
85 184
83 182
45 144
110 209
140 239
10 109
197 296
82 181
191 290
164 263
79 178
164 263
51 150
101 200
2 101
150 249
34 133
129 228
51 150
187 286
75 174
111 210
1 100
81 180
89 188
170 269
137 236
171 270
39 138
84 183
13 112
154 253
189 288
112 211
148 247
169 268
2 101
99 198
118 217
86 185
4 103
102 201
83 182
157 256
1 100
123 222
103 202
123 222
187 286
98 197
92 191
186 285
173 272
53 152
60 159
22 121
78 177
23 122
197 296
161 260
165 264
72 171
120 219
109 208
91 190
45 144
195 294
108 207
195 294
146 245
185 284
99 198
21 120
169 268
73 172
62 161
55 154
122 221
165 264
102 201
36 135
3 102
87 186
55 154
46 145
187 286
116 215
81 180
82 181
53 152
96 195
28 127
85 184
68 167
35 134
168 267
35 134
122 221
186 285
139 238
195 294
83 182
157 256
171 270
107 206
118 217
172 271
151 250
46 145
75 174
154 253
112 211
45 144
59 158
195 294
191 290
106 205
16 115
181 280
53 152
158 257
35 134
17 116
3 102
97 196
35 134
166 265
83 182
126 225
101 200
184 283
116 215
51 150
42 141
88 187
64 163
37 136
85 184
1 100
127 226
87 186
179 278
23 122
181 280
79 178
139 238
197 296
182 281
104 203
61 160
170 269
117 216
147 246
147 246
170 269
179 278
156 255
79 178
40 139
119 218
177 276
28 127
142 241
170 269
171 270
48 147
68 167
183 282
161 260
195 294
108 207
22 121
159 258
79 178
147 246
37 136
173 272
119 218
117 216
106 205
21 120
163 262
127 226
106 205
173 272
52 151
93 192
27 126
84 183
136 235
106 205
134 233
113 212
100 199
112 211
91 190
108 207
46 145
178 277
9 108
91 190
48 147
116 215
43 142
126 225
108 207
136 235
133 232
23 122
168 267
83 182
185 284
53 152
175 274
144 243
187 286
163 262
153 252
128 227
131 230
135 234
33 132
172 271
186 285
79 178
152 251
46 145
78 177
15 114
80 179
54 153
111 210
53 152
69 168
2 101
106 205
178 277
136 235
167 266
172 271
176 275
58 157
156 255
131 230
95 194
11 110
61 160
6 105
164 263
165 264
28 127
132 231
113 212
14 113
85 184
20 119
4 103
161 260
112 211
18 117
194 293
118 217
155 254
122 221
180 279
24 123
33 132
66 165
182 281
88 187
130 229
194 293
29 128
148 247
192 291
29 128
165 264
6;156504
157 256
192 291
168 267
125 224
32 131
15 114
90 189
174 273
10 109
131 230
145 244
76 175
182 281
151 250
8 107
71 170
175 274
140 239
136 235
42 141
176 275
42 141
42 141
71 170
4 103
95 194
190 289
56 155
81 180
58 157
48 147
87 186
0 99
174 273
90 189
15 114
74 173
32 131
63 162
112 211
25 124
2 101
37 136
103 202
143 242
46 145
77 176
137 236
187 286
65 164
160 259
54 153
193 292
189 288
51 150
11 110
197 296
57 156
149 248
105 204
161 260
26 125
18 117
135 234
7 106
149 248
164 263
27 126
60 159
3 102
63 162
121 220
137 236
162 261
161 260
138 237
145 244
53 152
93 192
84 183
131 230
86 185
17 116
94 193
66 165
119 218
9 108
108 207
33 132
11 110
92 191
21 120
50 149
160 259
33 132
162 261
48 147
64 163
68 167
82 181
44 143
166 265
125 224
161 260
79 178
23 122
15 114
73 172
39 138
50 149
108 207
126 225
38 137
26 125
116 215
89 188
15 114
159 258
39 138
99 198
93 192
178 277
87 186
116 215
86 185
135 234
149 248
57 156
39 138
181 280
171 270
11 110
14 113
190 289
27 126
103 202
14 113
61 160
2 101
183 282
93 192
123 222
6 105
197 296
17 116
27 126
123 222
28 127
22 121
96 195
164 263
111 210
113 212
61 160
114 213
103 202
26 125
30 129
80 179
115 214
77 176
69 168
51 150
51 150
46 145
189 288
107 206
29 128
196 295
172 271
39 138
133 232
160 259
104 203
21 120
142 241
43 142
176 275
99 198
54 153
168 267
22 121
11 110
1 100
29 128
133 232
157 256
138 237
186 285
45 144
45 144
125 224
60 159
170 269
170 269
175 274
128 227
191 290
124 223
123 222
148 247
31 130
95 194
168 267
49 148
192 291
169 268
170 269
136 235
113 212
100 199
94 193
182 281
161 260
82 181
29 128
59 158
50 149
47 146
6 105
16 115
103 202
73 172
116 215
107 206
114 213
17 116
38 137
40 139
161 260
138 237
80 179
193 292
74 173
109 208
13 112
27 126
21 120
135 234
26 125
108 207
55 154
9 108
86 185
65 164
188 287
181 280
60 159
54 153
144 243
6 105
53 152
32 131
173 272
93 192
88 187
18 117
93 192
127 226
57 156
44 143
185 284
90 189
46 145
190 289
27 126
98 197
92 191
126 225
12 111
85 184
69 168
149 248
158 257
165 264
2 101
73 172
75 174
185 284
61 160
65 164
21 120
184 283
183 282
190 289
21 120
172 271
52 151
120 219
35 134
194 293
125 224
91 190
30 129
190 289
150 249
174 273
76 175
45 144
181 280
119 218
154 253
166 265
182 281
127 226
143 242
41 140
37 136
167 266
135 234
189 288
73 172
92 191
92 191
75 174
29 128
136 235
47 146
181 280
152 251
118 217
134 233
123 222
133 232
121 220
92 191
88 187
66 165
183 282
113 212
104 203
195 294
110 209
87 186
108 207
64 163
47 146
119 218
195 294
114 213
42 141
172 271
73 172
116 215
0 99
128 227
134 233
168 267
141 240
150 249
114 213
164 263
157 256
54 153
127 226
132 231
88 187
153 252
8 107
68 167
19 118
18 117
151 250
96 195
95 194
185 284
195 294
175 274
54 153
34 133
133 232
159 258
159 258
72 171
26 125
137 236
100 199
87 186
152 251
111 210
175 274
121 220
142 241
177 276
174 273
18 117
135 234
21 120
120 219
98 197
40 139
111 210
79 178
126 225
6 105
46 145
152 251
40 139
163 262
172 271
138 237
46 145
34 133
13 112
109 208
137 236
132 231
147 246
39 138
72 171
114 213
80 179
72 171
76 175
142 241
170 269
158 257
83 182
185 284
55 154
41 140
69 168
160 259
106 205
183 282
105 204
132 231
10 109
85 184
77 176
44 143
130 229
66 165
34 133
165 264
160 259
117 216
25 124
1 100
140 239
80 179
89 188
177 276
125 224
151 250
64 163
154 253
3 102
164 263
39 138
148 247
121 220
48 147
24 123
60 159
164 263
145 244
113 212
87 186
45 144
92 191
55 154
52 151
1 100
87 186
154 253
169 268
73 172
160 259
21 120
48 147
3 102
147 246
143 242
80 179
171 270
70 169
72 171
161 260
12 111
195 294
31 130
157 256
115 214
23 122
124 223
168 267
33 132
27 126
51 150
180 279
11 110
26 125
51 150
86 185
2 101
104 203
54 153
149 248
15 114
20 119
48 147
1 100
158 257
88 187
122 221
197 296
129 228
127 226
114 213
43 142
191 290
159 258
58 157
133 232
30 129
88 187
12 111
66 165
82 181
101 200
108 207
84 183
0 99
88 187
76 175
89 188
140 239
135 234
159 258
188 287
150 249
131 230
183 282
35 134
16 115
90 189
13 112
154 253
196 295
72 171
70 169
125 224
43 142
19 118
72 171
10 109
152 251
151 250
8 107
172 271
150 249
158 257
145 244
9 108
158 257
174 273
95 194
153 252
54 153
181 280
137 236
79 178
107 206
183 282
8 107
193 292
193 292
89 188
0 99
173 272
158 257
68 167
162 261
94 193
123 222
38 137
32 131
160 259
21 120
98 197
119 218
76 175
170 269
25 124
36 135
29 128
150 249
196 295
180 279
52 151
39 138
38 137
179 278
123 222
115 214
123 222
166 265
96 195
197 296
62 161
9 108
137 236
107 206
110 209
86 185
35 134
103 202
82 181
82 181
165 264
162 261
169 268
192 291
72 171
184 283
85 184
143 242
63 162
182 281
94 193
1 100
106 205
71 170
140 239
178 277
78 177
142 241
106 205
181 280
108 207
151 250
175 274
114 213
100 199
122 221
25 124
94 193
173 272
177 276
141 240
29 128
190 289
177 276
52 151
77 176
164 263
99 198
41 140
115 214
24 123
66 165
119 218
170 269
27 126
30 129
119 218
134 233
18 117
70 169
188 287
100 199
167 266
131 230
86 185
132 231
36 135
151 250
158 257
72 171
56 155
84 183
107 206
173 272
170 269
162 261
169 268
74 173
113 212
104 203
27 126
62 161
141 240
167 266
164 263
161 260
116 215
82 181
160 259
193 292
21 120
192 291
169 268
3 102
63 162
168 267
27 126
17 116
140 239
167 266
54 153
148 247
94 193
56 155
3 102
22 121
3 102
121 220
117 216
60 159
130 229
81 180
89 188
163 262
30 129
178 277
110 209
133 232
131 230
177 276
114 213
79 178
156 255
25 124
169 268
191 290
152 251
190 289
100 199
55 154
50 149
20 119
87 186
105 204
133 232
150 249
176 275
77 176
157 256
119 218
9 108
81 180
3 102
153 252
119 218
186 285
65 164
161 260
100 199
128 227
1 100
145 244
77 176
95 194
35 134
33 132
19 118
37 136
51 150
108 207
147 246
61 160
101 200
94 193
136 235
194 293
119 218
152 251
155 254
156 255
14 113
139 238
163 262
169 268
71 170
140 239
35 134
27 126
30 129
157 256
33 132
153 252
54 153
195 294
13 112
131 230
146 245
116 215
21 120
139 238
150 249
133 232
116 215
195 294
74 173
189 288
172 271
61 160
68 167
55 154
116 215
33 132
134 233
172 271
160 259
56 155
38 137
26 125
167 266
39 138
52 151
85 184
30 129
175 274
4 103
136 235
46 145
154 253
31 130
44 143
69 168
146 245
151 250
46 145
82 181
182 281
125 224
119 218
36 135
45 144
114 213
89 188
30 129
174 273
46 145
147 246
174 273
151 250
56 155
139 238
88 187
68 167
187 286
142 241
168 267
138 237
50 149
114 213
142 241
39 138
141 240
147 246
44 143
36 135
195 294
133 232
32 131
95 194
67 166
168 267
20 119
151 250
34 133
55 154
86 185
85 184
146 245
116 215
68 167
56 155
21 120
71 170
87 186
39 138
178 277
103 202
169 268
147 246
42 141
106 205
115 214
147 246
197 296
146 245
81 180
151 250
95 194
82 181
92 191
88 187
42 141
195 294
144 243
108 207
155 254
108 207
77 176
14 113
163 262
117 216
93 192
173 272
68 167
120 219
96 195
86 185
41 140
121 220
149 248
48 147
79 178
47 146
28 127
141 240
70 169
95 194
53 152
140 239
31 130
44 143
186 285
81 180
83 182
186 285
15 114
118 217
168 267
184 283
38 137
173 272
129 228
158 257
71 170
118 217
51 150
10 109
92 191
141 240
150 249
102 201
141 240
79 178
87 186
120 219
36 135
8 107
16 115
135 234
69 168
151 250
51 150
74 173
50 149
138 237
193 292
165 264
62 161
44 143
23 122
48 147
183 282
90 189
28 127
155 254
29 128
180 279
30 129
194 293
88 187
24 123
92 191
4 103
19 118
84 183
92 191
75 174
47 146
107 206
154 253
12 111
17 116
163 262
86 185
115 214
25 124
106 205
126 225
169 268
6 105
92 191
24 123
174 273
44 143
146 245
87 186
157 256
48 147
86 185
169 268
90 189
125 224
149 248
7 106
105 204
161 260
190 289
189 288
57 156
110 209
0 99
39 138
172 271
120 219
74 173
71 170
149 248
20 119
177 276
80 179
113 212
111 210
153 252
119 218
0 99
52 151
15 114
155 254
64 163
44 143
184 283
11 110
9 108
103 202
61 160
93 192
133 232
134 233
5 104
53 152
50 149
130 229
18 117
54 153
165 264
146 245
175 274
155 254
124 223
136 235
161 260
108 207
28 127
188 287
107 206
68 167
146 245
143 242
174 273
45 144
115 214
146 245
163 262
18 117
98 197
154 253
102 201
104 203
19 118
179 278
83 182
172 271
44 143
82 181
26 125
75 174
145 244
104 203
136 235
123 222
192 291
88 187
118 217
84 183
38 137
86 185
84 183
151 250
60 159
186 285
93 192
116 215
177 276
61 160
194 293
133 232
42 141
163 262
157 256
112 211
23 122
105 204
154 253
76 175
165 264
103 202
190 289
185 284
60 159
76 175
58 157
51 150
73 172
84 183
16 115
163 262
49 148
51 150
109 208
57 156
131 230
170 269
112 211
121 220
6 105
165 264
88 187
191 290
83 182
124 223
62 161
124 223
137 236
166 265
135 234
36 135
17 116
9 108
172 271
164 263
157 256
140 239
126 225
30 129
135 234
134 233
96 195
167 266
132 231
167 266
167 266
105 204
187 286
2 101
89 188
24 123
173 272
148 247
34 133
87 186
133 232
19 118
166 265
89 188
51 150
49 148
3 102
24 123
141 240
24 123
114 213
118 217
136 235
15 114
178 277
185 284
173 272
193 292
60 159
97 196
98 197
113 212
107 206
66 165
1 100
163 262
140 239
182 281
98 197
98 197
2 101
154 253
195 294
48 147
128 227
159 258
26 125
133 232
173 272
172 271
28 127
167 266
2 101
179 278
121 220
105 204
143 242
189 288
60 159
39 138
129 228
17 116
159 258
76 175
4 103
143 242
101 200
15 114
172 271
43 142
135 234
23 122
167 266
73 172
17 116
89 188
17 116
132 231
146 245
21 120
167 266
16 115
126 225
156 255
17 116
113 212
63 162
163 262
80 179
189 288
124 223
171 270
100 199
28 127
175 274
93 192
109 208
179 278
180 279
126 225
134 233
158 257
184 283
192 291
70 169
66 165
118 217
21 120
47 146
59 158
191 290
4 103
144 243
149 248
74 173
157 256
155 254
190 289
121 220
27 126
126 225
82 181
48 147
31 130
121 220
142 241
113 212
159 258
57 156
185 284
164 263
178 277
179 278
46 145
14 113
43 142
142 241
159 258
39 138
14 113
49 148
4 103
196 295
54 153
74 173
143 242
137 236
193 292
138 237
111 210
101 200
61 160
144 243
141 240
108 207
127 226
59 158
88 187
103 202
9 108
85 184
197 296
170 269
108 207
191 290
188 287
64 163
16 115
136 235
195 294
107 206
107 206
176 275
154 253
118 217
25 124
137 236
178 277
92 191
120 219
24 123
24 123
36 135
123 222
137 236
80 179
12 111
22 121
62 161
85 184
123 222
189 288
157 256
100 199
121 220
69 168
111 210
125 224
113 212
7 106
164 263
17 116
73 172
54 153
52 151
109 208
21 120
122 221
150 249
138 237
9 108
39 138
160 259
25 124
11 110
166 265
124 223
89 188
70 169
142 241
49 148
179 278
72 171
41 140
144 243
134 233
169 268
11 110
11 110
92 191
165 264
149 248
151 250
34 133
118 217
150 249
2 101
88 187
138 237
159 258
186 285
32 131
106 205
134 233
47 146
153 252
12 111
75 174
172 271
94 193
56 155
16 115
95 194
92 191
6 105
13 112
74 173
40 139
39 138
182 281
187 286
95 194
181 280
171 270
128 227
167 266
48 147
113 212
18 117
23 122
49 148
17 116
144 243
170 269
175 274
169 268
193 292
7 106
159 258
55 154
160 259
0 99
40 139
156 255
151 250
133 232
176 275
141 240
171 270
49 148
21 120
99 198
111 210
60 159
43 142
49 148
97 196
87 186
47 146
119 218
0 99
24 123
89 188
167 266
19 118
46 145
78 177
77 176
128 227
44 143
63 162
80 179
1 100
169 268
97 196
169 268
126 225
174 273
93 192
46 145
157 256
48 147
84 183
151 250
80 179
40 139
76 175
14 113
46 145
67 166
149 248
121 220
166 265
145 244
156 255
196 295
47 146
19 118
67 166
174 273
14 113
72 171
164 263
186 285
164 263
0 99
19 118
170 269
43 142
99 198
2 101
47 146
144 243
131 230
81 180
108 207
142 241
149 248
190 289
145 244
78 177
117 216
101 200
150 249
85 184
109 208
58 157
132 231
159 258
88 187
168 267
127 226
45 144
131 230
166 265
148 247
150 249
71 170
86 185
168 267
34 133
187 286
98 197
182 281
196 295
70 169
153 252
48 147
105 204
101 200
55 154
123 222
172 271
21 120
170 269
164 263
62 161
78 177
136 235
192 291
186 285
96 195
184 283
64 163
7 106
47 146
94 193
196 295
100 199
51 150
174 273
39 138
41 140
127 226
106 205
0 99
79 178
42 141
27 126
106 205
153 252
55 154
169 268
171 270
17 116
17 116
120 219
70 169
30 129
173 272
130 229
36 135
90 189
17 116
64 163
173 272
159 258
107 206
53 152
128 227
5 104
29 128
53 152
79 178
195 294
33 132
37 136
40 139
120 219
55 154
58 157
80 179
8 107
128 227
195 294
44 143
113 212
59 158
33 132
54 153
183 282
76 175
122 221
86 185
159 258
133 232
146 245
31 130
167 266
184 283
129 228
125 224
54 153
103 202
110 209
27 126
124 223
19 118
179 278
93 192
116 215
165 264
169 268
121 220
128 227
59 158
47 146
44 143
60 159
45 144
118 217
124 223
173 272
158 257
38 137
53 152
134 233
42 141
111 210
180 279
22 121
190 289
22 121
191 290
138 237
94 193
181 280
37 136
41 140
29 128
11 110
178 277
93 192
143 242
123 222
185 284
191 290
166 265
22 121
7 106
156 255
102 201
178 277
29 128
159 258
35 134
96 195
84 183
78 177
18 117
158 257
93 192
23 122
151 250
129 228
58 157
156 255
72 171
184 283
156 255
17 116
93 192
162 261
88 187
37 136
100 199
86 185
107 206
23 122
141 240
176 275
18 117
131 230
101 200
22 121
40 139
10 109
44 143
91 190
110 209
122 221
147 246
61 160
51 150
37 136
25 124
21 120
181 280
89 188
28 127
117 216
176 275
86 185
108 207
134 233
182 281
14 113
181 280
80 179
152 251
162 261
196 295
183 282
20 119
123 222
176 275
83 182
69 168
47 146
56 155
50 149
105 204
8 107
36 135
181 280
162 261
147 246
30 129
94 193
182 281
185 284
181 280
131 230
175 274
159 258
183 282
109 208
34 133
20 119
62 161
72 171
6 105
59 158
150 249
74 173
147 246
185 284
106 205
177 276
151 250
154 253
104 203
69 168
109 208
90 189
45 144
56 155
179 278
167 266
50 149
130 229
161 260
106 205
105 204
134 233
3 102
38 137
59 158
189 288
83 182
43 142
83 182
43 142
112 211
19 118
0 99
78 177
166 265
150 249
79 178
180 279
100 199
180 279
74 173
11 110
115 214
109 208
54 153
190 289
71 170
16 115
59 158
83 182
137 236
81 180
160 259
115 214
174 273
13 112
27 126
132 231
191 290
51 150
121 220
133 232
7 106
115 214
172 271
22 121
162 261
140 239
29 128
24 123
95 194
196 295
51 150
46 145
2 101
53 152
41 140
183 282
70 169
152 251
67 166
180 279
31 130
126 225
132 231
58 157
54 153
85 184
81 180
196 295
85 184
1 100
20 119
5 104
44 143
196 295
144 243
8 107
160 259
106 205
1 100
32 131
192 291
88 187
18 117
154 253
116 215
17 116
95 194
185 284
131 230
142 241
99 198
84 183
26 125
147 246
93 192
104 203
28 127
194 293
10 109
132 231
181 280
194 293
164 263
101 200
10 109
135 234
111 210
19 118
13 112
18 117
181 280
68 167
11 110
0 99
75 174
60 159
81 180
43 142
158 257
101 200
48 147
197 296
160 259
114 213
90 189
68 167
195 294
192 291
165 264
151 250
165 264
42 141
157 256
21 120
16 115
165 264
181 280
87 186
196 295
93 192
110 209
130 229
82 181
157 256
124 223
76 175
64 163
31 130
163 262
11 110
103 202
134 233
83 182
4 103
157 256
70 169
181 280
3 102
133 232
162 261
79 178
113 212
147 246
43 142
22 121
153 252
184 283
11 110
94 193
27 126
3 102
151 250
32 131
177 276
53 152
153 252
111 210
178 277
97 196
186 285
120 219
16 115
139 238
117 216
82 181
171 270
5 104
58 157
125 224
162 261
183 282
182 281
105 204
46 145
44 143
142 241
168 267
85 184
190 289
25 124
36 135
72 171
29 128
151 250
73 172
139 238
105 204
113 212
39 138
4 103
106 205
182 281
128 227
21 120
80 179
18 117
133 232
32 131
3 102
128 227
21 120
55 154
85 184
68 167
83 182
121 220
125 224
155 254
137 236
92 191
145 244
31 130
33 132
44 143
21 120
18 117
186 285
71 170
110 209
129 228
67 166
129 228
100 199
113 212
112 211
33 132
171 270
47 146
7 106
38 137
129 228
146 245
193 292
86 185
13 112
176 275
37 136
144 243
33 132
122 221
88 187
119 218
64 163
148 247
44 143
44 143
195 294
119 218
59 158
168 267
59 158
113 212
195 294
181 280
157 256
178 277
0 99
116 215
139 238
107 206
138 237
39 138
195 294
95 194
99 198
128 227
182 281
184 283
63 162
177 276
117 216
149 248
83 182
191 290
17 116
62 161
71 170
13 112
22 121
115 214
94 193
183 282
68 167
17 116
175 274
1 100
128 227
29 128
5 104
137 236
193 292
11 110
161 260
107 206
135 234
162 261
170 269
78 177
186 285
134 233
181 280
1 100
87 186
31 130
61 160
85 184
149 248
131 230
152 251
108 207
73 172
174 273
30 129
110 209
98 197
106 205
194 293
100 199
84 183
134 233
178 277
189 288
139 238
48 147
128 227
134 233
125 224
187 286
167 266
193 292
118 217
175 274
138 237
161 260
40 139
28 127
177 276
152 251
180 279
26 125
85 184
29 128
173 272
40 139
26 125
108 207
141 240
82 181
13 112
186 285
153 252
156 255
192 291
123 222
193 292
37 136
58 157
11 110
92 191
80 179
136 235
165 264
124 223
75 174
120 219
184 283
7 106
31 130
130 229
191 290
12 111
115 214
42 141
10 109
9 108
133 232
38 137
195 294
116 215
118 217
134 233
133 232
97 196
51 150
4 103
47 146
59 158
147 246
127 226
153 252
74 173
138 237
132 231
58 157
195 294
77 176
19 118
136 235
169 268
106 205
136 235
9 108
126 225
24 123
164 263
1 100
78 177
150 249
97 196
127 226
96 195
139 238
122 221
117 216
94 193
67 166
175 274
138 237
99 198
66 165
89 188
3 102
150 249
28 127
188 287
113 212
129 228
161 260
94 193
101 200
28 127
145 244
157 256
133 232
179 278
164 263
114 213
158 257
15 114
103 202
59 158
136 235
166 265
187 286
137 236
80 179
134 233
60 159
98 197
68 167
136 235
64 163
81 180
147 246
150 249
166 265
195 294
130 229
34 133
136 235
39 138
141 240
156 255
24 123
48 147
89 188
38 137
36 135
194 293
25 124
15 114
158 257
84 183
22 121
95 194
177 276
148 247
87 186
22 121
173 272
10 109
6 105
82 181
40 139
114 213
65 164
41 140
1 100
92 191
134 233
6 105
69 168
125 224
84 183
53 152
26 125
108 207
62 161
89 188
146 245
84 183
80 179
191 290
22 121
195 294
17 116
131 230
60 159
73 172
116 215
145 244
160 259
180 279
147 246
175 274
26 125
190 289
77 176
45 144
141 240
146 245
52 151
166 265
51 150
0 99
14 113
53 152
144 243
142 241
65 164
79 178
172 271
171 270
98 197
2 101
7 106
81 180
161 260
47 146
26 125
82 181
75 174
100 199
147 246
110 209
195 294
167 266
134 233
148 247
172 271
184 283
25 124
8 107
155 254
45 144
52 151
92 191
166 265
98 197
61 160
53 152
164 263
182 281
51 150
155 254
169 268
74 173
41 140
60 159
113 212
25 124
128 227
111 210
72 171
93 192
140 239
78 177
189 288
159 258
20 119
94 193
162 261
154 253
181 280
138 237
156 255
7 106
35 134
1 100
26 125
106 205
151 250
91 190
170 269
13 112
13 112
60 159
159 258
82 181
19 118
167 266
144 243
32 131
4 103
19 118
104 203
172 271
27 126
187 286
56 155
30 129
11 110
69 168
121 220
178 277
3 102
176 275
71 170
145 244
176 275
62 161
64 163
162 261
61 160
1 100
50 149
38 137
151 250
25 124
62 161
56 155
35 134
34 133
95 194
122 221
19 118
5 104
192 291
77 176
127 226
170 269
61 160
151 250
71 170
60 159
119 218
111 210
195 294
147 246
117 216
42 141
55 154
71 170
177 276
150 249
144 243
30 129
28 127
39 138
101 200
189 288
156 255
153 252
101 200
5 104
117 216
185 284
47 146
96 195
41 140
49 148
14 113
48 147
17 116
145 244
132 231
142 241
138 237
163 262
101 200
137 236
170 269
85 184
12 111
174 273
125 224
177 276
42 141
65 164
154 253
183 282
192 291
149 248
35 134
135 234
138 237
10 109
151 250
171 270
100 199
151 250
19 118
139 238
71 170
195 294
107 206
191 290
158 257
193 292
96 195
89 188
69 168
133 232
158 257
19 118
63 162
150 249
192 291
191 290
145 244
64 163
91 190
96 195
14 113
89 188
160 259
55 154
11 110
57 156
95 194
175 274
45 144
107 206
191 290
49 148
157 256
88 187
3 102
173 272
147 246
91 190
88 187
46 145
101 200
118 217
28 127
167 266
10 109
73 172
2 101
129 228
162 261
91 190
153 252
117 216
81 180
81 180
127 226
74 173
188 287
99 198
135 234
55 154
160 259
100 199
140 239
147 246
129 228
29 128
158 257
49 148
12 111
45 144
141 240
116 215
63 162
193 292
132 231
5 104
187 286
87 186
177 276
157 256
118 217
167 266
78 177
30 129
70 169
172 271
159 258
137 236
84 183
193 292
140 239
65 164
159 258
47 146
77 176
58 157
135 234
33 132
189 288
172 271
163 262
2 101
143 242
26 125
27 126
116 215
52 151
40 139
197 296
189 288
176 275
71 170
56 155
0 99
185 284
41 140
64 163
21 120
103 202
183 282
174 273
9 108
133 232
73 172
4 103
40 139
77 176
91 190
105 204
68 167
121 220
42 141
97 196
195 294
11 110
122 221
84 183
151 250
156 255
74 173
168 267
23 122
138 237
54 153
109 208
151 250
170 269
5 104
41 140
78 177
21 120
116 215
60 159
29 128
42 141
8 107
131 230
22 121
58 157
103 202
188 287
65 164
25 124
94 193
160 259
113 212
190 289
106 205
185 284
172 271
173 272
124 223
195 294
22 121
195 294
102 201
168 267
40 139
38 137
146 245
161 260
126 225
0 99
11 110
196 295
112 211
136 235
96 195
170 269
70 169
150 249
169 268
139 238
51 150
16 115
141 240
137 236
40 139
12 111
169 268
25 124
149 248
139 238
10 109
193 292
96 195
117 216
171 270
137 236
13 112
54 153
141 240
164 263
119 218
143 242
39 138
115 214
113 212
171 270
110 209
104 203
74 173
99 198
171 270
185 284
67 166
40 139
22 121
190 289
64 163
2 101
60 159
99 198
37 136
3 102
139 238
191 290
143 242
70 169
122 221
145 244
129 228
121 220
75 174
107 206
173 272
125 224
42 141
46 145
16 115
26 125
139 238
161 260
16 115
135 234
67 166
19 118
184 283
108 207
38 137
162 261
94 193
120 219
55 154
111 210
179 278
130 229
147 246
148 247
161 260
120 219
128 227
84 183
48 147
2 101
103 202
159 258
66 165
109 208
47 146
193 292
23 122
138 237
184 283
16 115
104 203
182 281
12 111
82 181
84 183
0 99
157 256
68 167
62 161
191 290
176 275
163 262
34 133
147 246
44 143
164 263
171 270
109 208
1 100
53 152
67 166
191 290
56 155
154 253
51 150
112 211
52 151
48 147
187 286
143 242
173 272
157 256
161 260
38 137
69 168
164 263
87 186
120 219
166 265
138 237
97 196
138 237
135 234
189 288
67 166
72 171
87 186
130 229
70 169
191 290
94 193
122 221
84 183
189 288
9 108
130 229
100 199
183 282
63 162
69 168
63 162
100 199
149 248
188 287
15 114
34 133
190 289
182 281
2 101
9 108
3 102
55 154
99 198
139 238
38 137
98 197
107 206
100 199
148 247
181 280
197 296
87 186
66 165
190 289
103 202
114 213
28 127
174 273
26 125
191 290
192 291
123 222
192 291
190 289
92 191
83 182
153 252
54 153
105 204
70 169
166 265
30 129
59 158
78 177
118 217
47 146
71 170
64 163
78 177
177 276
154 253
51 150
126 225
185 284
43 142
81 180
75 174
26 125
60 159
46 145
100 199
127 226
74 173
98 197
107 206
69 168
183 282
3 102
106 205
144 243
182 281
95 194
187 286
196 295
173 272
114 213
174 273
95 194
35 134
176 275
32 131
168 267
152 251
25 124
153 252
154 253
195 294
91 190
77 176
3 102
15 114
184 283
63 162
53 152
76 175
103 202
137 236
171 270
139 238
57 156
93 192
131 230
152 251
188 287
144 243
59 158
26 125
195 294
138 237
76 175
56 155
178 277
124 223
92 191
57 156
30 129
189 288
26 125
55 154
107 206
129 228
127 226
180 279
138 237
118 217
113 212
85 184
133 232
78 177
10 109
103 202
130 229
195 294
129 228
54 153
192 291
178 277
101 200
116 215
155 254
99 198
119 218
99 198
99 198
80 179
187 286
15 114
112 211
169 268
35 134
180 279
164 263
84 183
119 218
0 99
155 254
185 284
54 153
115 214
130 229
20 119
4 103
143 242
30 129
77 176
161 260
115 214
181 280
152 251
97 196
159 258
126 225
94 193
161 260
54 153
30 129
179 278
155 254
27 126
179 278
12 111
165 264
130 229
30 129
135 234
69 168
109 208
71 170
154 253
90 189
147 246
0 99
111 210
105 204
10 109
95 194
97 196
72 171
153 252
16 115
25 124
28 127
137 236
174 273
108 207
5 104
30 129
117 216
33 132
172 271
9 108
111 210
140 239
186 285
116 215
42 141
139 238
119 218
1 100
1 100
169 268
110 209
106 205
158 257
146 245
2 101
168 267
9 108
171 270
26 125
187 286
128 227
137 236
80 179
88 187
84 183
96 195
164 263
94 193
41 140
48 147
94 193
154 253
134 233
107 206
29 128
32 131
85 184
162 261
65 164
114 213
106 205
186 285
134 233
11 110
162 261
106 205
117 216
83 182
161 260
137 236
136 235
76 175
57 156
57 156
124 223
124 223
101 200
173 272
187 286
170 269
185 284
11 110
150 249
57 156
63 162
27 126
165 264
128 227
184 283
80 179
112 211
45 144
165 264
145 244
61 160
53 152
6 105
181 280
86 185
89 188
21 120
90 189
72 171
65 164
181 280
164 263
195 294
60 159
39 138
160 259
121 220
184 283
6 105
120 219
141 240
172 271
172 271
40 139
178 277
129 228
181 280
98 197
195 294
96 195
183 282
29 128
34 133
62 161
168 267
143 242
39 138
125 224
49 148
113 212
69 168
123 222
48 147
5 104
146 245
136 235
125 224
192 291
146 245
33 132
13 112
0 99
120 219
69 168
43 142
80 179
20 119
84 183
131 230
5 104
30 129
91 190
144 243
129 228
89 188
52 151
113 212
0 99
116 215
192 291
196 295
81 180
71 170
11 110
92 191
37 136
160 259
181 280
45 144
54 153
17 116
0 99
29 128
192 291
179 278
0 99
144 243
34 133
82 181
149 248
113 212
109 208
91 190
115 214
57 156
51 150
164 263
81 180
80 179
39 138
118 217
191 290
152 251
51 150
186 285
28 127
57 156
103 202
27 126
72 171
188 287
181 280
153 252
65 164
69 168
154 253
4 103
33 132
52 151
128 227
58 157
94 193
132 231
43 142
147 246
121 220
130 229
7 106
172 271
194 293
51 150
47 146
82 181
40 139
117 216
40 139
159 258
23 122
193 292
75 174
164 263
6 105
62 161
143 242
62 161
30 129
162 261
189 288
193 292
175 274
54 153
45 144
120 219
39 138
189 288
37 136
67 166
108 207
54 153
68 167
29 128
175 274
131 230
77 176
183 282
164 263
16 115
186 285
63 162
187 286
31 130
164 263
30 129
186 285
189 288
13 112
171 270
12 111
15 114
135 234
57 156
119 218
123 222
51 150
10 109
173 272
4 103
151 250
76 175
174 273
152 251
11 110
143 242
4 103
35 134
195 294
168 267
35 134
102 201
81 180
120 219
37 136
164 263
140 239
139 238
193 292
197 296
195 294
21 120
108 207
165 264
25 124
57 156
149 248
119 218
21 120
191 290
6 105
133 232
87 186
166 265
77 176
68 167
41 140
170 269
81 180
169 268
22 121
186 285
174 273
94 193
163 262
41 140
64 163
133 232
26 125
14 113
192 291
24 123
77 176
10 109
73 172
189 288
122 221
9 108
83 182
107 206
44 143
78 177
174 273
176 275
4 103
98 197
179 278
171 270
126 225
37 136
34 133
137 236
185 284
185 284
144 243
165 264
1 100
193 292
142 241
121 220
75 174
173 272
187 286
98 197
162 261
92 191
171 270
186 285
83 182
82 181
62 161
161 260
183 282
66 165
80 179
181 280
189 288
182 281
193 292
117 216
108 207
71 170
126 225
53 152
43 142
173 272
27 126
173 272
55 154
19 118
166 265
87 186
23 122
45 144
35 134
152 251
36 135
19 118
169 268
60 159
53 152
156 255
166 265
194 293
166 265
177 276
194 293
133 232
18 117
22 121
38 137
3 102
189 288
106 205
54 153
26 125
147 246
143 242
72 171
94 193
101 200
133 232
60 159
77 176
44 143
169 268
100 199
23 122
187 286
75 174
187 286
95 194
20 119
132 231
56 155
28 127
125 224
26 125
54 153
150 249
149 248
128 227
173 272
38 137
196 295
143 242
20 119
151 250
86 185
53 152
83 182
116 215
100 199
179 278
117 216
129 228
98 197
3 102
147 246
157 256
129 228
98 197
2 101
67 166
164 263
121 220
143 242
4 103
184 283
13 112
179 278
117 216
46 145
108 207
187 286
82 181
126 225
104 203
35 134
84 183
188 287
11 110
14 113
82 181
10 109
40 139
182 281
170 269
197 296
99 198
75 174
148 247
125 224
124 223
14 113
175 274
36 135
140 239
107 206
44 143
2 101
144 243
176 275
138 237
11 110
13 112
62 161
127 226
93 192
81 180
106 205
41 140
112 211
123 222
3 102
170 269
154 253
4 103
63 162
56 155
83 182
65 164
136 235
44 143
177 276
1 100
25 124
77 176
196 295
60 159
39 138
167 266
14 113
134 233
90 189
154 253
71 170
99 198
30 129
96 195
15 114
156 255
191 290
123 222
34 133
8 107
107 206
193 292
4 103
46 145
84 183
120 219
46 145
22 121
102 201
184 283
3 102
51 150
93 192
12 111
147 246
157 256
168 267
80 179
41 140
191 290
144 243
29 128
179 278
118 217
187 286
111 210
64 163
79 178
28 127
174 273
87 186
69 168
37 136
56 155
67 166
35 134
68 167
99 198
188 287
3 102
70 169
180 279
15 114
58 157
59 158
164 263
5 104
193 292
124 223
5 104
93 192
174 273
83 182
139 238
167 266
77 176
136 235
180 279
86 185
184 283
101 200
74 173
115 214
75 174
17 116
6 105
78 177
122 221
7 106
119 218
167 266
4 103
56 155
25 124
0 99
91 190
129 228
115 214
148 247
173 272
70 169
142 241
186 285
45 144
160 259
135 234
128 227
113 212
125 224
30 129
78 177
69 168
95 194
74 173
41 140
88 187
46 145
99 198
25 124
87 186
164 263
60 159
56 155
16 115
29 128
168 267
70 169
77 176
159 258
49 148
54 153
83 182
32 131
146 245
122 221
191 290
41 140
85 184
104 203
37 136
129 228
176 275
192 291
36 135
31 130
174 273
194 293
197 296
65 164
92 191
41 140
65 164
75 174
184 283
163 262
48 147
187 286
20 119
185 284
4 103
121 220
35 134
151 250
40 139
42 141
75 174
146 245
63 162
172 271
66 165
137 236
192 291
179 278
112 211
147 246
108 207
21 120
1 100
26 125
36 135
54 153
119 218
70 169
79 178
86 185
173 272
117 216
71 170
143 242
111 210
140 239
20 119
183 282
175 274
129 228
191 290
151 250
34 133
12 111
114 213
180 279
119 218
85 184
146 245
3 102
31 130
2 101
18 117
158 257
69 168
107 206
58 157
52 151
69 168
111 210
135 234
138 237
50 149
167 266
131 230
145 244
59 158
60 159
185 284
0 99
133 232
134 233
149 248
160 259
143 242
167 266
137 236
133 232
177 276
89 188
10 109
145 244
19 118
109 208
89 188
73 172
4 103
132 231
154 253
83 182
69 168
66 165
54 153
20 119
54 153
130 229
98 197
162 261
76 175
193 292
172 271
66 165
194 293
49 148
44 143
176 275
140 239
25 124
143 242
144 243
34 133
125 224
51 150
80 179
75 174
53 152
142 241
117 216
106 205
137 236
190 289
158 257
188 287
183 282
167 266
10 109
56 155
166 265
188 287
108 207
131 230
140 239
30 129
30 129
166 265
103 202
7 106
124 223
101 200
30 129
85 184
166 265
23 122
20 119
153 252
62 161
163 262
158 257
33 132
166 265
78 177
193 292
33 132
156 255
143 242
188 287
105 204
164 263
170 269
176 275
116 215
135 234
35 134
101 200
157 256
125 224
30 129
72 171
194 293
0 99
106 205
46 145
159 258
143 242
39 138
77 176
112 211
43 142
128 227
69 168
121 220
90 189
137 236
30 129
114 213
74 173
118 217
159 258
85 184
0 99
22 121
47 146
102 201
57 156
162 261
188 287
152 251
7 106
9 108
77 176
136 235
85 184
93 192
195 294
39 138
130 229
36 135
59 158
84 183
159 258
48 147
100 199
10 109
1 100
45 144
49 148
75 174
55 154
103 202
134 233
76 175
170 269
29 128
197 296
78 177
37 136
165 264
85 184
98 197
23 122
0 99
37 136
78 177
168 267
156 255
161 260
120 219
127 226
54 153
111 210
119 218
161 260
104 203
76 175
47 146
43 142
181 280
9 108
140 239
146 245
100 199
135 234
47 146
36 135
105 204
74 173
162 261
154 253
70 169
70 169
9 108
101 200
77 176
174 273
185 284
141 240
185 284
180 279
85 184
131 230
20 119
176 275
56 155
100 199
43 142
142 241
156 255
36 135
43 142
37 136
83 182
113 212
54 153
7 106
53 152
153 252
151 250
118 217
107 206
96 195
116 215
171 270
105 204
35 134
138 237
13 112
46 145
85 184
153 252
129 228
150 249
88 187
68 167
105 204
62 161
35 134
128 227
84 183
68 167
99 198
176 275
168 267
117 216
119 218
174 273
168 267
106 205
51 150
164 263
123 222
29 128
22 121
78 177
68 167
15 114
166 265
51 150
167 266
187 286
169 268
110 209
113 212
111 210
20 119
64 163
172 271
76 175
43 142
157 256
165 264
91 190
172 271
128 227
59 158
13 112
99 198
33 132
7 106
188 287
12 111
71 170
82 181
173 272
194 293
94 193
136 235
82 181
40 139
127 226
142 241
64 163
34 133
139 238
139 238
63 162
72 171
28 127
191 290
177 276
97 196
90 189
72 171
139 238
28 127
106 205
137 236
94 193
96 195
59 158
119 218
183 282
172 271
26 125
195 294
28 127
115 214
124 223
50 149
66 165
20 119
90 189
170 269
109 208
185 284
159 258
24 123
76 175
128 227
18 117
26 125
179 278
65 164
56 155
135 234
84 183
73 172
107 206
25 124
140 239
9 108
84 183
149 248
177 276
116 215
41 140
170 269
51 150
1 100
14 113
97 196
152 251
87 186
64 163
81 180
149 248
171 270
169 268
196 295
121 220
18 117
159 258
65 164
134 233
194 293
58 157
157 256
189 288
154 253
133 232
7 106
121 220
170 269
73 172
171 270
23 122
85 184
87 186
180 279
193 292
161 260
45 144
19 118
54 153
4 103
94 193
123 222
3 102
152 251
114 213
74 173
42 141
124 223
117 216
72 171
106 205
18 117
152 251
136 235
179 278
42 141
179 278
97 196
115 214
56 155
124 223
197 296
171 270
87 186
132 231
108 207
39 138
78 177
31 130
44 143
121 220
11 110
106 205
55 154
196 295
121 220
82 181
96 195
83 182
58 157
123 222
162 261
38 137
168 267
72 171
50 149
167 266
38 137
114 213
126 225
27 126
21 120
115 214
56 155
167 266
156 255
179 278
189 288
10 109
12 111
24 123
100 199
23 122
3 102
169 268
140 239
151 250
147 246
188 287
175 274
74 173
31 130
42 141
194 293
153 252
55 154
161 260
37 136
95 194
73 172
0 99
43 142
150 249
127 226
60 159
164 263
100 199
169 268
1 100
13 112
12 111
102 201
64 163
44 143
124 223
162 261
159 258
168 267
43 142
88 187
51 150
105 204
11 110
102 201
34 133
172 271
64 163
20 119
120 219
112 211
74 173
115 214
120 219
169 268
40 139
144 243
125 224
54 153
22 121
125 224
58 157
7 106
131 230
3 102
54 153
37 136
64 163
166 265
165 264
52 151
182 281
102 201
16 115
68 167
66 165
94 193
144 243
55 154
142 241
113 212
150 249
161 260
38 137
18 117
144 243
153 252
3 102
174 273
88 187
64 163
187 286
71 170
28 127
54 153
142 241
114 213
79 178
172 271
193 292
29 128
66 165
68 167
107 206
71 170
76 175
4 103
120 219
167 266
26 125
142 241
98 197
70 169
72 171
27 126
53 152
127 226
188 287
32 131
123 222
149 248
23 122
42 141
54 153
12 111
50 149
150 249
161 260
170 269
150 249
93 192
131 230
13 112
124 223
43 142
120 219
159 258
120 219
43 142
35 134
11 110
137 236
133 232
42 141
49 148
23 122
197 296
77 176
57 156
95 194
27 126
165 264
57 156
105 204
99 198
15 114
114 213
82 181
85 184
86 185
120 219
81 180
85 184
8 107
76 175
177 276
87 186
107 206
46 145
38 137
192 291
66 165
25 124
57 156
140 239
40 139
25 124
24 123
54 153
21 120
167 266
164 263
84 183
90 189
115 214
124 223
9 108
66 165
35 134
187 286
111 210
142 241
174 273
141 240
134 233
102 201
145 244
23 122
15 114
185 284
156 255
25 124
103 202
130 229
76 175
99 198
130 229
82 181
80 179
44 143
127 226
108 207
187 286
80 179
2 101
51 150
78 177
48 147
189 288
137 236
122 221
119 218
21 120
115 214
99 198
158 257
38 137
28 127
156 255
26 125
182 281
41 140
9 108
33 132
122 221
112 211
189 288
133 232
159 258
69 168
85 184
86 185
100 199
135 234
155 254
64 163
158 257
108 207
8 107
80 179
100 199
104 203
193 292
50 149
197 296
74 173
166 265
144 243
135 234
100 199
121 220
180 279
94 193
6 105
3 102
125 224
159 258
77 176
91 190
97 196
150 249
129 228
76 175
143 242
25 124
54 153
93 192
99 198
189 288
93 192
196 295
82 181
11 110
190 289
63 162
1 100
131 230
5 104
0 99
17 116
128 227
113 212
133 232
16 115
81 180
1 100
51 150
83 182
8 107
168 267
115 214
69 168
190 289
181 280
86 185
197 296
139 238
71 170
128 227
108 207
27 126
129 228
34 133
113 212
34 133
98 197
190 289
174 273
16 115
131 230
190 289
42 141
95 194
129 228
124 223
177 276
124 223
31 130
16 115
129 228
120 219
102 201
105 204
8 107
33 132
162 261
188 287
84 183
126 225
83 182
68 167
34 133
19 118
64 163
52 151
117 216
169 268
120 219
173 272
24 123
165 264
84 183
165 264
43 142
196 295
89 188
13 112
16 115
111 210
78 177
140 239
28 127
103 202
140 239
102 201
153 252
152 251
105 204
176 275
132 231
7 106
191 290
52 151
99 198
81 180
150 249
167 266
152 251
12 111
123 222
96 195
114 213
54 153
70 169
3 102
196 295
7 106
62 161
180 279
110 209
71 170
82 181
113 212
62 161
135 234
68 167
123 222
31 130
0 99
84 183
113 212
120 219
5 104
8 107
153 252
116 215
165 264
93 192
107 206
132 231
89 188
197 296
69 168
175 274
71 170
115 214
89 188
150 249
116 215
172 271
142 241
134 233
89 188
39 138
130 229
20 119
86 185
112 211
172 271
14 113
24 123
56 155
29 128
5 104
135 234
108 207
90 189
161 260
152 251
52 151
182 281
105 204
84 183
38 137
161 260
47 146
95 194
108 207
28 127
78 177
94 193
177 276
185 284
44 143
129 228
107 206
70 169
113 212
54 153
120 219
125 224
160 259
12 111
13 112
87 186
40 139
174 273
78 177
39 138
142 241
60 159
157 256
11 110
7 106
6 105
134 233
82 181
42 141
175 274
152 251
10 109
157 256
98 197
55 154
75 174
14 113
136 235
182 281
77 176
36 135
97 196
27 126
167 266
2 101
168 267
83 182
158 257
101 200
54 153
128 227
12 111
86 185
173 272
163 262
191 290
24 123
100 199
128 227
30 129
47 146
183 282
37 136
128 227
92 191
158 257
116 215
119 218
104 203
124 223
166 265
3 102
104 203
105 204
167 266
71 170
150 249
162 261
163 262
89 188
93 192
158 257
102 201
168 267
52 151
172 271
22 121
151 250
142 241
61 160
122 221
50 149
33 132
132 231
88 187
118 217
116 215
99 198
10 109
106 205
116 215
149 248
193 292
26 125
81 180
7 106
22 121
78 177
63 162
81 180
140 239
100 199
45 144
78 177
193 292
122 221
127 226
103 202
0 99
183 282
120 219
87 186
136 235
182 281
171 270
122 221
169 268
81 180
108 207
77 176
68 167
127 226
186 285
114 213
192 291
75 174
185 284
19 118
100 199
109 208
5 104
136 235
165 264
4 103
173 272
143 242
31 130
99 198
87 186
20 119
114 213
29 128
65 164
101 200
148 247
49 148
6 105
126 225
33 132
136 235
115 214
145 244
23 122
112 211
197 296
92 191
109 208
112 211
173 272
166 265
46 145
182 281
9 108
165 264
71 170
88 187
180 279
65 164
44 143
12 111
155 254
15 114
134 233
189 288
69 168
43 142
45 144
81 180
178 277
67 166
145 244
119 218
164 263
14 113
68 167
168 267
44 143
22 121
72 171
55 154
168 267
82 181
133 232
193 292
63 162
123 222
177 276
105 204
191 290
114 213
78 177
35 134
17 116
111 210
60 159
63 162
122 221
167 266
74 173
120 219
12 111
195 294
9 108
127 226
94 193
167 266
119 218
83 182
162 261
120 219
145 244
30 129
151 250
54 153
47 146
122 221
138 237
124 223
131 230
58 157
4 103
20 119
163 262
109 208
151 250
156 255
147 246
108 207
6 105
21 120
44 143
81 180
83 182
20 119
180 279
141 240
68 167
14 113
107 206
175 274
92 191
21 120
196 295
109 208
145 244
147 246
95 194
27 126
193 292
153 252
5 104
73 172
0 99
85 184
89 188
54 153
41 140
66 165
33 132
166 265
108 207
53 152
31 130
145 244
188 287
190 289
116 215
78 177
183 282
126 225
71 170
32 131
101 200
17 116
144 243
151 250
60 159
109 208
104 203
82 181
168 267
24 123
5 104
33 132
59 158
36 135
109 208
85 184
188 287
164 263
8 107
58 157
43 142
109 208
174 273
27 126
129 228
50 149
149 248
137 236
16 115
86 185
97 196
69 168
138 237
51 150
53 152
190 289
10 109
170 269
147 246
142 241
35 134
88 187
145 244
144 243
26 125
86 185
109 208
14 113
161 260
171 270
133 232
5 104
158 257
117 216
162 261
127 226
36 135
59 158
89 188
52 151
37 136
86 185
57 156
82 181
154 253
58 157
159 258
59 158
120 219
120 219
69 168
193 292
17 116
14 113
174 273
5 104
182 281
139 238
111 210
43 142
108 207
71 170
87 186
118 217
29 128
111 210
114 213
103 202
138 237
4 103
111 210
152 251
92 191
141 240
121 220
14 113
82 181
110 209
34 133
110 209
156 255
107 206
115 214
51 150
186 285
195 294
6 105
161 260
187 286
3 102
99 198
94 193
143 242
63 162
117 216
100 199
12 111
55 154
81 180
122 221
107 206
90 189
118 217
141 240
175 274
100 199
135 234
155 254
148 247
125 224
147 246
151 250
178 277
137 236
5 104
124 223
132 231
20 119
71 170
149 248
158 257
91 190
3 102
49 148
163 262
144 243
156 255
79 178
5 104
174 273
47 146
24 123
171 270
68 167
21 120
48 147
136 235
185 284
58 157
17 116
36 135
171 270
57 156
29 128
95 194
34 133
121 220
61 160
42 141
103 202
146 245
120 219
167 266
148 247
15 114
142 241
104 203
76 175
32 131
133 232
13 112
147 246
18 117
89 188
92 191
97 196
88 187
148 247
143 242
135 234
157 256
173 272
49 148
123 222
102 201
91 190
30 129
68 167
52 151
88 187
9 108
57 156
116 215
128 227
5 104
164 263
10 109
44 143
151 250
94 193
171 270
37 136
80 179
22 121
2 101
46 145
145 244
179 278
34 133
0 99
21 120
81 180
181 280
62 161
46 145
22 121
165 264
177 276
98 197
45 144
17 116
156 255
151 250
135 234
82 181
113 212
11 110
151 250
13 112
29 128
69 168
153 252
147 246
100 199
54 153
81 180
90 189
14 113
8 107
150 249
88 187
60 159
177 276
147 246
76 175
148 247
45 144
147 246
59 158
38 137
74 173
80 179
170 269
34 133
159 258
110 209
113 212
174 273
130 229
187 286
99 198
112 211
86 185
61 160
54 153
20 119
185 284
116 215
31 130
41 140
101 200
9 108
131 230
30 129
172 271
49 148
37 136
136 235
78 177
140 239
64 163
128 227
57 156
193 292
166 265
178 277
84 183
37 136
173 272
120 219
119 218
67 166
69 168
32 131
67 166
31 130
156 255
171 270
1 100
112 211
82 181
178 277
91 190
44 143
82 181
166 265
116 215
14 113
88 187
52 151
154 253
3 102
30 129
181 280
63 162
102 201
7 106
55 154
63 162
171 270
154 253
88 187
144 243
53 152
77 176
117 216
29 128
60 159
9 108
77 176
182 281
79 178
121 220
50 149
9 108
33 132
22 121
194 293
20 119
27 126
48 147
29 128
147 246
42 141
9 108
191 290
7 106
168 267
70 169
162 261
134 233
192 291
46 145
19 118
126 225
89 188
66 165
97 196
192 291
77 176
110 209
29 128
78 177
187 286
176 275
86 185
153 252
191 290
36 135
104 203
54 153
62 161
66 165
41 140
16 115
183 282
71 170
1 100
95 194
126 225
39 138
164 263
195 294
178 277
195 294
80 179
159 258
50 149
100 199
14 113
60 159
136 235
84 183
98 197
26 125
32 131
126 225
125 224
3 102
31 130
163 262
12 111
1 100
150 249
151 250
120 219
61 160
110 209
120 219
51 150
30 129
0 99
54 153
99 198
130 229
194 293
143 242
130 229
191 290
42 141
144 243
68 167
98 197
112 211
117 216
72 171
50 149
8 107
49 148
147 246
91 190
155 254
106 205
38 137
50 149
4 103
71 170
12 111
113 212
110 209
102 201
181 280
122 221
99 198
134 233
88 187
39 138
163 262
82 181
18 117
154 253
195 294
161 260
20 119
144 243
168 267
72 171
117 216
130 229
102 201
35 134
48 147
113 212
161 260
190 289
98 197
127 226
77 176
192 291
91 190
173 272
173 272
60 159
79 178
49 148
174 273
93 192
12 111
95 194
23 122
46 145
171 270
76 175
71 170
153 252
144 243
137 236
184 283
0 99
58 157
91 190
193 292
124 223
28 127
38 137
11 110
165 264
84 183
7 106
196 295
26 125
29 128
15 114
62 161
90 189
33 132
50 149
191 290
43 142
113 212
90 189
162 261
166 265
104 203
170 269
12 111
190 289
101 200
6 105
72 171
73 172
63 162
183 282
108 207
7 106
160 259
66 165
119 218
158 257
23 122
72 171
111 210
75 174
98 197
156 255
13 112
162 261
34 133
12 111
128 227
196 295
4 103
52 151
110 209
2 101
117 216
18 117
84 183
30 129
54 153
86 185
51 150
64 163
37 136
155 254
194 293
22 121
46 145
119 218
20 119
194 293
132 231
145 244
48 147
96 195
62 161
40 139
160 259
196 295
81 180
27 126
65 164
66 165
148 247
194 293
126 225
70 169
30 129
58 157
53 152
144 243
32 131
35 134
158 257
134 233
195 294
52 151
151 250
62 161
181 280
157 256
69 168
147 246
35 134
101 200
33 132
48 147
193 292
13 112
29 128
30 129
155 254
65 164
152 251
28 127
20 119
194 293
47 146
1 100
61 160
104 203
196 295
197 296
42 141
175 274
39 138
151 250
181 280
123 222
74 173
190 289
111 210
93 192
26 125
165 264
117 216
129 228
138 237
89 188
195 294
129 228
196 295
15 114
148 247
95 194
42 141
81 180
14 113
44 143
13 112
161 260
65 164
194 293
31 130
197 296
135 234
16 115
146 245
143 242
173 272
26 125
4 103
108 207
65 164
34 133
18 117
46 145
103 202
48 147
21 120
138 237
151 250
84 183
105 204
63 162
54 153
116 215
14 113
29 128
149 248
91 190
70 169
111 210
139 238
17 116
94 193
120 219
65 164
194 293
122 221
186 285
93 192
46 145
49 148
25 124
28 127
134 233
29 128
69 168
177 276
120 219
27 126
14 113
165 264
150 249
43 142
14 113
78 177
133 232
123 222
41 140
113 212
182 281
184 283
156 255
43 142
82 181
195 294
80 179
191 290
46 145
168 267
192 291
45 144
29 128
119 218
111 210
51 150
195 294
153 252
197 296
79 178
143 242
10 109
96 195
113 212
27 126
5 104
188 287
55 154
22 121
66 165
169 268
53 152
172 271
90 189
37 136
94 193
111 210
112 211
187 286
168 267
183 282
125 224
48 147
110 209
112 211
175 274
176 275
189 288
140 239
110 209
14 113
28 127
77 176
188 287
60 159
60 159
24 123
104 203
74 173
44 143
113 212
25 124
71 170
35 134
147 246
97 196
191 290
140 239
109 208
83 182
46 145
126 225
42 141
91 190
131 230
88 187
139 238
89 188
194 293
109 208
60 159
111 210
72 171
6 105
84 183
123 222
5 104
10 109
163 262
137 236
168 267
13 112
90 189
96 195
20 119
114 213
85 184
192 291
87 186
184 283
18 117
185 284
103 202
142 241
38 137
169 268
161 260
103 202
49 148
75 174
89 188
60 159
192 291
148 247
15 114
154 253
4 103
65 164
121 220
77 176
10 109
193 292
51 150
64 163
87 186
101 200
116 215
12 111
8 107
84 183
166 265
102 201
168 267
66 165
114 213
167 266
87 186
3 102
31 130
4 103
132 231
53 152
22 121
91 190
5 104
107 206
183 282
32 131
190 289
181 280
92 191
55 154
33 132
140 239
173 272
68 167
178 277
80 179
59 158
187 286
102 201
158 257
72 171
143 242
69 168
61 160
159 258
187 286
16 115
72 171
92 191
108 207
167 266
187 286
24 123
11 110
8 107
26 125
140 239
44 143
134 233
11 110
21 120
6 105
35 134
8 107
34 133
37 136
47 146
42 141
3 102
137 236
130 229
115 214
55 154
164 263
98 197
171 270
142 241
79 178
22 121
43 142
149 248
76 175
83 182
45 144
31 130
100 199
19 118
73 172
19 118
185 284
142 241
51 150
147 246
130 229
182 281
137 236
95 194
165 264
108 207
72 171
126 225
161 260
110 209
87 186
159 258
175 274
1 100
73 172
186 285
44 143
121 220
36 135
148 247
180 279
35 134
119 218
85 184
157 256
18 117
68 167
61 160
77 176
159 258
57 156
22 121
191 290
195 294
174 273
49 148
8 107
20 119
88 187
118 217
95 194
74 173
133 232
30 129
178 277
8 107
152 251
160 259
98 197
83 182
56 155
130 229
128 227
118 217
148 247
0 99
143 242
196 295
9 108
25 124
32 131
43 142
32 131
105 204
43 142
183 282
134 233
136 235
2 101
50 149
46 145
59 158
180 279
5 104
115 214
1 100
117 216
120 219
118 217
87 186
100 199
141 240
118 217
34 133
98 197
134 233
195 294
53 152
57 156
180 279
136 235
106 205
51 150
131 230
177 276
0 99
139 238
40 139
178 277
47 146
160 259
159 258
31 130
112 211
165 264
31 130
174 273
17 116
142 241
189 288
10 109
194 293
144 243
101 200
186 285
182 281
128 227
153 252
146 245
127 226
24 123
95 194
47 146
101 200
126 225
128 227
124 223
177 276
84 183
17 116
146 245
49 148
156 255
146 245
164 263
195 294
59 158
186 285
131 230
171 270
91 190
5 104
122 221
81 180
100 199
135 234
47 146
169 268
179 278
180 279
3 102
189 288
51 150
15 114
120 219
71 170
175 274
122 221
60 159
33 132
111 210
147 246
80 179
38 137
81 180
135 234
84 183
70 169
179 278
133 232
86 185
93 192
81 180
195 294
148 247
41 140
61 160
183 282
3 102
29 128
23 122
169 268
112 211
58 157
137 236
160 259
176 275
5 104
134 233
71 170
72 171
144 243
143 242
13 112
183 282
81 180
12 111
13 112
112 211
174 273
175 274
177 276
129 228
123 222
164 263
22 121
50 149
8 107
33 132
74 173
15 114
135 234
37 136
83 182
2 101
138 237
50 149
28 127
55 154
86 185
152 251
58 157
186 285
170 269
10 109
14 113
12 111
16 115
52 151
120 219
118 217
99 198
81 180
169 268
83 182
47 146
3 102
141 240
36 135
71 170
150 249
122 221
170 269
78 177
138 237
120 219
156 255
48 147
17 116
126 225
100 199
133 232
84 183
65 164
177 276
137 236
130 229
78 177
50 149
33 132
31 130
20 119
173 272
93 192
8 107
181 280
38 137
136 235
184 283
71 170
20 119
29 128
83 182
32 131
128 227
144 243
105 204
78 177
188 287
86 185
174 273
176 275
94 193
170 269
175 274
115 214
51 150
28 127
158 257
149 248
170 269
166 265
180 279
120 219
81 180
150 249
125 224
133 232
186 285
164 263
194 293
58 157
173 272
98 197
6 105
113 212
152 251
2 101
65 164
14 113
17 116
55 154
82 181
15 114
23 122
70 169
18 117
150 249
61 160
6 105
56 155
107 206
180 279
156 255
52 151
37 136
39 138
105 204
161 260
130 229
123 222
157 256
58 157
91 190
13 112
31 130
191 290
177 276
197 296
30 129
157 256
5 104
132 231
190 289
36 135
86 185
61 160
189 288
20 119
118 217
3 102
108 207
60 159
168 267
115 214
117 216
111 210
166 265
183 282
105 204
142 241
46 145
14 113
146 245
174 273
121 220
66 165
10 109
78 177
29 128
115 214
72 171
180 279
23 122
196 295
136 235
30 129
15 114
6 105
175 274
179 278
161 260
55 154
91 190
180 279
25 124
17 116
133 232
55 154
1 100
55 154
57 156
34 133
75 174
17 116
141 240
108 207
13 112
85 184
145 244
43 142
99 198
24 123
130 229
79 178
151 250
23 122
173 272
172 271
2 101
80 179
48 147
34 133
158 257
128 227
7 106
104 203
112 211
84 183
61 160
106 205
134 233
108 207
11 110
30 129
179 278
195 294
91 190
138 237
36 135
40 139
172 271
144 243
148 247
134 233
54 153
55 154
69 168
88 187
52 151
137 236
31 130
115 214
180 279
39 138
73 172
163 262
176 275
68 167
40 139
160 259
95 194
15 114
113 212
187 286
66 165
116 215
84 183
9 108
171 270
168 267
95 194
33 132
76 175
79 178
112 211
62 161
13 112
172 271
77 176
76 175
137 236
71 170
31 130
44 143
3 102
155 254
118 217
187 286
72 171
158 257
78 177
143 242
4 103
82 181
44 143
33 132
97 196
133 232
134 233
47 146
111 210
148 247
67 166
173 272
182 281
163 262
169 268
170 269
3 102
126 225
3 102
146 245
10 109
19 118
75 174
133 232
138 237
174 273
97 196
4 103
145 244
174 273
115 214
137 236
171 270
126 225
139 238
84 183
92 191
133 232
133 232
130 229
103 202
25 124
66 165
17 116
46 145
48 147
46 145
180 279
178 277
168 267
91 190
28 127
50 149
86 185
133 232
75 174
89 188
78 177
69 168
175 274
144 243
60 159
137 236
74 173
160 259
130 229
125 224
59 158
24 123
94 193
19 118
67 166
79 178
143 242
86 185
105 204
36 135
80 179
83 182
167 266
5 104
190 289
178 277
77 176
115 214
77 176
16 115
89 188
57 156
51 150
14 113
153 252
110 209
81 180
7 106
176 275
137 236
126 225
98 197
154 253
132 231
78 177
2 101
166 265
9 108
48 147
12 111
110 209
129 228
128 227
126 225
76 175
150 249
169 268
152 251
57 156
157 256
119 218
63 162
53 152
38 137
4 103
46 145
78 177
155 254
80 179
62 161
58 157
41 140
134 233
180 279
22 121
15 114
25 124
142 241
102 201
30 129
60 159
164 263
109 208
53 152
21 120
177 276
104 203
171 270
175 274
109 208
52 151
164 263
154 253
51 150
70 169
143 242
161 260
133 232
49 148
28 127
166 265
175 274
164 263
88 187
96 195
23 122
179 278
104 203
26 125
143 242
98 197
22 121
188 287
53 152
32 131
180 279
72 171
2 101
145 244
63 162
29 128
26 125
25 124
8 107
177 276
2 101
48 147
89 188
159 258
117 216
1 100
104 203
59 158
36 135
9 108
49 148
187 286
132 231
69 168
139 238
139 238
90 189
105 204
59 158
179 278
183 282
3 102
148 247
1 100
52 151
165 264
107 206
190 289
189 288
120 219
36 135
157 256
7 106
144 243
119 218
191 290
25 124
105 204
34 133
82 181
79 178
90 189
93 192
103 202
37 136
135 234
41 140
108 207
110 209
43 142
185 284
39 138
13 112
190 289
128 227
0 99
78 177
1 100
116 215
192 291
139 238
43 142
117 216
57 156
10 109
8 107
23 122
39 138
137 236
186 285
94 193
12 111
146 245
34 133
30 129
81 180
136 235
186 285
89 188
90 189
85 184
119 218
195 294
66 165
114 213
71 170
76 175
71 170
8 107
137 236
34 133
151 250
84 183
1 100
182 281
51 150
49 148
43 142
65 164
106 205
23 122
139 238
189 288
124 223
162 261
22 121
29 128
57 156
128 227
160 259
20 119
109 208
124 223
99 198
187 286
137 236
89 188
153 252
102 201
104 203
107 206
127 226
74 173
120 219
143 242
174 273
167 266
165 264
8 107
2 101
31 130
70 169
108 207
138 237
142 241
50 149
126 225
36 135
8 107
95 194
98 197
179 278
169 268
167 266
100 199
181 280
38 137
135 234
197 296
182 281
88 187
39 138
131 230
154 253
46 145
108 207
98 197
92 191
23 122
25 124
141 240
5 104
139 238
94 193
143 242
99 198
62 161
91 190
88 187
96 195
174 273
193 292
70 169
0 99
135 234
18 117
182 281
72 171
52 151
84 183
177 276
9 108
111 210
164 263
195 294
14 113
19 118
85 184
120 219
78 177
111 210
78 177
84 183
69 168
24 123
90 189
141 240
42 141
65 164
37 136
111 210
191 290
60 159
150 249
143 242
146 245
132 231
176 275
41 140
121 220
0 99
31 130
27 126
24 123
160 259
75 174
106 205
47 146
21 120
33 132
4 103
173 272
182 281
181 280
179 278
116 215
9 108
85 184
121 220
120 219
7 106
78 177
7 106
173 272
58 157
120 219
60 159
56 155
43 142
26 125
18 117
180 279
15 114
90 189
100 199
121 220
166 265
49 148
175 274
128 227
41 140
83 182
171 270
134 233
146 245
96 195
165 264
174 273
14 113
139 238
169 268
161 260
140 239
72 171
96 195
99 198
123 222
1 100
50 149
122 221
71 170
14 113
82 181
87 186
38 137
64 163
44 143
29 128
159 258
109 208
24 123
96 195
47 146
6 105
170 269
119 218
123 222
188 287
120 219
186 285
166 265
70 169
138 237
180 279
37 136
139 238
10 109
143 242
143 242
80 179
109 208
162 261
32 131
145 244
138 237
155 254
156 255
162 261
75 174
149 248
190 289
101 200
169 268
175 274
19 118
109 208
140 239
190 289
138 237
122 221
169 268
85 184
190 289
194 293
143 242
122 221
56 155
62 161
164 263
32 131
188 287
161 260
88 187
152 251
88 187
77 176
17 116
95 194
99 198
78 177
83 182
49 148
38 137
43 142
64 163
160 259
105 204
73 172
41 140
99 198
62 161
92 191
167 266
112 211
158 257
148 247
43 142
163 262
62 161
18 117
2 101
60 159
43 142
94 193
194 293
147 246
82 181
22 121
90 189
3 102
87 186
162 261
23 122
171 270
27 126
194 293
90 189
97 196
88 187
134 233
36 135
125 224
116 215
44 143
173 272
69 168
121 220
171 270
59 158
100 199
182 281
50 149
85 184
135 234
183 282
14 113
131 230
130 229
83 182
144 243
92 191
164 263
157 256
11 110
86 185
44 143
104 203
48 147
102 201
38 137
50 149
178 277
133 232
95 194
155 254
85 184
105 204
13 112
30 129
87 186
92 191
178 277
121 220
22 121
44 143
60 159
178 277
23 122
76 175
31 130
6 105
79 178
18 117
146 245
188 287
165 264
156 255
64 163
132 231
131 230
11 110
15 114
115 214
71 170
104 203
162 261
130 229
188 287
124 223
99 198
180 279
108 207
6 105
174 273
107 206
33 132
126 225
190 289
49 148
184 283
70 169
170 269
58 157
80 179
65 164
108 207
175 274
16 115
184 283
107 206
11 110
49 148
187 286
84 183
50 149
94 193
144 243
138 237
73 172
70 169
142 241
67 166
176 275
140 239
102 201
135 234
95 194
57 156
39 138
102 201
52 151
24 123
128 227
33 132
111 210
150 249
142 241
77 176
76 175
64 163
95 194
177 276
152 251
100 199
89 188
182 281
57 156
77 176
151 250
11 110
24 123
172 271
194 293
26 125
7 106
73 172
154 253
16 115
177 276
100 199
168 267
164 263
9 108
125 224
39 138
36 135
125 224
61 160
13 112
11 110
115 214
58 157
115 214
6 105
103 202
24 123
58 157
150 249
46 145
59 158
106 205
66 165
111 210
117 216
75 174
96 195
79 178
69 168
196 295
108 207
134 233
72 171
42 141
71 170
174 273
104 203
115 214
50 149
50 149
23 122
178 277
156 255
61 160
187 286
185 284
61 160
58 157
105 204
23 122
95 194
150 249
13 112
174 273
31 130
160 259
0 99
188 287
67 166
7 106
183 282
153 252
65 164
1 100
49 148
140 239
113 212
139 238
174 273
152 251
96 195
146 245
195 294
1 100
10 109
73 172
134 233
108 207
46 145
184 283
118 217
86 185
81 180
37 136
109 208
6 105
26 125
122 221
126 225
5 104
36 135
19 118
54 153
51 150
43 142
91 190
133 232
37 136
98 197
185 284
170 269
91 190
108 207
175 274
20 119
4 103
110 209
98 197
74 173
170 269
25 124
172 271
72 171
161 260
37 136
77 176
138 237
88 187
89 188
170 269
153 252
56 155
109 208
55 154
24 123
137 236
161 260
167 266
122 221
182 281
126 225
195 294
112 211
65 164
82 181
62 161
48 147
44 143
56 155
190 289
108 207
188 287
61 160
153 252
136 235
179 278
105 204
69 168
112 211
17 116
167 266
33 132
13 112
144 243
149 248
151 250
120 219
14 113
17 116
44 143
90 189
165 264
28 127
194 293
140 239
50 149
112 211
68 167
35 134
86 185
117 216
96 195
82 181
32 131
132 231
115 214
15 114
110 209
102 201
32 131
167 266
25 124
124 223
182 281
157 256
20 119
127 226
163 262
9 108
189 288
169 268
94 193
17 116
9 108
123 222
3 102
72 171
187 286
88 187
55 154
36 135
92 191
123 222
49 148
103 202
146 245
134 233
142 241
16 115
193 292
7 106
52 151
127 226
67 166
132 231
97 196
20 119
178 277
79 178
97 196
63 162
181 280
145 244
44 143
116 215
79 178
185 284
53 152
29 128
53 152
78 177
196 295
168 267
116 215
181 280
7 106
95 194
197 296
119 218
79 178
143 242
61 160
139 238
19 118
89 188
57 156
172 271
96 195
86 185
79 178
21 120
131 230
52 151
96 195
119 218
2 101
61 160
130 229
164 263
30 129
131 230
176 275
117 216
142 241
74 173
174 273
83 182
192 291
179 278
148 247
161 260
176 275
43 142
35 134
105 204
178 277
60 159
29 128
63 162
35 134
117 216
155 254
86 185
24 123
24 123
137 236
75 174
136 235
122 221
0 99
18 117
170 269
125 224
81 180
62 161
172 271
48 147
140 239
195 294
40 139
158 257
64 163
157 256
171 270
141 240
100 199
141 240
148 247
139 238
101 200
74 173
117 216
85 184
44 143
83 182
101 200
5 104
8 107
103 202
181 280
128 227
51 150
41 140
60 159
74 173
24 123
192 291
80 179
197 296
93 192
45 144
136 235
82 181
80 179
55 154
16 115
66 165
27 126
82 181
137 236
164 263
69 168
119 218
191 290
177 276
43 142
159 258
115 214
121 220
191 290
139 238
196 295
133 232
153 252
152 251
160 259
39 138
84 183
25 124
194 293
49 148
100 199
109 208
146 245
163 262
81 180
157 256
82 181
103 202
93 192
31 130
86 185
94 193
194 293
44 143
6 105
20 119
76 175
44 143
117 216
17 116
195 294
81 180
61 160
106 205
164 263
77 176
38 137
69 168
61 160
175 274
110 209
155 254
16 115
148 247
157 256
34 133
86 185
108 207
125 224
160 259
41 140
30 129
55 154
37 136
62 161
101 200
173 272
33 132
143 242
107 206
59 158
119 218
133 232
179 278
125 224
124 223
34 133
69 168
139 238
96 195
108 207
7 106
30 129
179 278
67 166
98 197
91 190
166 265
143 242
24 123
81 180
167 266
180 279
7 106
189 288
168 267
54 153
59 158
11 110
139 238
1 100
116 215
74 173
179 278
68 167
47 146
182 281
100 199
37 136
106 205
116 215
138 237
16 115
82 181
106 205
175 274
40 139
68 167
33 132
6 105
123 222
44 143
158 257
34 133
122 221
192 291
190 289
26 125
17 116
173 272
23 122
26 125
157 256
49 148
65 164
98 197
11 110
197 296
183 282
96 195
60 159
188 287
133 232
79 178
197 296
166 265
27 126
191 290
63 162
157 256
150 249
107 206
18 117
22 121
165 264
50 149
129 228
44 143
190 289
108 207
43 142
62 161
121 220
172 271
16 115
14 113
100 199
193 292
28 127
90 189
129 228
16 115
7;156504
46 145
116 215
76 175
82 181
13 112
166 265
6 105
51 150
42 141
165 264
157 256
178 277
32 131
85 184
40 139
107 206
106 205
79 178
157 256
69 168
152 251
99 198
165 264
68 167
26 125
196 295
176 275
25 124
20 119
39 138
42 141
149 248
91 190
137 236
34 133
167 266
57 156
12 111
39 138
114 213
13 112
19 118
12 111
184 283
123 222
133 232
136 235
196 295
159 258
178 277
35 134
164 263
87 186
86 185
75 174
2 101
49 148
83 182
6 105
185 284
144 243
106 205
66 165
54 153
186 285
173 272
36 135
6 105
70 169
125 224
193 292
124 223
30 129
34 133
76 175
187 286
27 126
15 114
118 217
27 126
60 159
163 262
99 198
97 196
152 251
178 277
114 213
124 223
61 160
64 163
91 190
110 209
43 142
151 250
21 120
158 257
4 103
157 256
52 151
21 120
179 278
175 274
23 122
106 205
4 103
142 241
76 175
53 152
163 262
180 279
155 254
49 148
146 245
34 133
107 206
194 293
52 151
155 254
196 295
196 295
102 201
186 285
65 164
86 185
149 248
111 210
192 291
73 172
60 159
82 181
136 235
168 267
105 204
129 228
135 234
156 255
190 289
161 260
129 228
48 147
66 165
176 275
68 167
20 119
194 293
182 281
30 129
112 211
115 214
30 129
183 282
188 287
1 100
164 263
188 287
177 276
83 182
38 137
65 164
37 136
67 166
111 210
70 169
185 284
119 218
101 200
137 236
51 150
115 214
107 206
124 223
97 196
60 159
49 148
179 278
166 265
95 194
37 136
1 100
175 274
146 245
75 174
168 267
53 152
106 205
163 262
192 291
1 100
142 241
123 222
73 172
124 223
92 191
127 226
160 259
127 226
149 248
36 135
34 133
139 238
26 125
19 118
52 151
11 110
62 161
146 245
183 282
170 269
115 214
146 245
162 261
41 140
190 289
185 284
168 267
12 111
80 179
61 160
101 200
144 243
130 229
145 244
118 217
170 269
55 154
99 198
144 243
12 111
105 204
6 105
164 263
174 273
18 117
54 153
61 160
126 225
108 207
130 229
56 155
152 251
45 144
59 158
185 284
178 277
128 227
98 197
127 226
130 229
91 190
137 236
60 159
172 271
89 188
150 249
99 198
18 117
139 238
22 121
133 232
104 203
97 196
18 117
136 235
6 105
187 286
136 235
48 147
57 156
155 254
147 246
53 152
113 212
76 175
104 203
10 109
139 238
36 135
46 145
122 221
185 284
91 190
1 100
103 202
144 243
83 182
109 208
111 210
173 272
59 158
62 161
31 130
77 176
184 283
155 254
187 286
100 199
43 142
44 143
29 128
146 245
156 255
1 100
173 272
6 105
143 242
4 103
83 182
147 246
96 195
11 110
44 143
114 213
9 108
39 138
155 254
36 135
148 247
99 198
175 274
37 136
109 208
171 270
122 221
107 206
5 104
156 255
164 263
39 138
38 137
14 113
75 174
95 194
45 144
21 120
138 237
30 129
142 241
95 194
155 254
168 267
14 113
170 269
45 144
60 159
128 227
127 226
35 134
77 176
19 118
89 188
49 148
70 169
196 295
45 144
73 172
32 131
192 291
171 270
61 160
108 207
107 206
113 212
73 172
168 267
17 116
105 204
27 126
143 242
62 161
104 203
72 171
31 130
19 118
185 284
88 187
6 105
78 177
28 127
151 250
147 246
24 123
97 196
136 235
164 263
143 242
60 159
100 199
156 255
83 182
73 172
172 271
145 244
9 108
187 286
41 140
79 178
97 196
36 135
62 161
155 254
12 111
11 110
121 220
172 271
60 159
58 157
76 175
114 213
137 236
161 260
94 193
157 256
190 289
45 144
108 207
61 160
136 235
129 228
138 237
122 221
3 102
115 214
120 219
127 226
29 128
177 276
99 198
183 282
122 221
59 158
27 126
122 221
100 199
164 263
52 151
13 112
6 105
105 204
135 234
61 160
79 178
138 237
143 242
66 165
155 254
118 217
39 138
155 254
42 141
148 247
116 215
11 110
79 178
140 239
103 202
135 234
81 180
4 103
110 209
154 253
167 266
62 161
45 144
30 129
30 129
196 295
121 220
171 270
165 264
175 274
179 278
82 181
179 278
49 148
181 280
91 190
192 291
106 205
61 160
119 218
176 275
25 124
47 146
28 127
78 177
121 220
112 211
131 230
102 201
189 288
36 135
29 128
164 263
108 207
117 216
79 178
146 245
80 179
94 193
152 251
104 203
32 131
109 208
150 249
72 171
55 154
68 167
9 108
53 152
48 147
87 186
33 132
106 205
118 217
114 213
52 151
158 257
138 237
111 210
99 198
60 159
146 245
185 284
192 291
176 275
0 99
18 117
46 145
152 251
98 197
151 250
79 178
35 134
105 204
168 267
141 240
57 156
107 206
191 290
196 295
127 226
97 196
108 207
82 181
162 261
174 273
26 125
42 141
193 292
66 165
76 175
110 209
172 271
102 201
172 271
79 178
189 288
195 294
103 202
123 222
85 184
183 282
107 206
146 245
164 263
86 185
161 260
144 243
105 204
153 252
24 123
20 119
192 291
150 249
7 106
144 243
120 219
142 241
120 219
61 160
79 178
28 127
101 200
105 204
185 284
164 263
36 135
1 100
69 168
132 231
81 180
10 109
16 115
186 285
1 100
167 266
6 105
65 164
28 127
49 148
32 131
183 282
0 99
61 160
22 121
53 152
63 162
109 208
14 113
171 270
58 157
51 150
147 246
2 101
187 286
37 136
107 206
126 225
25 124
47 146
83 182
0 99
30 129
64 163
185 284
51 150
134 233
107 206
153 252
113 212
119 218
180 279
24 123
38 137
133 232
29 128
91 190
186 285
26 125
173 272
157 256
148 247
40 139
40 139
34 133
120 219
109 208
106 205
95 194
31 130
129 228
174 273
171 270
10 109
42 141
190 289
22 121
70 169
134 233
79 178
52 151
192 291
83 182
181 280
37 136
146 245
157 256
152 251
44 143
4 103
157 256
15 114
185 284
150 249
69 168
94 193
188 287
10 109
54 153
159 258
59 158
73 172
122 221
25 124
167 266
167 266
159 258
34 133
24 123
170 269
44 143
78 177
184 283
10 109
66 165
141 240
1 100
173 272
188 287
55 154
137 236
5 104
168 267
97 196
53 152
69 168
180 279
14 113
111 210
131 230
179 278
46 145
144 243
189 288
142 241
153 252
2 101
97 196
54 153
98 197
48 147
196 295
132 231
40 139
132 231
141 240
152 251
175 274
120 219
100 199
101 200
58 157
118 217
49 148
112 211
101 200
71 170
130 229
152 251
123 222
99 198
105 204
145 244
177 276
102 201
46 145
172 271
78 177
143 242
52 151
59 158
126 225
145 244
0 99
26 125
169 268
121 220
178 277
25 124
37 136
40 139
181 280
55 154
40 139
34 133
13 112
6 105
3 102
74 173
63 162
74 173
127 226
95 194
160 259
131 230
166 265
82 181
187 286
49 148
3 102
74 173
112 211
20 119
54 153
196 295
137 236
76 175
155 254
50 149
170 269
87 186
160 259
95 194
152 251
17 116
83 182
149 248
126 225
55 154
31 130
159 258
126 225
181 280
30 129
45 144
140 239
106 205
28 127
83 182
164 263
4 103
76 175
159 258
162 261
130 229
104 203
161 260
86 185
116 215
155 254
137 236
38 137
21 120
46 145
172 271
53 152
44 143
13 112
159 258
20 119
185 284
69 168
117 216
22 121
26 125
16 115
130 229
186 285
90 189
151 250
180 279
123 222
44 143
82 181
128 227
16 115
195 294
28 127
101 200
144 243
131 230
81 180
143 242
158 257
152 251
142 241
78 177
97 196
178 277
196 295
94 193
102 201
130 229
15 114
93 192
132 231
18 117
38 137
134 233
114 213
33 132
37 136
47 146
177 276
188 287
104 203
79 178
7 106
105 204
180 279
185 284
113 212
54 153
127 226
40 139
106 205
26 125
169 268
109 208
4 103
115 214
19 118
155 254
87 186
60 159
33 132
20 119
114 213
128 227
80 179
66 165
170 269
104 203
151 250
148 247
90 189
83 182
61 160
21 120
69 168
102 201
181 280
191 290
160 259
188 287
86 185
0 99
11 110
103 202
109 208
193 292
187 286
18 117
77 176
69 168
28 127
167 266
135 234
75 174
15 114
192 291
93 192
113 212
143 242
124 223
24 123
148 247
195 294
123 222
135 234
151 250
178 277
50 149
125 224
84 183
74 173
155 254
69 168
41 140
197 296
110 209
102 201
79 178
19 118
26 125
189 288
154 253
170 269
21 120
21 120
78 177
194 293
190 289
8 107
5 104
131 230
151 250
14 113
1 100
176 275
74 173
13 112
146 245
93 192
73 172
42 141
70 169
71 170
1 100
91 190
72 171
153 252
175 274
186 285
188 287
41 140
23 122
152 251
36 135
174 273
127 226
39 138
146 245
20 119
125 224
58 157
107 206
107 206
191 290
0 99
192 291
61 160
1 100
11 110
147 246
103 202
60 159
124 223
192 291
37 136
135 234
139 238
7 106
171 270
28 127
160 259
63 162
186 285
72 171
19 118
18 117
174 273
70 169
140 239
59 158
16 115
120 219
7 106
16 115
107 206
31 130
84 183
27 126
86 185
50 149
157 256
118 217
107 206
163 262
186 285
47 146
77 176
12 111
17 116
21 120
147 246
119 218
88 187
190 289
101 200
52 151
2 101
34 133
32 131
59 158
90 189
160 259
106 205
162 261
104 203
191 290
119 218
30 129
134 233
2 101
68 167
153 252
48 147
146 245
164 263
111 210
144 243
95 194
144 243
30 129
164 263
91 190
48 147
5 104
35 134
104 203
187 286
156 255
168 267
36 135
106 205
95 194
163 262
102 201
55 154
85 184
129 228
15 114
189 288
28 127
170 269
104 203
84 183
89 188
154 253
35 134
122 221
145 244
197 296
35 134
53 152
104 203
173 272
161 260
192 291
46 145
94 193
194 293
169 268
22 121
135 234
47 146
126 225
13 112
153 252
55 154
192 291
141 240
143 242
43 142
177 276
46 145
117 216
139 238
6 105
25 124
0 99
49 148
143 242
152 251
95 194
11 110
117 216
12 111
71 170
150 249
27 126
55 154
136 235
113 212
196 295
77 176
95 194
56 155
90 189
168 267
42 141
194 293
174 273
47 146
145 244
179 278
194 293
51 150
142 241
175 274
79 178
8 107
167 266
157 256
26 125
194 293
26 125
25 124
47 146
173 272
156 255
164 263
165 264
56 155
163 262
14 113
184 283
118 217
99 198
140 239
78 177
86 185
136 235
90 189
155 254
136 235
84 183
105 204
5 104
93 192
144 243
147 246
181 280
150 249
182 281
120 219
181 280
128 227
50 149
138 237
139 238
153 252
189 288
109 208
25 124
81 180
176 275
118 217
35 134
90 189
193 292
178 277
133 232
117 216
1 100
140 239
26 125
24 123
196 295
190 289
197 296
16 115
90 189
34 133
11 110
39 138
71 170
80 179
12 111
20 119
66 165
59 158
188 287
81 180
29 128
76 175
148 247
92 191
148 247
95 194
8 107
161 260
197 296
189 288
34 133
156 255
79 178
144 243
185 284
35 134
197 296
179 278
146 245
37 136
106 205
156 255
180 279
59 158
36 135
28 127
122 221
140 239
48 147
175 274
72 171
44 143
48 147
8 107
134 233
124 223
162 261
74 173
47 146
105 204
124 223
132 231
179 278
56 155
181 280
8 107
64 163
86 185
107 206
76 175
122 221
191 290
169 268
120 219
196 295
20 119
114 213
23 122
6 105
2 101
145 244
63 162
20 119
46 145
177 276
127 226
113 212
194 293
61 160
0 99
33 132
85 184
24 123
39 138
152 251
69 168
51 150
178 277
61 160
133 232
74 173
122 221
60 159
41 140
110 209
94 193
182 281
9 108
130 229
129 228
49 148
193 292
77 176
130 229
159 258
153 252
179 278
91 190
24 123
79 178
12 111
159 258
76 175
172 271
191 290
138 237
170 269
56 155
111 210
16 115
99 198
173 272
166 265
77 176
167 266
4 103
156 255
192 291
104 203
88 187
22 121
166 265
13 112
117 216
197 296
54 153
100 199
36 135
33 132
55 154
161 260
46 145
57 156
83 182
138 237
27 126
125 224
14 113
126 225
138 237
32 131
50 149
172 271
101 200
100 199
52 151
30 129
2 101
30 129
190 289
94 193
68 167
144 243
102 201
15 114
197 296
64 163
154 253
2 101
69 168
182 281
21 120
30 129
60 159
164 263
14 113
153 252
113 212
58 157
141 240
142 241
104 203
146 245
131 230
23 122
24 123
65 164
65 164
52 151
68 167
110 209
85 184
26 125
147 246
146 245
21 120
107 206
71 170
96 195
31 130
37 136
99 198
91 190
38 137
43 142
37 136
69 168
59 158
130 229
81 180
176 275
10 109
161 260
100 199
187 286
195 294
18 117
32 131
170 269
98 197
51 150
10 109
93 192
180 279
125 224
136 235
121 220
1 100
94 193
72 171
117 216
3 102
115 214
54 153
155 254
78 177
108 207
133 232
18 117
70 169
54 153
177 276
30 129
106 205
2 101
1 100
160 259
160 259
132 231
122 221
182 281
2 101
184 283
171 270
171 270
169 268
139 238
149 248
155 254
53 152
104 203
58 157
49 148
163 262
56 155
197 296
76 175
73 172
193 292
191 290
156 255
160 259
174 273
54 153
177 276
137 236
18 117
179 278
163 262
170 269
5 104
179 278
70 169
8 107
74 173
165 264
131 230
72 171
59 158
39 138
169 268
3 102
76 175
184 283
3 102
166 265
8 107
108 207
116 215
42 141
22 121
192 291
173 272
114 213
25 124
94 193
62 161
29 128
115 214
193 292
164 263
196 295
110 209
124 223
188 287
137 236
59 158
13 112
194 293
57 156
167 266
61 160
106 205
39 138
29 128
53 152
87 186
9 108
178 277
99 198
50 149
4 103
94 193
113 212
31 130
76 175
110 209
138 237
111 210
115 214
27 126
142 241
97 196
133 232
81 180
102 201
167 266
174 273
55 154
76 175
92 191
26 125
90 189
146 245
2 101
75 174
164 263
16 115
149 248
26 125
22 121
41 140
166 265
105 204
16 115
23 122
65 164
187 286
17 116
123 222
16 115
105 204
92 191
57 156
14 113
41 140
88 187
111 210
90 189
137 236
173 272
51 150
39 138
179 278
174 273
124 223
94 193
105 204
155 254
123 222
117 216
50 149
73 172
184 283
28 127
185 284
47 146
96 195
4 103
57 156
12 111
153 252
150 249
25 124
58 157
69 168
32 131
135 234
167 266
133 232
66 165
126 225
160 259
70 169
161 260
183 282
24 123
113 212
192 291
15 114
170 269
152 251
146 245
186 285
51 150
110 209
150 249
192 291
157 256
124 223
187 286
21 120
73 172
101 200
87 186
61 160
15 114
115 214
9 108
118 217
107 206
159 258
24 123
131 230
90 189
152 251
187 286
8 107
56 155
182 281
7 106
62 161
38 137
92 191
20 119
94 193
44 143
16 115
193 292
130 229
78 177
88 187
186 285
30 129
23 122
178 277
126 225
96 195
13 112
27 126
49 148
159 258
3 102
71 170
19 118
42 141
69 168
119 218
167 266
145 244
159 258
141 240
57 156
8 107
15 114
113 212
167 266
197 296
59 158
77 176
26 125
57 156
136 235
168 267
148 247
58 157
168 267
17 116
73 172
27 126
85 184
83 182
34 133
42 141
126 225
73 172
183 282
66 165
41 140
80 179
86 185
84 183
164 263
75 174
23 122
92 191
90 189
103 202
87 186
19 118
161 260
8 107
133 232
68 167
32 131
52 151
5 104
155 254
112 211
180 279
190 289
178 277
167 266
60 159
149 248
88 187
60 159
93 192
70 169
130 229
182 281
139 238
97 196
154 253
54 153
152 251
178 277
125 224
157 256
163 262
66 165
110 209
91 190
44 143
167 266
138 237
197 296
137 236
128 227
74 173
147 246
169 268
34 133
147 246
101 200
46 145
58 157
19 118
40 139
50 149
19 118
112 211
116 215
71 170
194 293
65 164
98 197
9 108
158 257
71 170
104 203
138 237
74 173
107 206
116 215
70 169
196 295
159 258
57 156
153 252
8 107
26 125
3 102
137 236
162 261
119 218
104 203
142 241
154 253
134 233
184 283
93 192
96 195
190 289
45 144
112 211
36 135
4 103
74 173
141 240
40 139
50 149
75 174
181 280
116 215
130 229
164 263
187 286
1 100
42 141
88 187
74 173
185 284
133 232
18 117
1 100
118 217
111 210
127 226
143 242
54 153
135 234
115 214
23 122
38 137
18 117
51 150
32 131
174 273
108 207
67 166
103 202
3 102
16 115
153 252
152 251
82 181
72 171
195 294
37 136
78 177
145 244
106 205
101 200
172 271
35 134
166 265
7 106
92 191
48 147
178 277
140 239
55 154
1 100
65 164
125 224
93 192
21 120
5 104
159 258
145 244
135 234
25 124
178 277
96 195
20 119
74 173
15 114
15 114
178 277
14 113
140 239
98 197
98 197
136 235
1 100
100 199
43 142
77 176
155 254
57 156
195 294
46 145
174 273
109 208
44 143
30 129
92 191
80 179
27 126
91 190
127 226
34 133
77 176
150 249
103 202
119 218
132 231
148 247
83 182
83 182
37 136
94 193
62 161
37 136
118 217
26 125
72 171
141 240
121 220
154 253
49 148
122 221
78 177
127 226
80 179
160 259
65 164
124 223
7 106
50 149
65 164
45 144
139 238
98 197
121 220
64 163
77 176
70 169
161 260
19 118
17 116
85 184
88 187
45 144
80 179
5 104
104 203
4 103
132 231
89 188
104 203
167 266
191 290
66 165
97 196
108 207
162 261
20 119
102 201
194 293
23 122
36 135
16 115
190 289
82 181
58 157
147 246
134 233
154 253
104 203
92 191
94 193
41 140
105 204
15 114
169 268
69 168
101 200
95 194
99 198
126 225
125 224
105 204
186 285
136 235
49 148
41 140
190 289
90 189
158 257
72 171
0 99
168 267
100 199
109 208
1 100
45 144
46 145
9 108
139 238
155 254
125 224
1 100
55 154
177 276
67 166
179 278
84 183
151 250
114 213
62 161
106 205
120 219
25 124
4 103
58 157
1 100
17 116
16 115
153 252
179 278
50 149
128 227
176 275
72 171
149 248
78 177
137 236
51 150
126 225
100 199
185 284
169 268
142 241
140 239
116 215
134 233
171 270
120 219
105 204
19 118
9 108
124 223
181 280
53 152
107 206
140 239
129 228
43 142
185 284
49 148
92 191
181 280
22 121
22 121
46 145
119 218
45 144
139 238
32 131
86 185
168 267
0 99
39 138
166 265
100 199
91 190
104 203
163 262
167 266
191 290
125 224
46 145
183 282
111 210
158 257
110 209
83 182
36 135
76 175
147 246
128 227
86 185
87 186
170 269
12 111
123 222
176 275
114 213
132 231
154 253
16 115
64 163
183 282
94 193
64 163
138 237
81 180
104 203
38 137
46 145
19 118
185 284
160 259
136 235
13 112
134 233
189 288
90 189
138 237
74 173
115 214
105 204
35 134
34 133
165 264
91 190
192 291
83 182
187 286
20 119
158 257
130 229
187 286
180 279
96 195
157 256
38 137
7 106
93 192
20 119
66 165
31 130
103 202
189 288
140 239
115 214
20 119
150 249
58 157
5 104
90 189
65 164
140 239
137 236
147 246
111 210
174 273
183 282
93 192
107 206
98 197
110 209
155 254
141 240
32 131
33 132
135 234
98 197
23 122
110 209
17 116
2 101
73 172
175 274
2 101
116 215
147 246
188 287
95 194
71 170
26 125
147 246
49 148
167 266
54 153
146 245
85 184
113 212
143 242
90 189
78 177
5 104
196 295
156 255
185 284
63 162
134 233
110 209
61 160
135 234
5 104
49 148
155 254
66 165
71 170
38 137
94 193
195 294
16 115
33 132
111 210
58 157
136 235
70 169
45 144
71 170
178 277
194 293
94 193
163 262
136 235
161 260
47 146
196 295
158 257
79 178
144 243
57 156
176 275
191 290
135 234
114 213
13 112
123 222
137 236
86 185
174 273
185 284
175 274
159 258
188 287
26 125
147 246
191 290
8 107
172 271
16 115
91 190
93 192
61 160
39 138
157 256
93 192
67 166
21 120
172 271
167 266
167 266
65 164
42 141
74 173
180 279
165 264
55 154
189 288
73 172
192 291
99 198
49 148
116 215
8 107
68 167
196 295
66 165
65 164
16 115
125 224
35 134
7 106
59 158
11 110
10 109
93 192
138 237
39 138
33 132
3 102
34 133
146 245
52 151
135 234
14 113
72 171
157 256
153 252
176 275
92 191
115 214
87 186
88 187
103 202
158 257
153 252
75 174
19 118
114 213
73 172
92 191
63 162
110 209
59 158
127 226
127 226
52 151
52 151
149 248
146 245
104 203
40 139
16 115
87 186
15 114
153 252
27 126
172 271
18 117
182 281
124 223
140 239
8 107
50 149
20 119
193 292
126 225
73 172
88 187
192 291
5 104
32 131
36 135
131 230
84 183
29 128
60 159
75 174
153 252
155 254
176 275
182 281
25 124
90 189
97 196
195 294
84 183
193 292
101 200
148 247
197 296
79 178
0 99
16 115
71 170
73 172
74 173
34 133
67 166
29 128
87 186
75 174
114 213
28 127
61 160
101 200
26 125
39 138
8 107
22 121
88 187
174 273
106 205
4 103
67 166
194 293
98 197
120 219
28 127
9 108
151 250
153 252
169 268
66 165
141 240
15 114
40 139
179 278
156 255
167 266
135 234
169 268
83 182
94 193
62 161
65 164
151 250
80 179
56 155
21 120
29 128
110 209
53 152
194 293
162 261
157 256
98 197
131 230
109 208
43 142
75 174
195 294
123 222
25 124
39 138
115 214
27 126
194 293
84 183
13 112
58 157
76 175
47 146
36 135
121 220
25 124
184 283
74 173
65 164
110 209
57 156
178 277
173 272
33 132
51 150
150 249
42 141
10 109
195 294
56 155
169 268
164 263
115 214
125 224
60 159
39 138
44 143
6 105
132 231
127 226
72 171
15 114
98 197
39 138
63 162
100 199
33 132
94 193
70 169
172 271
166 265
113 212
103 202
29 128
40 139
112 211
33 132
140 239
103 202
119 218
26 125
152 251
81 180
77 176
126 225
79 178
55 154
162 261
187 286
103 202
164 263
38 137
98 197
22 121
59 158
197 296
86 185
61 160
13 112
120 219
56 155
26 125
132 231
65 164
40 139
100 199
68 167
34 133
122 221
82 181
21 120
56 155
175 274
172 271
47 146
40 139
123 222
53 152
129 228
50 149
155 254
141 240
2 101
66 165
25 124
192 291
79 178
53 152
41 140
90 189
3 102
67 166
117 216
138 237
116 215
127 226
83 182
7 106
97 196
172 271
48 147
129 228
139 238
96 195
20 119
175 274
10 109
105 204
169 268
37 136
29 128
49 148
181 280
165 264
178 277
34 133
190 289
125 224
1 100
130 229
33 132
120 219
193 292
46 145
81 180
80 179
179 278
136 235
40 139
26 125
190 289
115 214
16 115
4 103
116 215
178 277
134 233
110 209
151 250
90 189
182 281
5 104
153 252
158 257
58 157
21 120
140 239
86 185
40 139
130 229
4 103
56 155
55 154
183 282
97 196
17 116
5 104
149 248
70 169
131 230
6 105
85 184
60 159
137 236
87 186
136 235
40 139
185 284
102 201
123 222
34 133
163 262
156 255
121 220
162 261
41 140
159 258
95 194
51 150
71 170
18 117
188 287
107 206
68 167
195 294
27 126
165 264
15 114
47 146
123 222
182 281
85 184
160 259
173 272
60 159
155 254
114 213
78 177
27 126
105 204
95 194
70 169
168 267
89 188
73 172
9 108
166 265
75 174
1 100
14 113
39 138
148 247
2 101
134 233
93 192
45 144
161 260
121 220
158 257
168 267
96 195
171 270
195 294
114 213
110 209
77 176
8 107
98 197
141 240
63 162
143 242
145 244
36 135
68 167
154 253
131 230
59 158
161 260
49 148
116 215
106 205
27 126
173 272
66 165
128 227
22 121
2 101
143 242
63 162
107 206
81 180
125 224
61 160
23 122
47 146
163 262
8 107
34 133
32 131
140 239
13 112
43 142
149 248
62 161
120 219
39 138
76 175
120 219
42 141
14 113
168 267
38 137
60 159
131 230
61 160
191 290
109 208
81 180
197 296
164 263
11 110
32 131
29 128
83 182
151 250
175 274
26 125
141 240
119 218
49 148
98 197
117 216
183 282
30 129
98 197
57 156
129 228
131 230
133 232
26 125
131 230
7 106
149 248
76 175
28 127
9 108
110 209
114 213
168 267
149 248
59 158
50 149
158 257
44 143
109 208
111 210
29 128
12 111
82 181
192 291
132 231
88 187
182 281
26 125
168 267
107 206
106 205
5 104
150 249
35 134
195 294
118 217
195 294
65 164
51 150
97 196
70 169
5 104
65 164
117 216
182 281
19 118
121 220
138 237
29 128
32 131
15 114
117 216
74 173
159 258
73 172
93 192
14 113
0 99
36 135
156 255
48 147
150 249
21 120
27 126
20 119
140 239
182 281
175 274
121 220
176 275
106 205
138 237
27 126
193 292
71 170
11 110
29 128
112 211
51 150
127 226
67 166
88 187
48 147
49 148
55 154
151 250
177 276
170 269
156 255
176 275
135 234
21 120
25 124
2 101
151 250
88 187
104 203
192 291
121 220
18 117
32 131
24 123
107 206
7 106
88 187
151 250
43 142
37 136
85 184
81 180
183 282
52 151
143 242
128 227
93 192
188 287
135 234
167 266
56 155
182 281
143 242
84 183
115 214
35 134
189 288
186 285
127 226
42 141
66 165
181 280
125 224
155 254
86 185
119 218
94 193
153 252
50 149
36 135
37 136
137 236
51 150
172 271
143 242
109 208
23 122
67 166
130 229
130 229
97 196
153 252
133 232
88 187
162 261
159 258
35 134
6 105
170 269
169 268
72 171
109 208
188 287
119 218
52 151
43 142
116 215
75 174
13 112
172 271
139 238
85 184
141 240
114 213
11 110
154 253
101 200
14 113
45 144
119 218
181 280
151 250
191 290
14 113
136 235
55 154
165 264
21 120
155 254
133 232
89 188
90 189
88 187
191 290
14 113
93 192
118 217
146 245
60 159
68 167
140 239
111 210
117 216
94 193
81 180
4 103
81 180
5 104
14 113
76 175
39 138
18 117
51 150
94 193
1 100
190 289
72 171
55 154
191 290
122 221
6 105
98 197
133 232
34 133
138 237
147 246
73 172
114 213
38 137
77 176
37 136
92 191
182 281
45 144
55 154
10 109
20 119
55 154
105 204
195 294
158 257
95 194
93 192
8 107
16 115
37 136
158 257
112 211
75 174
95 194
86 185
174 273
37 136
15 114
147 246
25 124
160 259
81 180
90 189
7 106
152 251
36 135
87 186
118 217
83 182
152 251
128 227
160 259
107 206
170 269
8 107
50 149
97 196
11 110
98 197
158 257
27 126
57 156
184 283
13 112
157 256
42 141
26 125
15 114
149 248
180 279
173 272
170 269
142 241
128 227
43 142
33 132
48 147
137 236
12 111
143 242
12 111
153 252
150 249
47 146
181 280
153 252
98 197
74 173
27 126
67 166
167 266
108 207
177 276
117 216
32 131
55 154
183 282
111 210
89 188
60 159
31 130
11 110
56 155
68 167
124 223
3 102
17 116
35 134
27 126
178 277
75 174
99 198
170 269
72 171
166 265
150 249
189 288
29 128
52 151
44 143
153 252
147 246
191 290
185 284
120 219
43 142
105 204
77 176
86 185
151 250
89 188
192 291
44 143
65 164
195 294
32 131
70 169
142 241
95 194
110 209
101 200
77 176
193 292
56 155
128 227
99 198
78 177
57 156
48 147
33 132
57 156
153 252
103 202
75 174
185 284
13 112
90 189
131 230
55 154
108 207
10 109
179 278
129 228
81 180
43 142
45 144
17 116
52 151
183 282
88 187
179 278
101 200
69 168
58 157
0 99
51 150
117 216
66 165
34 133
46 145
197 296
164 263
119 218
106 205
159 258
120 219
77 176
2 101
140 239
154 253
145 244
158 257
19 118
118 217
72 171
82 181
68 167
181 280
38 137
178 277
136 235
22 121
123 222
197 296
100 199
195 294
51 150
1 100
170 269
88 187
80 179
84 183
176 275
50 149
157 256
93 192
163 262
187 286
87 186
115 214
144 243
37 136
136 235
107 206
160 259
85 184
49 148
39 138
92 191
70 169
139 238
160 259
108 207
127 226
108 207
31 130
185 284
94 193
116 215
5 104
20 119
95 194
189 288
146 245
190 289
102 201
137 236
186 285
193 292
127 226
189 288
29 128
58 157
186 285
41 140
2 101
58 157
98 197
32 131
142 241
25 124
188 287
141 240
10 109
137 236
73 172
72 171
176 275
46 145
38 137
153 252
38 137
66 165
39 138
25 124
86 185
8 107
73 172
128 227
130 229
181 280
116 215
32 131
58 157
109 208
33 132
191 290
93 192
107 206
183 282
183 282
0 99
165 264
129 228
45 144
56 155
176 275
96 195
170 269
140 239
39 138
75 174
81 180
150 249
178 277
181 280
160 259
69 168
91 190
164 263
51 150
162 261
97 196
23 122
127 226
23 122
91 190
119 218
195 294
56 155
144 243
33 132
180 279
177 276
161 260
161 260
45 144
132 231
85 184
174 273
85 184
127 226
103 202
39 138
150 249
157 256
6 105
45 144
62 161
94 193
1 100
118 217
157 256
161 260
192 291
121 220
128 227
100 199
111 210
59 158
140 239
80 179
60 159
17 116
39 138
13 112
21 120
44 143
61 160
84 183
20 119
54 153
99 198
130 229
117 216
10 109
94 193
73 172
157 256
177 276
179 278
185 284
17 116
185 284
177 276
107 206
81 180
164 263
165 264
55 154
32 131
137 236
178 277
0 99
11 110
17 116
113 212
41 140
125 224
15 114
139 238
110 209
25 124
32 131
40 139
10 109
81 180
47 146
24 123
196 295
187 286
145 244
82 181
116 215
35 134
184 283
51 150
65 164
156 255
62 161
163 262
152 251
36 135
164 263
89 188
132 231
37 136
121 220
180 279
60 159
123 222
13 112
80 179
143 242
90 189
49 148
50 149
82 181
90 189
193 292
118 217
187 286
101 200
185 284
130 229
84 183
83 182
80 179
122 221
139 238
157 256
16 115
111 210
163 262
123 222
153 252
141 240
142 241
67 166
61 160
60 159
148 247
157 256
143 242
197 296
168 267
24 123
190 289
151 250
85 184
24 123
63 162
147 246
22 121
30 129
184 283
21 120
168 267
34 133
121 220
137 236
86 185
64 163
195 294
154 253
45 144
60 159
98 197
103 202
122 221
138 237
181 280
80 179
7 106
184 283
140 239
0 99
77 176
142 241
74 173
158 257
77 176
174 273
37 136
116 215
56 155
98 197
60 159
110 209
117 216
26 125
5 104
149 248
144 243
35 134
53 152
183 282
153 252
71 170
63 162
187 286
8 107
41 140
153 252
141 240
0 99
68 167
93 192
83 182
117 216
162 261
171 270
119 218
141 240
20 119
63 162
68 167
16 115
0 99
3 102
173 272
114 213
61 160
186 285
43 142
37 136
140 239
58 157
27 126
87 186
158 257
142 241
121 220
154 253
109 208
151 250
93 192
164 263
108 207
172 271
34 133
101 200
143 242
123 222
6 105
153 252
158 257
64 163
99 198
124 223
159 258
25 124
169 268
145 244
3 102
1 100
72 171
184 283
14 113
132 231
110 209
161 260
177 276
122 221
190 289
151 250
76 175
182 281
141 240
160 259
41 140
173 272
7 106
50 149
61 160
24 123
104 203
53 152
124 223
193 292
65 164
87 186
169 268
164 263
159 258
89 188
70 169
84 183
45 144
136 235
100 199
178 277
104 203
170 269
92 191
139 238
127 226
157 256
61 160
149 248
69 168
41 140
87 186
194 293
15 114
83 182
20 119
170 269
62 161
37 136
185 284
48 147
139 238
81 180
79 178
106 205
147 246
97 196
178 277
21 120
111 210
6 105
167 266
75 174
149 248
25 124
149 248
75 174
55 154
87 186
122 221
9 108
20 119
61 160
138 237
93 192
15 114
125 224
95 194
16 115
197 296
72 171
122 221
77 176
111 210
13 112
175 274
158 257
17 116
26 125
5 104
144 243
50 149
23 122
188 287
41 140
7 106
188 287
25 124
96 195
126 225
162 261
59 158
33 132
40 139
197 296
21 120
17 116
30 129
106 205
156 255
20 119
79 178
92 191
89 188
78 177
149 248
148 247
186 285
169 268
100 199
55 154
18 117
194 293
122 221
165 264
141 240
85 184
100 199
129 228
38 137
119 218
178 277
152 251
0 99
196 295
54 153
160 259
71 170
87 186
159 258
193 292
48 147
70 169
184 283
42 141
137 236
190 289
155 254
156 255
43 142
20 119
55 154
29 128
142 241
155 254
161 260
18 117
93 192
185 284
150 249
72 171
5 104
113 212
95 194
197 296
8 107
57 156
42 141
68 167
125 224
77 176
41 140
109 208
119 218
42 141
70 169
91 190
108 207
72 171
83 182
31 130
172 271
40 139
137 236
37 136
144 243
50 149
51 150
193 292
128 227
100 199
167 266
94 193
107 206
71 170
86 185
72 171
20 119
89 188
155 254
83 182
61 160
153 252
185 284
88 187
147 246
73 172
124 223
13 112
75 174
11 110
191 290
25 124
142 241
56 155
82 181
144 243
104 203
80 179
12 111
154 253
120 219
120 219
85 184
190 289
163 262
134 233
103 202
189 288
50 149
49 148
31 130
176 275
122 221
130 229
13 112
101 200
149 248
85 184
143 242
165 264
192 291
104 203
137 236
21 120
129 228
75 174
31 130
110 209
162 261
93 192
94 193
3 102
156 255
139 238
197 296
104 203
37 136
40 139
159 258
97 196
177 276
182 281
67 166
4 103
120 219
189 288
45 144
94 193
76 175
10 109
123 222
171 270
106 205
15 114
8 107
11 110
179 278
152 251
66 165
0 99
182 281
38 137
57 156
31 130
75 174
133 232
181 280
169 268
149 248
21 120
67 166
115 214
179 278
32 131
4 103
97 196
20 119
179 278
55 154
58 157
49 148
165 264
156 255
173 272
93 192
58 157
1 100
79 178
2 101
161 260
83 182
16 115
134 233
40 139
80 179
47 146
196 295
117 216
88 187
153 252
13 112
85 184
159 258
34 133
151 250
112 211
115 214
108 207
46 145
184 283
48 147
97 196
2 101
167 266
99 198
52 151
169 268
65 164
97 196
7 106
133 232
60 159
144 243
8 107
81 180
109 208
185 284
146 245
44 143
95 194
38 137
76 175
155 254
39 138
70 169
138 237
97 196
170 269
157 256
31 130
172 271
63 162
44 143
193 292
8 107
25 124
41 140
76 175
165 264
45 144
30 129
92 191
25 124
5 104
180 279
124 223
151 250
142 241
16 115
169 268
70 169
84 183
93 192
95 194
41 140
163 262
79 178
110 209
73 172
35 134
193 292
141 240
39 138
170 269
147 246
155 254
107 206
65 164
148 247
13 112
159 258
29 128
164 263
182 281
145 244
180 279
180 279
131 230
95 194
128 227
145 244
150 249
23 122
56 155
132 231
133 232
156 255
175 274
113 212
95 194
35 134
87 186
194 293
0 99
25 124
39 138
142 241
132 231
13 112
160 259
72 171
151 250
45 144
137 236
82 181
8 107
110 209
179 278
152 251
34 133
105 204
151 250
18 117
50 149
10 109
154 253
90 189
139 238
64 163
139 238
14 113
117 216
130 229
176 275
87 186
36 135
38 137
132 231
176 275
27 126
193 292
167 266
37 136
65 164
101 200
160 259
122 221
158 257
112 211
122 221
104 203
14 113
88 187
53 152
48 147
117 216
44 143
61 160
59 158
169 268
110 209
187 286
72 171
24 123
111 210
51 150
102 201
132 231
151 250
13 112
98 197
194 293
77 176
166 265
154 253
13 112
176 275
130 229
46 145
133 232
44 143
167 266
6 105
190 289
134 233
143 242
67 166
60 159
188 287
124 223
48 147
58 157
1 100
74 173
90 189
16 115
44 143
67 166
70 169
166 265
59 158
7 106
176 275
36 135
65 164
79 178
197 296
85 184
157 256
175 274
129 228
133 232
149 248
92 191
31 130
110 209
2 101
16 115
33 132
4 103
98 197
154 253
189 288
34 133
147 246
4 103
7 106
42 141
138 237
3 102
84 183
190 289
82 181
115 214
168 267
44 143
74 173
88 187
50 149
28 127
166 265
38 137
169 268
155 254
180 279
196 295
113 212
160 259
64 163
67 166
101 200
38 137
192 291
180 279
189 288
28 127
76 175
123 222
141 240
27 126
152 251
90 189
34 133
160 259
127 226
68 167
35 134
64 163
175 274
8 107
147 246
183 282
152 251
121 220
83 182
142 241
92 191
172 271
166 265
136 235
139 238
155 254
194 293
108 207
126 225
29 128
100 199
149 248
95 194
0 99
12 111
74 173
98 197
107 206
132 231
196 295
105 204
112 211
171 270
164 263
162 261
17 116
97 196
167 266
154 253
83 182
71 170
9 108
50 149
93 192
90 189
149 248
134 233
68 167
94 193
60 159
40 139
124 223
187 286
176 275
192 291
167 266
96 195
141 240
152 251
95 194
137 236
48 147
95 194
3 102
6 105
196 295
69 168
133 232
165 264
91 190
163 262
58 157
32 131
161 260
181 280
30 129
19 118
73 172
191 290
139 238
130 229
2 101
155 254
43 142
41 140
178 277
75 174
150 249
105 204
122 221
133 232
27 126
142 241
97 196
22 121
172 271
31 130
129 228
59 158
80 179
158 257
88 187
135 234
61 160
170 269
171 270
29 128
152 251
110 209
66 165
123 222
33 132
23 122
37 136
163 262
121 220
62 161
56 155
86 185
11 110
169 268
85 184
159 258
76 175
157 256
172 271
151 250
53 152
92 191
38 137
88 187
97 196
9 108
155 254
145 244
162 261
161 260
37 136
182 281
100 199
27 126
84 183
163 262
100 199
194 293
154 253
53 152
8 107
170 269
107 206
108 207
152 251
50 149
195 294
121 220
94 193
189 288
136 235
34 133
115 214
158 257
134 233
140 239
155 254
95 194
167 266
49 148
66 165
175 274
4 103
37 136
67 166
124 223
90 189
103 202
188 287
190 289
98 197
189 288
75 174
10 109
9 108
148 247
96 195
179 278
170 269
26 125
144 243
179 278
21 120
64 163
115 214
95 194
134 233
37 136
119 218
63 162
113 212
143 242
56 155
154 253
133 232
161 260
130 229
95 194
52 151
95 194
55 154
75 174
1 100
60 159
23 122
97 196
79 178
71 170
60 159
188 287
75 174
177 276
7 106
62 161
72 171
42 141
189 288
141 240
191 290
10 109
81 180
174 273
11 110
6 105
51 150
176 275
52 151
166 265
144 243
76 175
8 107
142 241
103 202
80 179
41 140
145 244
126 225
185 284
32 131
98 197
83 182
145 244
137 236
130 229
187 286
8 107
5 104
52 151
55 154
13 112
68 167
182 281
138 237
73 172
162 261
119 218
142 241
12 111
81 180
117 216
141 240
114 213
192 291
30 129
43 142
34 133
20 119
12 111
146 245
157 256
99 198
4 103
1 100
64 163
13 112
90 189
151 250
64 163
40 139
175 274
18 117
110 209
70 169
151 250
23 122
174 273
164 263
44 143
34 133
95 194
72 171
70 169
145 244
97 196
160 259
87 186
17 116
54 153
38 137
180 279
136 235
170 269
99 198
50 149
187 286
186 285
170 269
105 204
75 174
92 191
58 157
154 253
112 211
37 136
123 222
187 286
170 269
160 259
165 264
89 188
13 112
102 201
188 287
112 211
109 208
57 156
108 207
163 262
8 107
55 154
115 214
7 106
56 155
100 199
82 181
136 235
66 165
73 172
195 294
50 149
73 172
134 233
180 279
4 103
92 191
145 244
75 174
105 204
197 296
113 212
119 218
127 226
117 216
117 216
27 126
132 231
115 214
26 125
2 101
39 138
159 258
155 254
170 269
123 222
63 162
11 110
19 118
133 232
164 263
168 267
72 171
0 99
50 149
130 229
17 116
166 265
8 107
141 240
180 279
98 197
32 131
42 141
0 99
10 109
42 141
129 228
119 218
157 256
1 100
14 113
62 161
159 258
129 228
130 229
142 241
1 100
54 153
44 143
179 278
9 108
85 184
53 152
85 184
19 118
100 199
190 289
40 139
93 192
117 216
121 220
144 243
54 153
99 198
7 106
65 164
20 119
82 181
100 199
161 260
185 284
192 291
157 256
141 240
48 147
168 267
109 208
65 164
182 281
108 207
144 243
173 272
44 143
175 274
51 150
15 114
124 223
116 215
15 114
83 182
80 179
12 111
159 258
76 175
0 99
114 213
34 133
129 228
48 147
125 224
32 131
156 255
138 237
123 222
5 104
5 104
114 213
149 248
30 129
0 99
43 142
141 240
38 137
103 202
103 202
12 111
98 197
109 208
30 129
85 184
178 277
2 101
147 246
45 144
76 175
25 124
194 293
186 285
21 120
186 285
57 156
133 232
21 120
11 110
157 256
107 206
116 215
136 235
5 104
128 227
114 213
2 101
25 124
168 267
147 246
48 147
88 187
121 220
59 158
196 295
140 239
165 264
80 179
152 251
80 179
112 211
151 250
145 244
79 178
74 173
8 107
189 288
186 285
32 131
34 133
165 264
78 177
65 164
139 238
65 164
13 112
165 264
106 205
123 222
107 206
125 224
126 225
33 132
114 213
92 191
17 116
86 185
190 289
143 242
126 225
144 243
33 132
34 133
158 257
171 270
96 195
111 210
172 271
153 252
24 123
191 290
40 139
34 133
168 267
101 200
146 245
58 157
162 261
170 269
104 203
155 254
170 269
21 120
54 153
54 153
53 152
64 163
96 195
57 156
10 109
58 157
179 278
125 224
16 115
176 275
151 250
141 240
188 287
5 104
130 229
53 152
178 277
27 126
31 130
184 283
105 204
4 103
192 291
81 180
173 272
147 246
45 144
128 227
162 261
192 291
77 176
114 213
42 141
192 291
117 216
195 294
124 223
152 251
121 220
147 246
150 249
41 140
24 123
193 292
148 247
172 271
9 108
176 275
25 124
88 187
140 239
166 265
185 284
4 103
129 228
93 192
82 181
190 289
164 263
104 203
154 253
101 200
101 200
58 157
127 226
72 171
101 200
4 103
193 292
47 146
158 257
181 280
133 232
130 229
184 283
151 250
38 137
90 189
153 252
195 294
129 228
39 138
25 124
190 289
169 268
128 227
32 131
99 198
108 207
99 198
166 265
49 148
62 161
102 201
106 205
29 128
41 140
167 266
6 105
35 134
27 126
163 262
55 154
191 290
193 292
109 208
54 153
183 282
133 232
145 244
196 295
174 273
78 177
16 115
61 160
36 135
105 204
12 111
86 185
35 134
94 193
52 151
145 244
90 189
65 164
145 244
116 215
117 216
12 111
13 112
52 151
23 122
107 206
159 258
91 190
19 118
60 159
2 101
109 208
58 157
34 133
177 276
107 206
113 212
114 213
146 245
95 194
112 211
52 151
32 131
122 221
76 175
26 125
33 132
93 192
2 101
74 173
88 187
8 107
165 264
123 222
133 232
31 130
0 99
98 197
110 209
100 199
157 256
1 100
157 256
153 252
39 138
149 248
37 136
36 135
158 257
141 240
116 215
167 266
11 110
22 121
7 106
156 255
180 279
130 229
39 138
196 295
19 118
94 193
71 170
65 164
22 121
27 126
135 234
8 107
66 165
178 277
24 123
179 278
54 153
91 190
0 99
150 249
72 171
110 209
50 149
28 127
106 205
139 238
57 156
79 178
40 139
19 118
182 281
79 178
144 243
182 281
78 177
77 176
31 130
125 224
42 141
71 170
110 209
99 198
170 269
167 266
191 290
37 136
31 130
131 230
81 180
151 250
170 269
103 202
60 159
152 251
146 245
34 133
145 244
153 252
191 290
158 257
52 151
3 102
142 241
132 231
121 220
97 196
134 233
189 288
14 113
46 145
85 184
119 218
77 176
158 257
181 280
87 186
142 241
192 291
53 152
190 289
89 188
56 155
186 285
158 257
93 192
109 208
151 250
45 144
63 162
44 143
80 179
80 179
194 293
142 241
96 195
95 194
193 292
18 117
81 180
107 206
69 168
165 264
39 138
176 275
2 101
34 133
25 124
189 288
23 122
119 218
101 200
87 186
59 158
105 204
136 235
23 122
16 115
180 279
92 191
17 116
138 237
192 291
171 270
41 140
113 212
61 160
28 127
42 141
84 183
78 177
197 296
123 222
179 278
186 285
131 230
138 237
51 150
195 294
189 288
156 255
153 252
149 248
192 291
112 211
111 210
56 155
156 255
169 268
189 288
158 257
61 160
86 185
133 232
169 268
40 139
137 236
72 171
43 142
49 148
42 141
117 216
92 191
66 165
191 290
165 264
103 202
45 144
102 201
186 285
158 257
189 288
29 128
65 164
154 253
47 146
45 144
53 152
167 266
81 180
81 180
30 129
129 228
101 200
47 146
21 120
45 144
169 268
197 296
137 236
120 219
50 149
116 215
195 294
70 169
79 178
56 155
173 272
130 229
182 281
167 266
160 259
70 169
138 237
105 204
32 131
46 145
162 261
156 255
53 152
175 274
153 252
124 223
170 269
140 239
95 194
139 238
13 112
101 200
69 168
6 105
118 217
13 112
168 267
73 172
153 252
80 179
10 109
19 118
67 166
138 237
120 219
55 154
106 205
45 144
37 136
116 215
111 210
59 158
197 296
195 294
87 186
20 119
130 229
43 142
20 119
150 249
0 99
124 223
110 209
173 272
142 241
70 169
16 115
24 123
116 215
16 115
150 249
58 157
118 217
25 124
15 114
114 213
22 121
18 117
157 256
15 114
196 295
163 262
28 127
119 218
160 259
131 230
83 182
179 278
187 286
181 280
186 285
136 235
71 170
164 263
42 141
174 273
1 100
162 261
64 163
5 104
115 214
113 212
71 170
77 176
155 254
197 296
144 243
149 248
51 150
52 151
125 224
179 278
64 163
119 218
164 263
189 288
85 184
170 269
77 176
23 122
5 104
146 245
129 228
187 286
186 285
81 180
196 295
13 112
169 268
96 195
26 125
82 181
78 177
81 180
31 130
119 218
196 295
42 141
113 212
166 265
154 253
78 177
132 231
89 188
74 173
130 229
177 276
42 141
137 236
175 274
35 134
56 155
12 111
80 179
165 264
162 261
3 102
181 280
158 257
126 225
6 105
115 214
8 107
99 198
98 197
69 168
171 270
57 156
82 181
163 262
24 123
149 248
166 265
169 268
40 139
61 160
27 126
29 128
38 137
123 222
25 124
95 194
141 240
43 142
136 235
142 241
50 149
76 175
39 138
126 225
53 152
154 253
162 261
161 260
181 280
111 210
72 171
158 257
130 229
57 156
158 257
170 269
109 208
36 135
14 113
51 150
1 100
121 220
145 244
41 140
64 163
128 227
135 234
172 271
73 172
111 210
36 135
158 257
64 163
17 116
108 207
166 265
58 157
115 214
73 172
189 288
100 199
140 239
194 293
9 108
196 295
9 108
29 128
92 191
32 131
141 240
57 156
143 242
84 183
104 203
158 257
55 154
101 200
94 193
184 283
47 146
107 206
192 291
36 135
151 250
155 254
104 203
119 218
69 168
150 249
153 252
65 164
58 157
41 140
65 164
94 193
186 285
144 243
159 258
92 191
134 233
67 166
162 261
134 233
156 255
82 181
142 241
189 288
40 139
96 195
45 144
181 280
23 122
22 121
100 199
104 203
123 222
152 251
140 239
197 296
122 221
66 165
158 257
27 126
56 155
77 176
82 181
156 255
163 262
23 122
53 152
166 265
19 118
114 213
71 170
55 154
166 265
106 205
114 213
196 295
179 278
16 115
192 291
114 213
165 264
155 254
24 123
12 111
30 129
38 137
166 265
49 148
91 190
107 206
22 121
83 182
148 247
25 124
166 265
161 260
56 155
8 107
164 263
64 163
141 240
185 284
96 195
36 135
7 106
45 144
47 146
51 150
87 186
49 148
177 276
64 163
195 294
162 261
8 107
172 271
1 100
12 111
187 286
72 171
153 252
43 142
171 270
104 203
69 168
40 139
146 245
194 293
129 228
185 284
184 283
173 272
53 152
160 259
150 249
176 275
184 283
97 196
95 194
31 130
144 243
120 219
118 217
109 208
169 268
168 267
118 217
152 251
190 289
30 129
167 266
91 190
76 175
151 250
15 114
166 265
123 222
114 213
188 287
149 248
57 156
60 159
70 169
75 174
36 135
93 192
196 295
8 107
105 204
157 256
190 289
126 225
191 290
179 278
144 243
63 162
137 236
187 286
163 262
174 273
28 127
63 162
174 273
27 126
194 293
51 150
93 192
132 231
88 187
85 184
167 266
76 175
45 144
77 176
107 206
189 288
181 280
29 128
101 200
159 258
10 109
44 143
128 227
124 223
77 176
97 196
117 216
19 118
159 258
148 247
82 181
152 251
114 213
60 159
103 202
156 255
134 233
69 168
6 105
15 114
130 229
151 250
181 280
9 108
32 131
7 106
67 166
189 288
194 293
191 290
140 239
110 209
166 265
71 170
47 146
146 245
5 104
128 227
186 285
124 223
7 106
66 165
157 256
96 195
112 211
146 245
28 127
131 230
171 270
66 165
72 171
161 260
101 200
177 276
89 188
1 100
185 284
183 282
106 205
63 162
110 209
175 274
183 282
134 233
39 138
87 186
44 143
44 143
104 203
18 117
97 196
71 170
189 288
80 179
98 197
20 119
22 121
11 110
72 171
157 256
28 127
161 260
107 206
15 114
70 169
39 138
103 202
30 129
144 243
97 196
8 107
139 238
159 258
123 222
33 132
150 249
13 112
174 273
133 232
72 171
58 157
82 181
156 255
137 236
20 119
184 283
32 131
46 145
172 271
58 157
62 161
154 253
5 104
144 243
29 128
40 139
18 117
158 257
149 248
98 197
47 146
159 258
139 238
117 216
172 271
196 295
2 101
141 240
106 205
154 253
36 135
86 185
117 216
109 208
66 165
80 179
189 288
130 229
122 221
197 296
12 111
175 274
110 209
165 264
48 147
87 186
4 103
196 295
1 100
83 182
185 284
59 158
151 250
176 275
141 240
116 215
151 250
154 253
87 186
112 211
5 104
195 294
51 150
19 118
17 116
142 241
189 288
64 163
119 218
17 116
47 146
142 241
62 161
14 113
14 113
88 187
39 138
64 163
152 251
23 122
79 178
34 133
126 225
123 222
11 110
147 246
99 198
87 186
181 280
92 191
171 270
137 236
85 184
152 251
23 122
173 272
50 149
196 295
139 238
161 260
134 233
130 229
50 149
112 211
27 126
121 220
177 276
33 132
22 121
37 136
30 129
47 146
31 130
73 172
108 207
49 148
196 295
28 127
85 184
65 164
70 169
107 206
7 106
103 202
0 99
88 187
146 245
164 263
118 217
74 173
4 103
94 193
14 113
126 225
13 112
107 206
138 237
181 280
72 171
118 217
15 114
135 234
133 232
15 114
50 149
117 216
81 180
143 242
159 258
139 238
99 198
64 163
31 130
116 215
110 209
196 295
145 244
193 292
61 160
39 138
103 202
67 166
51 150
100 199
26 125
155 254
74 173
129 228
44 143
173 272
155 254
197 296
71 170
183 282
23 122
118 217
53 152
124 223
126 225
22 121
189 288
87 186
62 161
74 173
167 266
106 205
115 214
93 192
55 154
15 114
63 162
144 243
123 222
60 159
188 287
32 131
155 254
71 170
45 144
47 146
107 206
144 243
126 225
78 177
183 282
132 231
2 101
191 290
50 149
171 270
22 121
39 138
149 248
0 99
160 259
44 143
165 264
13 112
96 195
99 198
102 201
60 159
47 146
102 201
157 256
80 179
49 148
157 256
110 209
178 277
183 282
53 152
176 275
81 180
185 284
18 117
112 211
41 140
61 160
184 283
91 190
7 106
106 205
179 278
3 102
187 286
40 139
137 236
147 246
74 173
51 150
23 122
1 100
187 286
86 185
88 187
12 111
181 280
166 265
109 208
69 168
9 108
119 218
181 280
79 178
151 250
100 199
163 262
62 161
84 183
48 147
12 111
45 144
71 170
49 148
111 210
16 115
158 257
113 212
122 221
41 140
34 133
117 216
17 116
81 180
60 159
197 296
13 112
192 291
197 296
27 126
25 124
129 228
124 223
82 181
135 234
121 220
125 224
107 206
127 226
63 162
100 199
113 212
136 235
188 287
22 121
154 253
49 148
5 104
92 191
187 286
122 221
54 153
95 194
171 270
16 115
64 163
6 105
143 242
26 125
97 196
109 208
189 288
27 126
7 106
80 179
45 144
54 153
155 254
6 105
11 110
186 285
150 249
166 265
143 242
95 194
71 170
140 239
96 195
135 234
4 103
129 228
94 193
27 126
118 217
46 145
34 133
84 183
81 180
147 246
183 282
39 138
152 251
163 262
75 174
67 166
161 260
170 269
50 149
10 109
136 235
166 265
19 118
114 213
50 149
196 295
145 244
161 260
7 106
139 238
18 117
16 115
175 274
9 108
38 137
180 279
20 119
40 139
173 272
34 133
53 152
103 202
123 222
44 143
23 122
35 134
0 99
129 228
17 116
60 159
70 169
43 142
131 230
1 100
107 206
9 108
3 102
155 254
106 205
163 262
42 141
88 187
149 248
42 141
68 167
55 154
187 286
122 221
160 259
26 125
27 126
9 108
117 216
86 185
174 273
135 234
2 101
40 139
62 161
59 158
38 137
148 247
34 133
133 232
65 164
65 164
97 196
87 186
99 198
161 260
152 251
6 105
99 198
56 155
178 277
24 123
50 149
156 255
127 226
176 275
106 205
147 246
175 274
164 263
129 228
1 100
1 100
116 215
186 285
2 101
77 176
65 164
46 145
3 102
99 198
64 163
65 164
35 134
14 113
164 263
82 181
195 294
63 162
49 148
160 259
8 107
188 287
36 135
164 263
75 174
50 149
170 269
3 102
98 197
58 157
103 202
70 169
41 140
20 119
189 288
163 262
167 266
78 177
135 234
91 190
21 120
29 128
68 167
71 170
105 204
34 133
51 150
114 213
146 245
58 157
10 109
168 267
99 198
114 213
135 234
52 151
103 202
69 168
82 181
65 164
94 193
139 238
91 190
36 135
56 155
153 252
177 276
62 161
168 267
114 213
71 170
35 134
138 237
74 173
89 188
60 159
112 211
30 129
79 178
55 154
6 105
145 244
56 155
53 152
122 221
151 250
130 229
119 218
89 188
163 262
190 289
19 118
50 149
172 271
57 156
106 205
67 166
60 159
122 221
139 238
187 286
9 108
176 275
195 294
191 290
161 260
176 275
26 125
134 233
98 197
80 179
188 287
173 272
101 200
170 269
190 289
70 169
157 256
139 238
166 265
40 139
65 164
138 237
121 220
175 274
88 187
21 120
145 244
121 220
104 203
41 140
150 249
85 184
23 122
41 140
169 268
61 160
9 108
178 277
173 272
44 143
192 291
182 281
56 155
159 258
28 127
78 177
124 223
81 180
82 181
34 133
178 277
31 130
28 127
127 226
126 225
139 238
30 129
123 222
153 252
47 146
155 254
144 243
155 254
173 272
164 263
70 169
158 257
36 135
118 217
131 230
113 212
24 123
106 205
121 220
157 256
50 149
66 165
29 128
144 243
174 273
166 265
176 275
109 208
108 207
52 151
154 253
185 284
115 214
29 128
4 103
163 262
3 102
66 165
93 192
22 121
153 252
70 169
189 288
140 239
74 173
181 280
29 128
69 168
97 196
31 130
39 138
115 214
66 165
143 242
23 122
73 172
83 182
91 190
75 174
50 149
49 148
183 282
8 107
17 116
132 231
104 203
44 143
118 217
11 110
42 141
87 186
95 194
22 121
14 113
195 294
157 256
86 185
135 234
118 217
104 203
86 185
194 293
68 167
93 192
31 130
169 268
65 164
161 260
120 219
110 209
84 183
61 160
67 166
69 168
74 173
123 222
50 149
185 284
10 109
87 186
136 235
105 204
74 173
167 266
30 129
174 273
123 222
21 120
114 213
154 253
17 116
179 278
143 242
10 109
104 203
161 260
52 151
191 290
114 213
1 100
46 145
166 265
165 264
191 290
92 191
153 252
90 189
158 257
18 117
177 276
155 254
157 256
163 262
149 248
45 144
57 156
20 119
87 186
83 182
18 117
184 283
169 268
23 122
19 118
178 277
135 234
85 184
63 162
63 162
188 287
27 126
103 202
33 132
155 254
104 203
55 154
72 171
124 223
162 261
67 166
147 246
186 285
132 231
160 259
165 264
96 195
154 253
27 126
58 157
73 172
63 162
133 232
117 216
190 289
28 127
22 121
128 227
88 187
89 188
116 215
48 147
18 117
59 158
171 270
60 159
75 174
185 284
51 150
161 260
150 249
81 180
109 208
0 99
63 162
114 213
185 284
81 180
30 129
94 193
182 281
167 266
15 114
80 179
26 125
150 249
135 234
147 246
138 237
106 205
11 110
57 156
149 248
83 182
139 238
1 100
105 204
124 223
66 165
21 120
186 285
128 227
128 227
181 280
141 240
66 165
35 134
33 132
180 279
18 117
7 106
153 252
38 137
43 142
39 138
54 153
163 262
24 123
82 181
20 119
192 291
158 257
50 149
153 252
54 153
107 206
74 173
14 113
176 275
5 104
86 185
95 194
86 185
151 250
108 207
144 243
128 227
108 207
185 284
127 226
132 231
6 105
61 160
32 131
57 156
73 172
19 118
172 271
71 170
143 242
126 225
141 240
46 145
56 155
78 177
135 234
116 215
149 248
106 205
43 142
18 117
87 186
45 144
10 109
31 130
35 134
141 240
105 204
180 279
30 129
86 185
150 249
80 179
101 200
115 214
48 147
19 118
119 218
4 103
74 173
96 195
20 119
177 276
96 195
7 106
10 109
2 101
103 202
177 276
42 141
149 248
131 230
68 167
103 202
79 178
120 219
63 162
128 227
29 128
61 160
32 131
58 157
26 125
160 259
88 187
92 191
181 280
93 192
131 230
58 157
178 277
98 197
17 116
161 260
156 255
94 193
74 173
126 225
66 165
192 291
33 132
118 217
173 272
110 209
110 209
57 156
147 246
126 225
35 134
172 271
4 103
131 230
101 200
81 180
187 286
110 209
152 251
79 178
84 183
20 119
171 270
166 265
20 119
86 185
105 204
90 189
162 261
44 143
48 147
140 239
55 154
192 291
187 286
79 178
38 137
44 143
126 225
194 293
164 263
134 233
153 252
63 162
68 167
146 245
131 230
130 229
12 111
148 247
185 284
174 273
28 127
60 159
100 199
58 157
74 173
7 106
85 184
148 247
149 248
44 143
195 294
117 216
161 260
28 127
173 272
137 236
80 179
128 227
37 136
145 244
101 200
86 185
137 236
45 144
105 204
57 156
160 259
15 114
121 220
149 248
130 229
178 277
70 169
92 191
114 213
8 107
26 125
160 259
79 178
167 266
93 192
37 136
106 205
52 151
171 270
139 238
55 154
69 168
7 106
53 152
101 200
116 215
77 176
188 287
192 291
146 245
188 287
51 150
7 106
71 170
3 102
93 192
82 181
185 284
26 125
139 238
21 120
30 129
50 149
107 206
149 248
182 281
42 141
160 259
110 209
64 163
136 235
155 254
167 266
12 111
42 141
44 143
94 193
100 199
177 276
13 112
52 151
107 206
15 114
176 275
10 109
37 136
122 221
135 234
120 219
63 162
163 262
149 248
160 259
80 179
71 170
171 270
122 221
44 143
81 180
43 142
83 182
67 166
107 206
180 279
29 128
53 152
142 241
20 119
26 125
65 164
70 169
54 153
141 240
160 259
0 99
21 120
151 250
126 225
119 218
28 127
12 111
137 236
110 209
104 203
2 101
146 245
121 220
138 237
171 270
21 120
109 208
134 233
65 164
158 257
128 227
30 129
136 235
27 126
141 240
175 274
104 203
52 151
70 169
55 154
191 290
55 154
83 182
156 255
144 243
48 147
115 214
13 112
0 99
158 257
121 220
90 189
1 100
115 214
80 179
1 100
94 193
172 271
0 99
9 108
171 270
181 280
74 173
147 246
66 165
1 100
168 267
157 256
146 245
84 183
191 290
22 121
28 127
148 247
6 105
121 220
70 169
62 161
31 130
30 129
16 115
118 217
167 266
122 221
181 280
110 209
148 247
162 261
81 180
43 142
139 238
44 143
73 172
18 117
64 163
70 169
3 102
6 105
55 154
111 210
93 192
37 136
190 289
45 144
18 117
183 282
40 139
38 137
186 285
101 200
45 144
98 197
58 157
48 147
135 234
114 213
152 251
137 236
156 255
147 246
160 259
38 137
189 288
174 273
80 179
85 184
56 155
74 173
51 150
2 101
170 269
149 248
126 225
159 258
23 122
47 146
123 222
27 126
184 283
148 247
159 258
37 136
43 142
34 133
167 266
177 276
73 172
192 291
85 184
106 205
19 118
125 224
196 295
136 235
148 247
193 292
193 292
176 275
119 218
68 167
90 189
89 188
7 106
66 165
77 176
96 195
19 118
8 107
91 190
155 254
13 112
29 128
180 279
161 260
53 152
179 278
71 170
167 266
32 131
66 165
25 124
196 295
183 282
17 116
152 251
68 167
196 295
64 163
102 201
189 288
150 249
6 105
148 247
69 168
136 235
181 280
195 294
134 233
93 192
116 215
155 254
9 108
94 193
102 201
109 208
48 147
46 145
118 217
48 147
88 187
18 117
112 211
27 126
142 241
75 174
17 116
98 197
92 191
35 134
130 229
7 106
169 268
192 291
53 152
102 201
106 205
76 175
30 129
75 174
111 210
177 276
121 220
162 261
89 188
14 113
167 266
14 113
188 287
190 289
114 213
57 156
26 125
33 132
59 158
111 210
54 153
27 126
108 207
94 193
142 241
53 152
25 124
169 268
76 175
89 188
63 162
155 254
118 217
98 197
83 182
177 276
189 288
183 282
135 234
94 193
150 249
163 262
137 236
122 221
122 221
116 215
35 134
51 150
175 274
134 233
69 168
50 149
149 248
143 242
84 183
164 263
105 204
188 287
131 230
112 211
147 246
90 189
119 218
13 112
145 244
184 283
27 126
130 229
54 153
46 145
82 181
110 209
78 177
15 114
76 175
62 161
90 189
74 173
118 217
96 195
125 224
55 154
8 107
158 257
133 232
184 283
134 233
61 160
188 287
39 138
190 289
190 289
139 238
81 180
17 116
66 165
59 158
15 114
172 271
34 133
155 254
105 204
87 186
47 146
10 109
70 169
7 106
28 127
128 227
9 108
89 188
83 182
22 121
57 156
113 212
157 256
2 101
124 223
107 206
99 198
44 143
31 130
89 188
57 156
191 290
14 113
128 227
38 137
178 277
92 191
183 282
158 257
88 187
63 162
180 279
53 152
75 174
181 280
157 256
37 136
96 195
172 271
50 149
62 161
91 190
150 249
41 140
186 285
192 291
193 292
90 189
157 256
103 202
137 236
65 164
22 121
107 206
166 265
107 206
196 295
158 257
197 296
190 289
117 216
159 258
119 218
134 233
168 267
126 225
9 108
55 154
115 214
195 294
33 132
42 141
155 254
18 117
167 266
50 149
42 141
24 123
58 157
61 160
110 209
20 119
16 115
176 275
48 147
126 225
9 108
69 168
171 270
22 121
71 170
62 161
111 210
26 125
53 152
109 208
143 242
106 205
157 256
41 140
178 277
78 177
66 165
59 158
114 213
155 254
56 155
79 178
135 234
148 247
124 223
51 150
111 210
32 131
69 168
65 164
137 236
191 290
27 126
127 226
110 209
182 281
114 213
59 158
166 265
29 128
136 235
28 127
68 167
60 159
5 104
176 275
79 178
99 198
192 291
7 106
7 106
128 227
86 185
176 275
3 102
141 240
13 112
81 180
114 213
6 105
149 248
105 204
187 286
136 235
17 116
27 126
167 266
72 171
51 150
3 102
181 280
182 281
23 122
128 227
99 198
0 99
28 127
53 152
156 255
63 162
22 121
30 129
164 263
67 166
34 133
155 254
158 257
105 204
22 121
108 207
1 100
46 145
44 143
167 266
11 110
175 274
29 128
166 265
32 131
62 161
22 121
59 158
63 162
189 288
119 218
40 139
72 171
150 249
43 142
135 234
73 172
21 120
166 265
171 270
164 263
152 251
88 187
0 99
12 111
60 159
138 237
193 292
1 100
167 266
54 153
165 264
33 132
50 149
10 109
145 244
0 99
85 184
153 252
113 212
85 184
122 221
78 177
187 286
133 232
143 242
30 129
15 114
148 247
171 270
19 118
68 167
14 113
92 191
87 186
75 174
115 214
11 110
19 118
115 214
157 256
43 142
76 175
129 228
156 255
146 245
75 174
166 265
128 227
170 269
119 218
89 188
69 168
26 125
34 133
157 256
148 247
11 110
131 230
121 220
123 222
147 246
95 194
34 133
78 177
194 293
153 252
84 183
187 286
56 155
73 172
159 258
24 123
177 276
17 116
63 162
108 207
163 262
178 277
170 269
11 110
76 175
0 99
149 248
76 175
149 248
19 118
56 155
28 127
190 289
137 236
54 153
43 142
128 227
140 239
111 210
50 149
163 262
186 285
4 103
14 113
42 141
88 187
40 139
116 215
136 235
136 235
137 236
69 168
168 267
196 295
80 179
106 205
191 290
39 138
117 216
31 130
145 244
9 108
100 199
55 154
58 157
55 154
110 209
197 296
175 274
75 174
76 175
95 194
60 159
76 175
120 219
183 282
73 172
112 211
195 294
131 230
63 162
108 207
132 231
81 180
132 231
145 244
142 241
50 149
2 101
49 148
149 248
146 245
187 286
34 133
41 140
33 132
14 113
164 263
84 183
122 221
168 267
164 263
55 154
58 157
192 291
154 253
106 205
43 142
34 133
102 201
177 276
101 200
65 164
191 290
145 244
169 268
127 226
188 287
27 126
148 247
161 260
67 166
48 147
110 209
149 248
62 161
24 123
8 107
11 110
139 238
183 282
35 134
100 199
135 234
187 286
30 129
13 112
62 161
76 175
160 259
180 279
39 138
68 167
153 252
90 189
164 263
104 203
169 268
75 174
95 194
68 167
118 217
195 294
153 252
127 226
166 265
120 219
124 223
183 282
52 151
126 225
82 181
84 183
159 258
186 285
50 149
150 249
122 221
179 278
106 205
6 105
173 272
6 105
70 169
81 180
1 100
82 181
17 116
79 178
139 238
145 244
46 145
156 255
104 203
26 125
78 177
151 250
156 255
45 144
36 135
177 276
197 296
50 149
75 174
137 236
15 114
163 262
3 102
136 235
10 109
69 168
24 123
25 124
79 178
196 295
84 183
185 284
163 262
175 274
122 221
117 216
169 268
1 100
122 221
168 267
135 234
196 295
75 174
44 143
41 140
182 281
116 215
134 233
101 200
172 271
165 264
144 243
1 100
73 172
55 154
30 129
58 157
140 239
86 185
30 129
160 259
8 107
46 145
159 258
115 214
36 135
163 262
4 103
55 154
163 262
105 204
115 214
31 130
131 230
28 127
117 216
11 110
123 222
58 157
111 210
94 193
45 144
131 230
83 182
34 133
143 242
174 273
155 254
94 193
37 136
22 121
159 258
176 275
27 126
148 247
152 251
180 279
119 218
36 135
106 205
144 243
174 273
139 238
91 190
191 290
106 205
28 127
15 114
11 110
55 154
148 247
181 280
30 129
42 141
53 152
29 128
134 233
40 139
19 118
108 207
75 174
122 221
1 100
38 137
16 115
30 129
20 119
118 217
15 114
177 276
170 269
62 161
71 170
69 168
153 252
116 215
113 212
142 241
184 283
1 100
85 184
174 273
117 216
35 134
103 202
22 121
193 292
28 127
73 172
131 230
111 210
182 281
99 198
119 218
134 233
144 243
134 233
193 292
97 196
39 138
137 236
112 211
61 160
114 213
112 211
67 166
5 104
139 238
98 197
77 176
162 261
162 261
89 188
106 205
47 146
98 197
143 242
11 110
194 293
118 217
100 199
26 125
30 129
25 124
101 200
90 189
129 228
11 110
142 241
54 153
186 285
132 231
197 296
87 186
31 130
80 179
26 125
26 125
174 273
132 231
18 117
155 254
36 135
79 178
183 282
57 156
12 111
136 235
53 152
121 220
152 251
109 208
26 125
90 189
102 201
185 284
42 141
154 253
80 179
59 158
25 124
137 236
72 171
138 237
47 146
166 265
152 251
108 207
98 197
150 249
107 206
103 202
61 160
123 222
31 130
7 106
192 291
60 159
195 294
125 224
81 180
110 209
26 125
192 291
87 186
51 150
78 177
76 175
72 171
7 106
33 132
148 247
24 123
185 284
184 283
79 178
18 117
28 127
9 108
160 259
175 274
172 271
82 181
177 276
7 106
173 272
166 265
38 137
13 112
12 111
158 257
41 140
146 245
99 198
191 290
161 260
29 128
6 105
158 257
36 135
63 162
188 287
182 281
114 213
70 169
165 264
91 190
36 135
149 248
1 100
154 253
42 141
64 163
16 115
11 110
116 215
13 112
184 283
14 113
45 144
114 213
174 273
156 255
139 238
183 282
93 192
70 169
116 215
157 256
7 106
8;156504
93 192
142 241
81 180
126 225
196 295
156 255
126 225
143 242
4 103
92 191
59 158
7 106
99 198
188 287
81 180
145 244
113 212
192 291
81 180
111 210
80 179
90 189
127 226
122 221
190 289
140 239
0 99
12 111
196 295
180 279
126 225
151 250
25 124
17 116
83 182
154 253
98 197
131 230
61 160
196 295
196 295
170 269
113 212
91 190
132 231
23 122
15 114
37 136
169 268
25 124
197 296
129 228
118 217
29 128
54 153
155 254
66 165
108 207
17 116
162 261
151 250
4 103
75 174
172 271
21 120
22 121
134 233
130 229
69 168
147 246
99 198
56 155
106 205
169 268
170 269
3 102
131 230
127 226
110 209
43 142
186 285
67 166
159 258
137 236
140 239
194 293
42 141
0 99
96 195
1 100
16 115
133 232
42 141
81 180
119 218
74 173
22 121
112 211
30 129
49 148
179 278
53 152
45 144
106 205
73 172
190 289
137 236
148 247
69 168
115 214
41 140
183 282
120 219
129 228
1 100
194 293
152 251
63 162
156 255
109 208
83 182
168 267
49 148
114 213
125 224
86 185
126 225
1 100
180 279
140 239
110 209
54 153
95 194
0 99
144 243
40 139
39 138
20 119
48 147
118 217
119 218
121 220
138 237
44 143
34 133
41 140
7 106
149 248
18 117
110 209
151 250
71 170
44 143
102 201
109 208
133 232
39 138
22 121
142 241
153 252
55 154
33 132
41 140
36 135
59 158
88 187
15 114
61 160
190 289
127 226
67 166
43 142
166 265
187 286
91 190
136 235
97 196
49 148
167 266
134 233
170 269
40 139
56 155
152 251
190 289
65 164
97 196
104 203
35 134
105 204
168 267
78 177
129 228
50 149
66 165
101 200
184 283
143 242
89 188
138 237
67 166
146 245
11 110
45 144
20 119
84 183
180 279
123 222
62 161
81 180
83 182
162 261
120 219
150 249
153 252
46 145
130 229
65 164
61 160
59 158
68 167
23 122
137 236
72 171
56 155
162 261
33 132
33 132
154 253
81 180
93 192
110 209
195 294
66 165
188 287
24 123
73 172
100 199
18 117
54 153
17 116
28 127
80 179
63 162
67 166
63 162
20 119
135 234
4 103
72 171
114 213
153 252
76 175
88 187
177 276
8 107
77 176
41 140
96 195
34 133
74 173
72 171
60 159
191 290
37 136
143 242
31 130
79 178
110 209
31 130
144 243
153 252
183 282
66 165
25 124
104 203
75 174
102 201
38 137
100 199
149 248
171 270
118 217
189 288
59 158
60 159
177 276
42 141
15 114
164 263
72 171
21 120
68 167
20 119
131 230
185 284
1 100
41 140
59 158
105 204
36 135
132 231
77 176
41 140
2 101
99 198
10 109
88 187
7 106
26 125
121 220
47 146
6 105
177 276
71 170
63 162
151 250
108 207
154 253
67 166
47 146
88 187
83 182
39 138
81 180
151 250
186 285
55 154
12 111
181 280
77 176
81 180
43 142
118 217
126 225
44 143
76 175
158 257
3 102
47 146
150 249
41 140
66 165
41 140
132 231
126 225
73 172
67 166
55 154
155 254
118 217
127 226
12 111
197 296
180 279
19 118
125 224
195 294
57 156
53 152
24 123
136 235
97 196
197 296
61 160
86 185
98 197
69 168
36 135
162 261
2 101
159 258
117 216
54 153
33 132
92 191
25 124
49 148
171 270
148 247
117 216
83 182
45 144
98 197
148 247
192 291
107 206
94 193
76 175
52 151
101 200
124 223
127 226
67 166
70 169
68 167
194 293
5 104
112 211
57 156
173 272
28 127
192 291
58 157
193 292
93 192
190 289
36 135
153 252
129 228
46 145
127 226
141 240
172 271
141 240
46 145
140 239
107 206
43 142
172 271
22 121
127 226
17 116
66 165
117 216
9 108
137 236
151 250
91 190
115 214
89 188
85 184
14 113
4 103
68 167
46 145
75 174
124 223
156 255
194 293
9 108
117 216
86 185
43 142
142 241
142 241
21 120
68 167
38 137
33 132
94 193
144 243
58 157
96 195
123 222
113 212
15 114
80 179
73 172
128 227
9 108
24 123
130 229
185 284
133 232
69 168
78 177
39 138
182 281
188 287
182 281
66 165
69 168
188 287
121 220
154 253
104 203
157 256
120 219
80 179
14 113
60 159
72 171
145 244
182 281
3 102
67 166
8 107
143 242
124 223
72 171
15 114
112 211
158 257
143 242
110 209
141 240
68 167
84 183
189 288
174 273
165 264
45 144
175 274
162 261
178 277
140 239
59 158
116 215
23 122
10 109
182 281
148 247
100 199
87 186
70 169
28 127
139 238
51 150
92 191
135 234
196 295
44 143
7 106
51 150
176 275
124 223
149 248
164 263
137 236
184 283
166 265
154 253
109 208
107 206
53 152
52 151
98 197
47 146
107 206
190 289
2 101
196 295
33 132
46 145
88 187
130 229
106 205
115 214
48 147
100 199
195 294
58 157
123 222
10 109
147 246
48 147
129 228
95 194
33 132
141 240
161 260
19 118
34 133
20 119
58 157
62 161
18 117
189 288
29 128
46 145
4 103
88 187
175 274
74 173
117 216
153 252
15 114
180 279
96 195
75 174
171 270
113 212
191 290
41 140
54 153
26 125
184 283
122 221
27 126
45 144
136 235
81 180
41 140
46 145
56 155
99 198
167 266
157 256
104 203
197 296
77 176
114 213
42 141
177 276
118 217
34 133
60 159
30 129
140 239
12 111
167 266
59 158
114 213
141 240
19 118
163 262
149 248
166 265
81 180
65 164
88 187
140 239
35 134
167 266
4 103
109 208
69 168
71 170
21 120
136 235
88 187
102 201
166 265
77 176
0 99
122 221
2 101
192 291
138 237
174 273
177 276
132 231
183 282
45 144
169 268
8 107
97 196
19 118
114 213
50 149
136 235
115 214
105 204
28 127
33 132
129 228
22 121
95 194
154 253
197 296
99 198
37 136
179 278
59 158
82 181
113 212
52 151
34 133
170 269
46 145
177 276
184 283
148 247
105 204
76 175
128 227
0 99
38 137
22 121
26 125
48 147
118 217
64 163
100 199
24 123
114 213
94 193
158 257
12 111
193 292
194 293
98 197
190 289
175 274
115 214
23 122
61 160
94 193
88 187
166 265
139 238
60 159
105 204
197 296
107 206
163 262
64 163
10 109
52 151
30 129
72 171
97 196
135 234
175 274
190 289
117 216
81 180
2 101
104 203
74 173
2 101
135 234
81 180
94 193
11 110
72 171
20 119
58 157
145 244
127 226
33 132
148 247
82 181
168 267
114 213
144 243
141 240
97 196
78 177
107 206
105 204
138 237
78 177
12 111
40 139
121 220
39 138
168 267
88 187
193 292
18 117
9 108
126 225
184 283
12 111
83 182
85 184
32 131
26 125
40 139
93 192
38 137
80 179
171 270
183 282
139 238
126 225
90 189
88 187
193 292
182 281
48 147
181 280
59 158
162 261
85 184
157 256
38 137
171 270
91 190
43 142
174 273
192 291
2 101
189 288
96 195
175 274
112 211
134 233
71 170
21 120
42 141
111 210
12 111
100 199
47 146
167 266
25 124
7 106
106 205
167 266
186 285
112 211
62 161
148 247
128 227
104 203
24 123
159 258
26 125
39 138
82 181
187 286
160 259
154 253
31 130
59 158
27 126
123 222
16 115
135 234
191 290
169 268
182 281
151 250
138 237
33 132
131 230
27 126
171 270
155 254
50 149
106 205
184 283
73 172
197 296
111 210
47 146
94 193
17 116
185 284
82 181
33 132
10 109
129 228
46 145
147 246
56 155
13 112
171 270
131 230
106 205
102 201
112 211
69 168
96 195
78 177
16 115
176 275
34 133
68 167
164 263
6 105
36 135
182 281
91 190
48 147
187 286
74 173
195 294
100 199
71 170
116 215
168 267
60 159
29 128
119 218
187 286
66 165
150 249
180 279
91 190
87 186
166 265
155 254
159 258
196 295
122 221
108 207
153 252
145 244
68 167
174 273
160 259
124 223
190 289
89 188
163 262
21 120
28 127
47 146
21 120
92 191
114 213
72 171
169 268
78 177
46 145
183 282
0 99
176 275
16 115
166 265
170 269
111 210
8 107
183 282
54 153
149 248
51 150
133 232
138 237
178 277
175 274
133 232
123 222
48 147
100 199
187 286
104 203
152 251
77 176
197 296
53 152
29 128
44 143
118 217
57 156
179 278
32 131
156 255
91 190
61 160
170 269
63 162
107 206
37 136
90 189
5 104
12 111
135 234
192 291
25 124
176 275
110 209
87 186
50 149
176 275
74 173
103 202
152 251
23 122
141 240
67 166
177 276
49 148
16 115
143 242
87 186
135 234
159 258
155 254
43 142
103 202
190 289
126 225
135 234
29 128
92 191
196 295
33 132
7 106
144 243
37 136
175 274
95 194
138 237
93 192
151 250
98 197
33 132
144 243
30 129
176 275
121 220
112 211
188 287
99 198
4 103
7 106
48 147
51 150
55 154
62 161
46 145
69 168
95 194
122 221
129 228
169 268
116 215
86 185
102 201
170 269
144 243
43 142
170 269
28 127
186 285
56 155
70 169
19 118
158 257
122 221
139 238
4 103
99 198
151 250
47 146
156 255
160 259
161 260
30 129
135 234
87 186
18 117
160 259
153 252
23 122
94 193
49 148
181 280
180 279
160 259
97 196
42 141
49 148
9 108
140 239
102 201
33 132
120 219
134 233
37 136
158 257
56 155
195 294
122 221
46 145
71 170
46 145
49 148
123 222
167 266
64 163
102 201
162 261
31 130
8 107
87 186
13 112
114 213
77 176
31 130
97 196
57 156
132 231
140 239
170 269
162 261
42 141
84 183
32 131
38 137
9 108
114 213
179 278
180 279
63 162
165 264
128 227
61 160
46 145
128 227
17 116
160 259
0 99
173 272
54 153
106 205
130 229
194 293
28 127
192 291
190 289
36 135
180 279
45 144
88 187
30 129
76 175
89 188
34 133
141 240
165 264
81 180
60 159
62 161
108 207
139 238
115 214
162 261
41 140
56 155
156 255
34 133
125 224
70 169
44 143
95 194
64 163
71 170
74 173
140 239
20 119
22 121
84 183
29 128
72 171
169 268
136 235
16 115
142 241
180 279
63 162
178 277
11 110
93 192
80 179
193 292
133 232
52 151
175 274
175 274
38 137
11 110
105 204
169 268
4 103
180 279
88 187
65 164
172 271
88 187
102 201
159 258
60 159
131 230
8 107
99 198
49 148
30 129
82 181
143 242
135 234
74 173
134 233
13 112
166 265
107 206
45 144
26 125
53 152
174 273
95 194
4 103
32 131
150 249
194 293
99 198
175 274
193 292
148 247
67 166
131 230
120 219
1 100
7 106
60 159
3 102
111 210
76 175
36 135
62 161
46 145
176 275
142 241
77 176
119 218
69 168
57 156
193 292
1 100
183 282
177 276
121 220
191 290
38 137
183 282
88 187
174 273
54 153
20 119
34 133
123 222
195 294
130 229
197 296
124 223
88 187
39 138
31 130
128 227
69 168
160 259
53 152
113 212
17 116
19 118
47 146
32 131
28 127
174 273
66 165
86 185
84 183
105 204
48 147
80 179
60 159
118 217
142 241
78 177
87 186
137 236
6 105
190 289
130 229
1 100
161 260
93 192
133 232
190 289
31 130
120 219
21 120
71 170
4 103
100 199
106 205
156 255
22 121
106 205
83 182
102 201
116 215
79 178
151 250
53 152
99 198
53 152
93 192
32 131
88 187
161 260
50 149
131 230
13 112
141 240
101 200
7 106
15 114
116 215
93 192
1 100
176 275
127 226
164 263
3 102
44 143
8 107
43 142
155 254
178 277
11 110
84 183
42 141
177 276
56 155
119 218
82 181
6 105
176 275
157 256
72 171
164 263
69 168
163 262
73 172
135 234
82 181
159 258
52 151
69 168
44 143
169 268
197 296
134 233
14 113
197 296
113 212
59 158
166 265
94 193
71 170
110 209
41 140
153 252
194 293
195 294
92 191
107 206
74 173
178 277
138 237
182 281
148 247
101 200
121 220
98 197
80 179
170 269
165 264
24 123
195 294
103 202
12 111
170 269
41 140
175 274
65 164
160 259
33 132
62 161
153 252
48 147
29 128
26 125
117 216
115 214
186 285
55 154
22 121
188 287
193 292
29 128
90 189
141 240
185 284
137 236
5 104
5 104
50 149
35 134
134 233
192 291
138 237
5 104
56 155
79 178
60 159
121 220
87 186
10 109
194 293
97 196
71 170
101 200
38 137
21 120
140 239
55 154
169 268
158 257
9 108
187 286
106 205
160 259
7 106
124 223
78 177
161 260
38 137
76 175
183 282
22 121
185 284
11 110
112 211
4 103
154 253
122 221
84 183
111 210
117 216
172 271
64 163
43 142
133 232
37 136
101 200
55 154
114 213
59 158
116 215
60 159
188 287
190 289
165 264
126 225
184 283
72 171
78 177
192 291
135 234
17 116
197 296
166 265
104 203
163 262
32 131
85 184
31 130
30 129
24 123
39 138
6 105
20 119
108 207
140 239
154 253
33 132
34 133
100 199
108 207
107 206
3 102
45 144
6 105
6 105
123 222
155 254
195 294
73 172
92 191
9 108
161 260
65 164
118 217
45 144
196 295
87 186
64 163
32 131
184 283
183 282
155 254
187 286
163 262
7 106
113 212
80 179
23 122
57 156
50 149
169 268
150 249
175 274
137 236
70 169
77 176
20 119
123 222
142 241
73 172
108 207
104 203
0 99
131 230
42 141
67 166
32 131
109 208
9 108
117 216
191 290
44 143
67 166
197 296
80 179
65 164
58 157
190 289
58 157
125 224
27 126
167 266
113 212
19 118
21 120
16 115
197 296
26 125
56 155
65 164
73 172
128 227
148 247
187 286
165 264
97 196
37 136
188 287
156 255
188 287
184 283
18 117
15 114
49 148
55 154
61 160
168 267
97 196
167 266
28 127
67 166
112 211
196 295
88 187
53 152
189 288
171 270
70 169
106 205
14 113
59 158
27 126
156 255
31 130
123 222
182 281
5 104
146 245
51 150
59 158
65 164
102 201
80 179
196 295
141 240
165 264
154 253
44 143
127 226
152 251
33 132
191 290
124 223
90 189
85 184
10 109
192 291
167 266
52 151
62 161
142 241
162 261
35 134
113 212
52 151
108 207
185 284
127 226
78 177
128 227
163 262
176 275
129 228
175 274
93 192
135 234
82 181
99 198
114 213
58 157
45 144
152 251
144 243
185 284
80 179
18 117
137 236
197 296
13 112
104 203
184 283
79 178
83 182
161 260
126 225
37 136
147 246
52 151
6 105
108 207
4 103
180 279
72 171
178 277
133 232
69 168
21 120
105 204
106 205
153 252
186 285
50 149
90 189
169 268
62 161
109 208
64 163
105 204
61 160
166 265
46 145
40 139
38 137
80 179
5 104
167 266
166 265
19 118
134 233
17 116
84 183
79 178
83 182
154 253
104 203
104 203
2 101
145 244
10 109
116 215
93 192
60 159
108 207
73 172
55 154
127 226
1 100
106 205
112 211
197 296
193 292
81 180
91 190
113 212
118 217
178 277
160 259
151 250
73 172
153 252
175 274
58 157
23 122
30 129
119 218
148 247
116 215
84 183
87 186
187 286
136 235
35 134
63 162
61 160
77 176
148 247
85 184
157 256
106 205
100 199
28 127
75 174
51 150
22 121
170 269
8 107
114 213
185 284
19 118
99 198
130 229
91 190
189 288
195 294
151 250
85 184
125 224
87 186
57 156
33 132
9 108
155 254
142 241
82 181
175 274
196 295
68 167
50 149
36 135
82 181
35 134
0 99
101 200
53 152
64 163
133 232
182 281
89 188
138 237
52 151
195 294
77 176
102 201
98 197
190 289
197 296
42 141
43 142
119 218
38 137
43 142
25 124
167 266
53 152
139 238
42 141
142 241
98 197
38 137
110 209
116 215
33 132
39 138
151 250
146 245
3 102
175 274
101 200
121 220
195 294
132 231
126 225
100 199
132 231
4 103
194 293
29 128
135 234
140 239
94 193
141 240
3 102
109 208
112 211
117 216
9 108
74 173
27 126
85 184
38 137
45 144
124 223
71 170
182 281
125 224
35 134
137 236
147 246
107 206
187 286
2 101
36 135
106 205
3 102
81 180
53 152
14 113
37 136
176 275
85 184
48 147
144 243
83 182
188 287
44 143
125 224
124 223
123 222
150 249
38 137
7 106
31 130
10 109
191 290
15 114
5 104
35 134
184 283
97 196
8 107
86 185
76 175
190 289
52 151
30 129
162 261
146 245
171 270
21 120
72 171
179 278
50 149
57 156
88 187
115 214
174 273
107 206
51 150
37 136
121 220
102 201
162 261
104 203
165 264
81 180
26 125
40 139
35 134
153 252
17 116
53 152
99 198
157 256
52 151
25 124
186 285
19 118
116 215
172 271
195 294
88 187
125 224
187 286
89 188
115 214
50 149
93 192
130 229
6 105
41 140
104 203
55 154
196 295
43 142
134 233
141 240
55 154
31 130
130 229
120 219
29 128
192 291
107 206
144 243
81 180
124 223
183 282
188 287
124 223
124 223
14 113
29 128
22 121
153 252
94 193
122 221
115 214
117 216
28 127
29 128
161 260
103 202
187 286
66 165
171 270
17 116
1 100
104 203
195 294
55 154
160 259
144 243
29 128
21 120
59 158
73 172
182 281
162 261
152 251
87 186
112 211
106 205
63 162
87 186
32 131
196 295
138 237
157 256
48 147
185 284
145 244
168 267
50 149
42 141
68 167
191 290
10 109
164 263
115 214
159 258
140 239
123 222
58 157
41 140
190 289
7 106
136 235
132 231
169 268
145 244
106 205
105 204
20 119
38 137
154 253
47 146
122 221
43 142
68 167
161 260
83 182
150 249
50 149
37 136
182 281
39 138
79 178
89 188
23 122
50 149
83 182
33 132
28 127
33 132
131 230
100 199
71 170
88 187
40 139
46 145
125 224
17 116
51 150
39 138
152 251
149 248
88 187
131 230
150 249
117 216
55 154
155 254
136 235
23 122
159 258
101 200
26 125
37 136
98 197
101 200
22 121
42 141
128 227
144 243
159 258
19 118
34 133
29 128
157 256
84 183
113 212
72 171
141 240
187 286
8 107
18 117
126 225
167 266
24 123
99 198
43 142
150 249
12 111
20 119
64 163
19 118
116 215
154 253
134 233
78 177
49 148
104 203
101 200
50 149
32 131
136 235
172 271
136 235
59 158
37 136
136 235
197 296
106 205
192 291
42 141
84 183
60 159
108 207
56 155
176 275
21 120
155 254
133 232
83 182
22 121
68 167
185 284
138 237
8 107
152 251
94 193
99 198
87 186
155 254
121 220
168 267
113 212
134 233
137 236
142 241
69 168
82 181
157 256
191 290
32 131
151 250
160 259
182 281
27 126
45 144
83 182
122 221
96 195
123 222
58 157
72 171
176 275
171 270
48 147
94 193
81 180
4 103
178 277
57 156
38 137
30 129
74 173
124 223
103 202
14 113
65 164
187 286
28 127
176 275
105 204
31 130
163 262
161 260
167 266
187 286
20 119
61 160
158 257
19 118
177 276
155 254
99 198
61 160
144 243
133 232
23 122
147 246
129 228
11 110
33 132
9 108
99 198
153 252
75 174
178 277
57 156
179 278
120 219
14 113
105 204
185 284
80 179
119 218
147 246
99 198
21 120
172 271
9 108
151 250
48 147
17 116
7 106
7 106
1 100
44 143
178 277
146 245
178 277
13 112
128 227
89 188
144 243
194 293
13 112
15 114
10 109
19 118
130 229
176 275
137 236
30 129
36 135
16 115
119 218
135 234
162 261
182 281
47 146
86 185
64 163
144 243
174 273
149 248
155 254
62 161
39 138
99 198
34 133
134 233
158 257
117 216
115 214
70 169
62 161
27 126
122 221
144 243
162 261
73 172
32 131
166 265
2 101
32 131
6 105
63 162
7 106
65 164
143 242
193 292
3 102
58 157
33 132
22 121
148 247
42 141
53 152
7 106
30 129
61 160
79 178
170 269
30 129
182 281
108 207
82 181
98 197
63 162
63 162
48 147
13 112
7 106
187 286
166 265
134 233
139 238
192 291
51 150
27 126
86 185
166 265
61 160
61 160
142 241
54 153
35 134
177 276
154 253
64 163
32 131
177 276
48 147
145 244
100 199
96 195
97 196
179 278
26 125
15 114
49 148
80 179
121 220
54 153
129 228
19 118
94 193
168 267
134 233
185 284
91 190
69 168
124 223
25 124
151 250
172 271
30 129
107 206
48 147
147 246
63 162
177 276
167 266
12 111
28 127
89 188
38 137
76 175
36 135
156 255
71 170
60 159
1 100
139 238
109 208
99 198
171 270
51 150
153 252
105 204
152 251
163 262
0 99
92 191
17 116
12 111
33 132
148 247
181 280
99 198
14 113
47 146
96 195
156 255
50 149
58 157
157 256
16 115
86 185
19 118
178 277
81 180
146 245
100 199
64 163
44 143
99 198
1 100
87 186
152 251
125 224
89 188
145 244
76 175
40 139
45 144
111 210
138 237
8 107
124 223
177 276
25 124
161 260
179 278
154 253
26 125
95 194
76 175
28 127
134 233
46 145
21 120
188 287
127 226
70 169
186 285
110 209
82 181
124 223
35 134
18 117
114 213
109 208
42 141
123 222
7 106
186 285
132 231
141 240
31 130
33 132
78 177
159 258
169 268
171 270
14 113
130 229
4 103
8 107
131 230
123 222
195 294
172 271
156 255
194 293
30 129
146 245
1 100
39 138
63 162
114 213
55 154
129 228
8 107
72 171
120 219
51 150
152 251
174 273
131 230
50 149
169 268
132 231
197 296
193 292
165 264
71 170
148 247
72 171
49 148
78 177
181 280
162 261
63 162
197 296
109 208
62 161
62 161
65 164
40 139
15 114
157 256
39 138
26 125
126 225
3 102
139 238
48 147
176 275
50 149
96 195
103 202
162 261
94 193
144 243
98 197
1 100
138 237
1 100
70 169
73 172
3 102
124 223
173 272
95 194
15 114
115 214
101 200
120 219
151 250
155 254
190 289
37 136
35 134
109 208
65 164
70 169
125 224
80 179
151 250
149 248
63 162
119 218
78 177
47 146
25 124
65 164
94 193
23 122
144 243
158 257
182 281
1 100
179 278
185 284
49 148
170 269
197 296
85 184
191 290
148 247
140 239
56 155
161 260
45 144
150 249
82 181
158 257
117 216
94 193
169 268
19 118
164 263
192 291
43 142
62 161
169 268
2 101
121 220
73 172
1 100
143 242
86 185
135 234
66 165
164 263
173 272
176 275
176 275
165 264
108 207
27 126
23 122
39 138
65 164
96 195
117 216
115 214
177 276
54 153
149 248
189 288
193 292
62 161
47 146
35 134
190 289
87 186
116 215
196 295
23 122
165 264
68 167
87 186
43 142
68 167
130 229
61 160
43 142
11 110
136 235
45 144
51 150
131 230
163 262
112 211
110 209
53 152
16 115
120 219
15 114
27 126
115 214
18 117
147 246
77 176
170 269
87 186
151 250
160 259
60 159
143 242
146 245
33 132
146 245
64 163
144 243
196 295
43 142
48 147
146 245
135 234
32 131
89 188
78 177
65 164
62 161
60 159
124 223
35 134
118 217
62 161
168 267
53 152
79 178
42 141
195 294
86 185
51 150
83 182
17 116
6 105
152 251
87 186
167 266
148 247
123 222
165 264
50 149
136 235
37 136
94 193
0 99
118 217
116 215
81 180
89 188
83 182
161 260
78 177
118 217
185 284
195 294
193 292
62 161
23 122
132 231
55 154
124 223
124 223
192 291
158 257
122 221
145 244
45 144
104 203
165 264
121 220
161 260
65 164
8 107
133 232
114 213
171 270
177 276
56 155
14 113
85 184
176 275
76 175
75 174
1 100
22 121
112 211
19 118
135 234
30 129
69 168
51 150
112 211
40 139
44 143
72 171
31 130
149 248
81 180
153 252
148 247
183 282
123 222
197 296
24 123
32 131
134 233
17 116
37 136
84 183
111 210
178 277
93 192
177 276
43 142
146 245
68 167
119 218
27 126
136 235
66 165
126 225
67 166
7 106
151 250
90 189
190 289
133 232
173 272
48 147
181 280
102 201
129 228
164 263
172 271
183 282
183 282
190 289
134 233
167 266
155 254
22 121
23 122
188 287
84 183
140 239
142 241
103 202
144 243
35 134
119 218
129 228
19 118
28 127
116 215
136 235
190 289
83 182
47 146
112 211
175 274
10 109
186 285
70 169
15 114
21 120
53 152
192 291
70 169
197 296
128 227
120 219
67 166
85 184
22 121
80 179
67 166
14 113
172 271
171 270
126 225
79 178
160 259
39 138
97 196
109 208
23 122
88 187
92 191
45 144
176 275
187 286
193 292
144 243
191 290
161 260
54 153
3 102
97 196
161 260
120 219
64 163
186 285
37 136
76 175
75 174
91 190
102 201
12 111
72 171
130 229
133 232
174 273
9 108
152 251
191 290
51 150
146 245
106 205
33 132
11 110
10 109
191 290
45 144
132 231
115 214
171 270
72 171
41 140
1 100
95 194
192 291
147 246
3 102
171 270
77 176
183 282
167 266
16 115
68 167
183 282
73 172
100 199
159 258
172 271
36 135
0 99
120 219
91 190
7 106
109 208
0 99
42 141
84 183
176 275
19 118
183 282
53 152
18 117
181 280
51 150
64 163
134 233
167 266
31 130
16 115
160 259
15 114
59 158
172 271
79 178
156 255
65 164
178 277
108 207
162 261
98 197
188 287
164 263
115 214
49 148
163 262
166 265
117 216
109 208
124 223
89 188
194 293
152 251
136 235
134 233
154 253
104 203
49 148
47 146
54 153
92 191
0 99
39 138
134 233
63 162
99 198
157 256
107 206
144 243
63 162
145 244
11 110
117 216
20 119
125 224
12 111
67 166
57 156
156 255
146 245
181 280
128 227
69 168
118 217
126 225
140 239
132 231
74 173
130 229
101 200
99 198
44 143
129 228
177 276
67 166
65 164
177 276
105 204
68 167
7 106
143 242
112 211
78 177
60 159
56 155
69 168
5 104
194 293
32 131
78 177
114 213
133 232
57 156
98 197
141 240
170 269
90 189
190 289
64 163
156 255
128 227
63 162
9 108
2 101
90 189
92 191
175 274
38 137
4 103
153 252
129 228
108 207
171 270
111 210
47 146
192 291
147 246
77 176
90 189
193 292
83 182
76 175
61 160
136 235
89 188
183 282
26 125
35 134
178 277
92 191
181 280
38 137
88 187
73 172
71 170
178 277
113 212
114 213
174 273
60 159
75 174
67 166
56 155
154 253
79 178
166 265
49 148
152 251
139 238
121 220
68 167
5 104
73 172
117 216
162 261
171 270
158 257
40 139
197 296
82 181
174 273
104 203
78 177
19 118
94 193
48 147
157 256
12 111
16 115
132 231
152 251
30 129
176 275
68 167
135 234
118 217
13 112
195 294
131 230
133 232
87 186
8 107
162 261
100 199
23 122
97 196
34 133
81 180
175 274
127 226
65 164
18 117
80 179
41 140
132 231
8 107
167 266
183 282
39 138
119 218
54 153
147 246
197 296
114 213
15 114
86 185
144 243
30 129
100 199
8 107
144 243
190 289
124 223
108 207
37 136
123 222
59 158
33 132
83 182
77 176
151 250
57 156
30 129
16 115
134 233
82 181
98 197
99 198
22 121
133 232
41 140
167 266
141 240
15 114
164 263
63 162
167 266
38 137
128 227
169 268
62 161
48 147
65 164
108 207
114 213
150 249
62 161
107 206
60 159
177 276
193 292
27 126
51 150
11 110
99 198
59 158
2 101
102 201
129 228
195 294
57 156
13 112
17 116
117 216
148 247
60 159
61 160
188 287
124 223
48 147
125 224
164 263
45 144
5 104
63 162
4 103
34 133
111 210
84 183
88 187
49 148
176 275
56 155
52 151
185 284
109 208
87 186
57 156
42 141
133 232
42 141
16 115
19 118
58 157
162 261
182 281
77 176
52 151
87 186
22 121
18 117
159 258
179 278
117 216
121 220
90 189
25 124
82 181
111 210
78 177
46 145
10 109
64 163
29 128
19 118
79 178
128 227
45 144
57 156
103 202
36 135
119 218
143 242
5 104
74 173
101 200
65 164
91 190
108 207
37 136
62 161
82 181
78 177
6 105
52 151
38 137
142 241
88 187
160 259
44 143
95 194
106 205
3 102
183 282
57 156
157 256
93 192
129 228
183 282
53 152
197 296
102 201
6 105
140 239
195 294
1 100
144 243
41 140
123 222
137 236
5 104
96 195
8 107
140 239
117 216
85 184
24 123
35 134
13 112
180 279
90 189
45 144
126 225
78 177
161 260
6 105
189 288
62 161
9 108
185 284
113 212
86 185
183 282
153 252
23 122
45 144
20 119
36 135
158 257
68 167
53 152
196 295
42 141
128 227
168 267
148 247
197 296
153 252
24 123
158 257
83 182
57 156
179 278
47 146
147 246
108 207
9 108
157 256
24 123
76 175
76 175
128 227
119 218
86 185
56 155
166 265
159 258
36 135
49 148
195 294
38 137
117 216
15 114
117 216
147 246
13 112
120 219
14 113
150 249
147 246
19 118
136 235
161 260
6 105
23 122
104 203
153 252
195 294
87 186
149 248
48 147
171 270
84 183
92 191
127 226
167 266
149 248
48 147
133 232
93 192
72 171
78 177
124 223
30 129
3 102
68 167
85 184
35 134
46 145
34 133
113 212
64 163
153 252
139 238
73 172
181 280
47 146
187 286
24 123
5 104
40 139
117 216
37 136
141 240
145 244
9 108
156 255
94 193
64 163
156 255
31 130
19 118
72 171
193 292
168 267
95 194
13 112
172 271
3 102
96 195
100 199
91 190
11 110
25 124
30 129
61 160
165 264
185 284
40 139
152 251
29 128
82 181
174 273
18 117
84 183
108 207
163 262
35 134
151 250
181 280
177 276
41 140
141 240
135 234
11 110
138 237
3 102
170 269
81 180
175 274
195 294
119 218
43 142
55 154
191 290
59 158
111 210
36 135
171 270
4 103
144 243
1 100
162 261
10 109
125 224
27 126
55 154
133 232
74 173
184 283
37 136
102 201
41 140
101 200
102 201
26 125
80 179
160 259
152 251
85 184
144 243
151 250
74 173
183 282
62 161
114 213
0 99
24 123
121 220
30 129
185 284
16 115
161 260
98 197
112 211
174 273
91 190
91 190
187 286
41 140
125 224
125 224
149 248
39 138
55 154
182 281
4 103
191 290
172 271
138 237
10 109
146 245
100 199
89 188
165 264
71 170
93 192
175 274
75 174
141 240
82 181
193 292
36 135
134 233
122 221
67 166
138 237
51 150
162 261
193 292
109 208
175 274
154 253
62 161
87 186
174 273
105 204
44 143
179 278
2 101
179 278
111 210
167 266
61 160
82 181
31 130
131 230
18 117
106 205
101 200
152 251
103 202
42 141
131 230
61 160
124 223
193 292
137 236
22 121
140 239
116 215
111 210
120 219
189 288
14 113
93 192
4 103
194 293
81 180
117 216
53 152
59 158
115 214
166 265
139 238
173 272
95 194
121 220
60 159
167 266
140 239
188 287
197 296
139 238
190 289
124 223
117 216
161 260
111 210
111 210
162 261
41 140
67 166
173 272
136 235
152 251
146 245
176 275
4 103
145 244
181 280
131 230
36 135
149 248
60 159
34 133
49 148
164 263
164 263
172 271
145 244
41 140
122 221
57 156
161 260
32 131
24 123
125 224
5 104
18 117
136 235
191 290
42 141
94 193
119 218
174 273
126 225
153 252
175 274
86 185
158 257
92 191
126 225
127 226
117 216
111 210
119 218
13 112
140 239
80 179
68 167
197 296
65 164
96 195
63 162
100 199
35 134
64 163
190 289
136 235
70 169
169 268
142 241
114 213
20 119
23 122
175 274
77 176
7 106
77 176
176 275
122 221
32 131
44 143
178 277
137 236
70 169
87 186
113 212
177 276
52 151
13 112
148 247
92 191
42 141
102 201
148 247
92 191
57 156
144 243
29 128
77 176
95 194
145 244
183 282
112 211
177 276
158 257
114 213
94 193
10 109
63 162
42 141
30 129
185 284
166 265
187 286
98 197
116 215
61 160
142 241
197 296
66 165
168 267
194 293
141 240
128 227
146 245
185 284
103 202
155 254
194 293
124 223
136 235
18 117
102 201
163 262
197 296
58 157
22 121
62 161
144 243
8 107
2 101
87 186
126 225
28 127
135 234
135 234
49 148
169 268
154 253
129 228
66 165
174 273
72 171
163 262
67 166
7 106
73 172
178 277
98 197
97 196
25 124
98 197
13 112
185 284
125 224
47 146
132 231
127 226
103 202
178 277
13 112
122 221
117 216
85 184
125 224
26 125
103 202
24 123
167 266
100 199
160 259
26 125
129 228
15 114
40 139
100 199
114 213
37 136
100 199
145 244
2 101
172 271
138 237
188 287
128 227
117 216
25 124
137 236
17 116
35 134
40 139
56 155
162 261
90 189
34 133
34 133
11 110
26 125
140 239
55 154
70 169
23 122
37 136
183 282
192 291
110 209
75 174
152 251
18 117
161 260
184 283
178 277
140 239
99 198
27 126
191 290
71 170
75 174
189 288
114 213
79 178
117 216
33 132
5 104
82 181
156 255
195 294
43 142
77 176
189 288
70 169
181 280
60 159
54 153
25 124
131 230
167 266
34 133
55 154
121 220
77 176
77 176
147 246
42 141
145 244
193 292
107 206
54 153
14 113
153 252
25 124
117 216
80 179
155 254
146 245
187 286
82 181
29 128
154 253
80 179
150 249
85 184
34 133
46 145
33 132
86 185
23 122
115 214
13 112
91 190
163 262
153 252
132 231
137 236
55 154
34 133
161 260
191 290
136 235
191 290
69 168
192 291
63 162
15 114
46 145
140 239
148 247
71 170
0 99
130 229
166 265
16 115
40 139
85 184
160 259
106 205
119 218
98 197
87 186
70 169
95 194
123 222
96 195
73 172
97 196
82 181
97 196
187 286
88 187
12 111
143 242
53 152
14 113
60 159
155 254
47 146
196 295
85 184
156 255
87 186
28 127
108 207
10 109
63 162
65 164
182 281
2 101
45 144
163 262
196 295
45 144
1 100
194 293
121 220
108 207
32 131
24 123
1 100
78 177
142 241
54 153
197 296
140 239
33 132
30 129
194 293
153 252
129 228
138 237
163 262
8 107
140 239
107 206
123 222
163 262
146 245
35 134
166 265
75 174
123 222
47 146
177 276
27 126
187 286
192 291
132 231
51 150
110 209
195 294
9 108
128 227
98 197
71 170
59 158
31 130
135 234
156 255
16 115
155 254
54 153
64 163
90 189
83 182
150 249
39 138
91 190
125 224
70 169
159 258
132 231
123 222
152 251
71 170
21 120
70 169
62 161
110 209
25 124
52 151
97 196
165 264
104 203
68 167
143 242
175 274
123 222
109 208
135 234
104 203
71 170
137 236
184 283
132 231
19 118
125 224
126 225
122 221
72 171
145 244
192 291
88 187
166 265
91 190
14 113
96 195
61 160
15 114
146 245
154 253
196 295
196 295
140 239
110 209
95 194
178 277
36 135
34 133
31 130
99 198
14 113
1 100
62 161
14 113
146 245
136 235
36 135
44 143
29 128
156 255
39 138
51 150
86 185
82 181
180 279
83 182
152 251
180 279
36 135
182 281
109 208
11 110
1 100
155 254
54 153
26 125
5 104
156 255
129 228
12 111
195 294
65 164
10 109
79 178
137 236
148 247
129 228
78 177
196 295
58 157
33 132
130 229
65 164
196 295
61 160
8 107
65 164
141 240
50 149
134 233
187 286
111 210
121 220
14 113
7 106
25 124
39 138
193 292
184 283
67 166
183 282
86 185
190 289
42 141
61 160
55 154
120 219
131 230
193 292
137 236
156 255
37 136
15 114
48 147
24 123
0 99
41 140
143 242
133 232
8 107
86 185
99 198
81 180
132 231
29 128
177 276
140 239
26 125
5 104
197 296
95 194
145 244
1 100
30 129
29 128
66 165
143 242
28 127
167 266
67 166
154 253
7 106
183 282
23 122
145 244
107 206
62 161
40 139
9 108
155 254
135 234
31 130
98 197
190 289
103 202
128 227
92 191
38 137
155 254
180 279
196 295
14 113
20 119
92 191
120 219
188 287
84 183
35 134
82 181
132 231
129 228
76 175
14 113
5 104
135 234
111 210
122 221
56 155
111 210
118 217
106 205
11 110
75 174
67 166
7 106
35 134
114 213
145 244
5 104
154 253
108 207
38 137
137 236
19 118
188 287
197 296
133 232
49 148
33 132
80 179
178 277
46 145
194 293
131 230
145 244
175 274
147 246
2 101
53 152
176 275
139 238
11 110
144 243
43 142
44 143
26 125
196 295
192 291
51 150
137 236
41 140
27 126
123 222
39 138
93 192
41 140
180 279
95 194
134 233
157 256
92 191
20 119
76 175
39 138
126 225
111 210
33 132
111 210
171 270
63 162
121 220
189 288
86 185
62 161
182 281
39 138
88 187
87 186
100 199
173 272
65 164
152 251
152 251
63 162
180 279
79 178
37 136
162 261
94 193
103 202
81 180
93 192
125 224
188 287
115 214
41 140
132 231
45 144
92 191
16 115
176 275
179 278
45 144
2 101
68 167
93 192
89 188
177 276
6 105
28 127
107 206
99 198
172 271
33 132
187 286
30 129
166 265
27 126
149 248
68 167
180 279
145 244
183 282
73 172
78 177
77 176
37 136
122 221
98 197
61 160
107 206
96 195
94 193
128 227
191 290
179 278
24 123
68 167
113 212
62 161
58 157
79 178
91 190
167 266
14 113
76 175
135 234
100 199
48 147
46 145
165 264
124 223
70 169
95 194
64 163
61 160
22 121
156 255
2 101
49 148
55 154
165 264
178 277
142 241
191 290
92 191
40 139
14 113
108 207
154 253
98 197
122 221
39 138
60 159
43 142
33 132
106 205
126 225
160 259
153 252
126 225
94 193
171 270
128 227
63 162
101 200
35 134
97 196
18 117
100 199
80 179
37 136
157 256
153 252
117 216
125 224
154 253
94 193
58 157
132 231
36 135
195 294
26 125
163 262
158 257
147 246
83 182
81 180
95 194
101 200
188 287
117 216
98 197
62 161
187 286
95 194
162 261
151 250
34 133
188 287
56 155
76 175
169 268
49 148
3 102
61 160
60 159
174 273
55 154
174 273
18 117
120 219
66 165
152 251
79 178
193 292
29 128
123 222
38 137
156 255
49 148
43 142
121 220
22 121
179 278
106 205
126 225
16 115
100 199
97 196
185 284
136 235
148 247
74 173
133 232
63 162
66 165
142 241
131 230
164 263
166 265
16 115
95 194
40 139
84 183
36 135
154 253
122 221
32 131
189 288
45 144
93 192
33 132
68 167
84 183
174 273
94 193
29 128
169 268
149 248
142 241
173 272
35 134
131 230
172 271
181 280
90 189
113 212
122 221
105 204
39 138
174 273
29 128
80 179
174 273
178 277
69 168
91 190
73 172
128 227
64 163
83 182
25 124
194 293
7 106
129 228
152 251
146 245
71 170
109 208
196 295
33 132
129 228
146 245
193 292
14 113
25 124
54 153
84 183
2 101
26 125
73 172
161 260
126 225
18 117
100 199
73 172
24 123
107 206
108 207
31 130
191 290
72 171
31 130
98 197
139 238
24 123
29 128
55 154
53 152
108 207
2 101
179 278
83 182
107 206
112 211
194 293
147 246
67 166
99 198
21 120
192 291
156 255
147 246
84 183
108 207
69 168
189 288
4 103
39 138
25 124
139 238
115 214
26 125
117 216
64 163
84 183
140 239
164 263
4 103
70 169
26 125
124 223
33 132
98 197
138 237
157 256
53 152
8 107
168 267
161 260
157 256
59 158
70 169
185 284
164 263
131 230
5 104
42 141
18 117
84 183
88 187
101 200
47 146
188 287
75 174
89 188
172 271
104 203
166 265
157 256
0 99
43 142
7 106
44 143
138 237
56 155
134 233
82 181
134 233
193 292
142 241
8 107
107 206
57 156
178 277
194 293
165 264
31 130
4 103
181 280
102 201
167 266
166 265
12 111
59 158
87 186
5 104
22 121
142 241
53 152
157 256
31 130
182 281
125 224
107 206
83 182
26 125
6 105
61 160
32 131
41 140
65 164
1 100
120 219
74 173
61 160
68 167
126 225
132 231
13 112
184 283
16 115
2 101
70 169
143 242
135 234
48 147
32 131
52 151
103 202
54 153
156 255
191 290
103 202
114 213
147 246
5 104
67 166
173 272
73 172
99 198
31 130
148 247
185 284
126 225
41 140
143 242
36 135
166 265
153 252
144 243
9 108
146 245
5 104
89 188
173 272
12 111
79 178
144 243
6 105
119 218
39 138
99 198
160 259
127 226
46 145
71 170
151 250
126 225
196 295
11 110
10 109
129 228
122 221
151 250
121 220
190 289
171 270
56 155
87 186
75 174
107 206
191 290
108 207
91 190
189 288
107 206
72 171
59 158
161 260
104 203
117 216
43 142
108 207
112 211
55 154
104 203
31 130
143 242
46 145
10 109
36 135
55 154
45 144
35 134
28 127
139 238
103 202
161 260
28 127
118 217
197 296
113 212
191 290
159 258
140 239
29 128
175 274
143 242
23 122
171 270
26 125
113 212
185 284
139 238
62 161
105 204
165 264
147 246
31 130
128 227
17 116
79 178
90 189
101 200
32 131
153 252
48 147
69 168
115 214
140 239
21 120
86 185
175 274
55 154
49 148
190 289
71 170
29 128
113 212
109 208
23 122
13 112
5 104
77 176
120 219
43 142
123 222
28 127
145 244
64 163
12 111
50 149
62 161
63 162
173 272
90 189
196 295
51 150
128 227
131 230
83 182
0 99
122 221
149 248
40 139
84 183
99 198
95 194
123 222
118 217
145 244
157 256
98 197
56 155
34 133
112 211
27 126
8 107
24 123
55 154
88 187
113 212
58 157
27 126
151 250
80 179
39 138
45 144
126 225
98 197
74 173
4 103
155 254
18 117
7 106
49 148
112 211
63 162
132 231
80 179
140 239
67 166
30 129
49 148
23 122
6 105
107 206
113 212
20 119
62 161
60 159
187 286
69 168
59 158
84 183
79 178
77 176
128 227
180 279
28 127
161 260
46 145
186 285
182 281
76 175
155 254
19 118
74 173
113 212
94 193
155 254
75 174
171 270
152 251
37 136
0 99
1 100
160 259
9 108
111 210
78 177
131 230
59 158
185 284
13 112
84 183
2 101
158 257
179 278
138 237
190 289
54 153
29 128
25 124
43 142
179 278
61 160
151 250
146 245
158 257
108 207
169 268
7 106
123 222
147 246
69 168
187 286
132 231
0 99
55 154
177 276
190 289
99 198
97 196
188 287
77 176
165 264
34 133
114 213
70 169
194 293
111 210
48 147
26 125
171 270
117 216
131 230
32 131
138 237
87 186
28 127
85 184
44 143
113 212
3 102
161 260
2 101
68 167
15 114
58 157
20 119
114 213
157 256
133 232
14 113
105 204
52 151
98 197
174 273
7 106
17 116
151 250
22 121
10 109
83 182
128 227
73 172
27 126
68 167
144 243
9 108
45 144
41 140
146 245
1 100
82 181
175 274
92 191
12 111
100 199
132 231
59 158
10 109
8 107
142 241
20 119
137 236
49 148
26 125
161 260
102 201
92 191
125 224
49 148
195 294
38 137
17 116
169 268
42 141
151 250
148 247
130 229
44 143
107 206
29 128
8 107
21 120
145 244
47 146
154 253
9 108
22 121
82 181
84 183
56 155
18 117
13 112
170 269
48 147
24 123
137 236
186 285
75 174
175 274
157 256
139 238
44 143
40 139
113 212
151 250
106 205
166 265
189 288
113 212
157 256
22 121
173 272
94 193
9 108
128 227
72 171
142 241
76 175
50 149
171 270
45 144
160 259
140 239
175 274
14 113
155 254
193 292
186 285
90 189
56 155
166 265
92 191
100 199
97 196
4 103
14 113
34 133
178 277
164 263
41 140
168 267
90 189
40 139
14 113
5 104
73 172
103 202
5 104
194 293
131 230
86 185
53 152
121 220
183 282
63 162
91 190
45 144
142 241
75 174
132 231
103 202
195 294
38 137
19 118
53 152
58 157
95 194
22 121
43 142
110 209
61 160
58 157
114 213
97 196
153 252
72 171
166 265
89 188
47 146
196 295
166 265
15 114
63 162
83 182
50 149
11 110
87 186
13 112
76 175
174 273
109 208
189 288
196 295
163 262
72 171
176 275
19 118
63 162
147 246
136 235
125 224
87 186
196 295
77 176
57 156
162 261
167 266
180 279
184 283
146 245
3 102
69 168
62 161
44 143
136 235
37 136
96 195
67 166
115 214
167 266
29 128
157 256
73 172
55 154
117 216
182 281
110 209
187 286
119 218
172 271
112 211
94 193
68 167
137 236
173 272
17 116
79 178
175 274
45 144
55 154
189 288
2 101
141 240
31 130
144 243
170 269
58 157
115 214
58 157
184 283
13 112
32 131
42 141
49 148
144 243
115 214
94 193
3 102
60 159
183 282
189 288
70 169
87 186
71 170
97 196
48 147
131 230
4 103
187 286
110 209
116 215
7 106
81 180
38 137
108 207
105 204
176 275
137 236
21 120
147 246
50 149
132 231
51 150
65 164
60 159
12 111
138 237
170 269
59 158
193 292
65 164
44 143
119 218
121 220
139 238
35 134
29 128
97 196
60 159
22 121
60 159
103 202
97 196
132 231
47 146
14 113
128 227
29 128
10 109
72 171
178 277
42 141
47 146
103 202
94 193
97 196
171 270
89 188
98 197
43 142
183 282
185 284
160 259
93 192
123 222
155 254
6 105
163 262
176 275
30 129
183 282
38 137
108 207
130 229
187 286
3 102
98 197
194 293
194 293
159 258
89 188
137 236
46 145
151 250
186 285
145 244
0 99
128 227
109 208
138 237
157 256
22 121
175 274
181 280
138 237
14 113
107 206
12 111
132 231
40 139
20 119
64 163
177 276
82 181
8 107
150 249
38 137
138 237
12 111
128 227
74 173
36 135
52 151
39 138
18 117
30 129
66 165
33 132
182 281
79 178
104 203
186 285
39 138
105 204
35 134
189 288
155 254
38 137
196 295
71 170
109 208
168 267
129 228
28 127
131 230
180 279
7 106
119 218
42 141
187 286
0 99
35 134
63 162
64 163
150 249
80 179
13 112
17 116
110 209
141 240
35 134
169 268
5 104
39 138
131 230
184 283
184 283
152 251
150 249
102 201
101 200
11 110
10 109
110 209
89 188
120 219
11 110
81 180
96 195
8 107
97 196
11 110
184 283
44 143
113 212
85 184
86 185
118 217
46 145
63 162
182 281
16 115
39 138
160 259
188 287
163 262
14 113
135 234
104 203
105 204
188 287
45 144
120 219
69 168
123 222
94 193
77 176
65 164
195 294
70 169
180 279
9 108
58 157
96 195
109 208
50 149
90 189
11 110
4 103
185 284
157 256
53 152
71 170
54 153
78 177
9 108
177 276
12 111
54 153
32 131
35 134
177 276
171 270
178 277
89 188
188 287
30 129
165 264
43 142
45 144
173 272
31 130
123 222
144 243
50 149
129 228
63 162
143 242
138 237
174 273
104 203
70 169
174 273
90 189
163 262
131 230
72 171
24 123
50 149
82 181
166 265
157 256
190 289
66 165
11 110
55 154
34 133
17 116
147 246
190 289
75 174
11 110
22 121
84 183
147 246
70 169
108 207
193 292
154 253
154 253
26 125
68 167
98 197
176 275
112 211
64 163
197 296
66 165
47 146
138 237
146 245
135 234
135 234
25 124
144 243
22 121
43 142
154 253
60 159
3 102
6 105
193 292
89 188
120 219
187 286
88 187
181 280
135 234
36 135
70 169
79 178
1 100
134 233
181 280
91 190
14 113
135 234
112 211
64 163
47 146
175 274
12 111
18 117
30 129
15 114
75 174
194 293
52 151
110 209
39 138
119 218
3 102
62 161
88 187
183 282
20 119
121 220
164 263
148 247
149 248
78 177
138 237
178 277
130 229
177 276
180 279
3 102
13 112
137 236
18 117
128 227
31 130
63 162
179 278
140 239
90 189
37 136
124 223
23 122
0 99
41 140
143 242
126 225
95 194
50 149
124 223
90 189
83 182
102 201
98 197
125 224
47 146
84 183
126 225
113 212
31 130
160 259
49 148
35 134
156 255
170 269
36 135
21 120
72 171
73 172
109 208
58 157
151 250
186 285
67 166
175 274
188 287
191 290
2 101
115 214
69 168
16 115
47 146
157 256
42 141
137 236
123 222
92 191
57 156
6 105
154 253
180 279
8 107
119 218
72 171
152 251
143 242
7 106
197 296
62 161
138 237
73 172
170 269
164 263
160 259
63 162
69 168
190 289
14 113
128 227
100 199
9 108
159 258
81 180
98 197
122 221
139 238
115 214
10 109
64 163
16 115
0 99
11 110
177 276
47 146
19 118
113 212
9 108
28 127
83 182
66 165
132 231
1 100
98 197
114 213
172 271
106 205
55 154
174 273
13 112
11 110
130 229
76 175
43 142
52 151
83 182
126 225
140 239
160 259
5 104
14 113
63 162
169 268
159 258
171 270
26 125
174 273
27 126
162 261
95 194
118 217
157 256
69 168
167 266
169 268
157 256
165 264
183 282
92 191
96 195
52 151
115 214
0 99
195 294
177 276
44 143
156 255
157 256
8 107
161 260
90 189
149 248
43 142
18 117
100 199
24 123
8 107
117 216
81 180
95 194
142 241
123 222
89 188
64 163
90 189
58 157
36 135
187 286
132 231
103 202
28 127
174 273
91 190
22 121
147 246
136 235
177 276
114 213
10 109
105 204
159 258
36 135
181 280
130 229
68 167
189 288
184 283
25 124
82 181
133 232
106 205
169 268
83 182
175 274
115 214
163 262
62 161
60 159
105 204
102 201
181 280
179 278
168 267
148 247
47 146
105 204
161 260
194 293
166 265
9 108
38 137
185 284
89 188
150 249
183 282
140 239
3 102
74 173
124 223
81 180
147 246
141 240
157 256
152 251
7 106
44 143
50 149
165 264
88 187
37 136
24 123
154 253
163 262
81 180
129 228
19 118
63 162
157 256
12 111
32 131
159 258
195 294
117 216
28 127
170 269
53 152
11 110
112 211
151 250
148 247
123 222
147 246
43 142
76 175
10 109
138 237
2 101
2 101
75 174
60 159
8 107
191 290
174 273
54 153
122 221
21 120
66 165
172 271
52 151
137 236
25 124
110 209
5 104
163 262
143 242
174 273
94 193
78 177
48 147
138 237
129 228
2 101
148 247
154 253
127 226
48 147
100 199
127 226
183 282
36 135
66 165
77 176
75 174
62 161
130 229
37 136
71 170
82 181
71 170
55 154
176 275
106 205
108 207
155 254
81 180
38 137
76 175
23 122
3 102
174 273
22 121
82 181
137 236
68 167
94 193
61 160
73 172
66 165
193 292
190 289
121 220
139 238
167 266
79 178
18 117
119 218
59 158
195 294
177 276
58 157
155 254
122 221
137 236
61 160
27 126
172 271
1 100
55 154
108 207
72 171
81 180
0 99
35 134
62 161
88 187
30 129
188 287
188 287
58 157
111 210
174 273
113 212
74 173
94 193
22 121
77 176
173 272
124 223
147 246
161 260
24 123
162 261
188 287
173 272
13 112
3 102
53 152
111 210
33 132
29 128
151 250
19 118
68 167
27 126
102 201
158 257
60 159
120 219
88 187
166 265
136 235
65 164
172 271
20 119
197 296
43 142
111 210
86 185
154 253
114 213
169 268
100 199
106 205
130 229
153 252
4 103
26 125
166 265
169 268
109 208
164 263
117 216
91 190
78 177
187 286
119 218
192 291
183 282
119 218
129 228
92 191
112 211
187 286
154 253
67 166
132 231
9 108
4 103
151 250
89 188
168 267
116 215
37 136
130 229
96 195
28 127
193 292
109 208
167 266
75 174
133 232
156 255
163 262
23 122
170 269
55 154
165 264
15 114
126 225
77 176
122 221
163 262
138 237
69 168
35 134
140 239
176 275
113 212
142 241
14 113
122 221
94 193
147 246
9 108
31 130
170 269
66 165
174 273
167 266
20 119
53 152
50 149
73 172
150 249
35 134
20 119
113 212
98 197
146 245
167 266
104 203
167 266
2 101
24 123
109 208
17 116
99 198
97 196
80 179
66 165
49 148
179 278
160 259
99 198
124 223
101 200
164 263
5 104
152 251
54 153
14 113
50 149
60 159
79 178
25 124
11 110
172 271
19 118
57 156
113 212
124 223
41 140
108 207
1 100
38 137
153 252
91 190
111 210
85 184
139 238
98 197
27 126
193 292
99 198
180 279
107 206
132 231
11 110
165 264
35 134
21 120
153 252
92 191
97 196
194 293
125 224
124 223
125 224
88 187
59 158
127 226
87 186
42 141
22 121
40 139
16 115
114 213
95 194
191 290
108 207
182 281
4 103
191 290
59 158
185 284
172 271
53 152
86 185
191 290
149 248
195 294
194 293
61 160
172 271
89 188
85 184
51 150
109 208
138 237
80 179
170 269
173 272
7 106
154 253
78 177
106 205
195 294
100 199
40 139
31 130
72 171
104 203
62 161
109 208
197 296
1 100
162 261
50 149
19 118
138 237
109 208
51 150
100 199
56 155
163 262
187 286
59 158
176 275
51 150
45 144
58 157
129 228
110 209
67 166
117 216
160 259
38 137
53 152
19 118
8 107
98 197
18 117
163 262
53 152
43 142
185 284
4 103
11 110
150 249
0 99
100 199
177 276
93 192
34 133
104 203
46 145
192 291
182 281
145 244
54 153
60 159
105 204
5 104
131 230
35 134
146 245
99 198
26 125
109 208
75 174
195 294
12 111
9 108
67 166
139 238
97 196
145 244
41 140
31 130
162 261
36 135
175 274
73 172
193 292
94 193
19 118
90 189
49 148
14 113
134 233
37 136
63 162
45 144
166 265
174 273
173 272
196 295
15 114
81 180
158 257
23 122
105 204
156 255
66 165
90 189
193 292
147 246
124 223
193 292
72 171
38 137
183 282
54 153
80 179
80 179
14 113
76 175
140 239
177 276
109 208
160 259
32 131
173 272
102 201
27 126
12 111
7 106
181 280
149 248
51 150
22 121
100 199
110 209
49 148
135 234
29 128
170 269
79 178
133 232
33 132
136 235
80 179
47 146
127 226
91 190
84 183
27 126
177 276
137 236
138 237
187 286
89 188
44 143
144 243
44 143
51 150
165 264
73 172
114 213
156 255
64 163
46 145
146 245
71 170
164 263
157 256
71 170
114 213
48 147
166 265
2 101
114 213
194 293
90 189
191 290
168 267
29 128
171 270
41 140
79 178
144 243
160 259
65 164
100 199
17 116
163 262
11 110
25 124
86 185
105 204
185 284
43 142
63 162
129 228
195 294
63 162
143 242
145 244
196 295
56 155
51 150
57 156
63 162
139 238
90 189
197 296
57 156
67 166
188 287
126 225
45 144
40 139
12 111
10 109
147 246
29 128
52 151
86 185
77 176
155 254
183 282
124 223
115 214
196 295
197 296
60 159
178 277
126 225
189 288
19 118
81 180
95 194
165 264
89 188
63 162
117 216
58 157
28 127
20 119
128 227
73 172
176 275
158 257
153 252
186 285
6 105
174 273
169 268
100 199
59 158
50 149
35 134
105 204
34 133
121 220
188 287
158 257
80 179
166 265
30 129
153 252
171 270
123 222
48 147
111 210
40 139
46 145
176 275
50 149
28 127
14 113
106 205
171 270
196 295
175 274
79 178
28 127
169 268
156 255
164 263
125 224
15 114
169 268
73 172
64 163
76 175
150 249
0 99
9 108
162 261
72 171
72 171
4 103
144 243
67 166
161 260
36 135
56 155
197 296
44 143
124 223
65 164
70 169
31 130
106 205
76 175
81 180
66 165
41 140
30 129
122 221
138 237
86 185
142 241
191 290
117 216
43 142
183 282
33 132
88 187
60 159
135 234
124 223
181 280
103 202
55 154
73 172
45 144
130 229
121 220
101 200
40 139
104 203
31 130
52 151
56 155
28 127
74 173
2 101
5 104
111 210
150 249
70 169
30 129
115 214
181 280
166 265
174 273
142 241
124 223
62 161
82 181
191 290
79 178
5 104
56 155
97 196
120 219
76 175
106 205
120 219
74 173
80 179
164 263
178 277
63 162
138 237
131 230
137 236
183 282
30 129
44 143
109 208
162 261
5 104
102 201
45 144
88 187
80 179
70 169
118 217
69 168
152 251
32 131
188 287
87 186
1 100
133 232
168 267
31 130
40 139
164 263
100 199
23 122
150 249
9 108
182 281
143 242
142 241
107 206
29 128
65 164
136 235
44 143
140 239
67 166
126 225
29 128
164 263
130 229
62 161
45 144
58 157
94 193
3 102
14 113
190 289
108 207
110 209
122 221
142 241
12 111
67 166
50 149
145 244
196 295
194 293
114 213
109 208
136 235
136 235
192 291
166 265
92 191
61 160
82 181
111 210
98 197
26 125
138 237
76 175
8 107
40 139
119 218
93 192
139 238
29 128
129 228
27 126
69 168
106 205
147 246
0 99
24 123
190 289
183 282
125 224
188 287
115 214
184 283
37 136
17 116
154 253
142 241
44 143
181 280
158 257
41 140
172 271
169 268
29 128
154 253
69 168
146 245
87 186
169 268
73 172
25 124
121 220
19 118
192 291
134 233
186 285
24 123
34 133
144 243
139 238
1 100
168 267
106 205
173 272
124 223
35 134
158 257
128 227
52 151
15 114
146 245
28 127
8 107
79 178
27 126
21 120
152 251
125 224
92 191
79 178
109 208
93 192
153 252
41 140
114 213
96 195
125 224
95 194
133 232
103 202
79 178
162 261
158 257
37 136
11 110
105 204
106 205
137 236
132 231
108 207
98 197
185 284
144 243
118 217
122 221
83 182
93 192
8 107
51 150
10 109
154 253
24 123
36 135
59 158
191 290
56 155
168 267
11 110
16 115
99 198
110 209
67 166
137 236
157 256
193 292
138 237
72 171
138 237
93 192
131 230
71 170
88 187
149 248
56 155
122 221
183 282
113 212
26 125
135 234
119 218
77 176
47 146
97 196
174 273
111 210
6 105
125 224
77 176
157 256
5 104
59 158
138 237
72 171
92 191
193 292
188 287
56 155
195 294
193 292
156 255
21 120
132 231
20 119
18 117
96 195
138 237
21 120
127 226
6 105
119 218
33 132
71 170
49 148
155 254
73 172
118 217
33 132
77 176
179 278
22 121
99 198
100 199
0 99
97 196
151 250
123 222
179 278
53 152
39 138
183 282
168 267
169 268
157 256
148 247
64 163
148 247
30 129
87 186
149 248
146 245
46 145
186 285
177 276
148 247
90 189
56 155
145 244
195 294
171 270
44 143
72 171
113 212
137 236
141 240
141 240
158 257
32 131
58 157
13 112
89 188
98 197
6 105
83 182
6 105
43 142
55 154
115 214
93 192
167 266
43 142
169 268
172 271
156 255
96 195
16 115
121 220
20 119
17 116
14 113
139 238
5 104
101 200
28 127
192 291
157 256
126 225
97 196
52 151
40 139
88 187
107 206
123 222
37 136
176 275
48 147
136 235
119 218
179 278
138 237
5 104
182 281
151 250
123 222
176 275
191 290
146 245
97 196
189 288
101 200
42 141
69 168
54 153
171 270
190 289
191 290
90 189
120 219
121 220
67 166
1 100
155 254
31 130
177 276
129 228
87 186
141 240
37 136
38 137
54 153
144 243
22 121
100 199
122 221
109 208
157 256
47 146
121 220
94 193
82 181
115 214
68 167
87 186
134 233
125 224
146 245
101 200
32 131
101 200
23 122
104 203
97 196
44 143
111 210
169 268
135 234
41 140
192 291
44 143
157 256
27 126
9 108
18 117
29 128
115 214
188 287
26 125
127 226
160 259
124 223
84 183
53 152
21 120
146 245
54 153
132 231
178 277
1 100
121 220
43 142
93 192
153 252
121 220
120 219
94 193
170 269
193 292
118 217
50 149
30 129
191 290
107 206
83 182
146 245
185 284
70 169
141 240
145 244
134 233
41 140
44 143
130 229
177 276
164 263
91 190
22 121
145 244
73 172
126 225
118 217
102 201
5 104
193 292
3 102
181 280
160 259
183 282
80 179
87 186
79 178
113 212
182 281
99 198
20 119
171 270
15 114
38 137
185 284
115 214
103 202
183 282
82 181
106 205
127 226
88 187
39 138
143 242
13 112
92 191
30 129
122 221
139 238
163 262
142 241
104 203
13 112
16 115
181 280
80 179
111 210
69 168
40 139
139 238
180 279
46 145
65 164
1 100
135 234
116 215
140 239
73 172
154 253
33 132
190 289
7 106
104 203
139 238
189 288
93 192
62 161
121 220
69 168
104 203
160 259
49 148
80 179
28 127
85 184
176 275
167 266
83 182
135 234
177 276
73 172
137 236
60 159
128 227
35 134
143 242
182 281
105 204
196 295
71 170
7 106
21 120
59 158
32 131
136 235
78 177
192 291
147 246
87 186
71 170
152 251
171 270
30 129
166 265
120 219
64 163
0 99
74 173
104 203
152 251
4 103
117 216
96 195
180 279
102 201
39 138
133 232
98 197
116 215
10 109
35 134
22 121
53 152
37 136
56 155
62 161
149 248
125 224
89 188
136 235
58 157
19 118
2 101
39 138
59 158
70 169
180 279
45 144
139 238
106 205
27 126
176 275
46 145
21 120
24 123
3 102
195 294
134 233
65 164
178 277
43 142
132 231
21 120
195 294
83 182
78 177
107 206
1 100
102 201
20 119
107 206
70 169
128 227
93 192
50 149
167 266
114 213
177 276
83 182
68 167
79 178
77 176
68 167
165 264
130 229
196 295
6 105
177 276
176 275
25 124
156 255
168 267
164 263
193 292
151 250
69 168
105 204
66 165
63 162
196 295
121 220
179 278
166 265
53 152
139 238
158 257
176 275
176 275
20 119
196 295
135 234
118 217
43 142
56 155
152 251
38 137
49 148
68 167
66 165
154 253
196 295
10 109
142 241
127 226
43 142
22 121
59 158
162 261
35 134
179 278
124 223
113 212
150 249
179 278
187 286
8 107
116 215
164 263
13 112
78 177
181 280
60 159
78 177
61 160
89 188
159 258
48 147
188 287
175 274
14 113
22 121
34 133
19 118
186 285
35 134
35 134
85 184
169 268
32 131
113 212
169 268
50 149
35 134
8 107
155 254
72 171
124 223
177 276
37 136
20 119
90 189
11 110
169 268
11 110
29 128
87 186
105 204
115 214
118 217
76 175
173 272
165 264
0 99
195 294
74 173
77 176
193 292
15 114
61 160
180 279
161 260
99 198
128 227
189 288
183 282
182 281
193 292
134 233
2 101
149 248
128 227
158 257
66 165
133 232
31 130
133 232
66 165
155 254
19 118
46 145
51 150
35 134
128 227
63 162
81 180
189 288
51 150
141 240
111 210
115 214
152 251
172 271
167 266
130 229
97 196
148 247
9 108
111 210
9 108
73 172
126 225
99 198
116 215
136 235
163 262
95 194
71 170
10 109
72 171
57 156
89 188
145 244
48 147
194 293
41 140
16 115
73 172
188 287
14 113
77 176
76 175
176 275
124 223
186 285
11 110
39 138
91 190
84 183
112 211
86 185
66 165
60 159
41 140
138 237
156 255
181 280
77 176
17 116
2 101
55 154
120 219
166 265
153 252
63 162
137 236
28 127
6 105
22 121
41 140
5 104
107 206
171 270
30 129
72 171
35 134
176 275
125 224
61 160
45 144
82 181
133 232
141 240
127 226
159 258
22 121
87 186
89 188
84 183
43 142
33 132
54 153
3 102
88 187
195 294
190 289
93 192
40 139
44 143
146 245
130 229
55 154
63 162
67 166
10 109
78 177
156 255
67 166
122 221
176 275
54 153
47 146
143 242
28 127
2 101
104 203
41 140
114 213
108 207
59 158
129 228
57 156
71 170
74 173
68 167
168 267
170 269
89 188
138 237
1 100
86 185
101 200
176 275
8 107
99 198
20 119
42 141
28 127
151 250
171 270
154 253
140 239
46 145
31 130
148 247
11 110
131 230
190 289
173 272
23 122
114 213
143 242
130 229
149 248
133 232
101 200
194 293
87 186
195 294
53 152
36 135
44 143
20 119
195 294
116 215
185 284
139 238
185 284
146 245
40 139
166 265
135 234
2 101
121 220
96 195
164 263
35 134
162 261
148 247
6 105
137 236
5 104
89 188
61 160
104 203
125 224
157 256
161 260
115 214
132 231
69 168
86 185
94 193
68 167
93 192
91 190
189 288
183 282
33 132
191 290
1 100
82 181
169 268
88 187
32 131
122 221
183 282
125 224
4 103
84 183
141 240
28 127
16 115
102 201
132 231
159 258
60 159
141 240
85 184
84 183
89 188
110 209
116 215
15 114
45 144
105 204
92 191
124 223
123 222
168 267
162 261
169 268
180 279
87 186
192 291
94 193
48 147
1 100
42 141
167 266
55 154
166 265
134 233
189 288
85 184
58 157
13 112
156 255
156 255
75 174
76 175
46 145
76 175
133 232
125 224
126 225
75 174
117 216
161 260
138 237
69 168
40 139
146 245
135 234
50 149
6 105
62 161
183 282
106 205
83 182
119 218
101 200
151 250
20 119
59 158
19 118
125 224
165 264
101 200
28 127
119 218
146 245
127 226
197 296
45 144
71 170
71 170
18 117
137 236
42 141
3 102
135 234
142 241
181 280
65 164
151 250
66 165
58 157
120 219
134 233
146 245
53 152
54 153
25 124
116 215
124 223
55 154
30 129
5 104
101 200
38 137
111 210
197 296
156 255
12 111
72 171
116 215
95 194
162 261
156 255
73 172
102 201
89 188
18 117
177 276
112 211
129 228
19 118
25 124
56 155
133 232
35 134
41 140
5 104
141 240
153 252
183 282
154 253
80 179
91 190
63 162
173 272
71 170
1 100
47 146
33 132
111 210
63 162
126 225
37 136
123 222
95 194
75 174
0 99
170 269
38 137
71 170
39 138
176 275
101 200
86 185
74 173
70 169
167 266
65 164
3 102
187 286
127 226
149 248
45 144
131 230
130 229
36 135
82 181
143 242
134 233
159 258
86 185
169 268
47 146
174 273
87 186
21 120
82 181
79 178
158 257
48 147
81 180
178 277
171 270
163 262
117 216
131 230
108 207
154 253
141 240
134 233
169 268
22 121
176 275
47 146
123 222
83 182
91 190
80 179
148 247
152 251
96 195
131 230
45 144
60 159
184 283
94 193
14 113
93 192
135 234
97 196
10 109
21 120
58 157
33 132
144 243
72 171
174 273
47 146
69 168
6 105
82 181
3 102
179 278
37 136
75 174
161 260
103 202
136 235
111 210
157 256
156 255
12 111
117 216
148 247
109 208
177 276
152 251
16 115
114 213
150 249
134 233
113 212
116 215
104 203
15 114
5 104
170 269
8 107
116 215
187 286
58 157
75 174
108 207
146 245
141 240
11 110
119 218
51 150
1 100
190 289
152 251
74 173
82 181
23 122
36 135
193 292
23 122
103 202
155 254
177 276
39 138
91 190
53 152
165 264
163 262
42 141
62 161
145 244
113 212
5 104
156 255
23 122
164 263
33 132
62 161
5 104
21 120
103 202
49 148
131 230
64 163
77 176
144 243
85 184
37 136
31 130
124 223
2 101
98 197
59 158
191 290
5 104
59 158
175 274
39 138
192 291
98 197
41 140
179 278
27 126
176 275
87 186
48 147
84 183
135 234
158 257
145 244
93 192
13 112
19 118
146 245
100 199
167 266
152 251
111 210
59 158
34 133
176 275
0 99
142 241
68 167
187 286
11 110
142 241
57 156
139 238
35 134
27 126
194 293
10 109
111 210
40 139
86 185
88 187
121 220
133 232
107 206
155 254
138 237
16 115
63 162
47 146
74 173
103 202
158 257
72 171
78 177
23 122
27 126
176 275
50 149
113 212
106 205
66 165
168 267
120 219
97 196
98 197
191 290
64 163
191 290
34 133
192 291
35 134
139 238
166 265
150 249
64 163
9 108
153 252
89 188
70 169
186 285
45 144
40 139
43 142
177 276
167 266
197 296
130 229
63 162
118 217
21 120
168 267
158 257
129 228
43 142
87 186
112 211
152 251
56 155
124 223
185 284
53 152
78 177
124 223
134 233
26 125
188 287
98 197
84 183
194 293
27 126
109 208
132 231
189 288
97 196
146 245
147 246
192 291
104 203
43 142
91 190
53 152
27 126
163 262
94 193
61 160
191 290
18 117
17 116
86 185
57 156
92 191
70 169
59 158
165 264
22 121
26 125
51 150
117 216
102 201
95 194
15 114
62 161
33 132
130 229
28 127
46 145
167 266
62 161
110 209
185 284
132 231
74 173
119 218
26 125
4 103
11 110
142 241
167 266
119 218
192 291
58 157
124 223
80 179
131 230
148 247
149 248
44 143
146 245
194 293
79 178
29 128
113 212
84 183
113 212
137 236
32 131
109 208
84 183
27 126
69 168
77 176
134 233
67 166
149 248
135 234
181 280
161 260
106 205
22 121
141 240
87 186
181 280
162 261
5 104
183 282
116 215
142 241
75 174
34 133
190 289
24 123
148 247
13 112
54 153
83 182
84 183
98 197
106 205
5 104
29 128
68 167
52 151
126 225
40 139
151 250
64 163
156 255
33 132
142 241
137 236
76 175
91 190
23 122
197 296
149 248
178 277
78 177
100 199
50 149
147 246
61 160
43 142
96 195
81 180
192 291
10 109
30 129
17 116
96 195
150 249
191 290
102 201
85 184
109 208
185 284
94 193
30 129
145 244
68 167
10 109
135 234
13 112
80 179
85 184
94 193
167 266
4 103
40 139
29 128
43 142
148 247
144 243
170 269
95 194
101 200
69 168
34 133
143 242
144 243
81 180
88 187
36 135
7 106
9;156504
40 139
107 206
169 268
1 100
15 114
136 235
31 130
38 137
117 216
21 120
104 203
93 192
166 265
195 294
173 272
19 118
26 125
117 216
89 188
113 212
54 153
53 152
38 137
153 252
173 272
80 179
24 123
119 218
122 221
165 264
169 268
42 141
185 284
164 263
62 161
19 118
38 137
62 161
177 276
185 284
189 288
184 283
185 284
167 266
185 284
25 124
165 264
128 227
31 130
118 217
194 293
194 293
3 102
106 205
68 167
181 280
74 173
172 271
57 156
122 221
182 281
16 115
39 138
182 281
171 270
140 239
147 246
88 187
108 207
142 241
137 236
33 132
121 220
181 280
71 170
128 227
146 245
56 155
185 284
74 173
86 185
45 144
98 197
2 101
121 220
47 146
121 220
148 247
19 118
6 105
19 118
10 109
33 132
74 173
92 191
27 126
153 252
47 146
159 258
168 267
46 145
117 216
102 201
118 217
39 138
54 153
130 229
33 132
190 289
79 178
66 165
32 131
133 232
134 233
10 109
77 176
23 122
106 205
72 171
62 161
102 201
193 292
11 110
45 144
56 155
112 211
29 128
55 154
82 181
43 142
21 120
55 154
45 144
7 106
76 175
128 227
56 155
173 272
166 265
74 173
172 271
61 160
33 132
40 139
190 289
121 220
108 207
31 130
23 122
47 146
127 226
140 239
94 193
24 123
92 191
154 253
183 282
156 255
81 180
96 195
146 245
60 159
196 295
16 115
135 234
85 184
194 293
115 214
22 121
168 267
139 238
143 242
34 133
13 112
54 153
168 267
33 132
139 238
142 241
101 200
128 227
36 135
66 165
188 287
28 127
8 107
37 136
59 158
61 160
181 280
151 250
76 175
92 191
21 120
126 225
47 146
28 127
10 109
105 204
0 99
55 154
100 199
22 121
179 278
121 220
37 136
176 275
20 119
52 151
88 187
180 279
39 138
46 145
51 150
14 113
63 162
129 228
75 174
16 115
70 169
21 120
154 253
75 174
132 231
54 153
145 244
51 150
93 192
69 168
118 217
55 154
62 161
4 103
88 187
146 245
62 161
24 123
29 128
17 116
187 286
187 286
175 274
22 121
196 295
39 138
155 254
101 200
113 212
100 199
105 204
56 155
35 134
123 222
155 254
21 120
83 182
81 180
15 114
154 253
10 109
87 186
13 112
35 134
168 267
100 199
134 233
135 234
142 241
0 99
193 292
34 133
4 103
74 173
189 288
23 122
131 230
104 203
127 226
145 244
9 108
195 294
173 272
147 246
27 126
153 252
124 223
2 101
24 123
179 278
107 206
90 189
153 252
106 205
53 152
176 275
183 282
176 275
107 206
118 217
130 229
168 267
57 156
46 145
66 165
12 111
35 134
97 196
93 192
184 283
19 118
196 295
154 253
97 196
139 238
136 235
148 247
99 198
166 265
110 209
81 180
14 113
108 207
29 128
192 291
106 205
136 235
153 252
192 291
77 176
150 249
175 274
166 265
8 107
195 294
25 124
25 124
123 222
70 169
15 114
54 153
8 107
193 292
191 290
24 123
113 212
102 201
31 130
168 267
196 295
113 212
192 291
196 295
65 164
44 143
110 209
64 163
141 240
181 280
168 267
141 240
122 221
178 277
184 283
163 262
93 192
124 223
103 202
131 230
40 139
119 218
5 104
98 197
123 222
85 184
17 116
65 164
4 103
77 176
115 214
10 109
89 188
77 176
33 132
149 248
137 236
63 162
135 234
196 295
87 186
22 121
137 236
91 190
103 202
47 146
142 241
153 252
177 276
100 199
0 99
57 156
67 166
197 296
184 283
31 130
93 192
105 204
32 131
95 194
51 150
159 258
20 119
170 269
176 275
136 235
138 237
41 140
50 149
165 264
100 199
81 180
189 288
118 217
67 166
79 178
16 115
163 262
15 114
33 132
20 119
13 112
94 193
194 293
75 174
196 295
168 267
194 293
9 108
0 99
64 163
101 200
5 104
121 220
20 119
91 190
185 284
166 265
189 288
75 174
170 269
27 126
134 233
187 286
107 206
156 255
186 285
11 110
50 149
115 214
83 182
89 188
91 190
117 216
106 205
9 108
24 123
142 241
162 261
188 287
130 229
98 197
111 210
130 229
148 247
114 213
79 178
110 209
175 274
38 137
138 237
69 168
173 272
176 275
182 281
114 213
117 216
193 292
110 209
131 230
169 268
117 216
188 287
78 177
192 291
123 222
114 213
193 292
117 216
40 139
41 140
25 124
173 272
138 237
120 219
193 292
99 198
11 110
76 175
156 255
23 122
90 189
149 248
69 168
28 127
171 270
139 238
35 134
187 286
29 128
13 112
165 264
35 134
79 178
21 120
175 274
139 238
82 181
47 146
124 223
121 220
35 134
176 275
49 148
171 270
56 155
140 239
44 143
124 223
56 155
30 129
185 284
150 249
121 220
139 238
178 277
53 152
53 152
82 181
47 146
143 242
183 282
40 139
32 131
189 288
89 188
151 250
142 241
183 282
129 228
192 291
163 262
173 272
1 100
96 195
128 227
178 277
83 182
175 274
142 241
176 275
101 200
162 261
94 193
68 167
146 245
18 117
76 175
133 232
2 101
135 234
193 292
101 200
68 167
44 143
20 119
121 220
40 139
48 147
197 296
136 235
89 188
49 148
181 280
119 218
38 137
74 173
111 210
54 153
79 178
129 228
25 124
108 207
66 165
72 171
169 268
195 294
79 178
51 150
83 182
119 218
84 183
7 106
5 104
106 205
85 184
86 185
39 138
149 248
37 136
171 270
96 195
15 114
40 139
184 283
77 176
157 256
13 112
72 171
90 189
124 223
55 154
44 143
21 120
14 113
193 292
165 264
102 201
177 276
126 225
145 244
102 201
104 203
112 211
33 132
92 191
49 148
173 272
161 260
14 113
5 104
78 177
162 261
80 179
137 236
45 144
161 260
8 107
155 254
151 250
53 152
133 232
92 191
112 211
12 111
157 256
2 101
97 196
147 246
187 286
146 245
53 152
45 144
190 289
61 160
164 263
142 241
121 220
68 167
54 153
90 189
60 159
116 215
139 238
94 193
12 111
41 140
11 110
137 236
98 197
64 163
6 105
196 295
16 115
35 134
144 243
106 205
94 193
132 231
11 110
79 178
148 247
28 127
121 220
93 192
190 289
112 211
20 119
156 255
110 209
183 282
54 153
175 274
73 172
146 245
156 255
84 183
176 275
15 114
195 294
151 250
169 268
3 102
123 222
74 173
19 118
5 104
139 238
10 109
60 159
69 168
157 256
61 160
73 172
104 203
16 115
130 229
149 248
1 100
173 272
182 281
28 127
67 166
189 288
28 127
150 249
157 256
181 280
174 273
104 203
181 280
135 234
183 282
109 208
82 181
55 154
44 143
110 209
176 275
116 215
80 179
81 180
84 183
182 281
170 269
141 240
159 258
135 234
196 295
171 270
92 191
105 204
22 121
24 123
96 195
11 110
173 272
175 274
157 256
27 126
177 276
185 284
22 121
24 123
8 107
114 213
20 119
179 278
133 232
81 180
132 231
73 172
191 290
190 289
126 225
25 124
143 242
106 205
172 271
101 200
116 215
143 242
114 213
120 219
132 231
13 112
69 168
124 223
142 241
183 282
175 274
166 265
97 196
56 155
151 250
173 272
149 248
25 124
52 151
144 243
20 119
197 296
186 285
80 179
93 192
138 237
15 114
173 272
144 243
79 178
56 155
60 159
176 275
14 113
92 191
114 213
191 290
98 197
155 254
147 246
27 126
39 138
124 223
36 135
196 295
167 266
6 105
47 146
27 126
20 119
130 229
171 270
184 283
3 102
170 269
65 164
183 282
55 154
38 137
44 143
81 180
180 279
73 172
118 217
82 181
62 161
184 283
147 246
65 164
33 132
45 144
1 100
148 247
19 118
79 178
184 283
185 284
27 126
41 140
1 100
151 250
66 165
66 165
170 269
135 234
57 156
192 291
17 116
45 144
16 115
32 131
82 181
140 239
152 251
169 268
122 221
144 243
172 271
88 187
196 295
31 130
16 115
164 263
186 285
84 183
188 287
38 137
7 106
186 285
197 296
108 207
39 138
158 257
91 190
85 184
103 202
113 212
132 231
161 260
152 251
68 167
187 286
25 124
179 278
95 194
18 117
62 161
132 231
111 210
115 214
167 266
105 204
88 187
144 243
185 284
143 242
195 294
89 188
37 136
91 190
118 217
73 172
48 147
14 113
114 213
133 232
187 286
88 187
124 223
77 176
148 247
83 182
80 179
65 164
45 144
116 215
0 99
174 273
174 273
42 141
160 259
137 236
113 212
113 212
63 162
188 287
36 135
120 219
45 144
66 165
167 266
131 230
52 151
186 285
94 193
37 136
114 213
1 100
77 176
103 202
183 282
26 125
47 146
145 244
59 158
18 117
186 285
60 159
197 296
143 242
29 128
150 249
87 186
172 271
34 133
83 182
91 190
162 261
130 229
157 256
25 124
72 171
7 106
169 268
113 212
81 180
80 179
129 228
55 154
124 223
160 259
144 243
171 270
182 281
40 139
18 117
80 179
154 253
45 144
54 153
122 221
187 286
152 251
138 237
130 229
53 152
134 233
90 189
41 140
82 181
98 197
56 155
23 122
131 230
125 224
94 193
180 279
130 229
42 141
117 216
56 155
127 226
23 122
174 273
95 194
69 168
2 101
141 240
23 122
36 135
149 248
48 147
184 283
163 262
117 216
7 106
184 283
138 237
15 114
114 213
55 154
9 108
97 196
148 247
56 155
94 193
112 211
138 237
33 132
191 290
54 153
154 253
133 232
34 133
2 101
50 149
58 157
90 189
108 207
177 276
27 126
45 144
98 197
186 285
142 241
142 241
5 104
70 169
158 257
99 198
80 179
40 139
164 263
145 244
175 274
94 193
66 165
122 221
22 121
119 218
11 110
128 227
176 275
88 187
175 274
75 174
172 271
152 251
66 165
152 251
36 135
109 208
68 167
187 286
22 121
110 209
181 280
25 124
74 173
39 138
48 147
110 209
36 135
135 234
52 151
155 254
72 171
135 234
59 158
171 270
1 100
171 270
127 226
51 150
140 239
169 268
75 174
194 293
101 200
8 107
138 237
128 227
48 147
126 225
11 110
72 171
3 102
178 277
177 276
158 257
133 232
103 202
59 158
136 235
144 243
193 292
193 292
196 295
31 130
170 269
114 213
61 160
95 194
26 125
70 169
124 223
148 247
33 132
18 117
11 110
173 272
29 128
24 123
36 135
106 205
13 112
32 131
31 130
62 161
160 259
30 129
193 292
195 294
81 180
133 232
37 136
17 116
31 130
191 290
185 284
91 190
129 228
67 166
89 188
122 221
56 155
22 121
81 180
161 260
90 189
71 170
124 223
94 193
116 215
69 168
89 188
78 177
188 287
58 157
61 160
192 291
92 191
85 184
105 204
121 220
192 291
98 197
150 249
42 141
74 173
99 198
74 173
23 122
106 205
68 167
54 153
85 184
44 143
69 168
144 243
145 244
128 227
127 226
104 203
120 219
20 119
8 107
108 207
162 261
93 192
121 220
19 118
0 99
58 157
129 228
50 149
113 212
155 254
73 172
133 232
148 247
5 104
173 272
64 163
160 259
139 238
172 271
37 136
44 143
28 127
23 122
56 155
148 247
63 162
51 150
43 142
144 243
147 246
8 107
142 241
184 283
57 156
187 286
122 221
127 226
88 187
124 223
137 236
139 238
38 137
116 215
97 196
99 198
28 127
141 240
162 261
197 296
93 192
147 246
76 175
16 115
180 279
28 127
15 114
162 261
73 172
63 162
11 110
71 170
192 291
99 198
70 169
100 199
107 206
191 290
71 170
117 216
57 156
104 203
106 205
73 172
37 136
7 106
66 165
27 126
173 272
145 244
21 120
163 262
146 245
75 174
125 224
36 135
145 244
78 177
127 226
141 240
106 205
25 124
144 243
125 224
94 193
4 103
148 247
176 275
83 182
106 205
84 183
92 191
85 184
38 137
46 145
144 243
77 176
113 212
163 262
91 190
7 106
124 223
114 213
42 141
44 143
30 129
114 213
98 197
149 248
76 175
69 168
24 123
170 269
162 261
44 143
163 262
182 281
2 101
126 225
158 257
131 230
61 160
167 266
151 250
185 284
81 180
143 242
155 254
5 104
110 209
82 181
115 214
35 134
114 213
73 172
66 165
117 216
183 282
172 271
178 277
57 156
46 145
35 134
102 201
69 168
127 226
98 197
13 112
13 112
177 276
9 108
185 284
12 111
96 195
143 242
29 128
103 202
83 182
159 258
118 217
8 107
146 245
8 107
5 104
46 145
152 251
180 279
111 210
27 126
146 245
164 263
116 215
164 263
53 152
136 235
195 294
30 129
49 148
123 222
145 244
8 107
106 205
45 144
94 193
63 162
136 235
68 167
180 279
174 273
134 233
72 171
65 164
113 212
4 103
34 133
165 264
102 201
34 133
99 198
54 153
118 217
21 120
26 125
197 296
129 228
106 205
180 279
8 107
119 218
144 243
78 177
130 229
14 113
14 113
147 246
180 279
175 274
197 296
64 163
197 296
88 187
102 201
189 288
45 144
84 183
87 186
79 178
112 211
146 245
125 224
135 234
165 264
93 192
105 204
146 245
52 151
184 283
86 185
168 267
54 153
79 178
81 180
31 130
67 166
56 155
178 277
124 223
93 192
186 285
47 146
50 149
83 182
31 130
125 224
21 120
110 209
144 243
113 212
122 221
118 217
175 274
54 153
96 195
98 197
51 150
28 127
187 286
167 266
16 115
165 264
29 128
36 135
184 283
77 176
32 131
194 293
116 215
173 272
175 274
36 135
156 255
64 163
19 118
44 143
148 247
57 156
142 241
17 116
193 292
7 106
0 99
60 159
48 147
90 189
86 185
9 108
60 159
137 236
32 131
127 226
102 201
151 250
19 118
53 152
111 210
87 186
141 240
161 260
56 155
82 181
170 269
184 283
167 266
147 246
60 159
176 275
172 271
58 157
92 191
68 167
25 124
191 290
187 286
10 109
174 273
59 158
179 278
64 163
129 228
41 140
127 226
168 267
156 255
172 271
82 181
122 221
91 190
146 245
192 291
180 279
100 199
157 256
90 189
158 257
22 121
153 252
62 161
151 250
150 249
125 224
104 203
150 249
107 206
119 218
112 211
18 117
38 137
88 187
118 217
39 138
59 158
117 216
141 240
173 272
148 247
7 106
20 119
28 127
188 287
173 272
31 130
30 129
8 107
20 119
147 246
70 169
161 260
16 115
98 197
168 267
7 106
183 282
31 130
21 120
42 141
161 260
54 153
182 281
18 117
168 267
143 242
176 275
76 175
73 172
112 211
17 116
184 283
76 175
23 122
126 225
46 145
164 263
47 146
53 152
20 119
39 138
104 203
41 140
5 104
172 271
176 275
176 275
75 174
62 161
138 237
8 107
118 217
75 174
72 171
132 231
37 136
192 291
186 285
61 160
37 136
55 154
103 202
73 172
168 267
123 222
192 291
169 268
55 154
8 107
17 116
85 184
151 250
18 117
189 288
38 137
26 125
87 186
96 195
17 116
36 135
111 210
174 273
66 165
100 199
58 157
64 163
3 102
166 265
38 137
29 128
28 127
122 221
89 188
107 206
137 236
119 218
30 129
48 147
165 264
20 119
107 206
157 256
51 150
28 127
58 157
65 164
51 150
197 296
174 273
95 194
0 99
90 189
97 196
19 118
128 227
165 264
21 120
149 248
187 286
141 240
152 251
100 199
101 200
52 151
50 149
17 116
45 144
77 176
102 201
114 213
132 231
58 157
94 193
66 165
159 258
45 144
58 157
112 211
58 157
55 154
49 148
121 220
100 199
88 187
155 254
136 235
51 150
47 146
92 191
42 141
86 185
192 291
161 260
61 160
120 219
53 152
76 175
41 140
194 293
82 181
153 252
93 192
165 264
104 203
75 174
179 278
121 220
32 131
103 202
33 132
165 264
22 121
0 99
5 104
112 211
11 110
154 253
92 191
79 178
135 234
64 163
86 185
45 144
180 279
52 151
19 118
66 165
124 223
11 110
189 288
82 181
24 123
36 135
153 252
150 249
176 275
54 153
69 168
9 108
22 121
192 291
102 201
83 182
16 115
18 117
145 244
130 229
187 286
154 253
73 172
191 290
16 115
109 208
172 271
84 183
143 242
113 212
192 291
27 126
84 183
67 166
93 192
130 229
51 150
132 231
193 292
17 116
178 277
193 292
80 179
92 191
137 236
192 291
94 193
187 286
95 194
193 292
6 105
6 105
108 207
191 290
30 129
5 104
54 153
50 149
27 126
167 266
114 213
163 262
102 201
38 137
181 280
83 182
16 115
169 268
54 153
154 253
54 153
41 140
66 165
193 292
79 178
18 117
69 168
30 129
53 152
101 200
30 129
72 171
182 281
194 293
156 255
150 249
23 122
153 252
36 135
95 194
72 171
72 171
55 154
130 229
154 253
49 148
107 206
180 279
172 271
24 123
20 119
130 229
70 169
11 110
92 191
143 242
99 198
7 106
109 208
75 174
50 149
52 151
44 143
90 189
139 238
54 153
111 210
179 278
102 201
86 185
182 281
45 144
176 275
130 229
104 203
144 243
78 177
31 130
99 198
173 272
187 286
69 168
196 295
118 217
98 197
148 247
139 238
157 256
176 275
186 285
162 261
11 110
191 290
33 132
170 269
79 178
5 104
62 161
149 248
34 133
176 275
116 215
112 211
108 207
35 134
140 239
92 191
63 162
85 184
140 239
6 105
197 296
47 146
94 193
159 258
123 222
193 292
95 194
28 127
170 269
141 240
89 188
82 181
50 149
132 231
193 292
181 280
195 294
88 187
92 191
96 195
113 212
119 218
83 182
196 295
146 245
52 151
32 131
65 164
62 161
148 247
102 201
195 294
171 270
70 169
33 132
79 178
180 279
177 276
140 239
191 290
111 210
152 251
34 133
184 283
23 122
196 295
18 117
1 100
196 295
45 144
146 245
101 200
106 205
161 260
168 267
131 230
131 230
131 230
156 255
72 171
44 143
1 100
153 252
58 157
166 265
25 124
96 195
73 172
111 210
187 286
189 288
197 296
81 180
168 267
3 102
81 180
193 292
9 108
31 130
43 142
137 236
39 138
36 135
151 250
133 232
83 182
100 199
75 174
73 172
72 171
108 207
160 259
56 155
76 175
160 259
10 109
168 267
181 280
15 114
31 130
24 123
179 278
138 237
179 278
0 99
75 174
183 282
183 282
51 150
6 105
123 222
158 257
124 223
193 292
158 257
82 181
16 115
59 158
68 167
160 259
93 192
71 170
140 239
65 164
13 112
163 262
75 174
3 102
58 157
78 177
38 137
114 213
62 161
119 218
15 114
158 257
137 236
182 281
25 124
72 171
42 141
45 144
142 241
0 99
160 259
44 143
14 113
93 192
186 285
177 276
3 102
151 250
108 207
12 111
195 294
71 170
8 107
83 182
52 151
186 285
96 195
58 157
81 180
37 136
181 280
90 189
160 259
158 257
146 245
166 265
135 234
5 104
33 132
128 227
50 149
32 131
118 217
32 131
182 281
80 179
40 139
114 213
128 227
91 190
43 142
165 264
149 248
73 172
11 110
107 206
95 194
171 270
57 156
116 215
1 100
81 180
128 227
99 198
191 290
30 129
101 200
43 142
196 295
83 182
185 284
3 102
32 131
86 185
66 165
96 195
15 114
50 149
97 196
138 237
23 122
158 257
41 140
196 295
176 275
134 233
59 158
72 171
180 279
144 243
173 272
39 138
169 268
95 194
14 113
94 193
90 189
174 273
40 139
30 129
110 209
165 264
171 270
141 240
89 188
43 142
96 195
87 186
93 192
140 239
116 215
138 237
28 127
177 276
7 106
176 275
192 291
1 100
56 155
90 189
8 107
194 293
112 211
118 217
4 103
186 285
145 244
5 104
148 247
57 156
155 254
177 276
123 222
188 287
72 171
64 163
42 141
52 151
110 209
124 223
45 144
145 244
66 165
180 279
50 149
69 168
61 160
4 103
29 128
170 269
39 138
74 173
44 143
175 274
2 101
20 119
2 101
185 284
41 140
149 248
181 280
113 212
192 291
132 231
30 129
17 116
187 286
195 294
16 115
95 194
40 139
175 274
55 154
57 156
101 200
177 276
35 134
126 225
178 277
136 235
83 182
105 204
115 214
94 193
7 106
68 167
83 182
115 214
174 273
62 161
41 140
183 282
152 251
81 180
2 101
152 251
124 223
12 111
151 250
126 225
80 179
69 168
115 214
72 171
19 118
68 167
78 177
144 243
60 159
60 159
59 158
78 177
41 140
105 204
2 101
104 203
40 139
121 220
26 125
53 152
149 248
63 162
61 160
196 295
110 209
49 148
114 213
183 282
168 267
40 139
149 248
32 131
145 244
76 175
105 204
16 115
30 129
79 178
163 262
109 208
144 243
104 203
61 160
188 287
135 234
179 278
69 168
177 276
33 132
96 195
126 225
129 228
75 174
137 236
40 139
51 150
62 161
52 151
122 221
43 142
88 187
170 269
115 214
95 194
55 154
194 293
152 251
62 161
30 129
147 246
61 160
58 157
163 262
33 132
96 195
160 259
66 165
69 168
101 200
113 212
168 267
61 160
182 281
69 168
134 233
37 136
33 132
61 160
118 217
16 115
167 266
70 169
71 170
195 294
66 165
194 293
53 152
32 131
36 135
166 265
48 147
30 129
12 111
139 238
141 240
74 173
49 148
10 109
132 231
21 120
0 99
173 272
152 251
115 214
64 163
98 197
177 276
103 202
60 159
150 249
185 284
61 160
126 225
97 196
33 132
184 283
107 206
52 151
72 171
73 172
31 130
117 216
123 222
193 292
149 248
134 233
50 149
161 260
42 141
88 187
77 176
52 151
97 196
107 206
79 178
6 105
116 215
28 127
170 269
34 133
54 153
138 237
151 250
125 224
12 111
173 272
30 129
183 282
85 184
139 238
15 114
128 227
58 157
90 189
22 121
38 137
140 239
101 200
35 134
123 222
108 207
125 224
197 296
140 239
68 167
13 112
128 227
4 103
171 270
145 244
166 265
135 234
117 216
182 281
96 195
48 147
180 279
14 113
21 120
52 151
41 140
31 130
0 99
44 143
70 169
189 288
55 154
136 235
129 228
86 185
161 260
3 102
196 295
56 155
30 129
183 282
27 126
96 195
93 192
109 208
174 273
75 174
79 178
44 143
126 225
197 296
130 229
91 190
93 192
21 120
104 203
10 109
95 194
6 105
157 256
148 247
115 214
77 176
50 149
76 175
188 287
81 180
98 197
174 273
54 153
178 277
190 289
46 145
196 295
193 292
86 185
137 236
12 111
194 293
9 108
178 277
141 240
33 132
24 123
101 200
14 113
146 245
179 278
60 159
51 150
196 295
55 154
145 244
168 267
119 218
17 116
51 150
35 134
192 291
76 175
36 135
155 254
82 181
148 247
138 237
132 231
46 145
149 248
114 213
123 222
37 136
56 155
6 105
141 240
102 201
44 143
17 116
121 220
100 199
58 157
148 247
127 226
67 166
47 146
159 258
31 130
4 103
160 259
21 120
178 277
111 210
66 165
183 282
174 273
80 179
70 169
113 212
151 250
36 135
66 165
95 194
130 229
42 141
41 140
106 205
98 197
166 265
8 107
116 215
96 195
179 278
25 124
44 143
76 175
88 187
49 148
55 154
28 127
50 149
34 133
96 195
120 219
136 235
89 188
87 186
115 214
175 274
177 276
40 139
78 177
20 119
125 224
5 104
184 283
95 194
153 252
190 289
95 194
3 102
23 122
13 112
149 248
70 169
8 107
108 207
7 106
89 188
37 136
59 158
99 198
150 249
138 237
91 190
90 189
41 140
151 250
47 146
170 269
159 258
128 227
138 237
109 208
151 250
123 222
197 296
177 276
78 177
85 184
71 170
83 182
152 251
85 184
24 123
189 288
157 256
90 189
134 233
65 164
78 177
24 123
54 153
35 134
129 228
20 119
114 213
76 175
111 210
13 112
38 137
28 127
39 138
13 112
3 102
63 162
82 181
62 161
141 240
7 106
45 144
142 241
174 273
155 254
120 219
131 230
180 279
49 148
78 177
109 208
160 259
6 105
23 122
86 185
131 230
165 264
182 281
75 174
125 224
54 153
30 129
105 204
173 272
25 124
3 102
108 207
78 177
175 274
3 102
184 283
12 111
52 151
21 120
160 259
69 168
106 205
27 126
113 212
52 151
118 217
137 236
38 137
157 256
157 256
159 258
99 198
148 247
153 252
93 192
93 192
0 99
78 177
99 198
131 230
168 267
28 127
140 239
10 109
18 117
155 254
29 128
25 124
42 141
91 190
177 276
26 125
68 167
34 133
197 296
11 110
96 195
95 194
16 115
4 103
177 276
160 259
157 256
96 195
180 279
95 194
189 288
36 135
41 140
176 275
185 284
193 292
77 176
187 286
77 176
19 118
184 283
163 262
89 188
33 132
175 274
19 118
88 187
157 256
34 133
13 112
177 276
146 245
157 256
10 109
93 192
43 142
62 161
160 259
6 105
96 195
130 229
95 194
119 218
180 279
192 291
103 202
8 107
66 165
104 203
91 190
48 147
122 221
63 162
41 140
49 148
89 188
184 283
69 168
12 111
166 265
58 157
45 144
92 191
14 113
5 104
119 218
3 102
115 214
166 265
98 197
171 270
158 257
44 143
111 210
172 271
155 254
44 143
79 178
111 210
153 252
63 162
29 128
157 256
174 273
104 203
193 292
143 242
109 208
187 286
40 139
34 133
49 148
181 280
102 201
128 227
124 223
48 147
130 229
23 122
32 131
69 168
4 103
38 137
105 204
128 227
36 135
2 101
163 262
141 240
26 125
57 156
39 138
172 271
54 153
182 281
54 153
85 184
146 245
76 175
177 276
25 124
143 242
127 226
1 100
91 190
124 223
98 197
31 130
87 186
27 126
51 150
140 239
65 164
107 206
35 134
131 230
29 128
143 242
145 244
136 235
39 138
160 259
66 165
34 133
110 209
83 182
183 282
85 184
86 185
88 187
58 157
110 209
59 158
194 293
192 291
24 123
177 276
125 224
166 265
83 182
57 156
169 268
60 159
93 192
5 104
160 259
43 142
95 194
165 264
0 99
170 269
148 247
74 173
70 169
68 167
179 278
149 248
99 198
157 256
143 242
161 260
50 149
14 113
171 270
152 251
125 224
176 275
110 209
41 140
93 192
127 226
176 275
70 169
29 128
173 272
175 274
185 284
176 275
185 284
56 155
177 276
89 188
149 248
98 197
188 287
176 275
87 186
157 256
140 239
69 168
109 208
58 157
195 294
135 234
16 115
50 149
79 178
39 138
15 114
56 155
63 162
183 282
69 168
118 217
43 142
2 101
89 188
41 140
3 102
8 107
67 166
47 146
118 217
43 142
61 160
30 129
65 164
115 214
102 201
155 254
24 123
174 273
166 265
122 221
106 205
160 259
63 162
192 291
35 134
55 154
9 108
0 99
47 146
96 195
158 257
112 211
113 212
144 243
189 288
141 240
72 171
165 264
177 276
186 285
34 133
97 196
148 247
76 175
159 258
136 235
163 262
63 162
60 159
78 177
138 237
128 227
37 136
119 218
178 277
74 173
34 133
46 145
138 237
104 203
45 144
29 128
94 193
157 256
192 291
178 277
58 157
44 143
71 170
136 235
142 241
195 294
65 164
31 130
53 152
79 178
0 99
141 240
65 164
47 146
48 147
148 247
48 147
76 175
28 127
130 229
113 212
37 136
96 195
14 113
63 162
43 142
35 134
62 161
152 251
145 244
128 227
104 203
43 142
161 260
152 251
6 105
17 116
77 176
189 288
98 197
177 276
51 150
114 213
16 115
21 120
79 178
169 268
7 106
39 138
146 245
50 149
185 284
143 242
16 115
168 267
118 217
48 147
62 161
20 119
196 295
73 172
154 253
0 99
7 106
187 286
163 262
191 290
155 254
137 236
27 126
98 197
176 275
178 277
65 164
121 220
133 232
168 267
120 219
153 252
156 255
116 215
9 108
69 168
152 251
177 276
90 189
34 133
20 119
171 270
1 100
179 278
30 129
13 112
63 162
58 157
27 126
92 191
93 192
20 119
51 150
41 140
187 286
36 135
31 130
187 286
197 296
7 106
122 221
174 273
142 241
55 154
51 150
78 177
46 145
20 119
173 272
177 276
27 126
162 261
63 162
59 158
70 169
190 289
173 272
59 158
124 223
37 136
96 195
163 262
168 267
150 249
98 197
78 177
169 268
188 287
31 130
158 257
54 153
135 234
34 133
29 128
170 269
126 225
24 123
91 190
32 131
177 276
46 145
7 106
47 146
179 278
49 148
160 259
58 157
171 270
93 192
54 153
95 194
137 236
190 289
133 232
143 242
137 236
127 226
73 172
81 180
84 183
43 142
137 236
72 171
161 260
121 220
70 169
174 273
55 154
154 253
76 175
94 193
61 160
83 182
102 201
48 147
186 285
135 234
162 261
87 186
148 247
184 283
167 266
131 230
88 187
117 216
15 114
180 279
45 144
191 290
174 273
105 204
74 173
168 267
18 117
123 222
152 251
163 262
157 256
68 167
53 152
65 164
26 125
191 290
147 246
192 291
10 109
176 275
56 155
179 278
113 212
33 132
196 295
89 188
147 246
93 192
146 245
112 211
42 141
94 193
110 209
64 163
52 151
74 173
142 241
69 168
104 203
99 198
12 111
148 247
78 177
115 214
105 204
111 210
142 241
167 266
21 120
68 167
88 187
138 237
82 181
106 205
122 221
131 230
143 242
141 240
149 248
22 121
161 260
85 184
151 250
37 136
183 282
71 170
10 109
6 105
21 120
72 171
158 257
164 263
11 110
63 162
119 218
28 127
84 183
189 288
97 196
103 202
120 219
180 279
33 132
22 121
124 223
182 281
42 141
98 197
80 179
60 159
109 208
80 179
60 159
111 210
112 211
1 100
194 293
160 259
158 257
146 245
20 119
192 291
44 143
157 256
110 209
116 215
139 238
51 150
55 154
76 175
110 209
34 133
167 266
172 271
119 218
13 112
48 147
30 129
193 292
92 191
116 215
124 223
46 145
192 291
66 165
18 117
196 295
23 122
59 158
134 233
107 206
153 252
110 209
196 295
49 148
197 296
57 156
156 255
79 178
137 236
188 287
63 162
39 138
35 134
142 241
31 130
168 267
24 123
53 152
80 179
134 233
192 291
140 239
123 222
144 243
19 118
79 178
145 244
63 162
17 116
54 153
148 247
63 162
100 199
12 111
75 174
177 276
168 267
108 207
107 206
85 184
61 160
197 296
46 145
148 247
81 180
15 114
24 123
85 184
144 243
54 153
2 101
30 129
36 135
76 175
137 236
47 146
12 111
79 178
91 190
187 286
194 293
125 224
107 206
159 258
170 269
163 262
118 217
180 279
11 110
175 274
116 215
91 190
47 146
21 120
122 221
76 175
89 188
95 194
133 232
149 248
132 231
135 234
68 167
0 99
73 172
157 256
96 195
155 254
34 133
105 204
136 235
125 224
169 268
44 143
78 177
84 183
6 105
179 278
186 285
74 173
123 222
78 177
178 277
57 156
102 201
19 118
50 149
144 243
152 251
25 124
41 140
49 148
52 151
196 295
69 168
11 110
107 206
67 166
161 260
97 196
75 174
104 203
65 164
163 262
42 141
61 160
17 116
23 122
17 116
143 242
2 101
56 155
72 171
179 278
18 117
17 116
130 229
13 112
116 215
76 175
194 293
122 221
30 129
5 104
148 247
167 266
109 208
12 111
106 205
125 224
155 254
186 285
101 200
82 181
48 147
3 102
20 119
158 257
164 263
3 102
14 113
15 114
82 181
13 112
166 265
91 190
62 161
77 176
188 287
66 165
21 120
158 257
4 103
5 104
112 211
166 265
16 115
89 188
2 101
182 281
126 225
159 258
156 255
131 230
142 241
83 182
21 120
102 201
19 118
15 114
71 170
64 163
31 130
152 251
89 188
70 169
160 259
37 136
172 271
158 257
50 149
66 165
182 281
79 178
13 112
22 121
104 203
172 271
113 212
188 287
43 142
193 292
176 275
162 261
177 276
51 150
157 256
126 225
90 189
83 182
97 196
122 221
113 212
159 258
95 194
77 176
119 218
64 163
179 278
134 233
17 116
20 119
37 136
134 233
28 127
145 244
148 247
126 225
119 218
183 282
154 253
82 181
60 159
27 126
117 216
78 177
177 276
81 180
156 255
57 156
149 248
119 218
149 248
42 141
4 103
151 250
159 258
135 234
49 148
133 232
114 213
151 250
84 183
86 185
43 142
79 178
28 127
60 159
60 159
57 156
120 219
11 110
182 281
147 246
182 281
125 224
151 250
67 166
45 144
149 248
56 155
72 171
29 128
77 176
42 141
135 234
150 249
15 114
173 272
92 191
33 132
164 263
34 133
55 154
131 230
49 148
59 158
105 204
138 237
171 270
18 117
137 236
116 215
52 151
46 145
34 133
61 160
4 103
164 263
15 114
27 126
21 120
33 132
52 151
100 199
85 184
173 272
90 189
87 186
7 106
14 113
197 296
83 182
34 133
72 171
67 166
12 111
80 179
91 190
76 175
70 169
98 197
51 150
195 294
176 275
5 104
149 248
32 131
91 190
184 283
25 124
17 116
196 295
192 291
33 132
177 276
179 278
159 258
105 204
99 198
140 239
131 230
50 149
110 209
182 281
13 112
24 123
54 153
124 223
12 111
145 244
131 230
70 169
1 100
164 263
185 284
196 295
137 236
47 146
57 156
109 208
2 101
51 150
59 158
142 241
171 270
21 120
17 116
197 296
165 264
41 140
57 156
17 116
127 226
54 153
125 224
21 120
21 120
45 144
111 210
18 117
41 140
142 241
19 118
75 174
161 260
6 105
24 123
52 151
57 156
175 274
45 144
55 154
148 247
33 132
152 251
103 202
42 141
66 165
9 108
147 246
106 205
107 206
5 104
17 116
124 223
98 197
130 229
48 147
52 151
132 231
75 174
24 123
90 189
76 175
119 218
192 291
181 280
119 218
111 210
56 155
164 263
18 117
91 190
148 247
70 169
11 110
173 272
53 152
89 188
34 133
26 125
152 251
110 209
71 170
52 151
50 149
149 248
152 251
182 281
13 112
182 281
124 223
50 149
180 279
93 192
108 207
194 293
3 102
107 206
74 173
132 231
29 128
162 261
71 170
34 133
64 163
91 190
196 295
124 223
48 147
150 249
65 164
187 286
118 217
99 198
38 137
123 222
2 101
153 252
65 164
67 166
167 266
64 163
180 279
25 124
149 248
30 129
13 112
116 215
120 219
52 151
172 271
10 109
78 177
179 278
21 120
183 282
78 177
84 183
128 227
125 224
90 189
35 134
8 107
123 222
78 177
1 100
167 266
142 241
52 151
33 132
134 233
92 191
48 147
118 217
171 270
188 287
11 110
157 256
65 164
119 218
62 161
68 167
11 110
87 186
165 264
94 193
89 188
159 258
116 215
66 165
60 159
71 170
123 222
55 154
92 191
140 239
73 172
168 267
11 110
109 208
100 199
161 260
35 134
153 252
0 99
193 292
49 148
124 223
183 282
56 155
47 146
113 212
9 108
20 119
184 283
13 112
102 201
116 215
161 260
145 244
133 232
176 275
56 155
173 272
73 172
147 246
90 189
123 222
186 285
75 174
58 157
124 223
104 203
56 155
168 267
34 133
180 279
65 164
124 223
98 197
1 100
141 240
138 237
192 291
146 245
26 125
121 220
22 121
151 250
6 105
64 163
180 279
33 132
10 109
5 104
178 277
22 121
64 163
117 216
14 113
76 175
147 246
180 279
120 219
133 232
20 119
108 207
41 140
126 225
101 200
77 176
148 247
31 130
127 226
180 279
127 226
72 171
61 160
52 151
157 256
71 170
120 219
142 241
88 187
190 289
105 204
178 277
68 167
135 234
120 219
49 148
58 157
154 253
18 117
22 121
151 250
46 145
197 296
142 241
177 276
131 230
186 285
17 116
149 248
106 205
108 207
4 103
33 132
114 213
80 179
40 139
195 294
95 194
54 153
137 236
30 129
111 210
112 211
17 116
98 197
16 115
118 217
127 226
97 196
88 187
14 113
143 242
68 167
48 147
132 231
6 105
30 129
177 276
62 161
155 254
10 109
108 207
164 263
9 108
155 254
34 133
101 200
75 174
15 114
39 138
97 196
18 117
74 173
51 150
119 218
26 125
162 261
106 205
61 160
24 123
80 179
2 101
105 204
190 289
39 138
145 244
159 258
172 271
95 194
162 261
148 247
182 281
142 241
170 269
68 167
16 115
76 175
13 112
5 104
195 294
117 216
31 130
13 112
108 207
71 170
160 259
102 201
197 296
101 200
136 235
165 264
74 173
72 171
66 165
156 255
158 257
154 253
154 253
158 257
98 197
53 152
175 274
145 244
94 193
150 249
69 168
35 134
17 116
35 134
110 209
107 206
81 180
122 221
12 111
147 246
156 255
21 120
136 235
192 291
91 190
4 103
86 185
42 141
149 248
167 266
33 132
149 248
33 132
77 176
57 156
179 278
43 142
96 195
194 293
160 259
186 285
139 238
39 138
49 148
95 194
4 103
100 199
38 137
150 249
20 119
197 296
49 148
20 119
140 239
5 104
45 144
146 245
123 222
117 216
115 214
15 114
119 218
170 269
45 144
40 139
147 246
147 246
54 153
151 250
31 130
32 131
40 139
16 115
24 123
164 263
46 145
83 182
72 171
13 112
175 274
10 109
33 132
110 209
173 272
56 155
187 286
2 101
171 270
117 216
139 238
42 141
22 121
143 242
181 280
37 136
148 247
76 175
189 288
177 276
142 241
71 170
116 215
2 101
1 100
158 257
194 293
35 134
121 220
184 283
132 231
61 160
60 159
39 138
33 132
143 242
68 167
121 220
2 101
185 284
179 278
158 257
134 233
34 133
23 122
35 134
46 145
50 149
140 239
181 280
93 192
28 127
77 176
195 294
157 256
145 244
129 228
182 281
95 194
164 263
86 185
149 248
164 263
32 131
22 121
37 136
171 270
137 236
69 168
59 158
72 171
26 125
98 197
79 178
94 193
54 153
182 281
197 296
118 217
136 235
15 114
139 238
164 263
79 178
35 134
159 258
181 280
125 224
186 285
183 282
156 255
33 132
46 145
41 140
169 268
36 135
12 111
67 166
49 148
6 105
68 167
74 173
34 133
180 279
41 140
66 165
160 259
158 257
181 280
155 254
196 295
12 111
86 185
148 247
125 224
22 121
70 169
120 219
4 103
56 155
126 225
124 223
122 221
84 183
102 201
151 250
1 100
157 256
166 265
79 178
25 124
21 120
168 267
17 116
67 166
61 160
29 128
193 292
29 128
192 291
179 278
94 193
95 194
28 127
38 137
151 250
3 102
110 209
49 148
28 127
7 106
55 154
44 143
187 286
173 272
114 213
40 139
124 223
183 282
145 244
58 157
29 128
91 190
91 190
88 187
5 104
44 143
8 107
197 296
155 254
150 249
183 282
11 110
77 176
86 185
159 258
100 199
177 276
113 212
165 264
45 144
44 143
62 161
64 163
120 219
146 245
97 196
117 216
132 231
194 293
120 219
53 152
146 245
99 198
163 262
92 191
173 272
12 111
17 116
54 153
148 247
22 121
13 112
182 281
81 180
97 196
42 141
39 138
12 111
12 111
49 148
170 269
37 136
120 219
116 215
173 272
150 249
148 247
123 222
98 197
6 105
57 156
42 141
158 257
176 275
177 276
187 286
4 103
64 163
107 206
83 182
123 222
48 147
56 155
74 173
28 127
27 126
64 163
93 192
137 236
104 203
99 198
102 201
51 150
194 293
173 272
55 154
178 277
56 155
169 268
90 189
70 169
178 277
145 244
59 158
30 129
26 125
62 161
37 136
142 241
196 295
164 263
111 210
182 281
155 254
91 190
154 253
164 263
162 261
137 236
154 253
103 202
174 273
44 143
40 139
171 270
154 253
27 126
130 229
11 110
178 277
125 224
68 167
38 137
176 275
27 126
37 136
9 108
9 108
172 271
150 249
185 284
184 283
183 282
41 140
68 167
77 176
41 140
96 195
149 248
176 275
46 145
31 130
76 175
159 258
187 286
34 133
168 267
14 113
196 295
157 256
174 273
179 278
180 279
86 185
187 286
106 205
27 126
161 260
123 222
23 122
170 269
96 195
35 134
147 246
175 274
86 185
88 187
27 126
162 261
176 275
43 142
161 260
125 224
122 221
134 233
27 126
92 191
16 115
161 260
172 271
15 114
138 237
69 168
2 101
101 200
114 213
125 224
119 218
79 178
194 293
174 273
101 200
154 253
103 202
70 169
161 260
150 249
61 160
75 174
113 212
85 184
55 154
12 111
121 220
49 148
112 211
56 155
144 243
73 172
95 194
156 255
183 282
97 196
179 278
101 200
9 108
187 286
15 114
49 148
170 269
166 265
19 118
182 281
76 175
99 198
37 136
178 277
131 230
76 175
61 160
171 270
188 287
157 256
20 119
25 124
4 103
16 115
180 279
151 250
158 257
101 200
189 288
181 280
173 272
71 170
147 246
112 211
59 158
141 240
126 225
31 130
51 150
81 180
171 270
41 140
166 265
164 263
74 173
14 113
99 198
140 239
76 175
133 232
41 140
11 110
134 233
116 215
129 228
166 265
106 205
12 111
56 155
40 139
133 232
151 250
148 247
6 105
192 291
167 266
15 114
180 279
177 276
95 194
33 132
29 128
2 101
14 113
181 280
81 180
95 194
173 272
59 158
72 171
111 210
38 137
97 196
158 257
2 101
19 118
94 193
2 101
185 284
107 206
177 276
169 268
136 235
51 150
62 161
180 279
159 258
49 148
140 239
132 231
179 278
153 252
162 261
124 223
16 115
115 214
115 214
196 295
79 178
149 248
100 199
158 257
175 274
158 257
148 247
105 204
14 113
15 114
126 225
105 204
185 284
166 265
73 172
60 159
152 251
152 251
163 262
51 150
26 125
188 287
36 135
30 129
101 200
97 196
189 288
151 250
161 260
127 226
140 239
112 211
50 149
93 192
30 129
117 216
6 105
40 139
155 254
65 164
157 256
42 141
90 189
146 245
58 157
109 208
112 211
132 231
72 171
156 255
49 148
60 159
191 290
142 241
159 258
1 100
190 289
44 143
129 228
132 231
98 197
76 175
147 246
48 147
68 167
23 122
196 295
46 145
176 275
24 123
56 155
87 186
146 245
73 172
193 292
130 229
104 203
40 139
107 206
96 195
19 118
34 133
79 178
48 147
146 245
170 269
89 188
123 222
39 138
79 178
30 129
130 229
127 226
119 218
102 201
18 117
151 250
73 172
148 247
71 170
16 115
133 232
156 255
107 206
96 195
83 182
111 210
172 271
82 181
136 235
45 144
132 231
122 221
89 188
48 147
82 181
83 182
128 227
190 289
75 174
149 248
73 172
80 179
31 130
67 166
196 295
138 237
73 172
186 285
12 111
6 105
106 205
174 273
8 107
182 281
167 266
17 116
137 236
74 173
193 292
93 192
133 232
73 172
78 177
178 277
120 219
70 169
106 205
82 181
51 150
186 285
16 115
57 156
134 233
92 191
157 256
61 160
0 99
163 262
177 276
160 259
112 211
169 268
82 181
67 166
161 260
118 217
125 224
54 153
177 276
133 232
42 141
128 227
56 155
108 207
37 136
105 204
152 251
81 180
34 133
99 198
9 108
76 175
167 266
168 267
131 230
72 171
20 119
167 266
68 167
72 171
52 151
34 133
42 141
15 114
37 136
151 250
183 282
21 120
121 220
45 144
5 104
88 187
27 126
47 146
111 210
103 202
182 281
72 171
129 228
0 99
87 186
160 259
151 250
146 245
160 259
107 206
2 101
29 128
111 210
5 104
176 275
48 147
173 272
179 278
4 103
36 135
169 268
37 136
58 157
27 126
87 186
32 131
180 279
44 143
62 161
118 217
149 248
128 227
147 246
77 176
52 151
60 159
197 296
71 170
50 149
41 140
34 133
41 140
154 253
142 241
31 130
190 289
179 278
126 225
32 131
175 274
45 144
178 277
57 156
7 106
187 286
36 135
197 296
173 272
196 295
149 248
45 144
94 193
186 285
113 212
132 231
99 198
120 219
70 169
39 138
130 229
110 209
114 213
60 159
69 168
115 214
108 207
30 129
146 245
47 146
33 132
77 176
34 133
6 105
55 154
100 199
64 163
94 193
152 251
59 158
41 140
113 212
90 189
190 289
44 143
152 251
5 104
195 294
86 185
154 253
6 105
116 215
46 145
50 149
177 276
128 227
136 235
123 222
164 263
102 201
111 210
11 110
169 268
1 100
86 185
42 141
120 219
120 219
177 276
28 127
55 154
2 101
80 179
128 227
134 233
89 188
161 260
120 219
61 160
120 219
41 140
98 197
137 236
124 223
180 279
9 108
118 217
27 126
132 231
32 131
126 225
135 234
176 275
58 157
60 159
125 224
176 275
141 240
111 210
35 134
87 186
77 176
69 168
51 150
100 199
110 209
94 193
104 203
97 196
35 134
84 183
184 283
61 160
173 272
88 187
111 210
111 210
21 120
114 213
70 169
110 209
115 214
168 267
153 252
3 102
72 171
141 240
141 240
9 108
166 265
93 192
154 253
46 145
116 215
2 101
159 258
44 143
31 130
150 249
104 203
78 177
49 148
115 214
168 267
21 120
60 159
155 254
157 256
12 111
105 204
9 108
178 277
156 255
138 237
147 246
19 118
145 244
189 288
162 261
141 240
138 237
48 147
165 264
157 256
140 239
126 225
177 276
143 242
126 225
5 104
67 166
194 293
0 99
78 177
178 277
157 256
59 158
108 207
38 137
163 262
108 207
192 291
80 179
125 224
1 100
78 177
46 145
54 153
1 100
172 271
109 208
18 117
144 243
67 166
114 213
93 192
38 137
18 117
78 177
119 218
99 198
167 266
31 130
4 103
139 238
90 189
58 157
68 167
30 129
160 259
108 207
141 240
38 137
16 115
3 102
154 253
15 114
123 222
96 195
195 294
14 113
172 271
52 151
105 204
59 158
134 233
7 106
69 168
39 138
184 283
29 128
66 165
185 284
20 119
155 254
142 241
19 118
178 277
44 143
7 106
119 218
162 261
31 130
123 222
103 202
59 158
87 186
162 261
45 144
49 148
72 171
14 113
56 155
172 271
72 171
88 187
128 227
32 131
105 204
26 125
54 153
197 296
0 99
59 158
49 148
31 130
191 290
114 213
72 171
86 185
70 169
51 150
50 149
122 221
179 278
83 182
119 218
64 163
73 172
25 124
175 274
20 119
101 200
103 202
155 254
75 174
188 287
102 201
4 103
38 137
25 124
18 117
48 147
57 156
190 289
19 118
83 182
173 272
95 194
11 110
85 184
17 116
98 197
186 285
80 179
107 206
130 229
45 144
131 230
46 145
132 231
169 268
92 191
192 291
86 185
23 122
31 130
90 189
192 291
165 264
185 284
90 189
71 170
160 259
103 202
143 242
186 285
29 128
106 205
121 220
22 121
191 290
54 153
65 164
180 279
158 257
74 173
194 293
45 144
97 196
177 276
93 192
95 194
16 115
63 162
45 144
155 254
19 118
25 124
169 268
41 140
163 262
130 229
194 293
30 129
158 257
121 220
151 250
82 181
55 154
102 201
25 124
154 253
77 176
24 123
112 211
101 200
151 250
148 247
43 142
167 266
81 180
62 161
133 232
88 187
138 237
82 181
84 183
27 126
119 218
10 109
60 159
159 258
64 163
117 216
190 289
130 229
68 167
100 199
197 296
31 130
154 253
174 273
62 161
94 193
7 106
94 193
194 293
197 296
19 118
46 145
197 296
197 296
26 125
187 286
168 267
6 105
14 113
61 160
8 107
185 284
69 168
169 268
66 165
80 179
89 188
193 292
37 136
20 119
0 99
151 250
75 174
100 199
101 200
89 188
104 203
181 280
135 234
97 196
66 165
79 178
134 233
51 150
139 238
68 167
28 127
189 288
87 186
134 233
30 129
39 138
157 256
62 161
30 129
90 189
93 192
159 258
14 113
138 237
68 167
176 275
1 100
117 216
15 114
138 237
92 191
15 114
100 199
4 103
66 165
150 249
152 251
112 211
79 178
133 232
111 210
41 140
8 107
160 259
87 186
157 256
48 147
106 205
7 106
51 150
181 280
131 230
157 256
106 205
9 108
160 259
133 232
50 149
64 163
172 271
46 145
134 233
137 236
65 164
175 274
16 115
168 267
106 205
19 118
79 178
39 138
75 174
71 170
176 275
166 265
106 205
195 294
161 260
39 138
191 290
46 145
168 267
63 162
107 206
15 114
24 123
78 177
92 191
115 214
12 111
68 167
179 278
127 226
147 246
62 161
170 269
159 258
20 119
31 130
36 135
4 103
128 227
154 253
87 186
119 218
172 271
130 229
157 256
43 142
160 259
100 199
84 183
69 168
53 152
96 195
47 146
76 175
90 189
45 144
106 205
58 157
120 219
193 292
9 108
106 205
8 107
137 236
3 102
28 127
6 105
154 253
146 245
196 295
110 209
20 119
113 212
53 152
147 246
51 150
154 253
124 223
132 231
20 119
31 130
168 267
2 101
3 102
120 219
121 220
96 195
60 159
81 180
133 232
156 255
38 137
108 207
5 104
126 225
83 182
11 110
101 200
8 107
72 171
12 111
144 243
67 166
59 158
0 99
189 288
169 268
71 170
144 243
78 177
92 191
174 273
20 119
64 163
29 128
78 177
8 107
157 256
150 249
27 126
135 234
40 139
154 253
167 266
67 166
162 261
51 150
147 246
85 184
100 199
160 259
64 163
81 180
62 161
23 122
88 187
100 199
195 294
133 232
95 194
114 213
125 224
116 215
141 240
4 103
115 214
162 261
134 233
2 101
22 121
88 187
80 179
132 231
72 171
58 157
131 230
81 180
168 267
185 284
63 162
95 194
61 160
155 254
61 160
127 226
120 219
135 234
119 218
27 126
50 149
173 272
124 223
46 145
112 211
154 253
25 124
56 155
80 179
127 226
152 251
159 258
106 205
61 160
197 296
18 117
56 155
189 288
24 123
73 172
37 136
42 141
142 241
17 116
185 284
44 143
158 257
32 131
25 124
58 157
117 216
42 141
173 272
38 137
93 192
126 225
92 191
145 244
153 252
187 286
43 142
99 198
187 286
69 168
183 282
143 242
43 142
34 133
12 111
150 249
98 197
118 217
185 284
142 241
31 130
134 233
29 128
89 188
184 283
179 278
49 148
44 143
188 287
175 274
147 246
55 154
32 131
73 172
52 151
138 237
169 268
81 180
95 194
14 113
144 243
177 276
191 290
71 170
112 211
105 204
114 213
191 290
74 173
133 232
112 211
85 184
1 100
99 198
55 154
39 138
164 263
5 104
28 127
168 267
41 140
55 154
39 138
81 180
77 176
16 115
56 155
20 119
94 193
136 235
106 205
62 161
13 112
58 157
169 268
167 266
3 102
10 109
140 239
140 239
138 237
15 114
34 133
99 198
158 257
182 281
127 226
135 234
154 253
102 201
134 233
53 152
144 243
33 132
102 201
188 287
186 285
69 168
191 290
190 289
69 168
146 245
128 227
125 224
132 231
156 255
99 198
132 231
194 293
100 199
29 128
45 144
28 127
96 195
196 295
178 277
70 169
26 125
44 143
92 191
86 185
146 245
117 216
33 132
107 206
15 114
158 257
39 138
102 201
20 119
60 159
141 240
13 112
25 124
112 211
160 259
102 201
175 274
28 127
156 255
196 295
91 190
153 252
145 244
151 250
137 236
109 208
103 202
139 238
187 286
11 110
89 188
150 249
141 240
44 143
116 215
40 139
12 111
24 123
101 200
92 191
105 204
102 201
164 263
179 278
145 244
176 275
45 144
174 273
93 192
152 251
145 244
125 224
169 268
50 149
116 215
143 242
134 233
193 292
158 257
151 250
135 234
98 197
141 240
73 172
26 125
57 156
61 160
134 233
130 229
103 202
104 203
52 151
140 239
20 119
73 172
51 150
46 145
126 225
2 101
22 121
83 182
106 205
21 120
2 101
105 204
25 124
154 253
136 235
158 257
118 217
9 108
81 180
191 290
68 167
197 296
49 148
12 111
191 290
64 163
160 259
80 179
117 216
58 157
120 219
115 214
44 143
63 162
150 249
11 110
110 209
56 155
126 225
148 247
151 250
126 225
12 111
33 132
165 264
105 204
178 277
49 148
196 295
122 221
188 287
49 148
23 122
185 284
146 245
52 151
158 257
10 109
183 282
84 183
34 133
154 253
106 205
71 170
168 267
34 133
145 244
0 99
182 281
21 120
46 145
78 177
84 183
10 109
150 249
113 212
165 264
139 238
38 137
69 168
112 211
197 296
174 273
18 117
191 290
71 170
33 132
187 286
146 245
143 242
101 200
48 147
53 152
68 167
28 127
188 287
143 242
14 113
52 151
139 238
92 191
127 226
175 274
37 136
150 249
183 282
23 122
103 202
4 103
88 187
165 264
35 134
164 263
28 127
190 289
116 215
179 278
36 135
16 115
96 195
167 266
116 215
92 191
87 186
14 113
86 185
7 106
42 141
0 99
162 261
18 117
56 155
45 144
18 117
155 254
129 228
72 171
182 281
196 295
119 218
90 189
140 239
149 248
37 136
36 135
158 257
29 128
55 154
92 191
73 172
69 168
13 112
94 193
51 150
103 202
78 177
4 103
11 110
193 292
99 198
110 209
44 143
149 248
155 254
42 141
24 123
38 137
139 238
18 117
133 232
16 115
147 246
24 123
63 162
140 239
187 286
129 228
74 173
0 99
135 234
121 220
8 107
197 296
171 270
169 268
80 179
20 119
189 288
192 291
113 212
65 164
197 296
95 194
184 283
127 226
62 161
178 277
69 168
154 253
23 122
112 211
75 174
80 179
189 288
128 227
3 102
108 207
162 261
117 216
82 181
154 253
37 136
73 172
70 169
54 153
98 197
115 214
166 265
51 150
45 144
100 199
180 279
194 293
168 267
175 274
141 240
65 164
127 226
121 220
30 129
26 125
34 133
173 272
22 121
26 125
54 153
115 214
73 172
185 284
94 193
144 243
178 277
143 242
94 193
177 276
0 99
91 190
141 240
8 107
82 181
90 189
147 246
84 183
180 279
15 114
12 111
37 136
69 168
189 288
95 194
185 284
179 278
124 223
164 263
73 172
117 216
27 126
48 147
65 164
13 112
55 154
18 117
47 146
70 169
113 212
184 283
90 189
56 155
18 117
5 104
179 278
124 223
73 172
0 99
125 224
62 161
167 266
70 169
169 268
158 257
175 274
4 103
66 165
99 198
19 118
109 208
111 210
186 285
0 99
32 131
51 150
95 194
63 162
188 287
189 288
195 294
59 158
116 215
84 183
86 185
26 125
171 270
154 253
122 221
122 221
72 171
154 253
30 129
98 197
139 238
148 247
111 210
147 246
101 200
133 232
106 205
43 142
56 155
87 186
76 175
168 267
14 113
84 183
2 101
49 148
187 286
39 138
95 194
150 249
110 209
40 139
74 173
112 211
21 120
71 170
138 237
65 164
72 171
12 111
80 179
59 158
65 164
73 172
156 255
72 171
192 291
63 162
5 104
87 186
96 195
104 203
100 199
123 222
93 192
40 139
197 296
139 238
105 204
165 264
152 251
196 295
124 223
146 245
144 243
72 171
108 207
63 162
167 266
65 164
85 184
103 202
147 246
102 201
42 141
154 253
192 291
182 281
14 113
79 178
167 266
112 211
192 291
0 99
82 181
89 188
28 127
26 125
111 210
39 138
191 290
75 174
21 120
53 152
161 260
112 211
20 119
1 100
10 109
174 273
72 171
100 199
129 228
190 289
195 294
44 143
158 257
169 268
179 278
44 143
197 296
71 170
122 221
88 187
24 123
126 225
111 210
148 247
158 257
79 178
83 182
195 294
25 124
39 138
93 192
150 249
166 265
61 160
143 242
107 206
85 184
165 264
87 186
144 243
6 105
88 187
112 211
20 119
100 199
14 113
105 204
190 289
132 231
120 219
101 200
187 286
74 173
127 226
146 245
4 103
193 292
156 255
2 101
192 291
35 134
168 267
131 230
154 253
154 253
114 213
148 247
182 281
67 166
115 214
53 152
84 183
151 250
112 211
19 118
159 258
173 272
26 125
37 136
23 122
20 119
151 250
82 181
154 253
57 156
100 199
179 278
104 203
139 238
85 184
90 189
20 119
59 158
133 232
57 156
151 250
44 143
153 252
114 213
43 142
126 225
142 241
90 189
56 155
55 154
163 262
186 285
175 274
123 222
44 143
169 268
41 140
21 120
46 145
188 287
73 172
110 209
2 101
158 257
52 151
168 267
33 132
40 139
8 107
37 136
95 194
190 289
197 296
146 245
177 276
170 269
112 211
188 287
113 212
156 255
91 190
27 126
125 224
102 201
17 116
129 228
154 253
109 208
129 228
95 194
177 276
103 202
96 195
34 133
69 168
120 219
127 226
128 227
127 226
26 125
34 133
25 124
2 101
117 216
1 100
175 274
159 258
158 257
8 107
119 218
19 118
19 118
9 108
134 233
124 223
144 243
21 120
112 211
122 221
110 209
101 200
172 271
34 133
146 245
50 149
140 239
189 288
149 248
85 184
24 123
158 257
22 121
135 234
175 274
25 124
77 176
130 229
32 131
50 149
85 184
89 188
44 143
177 276
46 145
164 263
101 200
70 169
111 210
63 162
22 121
111 210
56 155
12 111
39 138
70 169
155 254
13 112
189 288
179 278
47 146
155 254
175 274
31 130
66 165
128 227
38 137
96 195
136 235
150 249
174 273
145 244
57 156
131 230
47 146
19 118
47 146
79 178
35 134
133 232
88 187
186 285
155 254
127 226
21 120
74 173
16 115
54 153
61 160
138 237
147 246
165 264
85 184
111 210
3 102
182 281
96 195
71 170
19 118
192 291
17 116
159 258
41 140
115 214
98 197
114 213
28 127
46 145
159 258
124 223
44 143
30 129
135 234
130 229
74 173
40 139
106 205
113 212
31 130
105 204
80 179
32 131
6 105
178 277
54 153
35 134
72 171
115 214
142 241
56 155
78 177
137 236
51 150
187 286
185 284
44 143
88 187
33 132
51 150
80 179
13 112
169 268
27 126
119 218
178 277
78 177
168 267
2 101
31 130
192 291
86 185
31 130
117 216
7 106
161 260
147 246
128 227
85 184
45 144
152 251
103 202
74 173
27 126
142 241
106 205
97 196
140 239
3 102
129 228
103 202
183 282
73 172
133 232
114 213
74 173
1 100
89 188
90 189
144 243
35 134
23 122
173 272
183 282
9 108
156 255
182 281
53 152
14 113
53 152
172 271
89 188
79 178
43 142
51 150
73 172
71 170
171 270
159 258
24 123
167 266
79 178
20 119
34 133
71 170
100 199
78 177
160 259
119 218
96 195
180 279
111 210
15 114
23 122
119 218
21 120
81 180
76 175
74 173
37 136
60 159
14 113
53 152
12 111
162 261
96 195
9 108
162 261
87 186
107 206
188 287
176 275
61 160
186 285
125 224
153 252
127 226
46 145
43 142
100 199
134 233
20 119
121 220
43 142
94 193
187 286
144 243
49 148
43 142
197 296
62 161
19 118
28 127
145 244
54 153
6 105
187 286
58 157
141 240
22 121
140 239
70 169
65 164
3 102
124 223
51 150
81 180
21 120
169 268
13 112
89 188
115 214
12 111
123 222
61 160
131 230
19 118
8 107
155 254
191 290
115 214
184 283
89 188
13 112
65 164
38 137
145 244
186 285
108 207
43 142
61 160
166 265
124 223
122 221
41 140
77 176
109 208
86 185
104 203
31 130
85 184
151 250
29 128
172 271
130 229
162 261
127 226
110 209
157 256
157 256
105 204
151 250
119 218
79 178
122 221
15 114
180 279
39 138
193 292
116 215
106 205
103 202
92 191
179 278
141 240
41 140
101 200
4 103
176 275
112 211
81 180
84 183
52 151
26 125
194 293
138 237
191 290
14 113
186 285
13 112
133 232
109 208
96 195
74 173
22 121
96 195
50 149
76 175
21 120
28 127
101 200
75 174
1 100
175 274
173 272
130 229
86 185
113 212
165 264
112 211
85 184
99 198
171 270
13 112
13 112
26 125
136 235
165 264
141 240
17 116
173 272
56 155
64 163
154 253
131 230
23 122
63 162
181 280
189 288
40 139
93 192
169 268
1 100
174 273
197 296
131 230
188 287
4 103
39 138
81 180
30 129
8 107
43 142
136 235
109 208
57 156
91 190
48 147
197 296
23 122
178 277
95 194
93 192
120 219
68 167
179 278
70 169
45 144
164 263
172 271
159 258
24 123
52 151
6 105
95 194
100 199
100 199
77 176
139 238
5 104
80 179
92 191
91 190
190 289
177 276
67 166
152 251
112 211
70 169
196 295
94 193
72 171
114 213
116 215
163 262
167 266
96 195
187 286
114 213
71 170
30 129
183 282
133 232
125 224
157 256
147 246
79 178
82 181
37 136
149 248
72 171
185 284
29 128
145 244
16 115
143 242
21 120
115 214
167 266
87 186
58 157
14 113
47 146
110 209
132 231
144 243
196 295
15 114
160 259
1 100
91 190
52 151
124 223
129 228
192 291
2 101
172 271
187 286
135 234
23 122
54 153
163 262
142 241
35 134
186 285
151 250
89 188
118 217
169 268
119 218
18 117
77 176
32 131
183 282
82 181
55 154
128 227
109 208
129 228
149 248
35 134
146 245
195 294
93 192
54 153
164 263
66 165
77 176
114 213
155 254
104 203
28 127
47 146
95 194
40 139
68 167
148 247
95 194
82 181
180 279
63 162
163 262
59 158
151 250
5 104
1 100
66 165
29 128
94 193
69 168
28 127
174 273
124 223
89 188
178 277
172 271
127 226
146 245
169 268
190 289
191 290
10 109
169 268
181 280
191 290
3 102
185 284
33 132
20 119
177 276
38 137
149 248
5 104
20 119
124 223
194 293
72 171
186 285
156 255
57 156
24 123
112 211
5 104
172 271
167 266
49 148
62 161
108 207
187 286
177 276
118 217
30 129
154 253
90 189
72 171
12 111
185 284
187 286
144 243
164 263
144 243
94 193
13 112
48 147
52 151
193 292
31 130
191 290
79 178
90 189
108 207
61 160
68 167
137 236
68 167
53 152
154 253
107 206
64 163
159 258
106 205
101 200
44 143
120 219
128 227
101 200
76 175
78 177
75 174
100 199
115 214
177 276
17 116
162 261
86 185
137 236
190 289
84 183
139 238
123 222
62 161
93 192
195 294
68 167
188 287
39 138
175 274
15 114
71 170
71 170
84 183
151 250
90 189
170 269
53 152
153 252
76 175
2 101
177 276
123 222
84 183
96 195
85 184
5 104
52 151
194 293
169 268
185 284
69 168
156 255
191 290
173 272
183 282
102 201
175 274
62 161
193 292
31 130
164 263
0 99
80 179
176 275
26 125
128 227
6 105
98 197
33 132
189 288
84 183
188 287
109 208
28 127
85 184
178 277
79 178
169 268
34 133
90 189
55 154
130 229
92 191
14 113
102 201
196 295
194 293
2 101
64 163
26 125
144 243
41 140
116 215
145 244
32 131
39 138
68 167
29 128
98 197
136 235
22 121
122 221
96 195
0 99
98 197
56 155
147 246
52 151
40 139
117 216
47 146
22 121
142 241
121 220
152 251
168 267
183 282
154 253
141 240
127 226
111 210
81 180
184 283
48 147
61 160
157 256
134 233
137 236
29 128
188 287
96 195
55 154
137 236
127 226
87 186
184 283
160 259
17 116
177 276
72 171
156 255
14 113
108 207
103 202
66 165
137 236
104 203
16 115
52 151
112 211
176 275
98 197
39 138
111 210
24 123
4 103
87 186
87 186
70 169
85 184
32 131
159 258
85 184
104 203
37 136
28 127
6 105
35 134
68 167
38 137
177 276
9 108
16 115
101 200
191 290
157 256
190 289
135 234
30 129
74 173
69 168
157 256
127 226
153 252
140 239
131 230
9 108
81 180
165 264
86 185
94 193
55 154
57 156
89 188
31 130
163 262
26 125
177 276
158 257
91 190
127 226
27 126
60 159
129 228
17 116
39 138
186 285
106 205
168 267
5 104
55 154
43 142
11 110
193 292
156 255
152 251
183 282
129 228
197 296
82 181
13 112
191 290
180 279
180 279
123 222
56 155
61 160
85 184
117 216
77 176
42 141
161 260
74 173
113 212
45 144
117 216
35 134
11 110
27 126
185 284
124 223
141 240
157 256
138 237
63 162
43 142
172 271
147 246
35 134
116 215
188 287
102 201
55 154
137 236
144 243
146 245
9 108
63 162
5 104
22 121
153 252
170 269
5 104
24 123
38 137
31 130
32 131
79 178
172 271
126 225
6 105
141 240
31 130
37 136
44 143
154 253
113 212
197 296
101 200
81 180
193 292
28 127
108 207
84 183
44 143
158 257
84 183
68 167
24 123
89 188
36 135
4 103
162 261
77 176
42 141
89 188
128 227
90 189
183 282
84 183
161 260
53 152
36 135
34 133
80 179
92 191
73 172
136 235
32 131
84 183
109 208
171 270
178 277
100 199
129 228
104 203
149 248
33 132
131 230
14 113
144 243
32 131
30 129
154 253
136 235
194 293
18 117
160 259
132 231
83 182
165 264
126 225
19 118
157 256
120 219
39 138
74 173
84 183
113 212
66 165
147 246
3 102
16 115
56 155
79 178
48 147
157 256
170 269
21 120
171 270
45 144
45 144
133 232
41 140
33 132
41 140
162 261
67 166
191 290
112 211
122 221
181 280
88 187
188 287
86 185
70 169
111 210
69 168
48 147
102 201
11 110
5 104
129 228
2 101
165 264
84 183
183 282
178 277
183 282
119 218
173 272
94 193
147 246
180 279
107 206
141 240
96 195
31 130
7 106
187 286
58 157
158 257
76 175
15 114
122 221
165 264
192 291
188 287
71 170
124 223
177 276
5 104
26 125
153 252
128 227
21 120
190 289
5 104
56 155
147 246
70 169
34 133
1 100
33 132
178 277
138 237
72 171
172 271
165 264
22 121
1 100
170 269
126 225
116 215
148 247
153 252
75 174
107 206
96 195
40 139
35 134
132 231
152 251
36 135
126 225
73 172
145 244
180 279
91 190
29 128
197 296
53 152
65 164
12 111
194 293
173 272
7 106
92 191
55 154
184 283
185 284
85 184
191 290
162 261
132 231
160 259
112 211
22 121
146 245
80 179
71 170
161 260
153 252
3 102
118 217
138 237
9 108
193 292
45 144
141 240
162 261
196 295
33 132
160 259
189 288
173 272
92 191
147 246
146 245
100 199
104 203
122 221
122 221
156 255
73 172
142 241
55 154
157 256
91 190
94 193
14 113
173 272
126 225
28 127
129 228
148 247
140 239
188 287
177 276
16 115
174 273
126 225
115 214
2 101
92 191
139 238
100 199
150 249
110 209
149 248
52 151
126 225
185 284
62 161
114 213
87 186
125 224
178 277
9 108
179 278
154 253
177 276
185 284
160 259
40 139
4 103
46 145
7 106
62 161
50 149
168 267
127 226
37 136
174 273
35 134
78 177
16 115
27 126
180 279
36 135
108 207
69 168
123 222
27 126
13 112
178 277
30 129
81 180
81 180
76 175
130 229
116 215
182 281
99 198
181 280
21 120
164 263
138 237
8 107
133 232
128 227
139 238
146 245
170 269
191 290
85 184
78 177
159 258
64 163
23 122
116 215
171 270
15 114
63 162
70 169
37 136
107 206
165 264
159 258
23 122
98 197
96 195
87 186
154 253
92 191
81 180
66 165
38 137
9 108
116 215
145 244
135 234
99 198
122 221
156 255
189 288
7 106
53 152
78 177
98 197
161 260
164 263
15 114
105 204
152 251
51 150
145 244
37 136
150 249
25 124
77 176
124 223
100 199
145 244
147 246
145 244
56 155
161 260
117 216
172 271
99 198
56 155
37 136
85 184
110 209
127 226
152 251
193 292
112 211
14 113
142 241
22 121
149 248
111 210
27 126
108 207
86 185
135 234
166 265
64 163
74 173
128 227
162 261
147 246
121 220
132 231
50 149
13 112
162 261
61 160
65 164
98 197
95 194
42 141
10 109
100 199
133 232
194 293
79 178
86 185
48 147
47 146
68 167
39 138
56 155
0 99
66 165
70 169
169 268
181 280
80 179
195 294
70 169
30 129
159 258
144 243
44 143
16 115
121 220
40 139
103 202
92 191
138 237
36 135
54 153
100 199
141 240
143 242
122 221
194 293
7 106
48 147
99 198
25 124
114 213
94 193
177 276
176 275
104 203
126 225
194 293
125 224
161 260
53 152
186 285
19 118
136 235
12 111
21 120
118 217
186 285
197 296
123 222
182 281
117 216
34 133
84 183
115 214
157 256
131 230
151 250
177 276
125 224
1 100
124 223
137 236
137 236
18 117
176 275
111 210
104 203
38 137
5 104
29 128
130 229
19 118
153 252
20 119
110 209
121 220
159 258
70 169
77 176
156 255
157 256
190 289
64 163
166 265
15 114
43 142
28 127
58 157
185 284
89 188
110 209
6 105
71 170
96 195
13 112
80 179
48 147
21 120
46 145
81 180
101 200
150 249
150 249
62 161
22 121
195 294
10;156504
178 277
29 128
2 101
48 147
176 275
22 121
72 171
148 247
21 120
175 274
87 186
65 164
115 214
195 294
48 147
88 187
22 121
15 114
94 193
11 110
63 162
120 219
45 144
107 206
105 204
95 194
88 187
33 132
135 234
102 201
96 195
76 175
178 277
197 296
70 169
10 109
87 186
180 279
12 111
20 119
151 250
81 180
153 252
138 237
182 281
17 116
86 185
103 202
19 118
139 238
96 195
99 198
0 99
192 291
140 239
8 107
161 260
135 234
25 124
153 252
42 141
99 198
130 229
179 278
133 232
58 157
41 140
53 152
20 119
168 267
56 155
172 271
96 195
121 220
144 243
30 129
190 289
111 210
50 149
48 147
95 194
166 265
177 276
37 136
97 196
131 230
158 257
54 153
97 196
36 135
188 287
138 237
57 156
30 129
3 102
67 166
122 221
5 104
83 182
120 219
67 166
122 221
55 154
46 145
103 202
138 237
89 188
37 136
78 177
165 264
193 292
108 207
72 171
9 108
52 151
107 206
175 274
164 263
116 215
78 177
24 123
167 266
0 99
166 265
142 241
40 139
110 209
18 117
103 202
24 123
50 149
46 145
86 185
91 190
37 136
189 288
28 127
59 158
79 178
41 140
28 127
24 123
60 159
130 229
144 243
32 131
83 182
135 234
121 220
82 181
141 240
167 266
102 201
123 222
132 231
137 236
117 216
22 121
67 166
34 133
124 223
32 131
140 239
139 238
62 161
76 175
33 132
149 248
38 137
95 194
141 240
49 148
139 238
4 103
112 211
81 180
142 241
5 104
188 287
125 224
110 209
91 190
128 227
140 239
114 213
61 160
178 277
33 132
73 172
126 225
0 99
25 124
157 256
84 183
15 114
105 204
7 106
24 123
163 262
99 198
147 246
160 259
63 162
193 292
196 295
42 141
189 288
67 166
61 160
176 275
134 233
123 222
28 127
191 290
89 188
58 157
23 122
71 170
192 291
116 215
84 183
162 261
31 130
195 294
52 151
83 182
180 279
13 112
97 196
47 146
192 291
151 250
49 148
35 134
3 102
172 271
165 264
105 204
105 204
23 122
85 184
1 100
71 170
152 251
157 256
172 271
46 145
48 147
129 228
186 285
103 202
124 223
155 254
156 255
94 193
103 202
121 220
156 255
145 244
20 119
22 121
62 161
94 193
157 256
64 163
156 255
38 137
44 143
160 259
42 141
52 151
95 194
31 130
185 284
49 148
96 195
149 248
63 162
35 134
23 122
18 117
172 271
49 148
58 157
170 269
57 156
42 141
35 134
25 124
45 144
74 173
58 157
95 194
94 193
136 235
196 295
35 134
58 157
177 276
117 216
127 226
6 105
179 278
134 233
35 134
159 258
105 204
134 233
161 260
169 268
5 104
123 222
34 133
23 122
134 233
110 209
180 279
117 216
159 258
56 155
12 111
70 169
190 289
174 273
56 155
33 132
79 178
137 236
5 104
68 167
104 203
160 259
51 150
187 286
67 166
131 230
87 186
48 147
178 277
26 125
154 253
10 109
28 127
186 285
96 195
122 221
52 151
61 160
61 160
4 103
117 216
16 115
168 267
105 204
17 116
92 191
185 284
33 132
40 139
21 120
89 188
144 243
123 222
145 244
37 136
145 244
177 276
37 136
43 142
135 234
76 175
161 260
153 252
121 220
133 232
97 196
156 255
177 276
35 134
84 183
68 167
58 157
37 136
53 152
178 277
168 267
179 278
26 125
65 164
43 142
190 289
20 119
59 158
149 248
195 294
75 174
80 179
116 215
117 216
116 215
72 171
177 276
140 239
70 169
167 266
27 126
68 167
192 291
27 126
162 261
92 191
185 284
81 180
36 135
34 133
127 226
188 287
148 247
37 136
93 192
13 112
78 177
169 268
197 296
23 122
95 194
151 250
111 210
22 121
11 110
63 162
37 136
115 214
185 284
121 220
35 134
9 108
189 288
5 104
170 269
155 254
26 125
7 106
63 162
103 202
116 215
131 230
42 141
18 117
22 121
159 258
140 239
47 146
103 202
160 259
127 226
18 117
5 104
179 278
73 172
40 139
68 167
184 283
7 106
136 235
6 105
14 113
7 106
138 237
100 199
179 278
106 205
132 231
169 268
74 173
160 259
171 270
109 208
87 186
17 116
84 183
111 210
90 189
13 112
150 249
26 125
120 219
108 207
175 274
65 164
99 198
188 287
59 158
70 169
42 141
150 249
18 117
142 241
35 134
99 198
4 103
131 230
99 198
128 227
75 174
138 237
65 164
49 148
114 213
157 256
39 138
179 278
195 294
80 179
44 143
115 214
57 156
152 251
68 167
87 186
162 261
28 127
99 198
67 166
113 212
171 270
56 155
159 258
190 289
129 228
119 218
58 157
86 185
25 124
55 154
190 289
184 283
64 163
186 285
48 147
50 149
142 241
146 245
132 231
144 243
33 132
137 236
21 120
75 174
184 283
76 175
173 272
114 213
70 169
106 205
56 155
60 159
106 205
107 206
50 149
52 151
67 166
74 173
162 261
2 101
128 227
61 160
157 256
41 140
16 115
160 259
70 169
19 118
165 264
86 185
148 247
37 136
120 219
155 254
22 121
125 224
197 296
157 256
86 185
3 102
142 241
18 117
20 119
188 287
158 257
155 254
130 229
132 231
6 105
115 214
79 178
191 290
102 201
133 232
153 252
120 219
30 129
57 156
100 199
149 248
20 119
26 125
15 114
192 291
189 288
121 220
75 174
130 229
129 228
24 123
128 227
196 295
53 152
127 226
27 126
55 154
100 199
182 281
192 291
15 114
193 292
150 249
183 282
129 228
35 134
30 129
134 233
186 285
93 192
58 157
62 161
8 107
162 261
103 202
158 257
74 173
94 193
176 275
88 187
56 155
129 228
170 269
61 160
122 221
30 129
87 186
93 192
116 215
42 141
92 191
115 214
35 134
40 139
193 292
121 220
55 154
162 261
28 127
66 165
109 208
118 217
83 182
61 160
154 253
60 159
181 280
16 115
185 284
136 235
6 105
46 145
109 208
117 216
115 214
121 220
48 147
139 238
107 206
33 132
190 289
69 168
95 194
149 248
74 173
108 207
34 133
66 165
103 202
71 170
88 187
62 161
164 263
39 138
20 119
21 120
88 187
55 154
115 214
170 269
167 266
87 186
14 113
45 144
99 198
53 152
29 128
141 240
116 215
190 289
10 109
149 248
106 205
190 289
5 104
69 168
90 189
186 285
115 214
22 121
125 224
143 242
189 288
71 170
58 157
107 206
29 128
20 119
186 285
49 148
163 262
43 142
19 118
187 286
127 226
119 218
87 186
31 130
71 170
65 164
44 143
9 108
39 138
60 159
138 237
17 116
18 117
1 100
197 296
150 249
131 230
143 242
83 182
10 109
150 249
34 133
153 252
191 290
130 229
150 249
21 120
127 226
170 269
176 275
109 208
142 241
153 252
102 201
131 230
47 146
142 241
153 252
88 187
116 215
147 246
112 211
40 139
48 147
14 113
158 257
31 130
138 237
195 294
114 213
179 278
132 231
129 228
130 229
192 291
56 155
9 108
18 117
157 256
21 120
86 185
12 111
99 198
182 281
169 268
100 199
95 194
86 185
92 191
176 275
130 229
172 271
76 175
47 146
180 279
104 203
157 256
186 285
2 101
191 290
142 241
158 257
21 120
12 111
162 261
24 123
20 119
40 139
177 276
80 179
122 221
136 235
35 134
7 106
132 231
179 278
146 245
100 199
59 158
156 255
48 147
59 158
105 204
187 286
86 185
187 286
65 164
32 131
101 200
38 137
163 262
24 123
193 292
194 293
85 184
156 255
173 272
146 245
128 227
152 251
105 204
10 109
83 182
133 232
118 217
43 142
188 287
16 115
138 237
57 156
119 218
9 108
20 119
50 149
15 114
22 121
118 217
77 176
73 172
138 237
136 235
105 204
15 114
96 195
195 294
190 289
149 248
54 153
148 247
41 140
34 133
156 255
1 100
43 142
147 246
76 175
134 233
49 148
15 114
89 188
9 108
6 105
77 176
125 224
174 273
84 183
82 181
185 284
81 180
188 287
24 123
115 214
33 132
43 142
27 126
77 176
148 247
10 109
75 174
147 246
11 110
119 218
122 221
134 233
123 222
167 266
34 133
91 190
89 188
18 117
5 104
43 142
195 294
135 234
105 204
197 296
112 211
151 250
174 273
23 122
142 241
175 274
99 198
138 237
134 233
15 114
31 130
168 267
49 148
144 243
18 117
123 222
80 179
174 273
31 130
139 238
120 219
127 226
96 195
97 196
158 257
56 155
163 262
70 169
54 153
45 144
93 192
41 140
81 180
77 176
72 171
184 283
131 230
19 118
102 201
42 141
50 149
190 289
153 252
10 109
56 155
167 266
8 107
3 102
78 177
107 206
80 179
124 223
156 255
88 187
115 214
31 130
170 269
60 159
7 106
81 180
190 289
85 184
130 229
17 116
25 124
4 103
25 124
179 278
77 176
170 269
50 149
123 222
66 165
178 277
179 278
138 237
20 119
144 243
91 190
179 278
109 208
89 188
88 187
166 265
1 100
185 284
16 115
95 194
102 201
104 203
113 212
180 279
37 136
177 276
51 150
179 278
64 163
51 150
155 254
192 291
149 248
63 162
11 110
186 285
88 187
196 295
166 265
24 123
165 264
40 139
43 142
8 107
122 221
173 272
95 194
193 292
90 189
56 155
144 243
29 128
59 158
164 263
28 127
147 246
113 212
113 212
135 234
147 246
130 229
121 220
131 230
66 165
32 131
31 130
52 151
129 228
184 283
67 166
127 226
38 137
46 145
7 106
55 154
196 295
180 279
118 217
155 254
150 249
100 199
59 158
38 137
17 116
83 182
166 265
52 151
89 188
114 213
29 128
108 207
115 214
149 248
183 282
92 191
177 276
112 211
157 256
175 274
63 162
80 179
20 119
130 229
133 232
187 286
8 107
76 175
137 236
175 274
29 128
137 236
83 182
49 148
34 133
12 111
116 215
84 183
132 231
74 173
45 144
87 186
59 158
31 130
25 124
184 283
24 123
186 285
194 293
162 261
184 283
126 225
121 220
190 289
98 197
119 218
105 204
96 195
11 110
91 190
93 192
159 258
118 217
53 152
81 180
157 256
93 192
110 209
191 290
108 207
138 237
79 178
0 99
61 160
74 173
100 199
98 197
56 155
43 142
115 214
148 247
42 141
57 156
191 290
195 294
51 150
158 257
105 204
41 140
80 179
114 213
173 272
95 194
104 203
193 292
91 190
88 187
194 293
60 159
94 193
192 291
5 104
117 216
8 107
138 237
197 296
178 277
88 187
19 118
57 156
172 271
24 123
184 283
23 122
180 279
55 154
153 252
180 279
29 128
161 260
127 226
108 207
80 179
164 263
87 186
107 206
116 215
170 269
158 257
50 149
29 128
144 243
125 224
110 209
71 170
35 134
5 104
184 283
17 116
165 264
20 119
49 148
185 284
187 286
55 154
50 149
54 153
7 106
122 221
161 260
68 167
102 201
42 141
58 157
159 258
152 251
11 110
115 214
135 234
76 175
120 219
183 282
65 164
45 144
105 204
108 207
168 267
151 250
13 112
104 203
121 220
181 280
156 255
73 172
6 105
32 131
33 132
171 270
193 292
130 229
49 148
95 194
135 234
108 207
88 187
24 123
135 234
107 206
84 183
94 193
54 153
2 101
171 270
146 245
133 232
138 237
26 125
82 181
105 204
3 102
30 129
174 273
64 163
118 217
54 153
91 190
45 144
35 134
49 148
27 126
129 228
183 282
152 251
195 294
114 213
38 137
163 262
107 206
103 202
50 149
138 237
68 167
163 262
12 111
93 192
90 189
28 127
85 184
46 145
23 122
140 239
98 197
97 196
156 255
104 203
40 139
46 145
56 155
29 128
83 182
131 230
185 284
143 242
33 132
24 123
178 277
72 171
97 196
96 195
40 139
39 138
105 204
116 215
105 204
55 154
22 121
81 180
52 151
154 253
9 108
71 170
32 131
105 204
157 256
131 230
46 145
137 236
112 211
43 142
102 201
140 239
118 217
14 113
135 234
152 251
77 176
69 168
142 241
86 185
197 296
190 289
89 188
110 209
170 269
122 221
10 109
8 107
99 198
143 242
37 136
135 234
50 149
121 220
41 140
83 182
179 278
196 295
188 287
52 151
151 250
26 125
165 264
148 247
25 124
178 277
197 296
31 130
149 248
20 119
138 237
179 278
80 179
163 262
108 207
166 265
104 203
74 173
79 178
66 165
4 103
115 214
0 99
34 133
19 118
75 174
158 257
127 226
64 163
173 272
56 155
28 127
127 226
146 245
108 207
82 181
124 223
172 271
1 100
42 141
15 114
165 264
145 244
29 128
110 209
138 237
60 159
124 223
194 293
132 231
164 263
151 250
38 137
64 163
56 155
31 130
192 291
46 145
168 267
10 109
104 203
123 222
192 291
118 217
38 137
184 283
146 245
117 216
23 122
127 226
136 235
76 175
61 160
33 132
22 121
29 128
156 255
141 240
138 237
85 184
16 115
66 165
83 182
141 240
97 196
108 207
53 152
89 188
166 265
64 163
7 106
25 124
178 277
137 236
188 287
3 102
135 234
10 109
30 129
165 264
110 209
179 278
58 157
100 199
165 264
16 115
165 264
152 251
165 264
175 274
75 174
145 244
138 237
18 117
172 271
78 177
186 285
171 270
101 200
193 292
180 279
125 224
18 117
155 254
14 113
56 155
83 182
69 168
36 135
48 147
101 200
49 148
154 253
138 237
115 214
121 220
67 166
169 268
15 114
72 171
168 267
119 218
121 220
60 159
77 176
144 243
19 118
110 209
195 294
138 237
150 249
89 188
11 110
179 278
122 221
175 274
16 115
37 136
108 207
169 268
3 102
85 184
138 237
113 212
118 217
40 139
156 255
99 198
105 204
142 241
100 199
125 224
175 274
88 187
191 290
29 128
75 174
122 221
49 148
25 124
106 205
139 238
33 132
30 129
156 255
129 228
73 172
66 165
82 181
74 173
86 185
83 182
176 275
98 197
16 115
137 236
114 213
140 239
111 210
8 107
146 245
92 191
16 115
196 295
43 142
155 254
175 274
108 207
160 259
55 154
169 268
131 230
161 260
122 221
88 187
96 195
197 296
40 139
121 220
42 141
175 274
132 231
88 187
123 222
44 143
134 233
141 240
46 145
118 217
124 223
184 283
129 228
112 211
163 262
33 132
58 157
96 195
24 123
165 264
163 262
50 149
9 108
37 136
65 164
130 229
18 117
143 242
42 141
13 112
36 135
183 282
96 195
164 263
101 200
197 296
88 187
61 160
145 244
133 232
39 138
19 118
182 281
49 148
15 114
118 217
108 207
169 268
24 123
137 236
148 247
155 254
18 117
84 183
129 228
121 220
183 282
75 174
150 249
103 202
14 113
152 251
15 114
95 194
36 135
34 133
124 223
56 155
90 189
40 139
20 119
161 260
182 281
28 127
84 183
167 266
169 268
100 199
55 154
140 239
165 264
144 243
82 181
110 209
184 283
178 277
175 274
30 129
139 238
3 102
45 144
156 255
149 248
114 213
36 135
144 243
63 162
94 193
146 245
88 187
188 287
42 141
28 127
111 210
85 184
184 283
30 129
153 252
43 142
167 266
58 157
102 201
159 258
16 115
83 182
19 118
113 212
40 139
107 206
154 253
192 291
92 191
123 222
149 248
68 167
70 169
133 232
93 192
173 272
189 288
104 203
179 278
171 270
18 117
28 127
155 254
90 189
69 168
49 148
26 125
122 221
177 276
18 117
79 178
150 249
49 148
60 159
10 109
125 224
140 239
122 221
122 221
188 287
183 282
55 154
121 220
81 180
164 263
31 130
78 177
27 126
54 153
179 278
154 253
74 173
71 170
178 277
114 213
135 234
111 210
5 104
18 117
23 122
82 181
154 253
35 134
120 219
146 245
37 136
3 102
90 189
121 220
83 182
82 181
148 247
53 152
177 276
35 134
54 153
36 135
182 281
47 146
136 235
150 249
104 203
42 141
96 195
109 208
80 179
148 247
106 205
15 114
51 150
158 257
72 171
34 133
171 270
127 226
124 223
14 113
153 252
94 193
143 242
156 255
148 247
141 240
89 188
59 158
136 235
4 103
82 181
86 185
187 286
185 284
152 251
104 203
143 242
163 262
153 252
107 206
177 276
171 270
149 248
170 269
0 99
186 285
37 136
55 154
173 272
27 126
44 143
186 285
64 163
105 204
41 140
138 237
145 244
134 233
115 214
65 164
153 252
61 160
35 134
112 211
48 147
116 215
14 113
22 121
179 278
37 136
40 139
127 226
121 220
42 141
155 254
22 121
144 243
50 149
8 107
124 223
183 282
153 252
190 289
30 129
145 244
92 191
130 229
53 152
171 270
32 131
163 262
84 183
135 234
113 212
0 99
160 259
28 127
27 126
197 296
145 244
81 180
184 283
183 282
47 146
161 260
174 273
156 255
94 193
106 205
40 139
160 259
78 177
10 109
129 228
106 205
187 286
164 263
9 108
193 292
135 234
120 219
140 239
3 102
28 127
16 115
76 175
39 138
54 153
190 289
153 252
129 228
27 126
151 250
85 184
122 221
14 113
5 104
35 134
37 136
7 106
168 267
31 130
23 122
51 150
152 251
104 203
23 122
41 140
128 227
166 265
146 245
29 128
49 148
172 271
31 130
127 226
144 243
197 296
156 255
113 212
157 256
73 172
164 263
187 286
113 212
25 124
28 127
21 120
118 217
90 189
103 202
125 224
116 215
164 263
58 157
105 204
79 178
113 212
49 148
14 113
74 173
66 165
57 156
179 278
160 259
89 188
77 176
193 292
165 264
86 185
27 126
12 111
86 185
34 133
32 131
89 188
169 268
45 144
19 118
148 247
12 111
177 276
100 199
122 221
185 284
61 160
29 128
97 196
180 279
73 172
83 182
58 157
171 270
151 250
14 113
38 137
133 232
185 284
39 138
18 117
185 284
46 145
156 255
178 277
152 251
24 123
22 121
128 227
68 167
161 260
113 212
137 236
183 282
5 104
0 99
174 273
166 265
108 207
170 269
61 160
20 119
9 108
179 278
170 269
114 213
21 120
45 144
174 273
175 274
157 256
77 176
5 104
42 141
57 156
139 238
97 196
194 293
175 274
17 116
133 232
14 113
94 193
169 268
139 238
88 187
97 196
28 127
105 204
133 232
47 146
192 291
113 212
67 166
151 250
176 275
8 107
42 141
70 169
96 195
34 133
24 123
9 108
70 169
58 157
174 273
140 239
197 296
91 190
119 218
60 159
132 231
62 161
132 231
66 165
160 259
103 202
167 266
123 222
115 214
19 118
80 179
101 200
58 157
75 174
169 268
179 278
136 235
16 115
47 146
124 223
5 104
127 226
24 123
8 107
118 217
67 166
50 149
111 210
187 286
11 110
162 261
84 183
43 142
20 119
25 124
186 285
180 279
197 296
97 196
83 182
159 258
194 293
28 127
34 133
11 110
143 242
106 205
114 213
87 186
75 174
18 117
185 284
33 132
147 246
57 156
146 245
81 180
110 209
155 254
9 108
12 111
11 110
31 130
45 144
132 231
44 143
78 177
185 284
63 162
170 269
85 184
180 279
182 281
60 159
111 210
54 153
101 200
59 158
127 226
123 222
47 146
86 185
59 158
29 128
65 164
116 215
96 195
76 175
140 239
22 121
146 245
130 229
97 196
160 259
117 216
191 290
191 290
123 222
112 211
140 239
53 152
54 153
84 183
151 250
57 156
28 127
55 154
50 149
93 192
148 247
132 231
115 214
127 226
99 198
78 177
22 121
153 252
57 156
32 131
149 248
20 119
167 266
143 242
190 289
193 292
85 184
165 264
49 148
67 166
161 260
47 146
109 208
65 164
7 106
5 104
159 258
99 198
53 152
94 193
91 190
178 277
195 294
108 207
192 291
31 130
107 206
108 207
181 280
61 160
84 183
193 292
146 245
173 272
144 243
43 142
153 252
140 239
157 256
33 132
112 211
139 238
192 291
15 114
166 265
180 279
146 245
174 273
54 153
109 208
176 275
53 152
93 192
190 289
53 152
123 222
37 136
100 199
49 148
130 229
196 295
192 291
163 262
138 237
97 196
185 284
144 243
73 172
126 225
171 270
131 230
62 161
145 244
48 147
93 192
21 120
101 200
65 164
116 215
88 187
5 104
15 114
54 153
115 214
157 256
56 155
6 105
58 157
173 272
20 119
1 100
26 125
141 240
132 231
21 120
161 260
111 210
156 255
34 133
190 289
136 235
55 154
171 270
189 288
4 103
57 156
186 285
178 277
136 235
11 110
112 211
155 254
177 276
197 296
136 235
158 257
150 249
100 199
74 173
123 222
126 225
114 213
155 254
4 103
52 151
173 272
62 161
138 237
47 146
115 214
69 168
49 148
195 294
115 214
133 232
126 225
9 108
164 263
181 280
169 268
151 250
82 181
25 124
158 257
32 131
125 224
136 235
128 227
193 292
84 183
184 283
91 190
76 175
73 172
80 179
5 104
50 149
167 266
47 146
166 265
75 174
185 284
68 167
122 221
9 108
145 244
123 222
114 213
178 277
147 246
116 215
4 103
134 233
103 202
152 251
52 151
10 109
158 257
88 187
20 119
139 238
75 174
98 197
44 143
63 162
197 296
173 272
35 134
44 143
136 235
177 276
52 151
17 116
7 106
52 151
28 127
2 101
138 237
9 108
45 144
181 280
56 155
152 251
194 293
132 231
158 257
184 283
162 261
112 211
8 107
38 137
41 140
120 219
30 129
13 112
102 201
112 211
47 146
102 201
73 172
41 140
131 230
104 203
193 292
193 292
133 232
88 187
165 264
122 221
39 138
9 108
117 216
91 190
8 107
163 262
25 124
111 210
195 294
48 147
33 132
54 153
184 283
151 250
71 170
126 225
49 148
106 205
21 120
89 188
160 259
51 150
56 155
26 125
82 181
92 191
195 294
175 274
0 99
127 226
98 197
55 154
156 255
66 165
41 140
102 201
108 207
90 189
62 161
176 275
113 212
90 189
49 148
64 163
85 184
56 155
177 276
137 236
130 229
68 167
106 205
168 267
161 260
111 210
104 203
26 125
136 235
175 274
78 177
155 254
24 123
20 119
131 230
47 146
170 269
86 185
87 186
175 274
82 181
105 204
195 294
193 292
77 176
131 230
150 249
195 294
73 172
69 168
104 203
123 222
92 191
79 178
88 187
128 227
131 230
163 262
197 296
65 164
80 179
23 122
79 178
117 216
146 245
96 195
196 295
38 137
194 293
156 255
15 114
78 177
62 161
87 186
61 160
36 135
185 284
3 102
20 119
1 100
69 168
22 121
34 133
165 264
71 170
115 214
5 104
58 157
157 256
149 248
67 166
166 265
164 263
129 228
36 135
155 254
179 278
149 248
124 223
13 112
137 236
67 166
176 275
28 127
29 128
164 263
142 241
145 244
141 240
40 139
180 279
68 167
128 227
171 270
178 277
170 269
177 276
49 148
2 101
4 103
11 110
99 198
183 282
32 131
131 230
184 283
77 176
63 162
48 147
67 166
118 217
158 257
113 212
170 269
118 217
192 291
126 225
141 240
123 222
33 132
156 255
28 127
158 257
190 289
131 230
178 277
75 174
75 174
157 256
158 257
22 121
65 164
178 277
126 225
143 242
105 204
142 241
130 229
93 192
173 272
18 117
46 145
65 164
50 149
131 230
173 272
71 170
58 157
170 269
82 181
148 247
11 110
38 137
130 229
187 286
5 104
59 158
42 141
149 248
195 294
62 161
1 100
1 100
9 108
117 216
152 251
147 246
137 236
16 115
47 146
99 198
92 191
86 185
66 165
45 144
48 147
187 286
190 289
30 129
76 175
74 173
156 255
117 216
38 137
56 155
52 151
179 278
134 233
86 185
51 150
65 164
151 250
163 262
141 240
3 102
103 202
69 168
66 165
3 102
110 209
184 283
116 215
130 229
23 122
78 177
104 203
115 214
52 151
100 199
79 178
7 106
92 191
196 295
1 100
45 144
98 197
177 276
84 183
186 285
131 230
41 140
104 203
182 281
61 160
38 137
105 204
136 235
33 132
93 192
143 242
187 286
98 197
24 123
47 146
10 109
137 236
132 231
91 190
169 268
90 189
55 154
140 239
69 168
85 184
146 245
17 116
171 270
193 292
62 161
112 211
130 229
197 296
196 295
74 173
161 260
9 108
8 107
91 190
178 277
7 106
153 252
185 284
160 259
123 222
19 118
7 106
165 264
141 240
46 145
98 197
10 109
80 179
48 147
29 128
177 276
53 152
153 252
24 123
87 186
48 147
3 102
19 118
43 142
181 280
184 283
97 196
139 238
67 166
50 149
78 177
70 169
85 184
131 230
173 272
169 268
58 157
162 261
161 260
121 220
107 206
22 121
148 247
194 293
160 259
90 189
37 136
45 144
21 120
18 117
83 182
44 143
108 207
122 221
156 255
101 200
12 111
102 201
160 259
32 131
120 219
126 225
56 155
24 123
87 186
8 107
12 111
196 295
23 122
106 205
11 110
160 259
159 258
153 252
143 242
83 182
120 219
183 282
36 135
15 114
60 159
122 221
66 165
54 153
17 116
18 117
123 222
196 295
78 177
78 177
97 196
10 109
38 137
21 120
23 122
73 172
46 145
173 272
187 286
46 145
29 128
12 111
162 261
139 238
191 290
148 247
97 196
19 118
116 215
80 179
160 259
121 220
129 228
82 181
187 286
126 225
98 197
0 99
49 148
10 109
147 246
141 240
140 239
186 285
73 172
144 243
64 163
110 209
114 213
174 273
37 136
38 137
25 124
11 110
19 118
81 180
126 225
98 197
120 219
166 265
52 151
196 295
161 260
175 274
63 162
101 200
125 224
118 217
72 171
93 192
88 187
93 192
157 256
174 273
104 203
121 220
32 131
189 288
112 211
126 225
103 202
87 186
164 263
133 232
146 245
93 192
5 104
13 112
85 184
107 206
174 273
49 148
81 180
64 163
116 215
81 180
103 202
62 161
7 106
9 108
95 194
6 105
30 129
71 170
71 170
27 126
138 237
142 241
133 232
166 265
177 276
92 191
170 269
160 259
108 207
92 191
70 169
77 176
62 161
168 267
2 101
39 138
133 232
131 230
196 295
193 292
105 204
8 107
17 116
71 170
107 206
27 126
78 177
175 274
147 246
79 178
105 204
25 124
75 174
102 201
68 167
51 150
32 131
162 261
167 266
111 210
164 263
104 203
14 113
39 138
58 157
62 161
191 290
125 224
90 189
27 126
40 139
139 238
79 178
32 131
18 117
57 156
87 186
165 264
102 201
171 270
151 250
97 196
53 152
29 128
192 291
106 205
175 274
182 281
68 167
155 254
94 193
194 293
80 179
96 195
130 229
29 128
34 133
181 280
114 213
162 261
64 163
158 257
31 130
116 215
39 138
120 219
5 104
184 283
108 207
86 185
74 173
70 169
87 186
43 142
135 234
74 173
2 101
16 115
20 119
38 137
162 261
139 238
89 188
6 105
117 216
106 205
129 228
117 216
163 262
179 278
53 152
51 150
127 226
127 226
61 160
28 127
22 121
109 208
190 289
21 120
136 235
185 284
88 187
88 187
42 141
113 212
77 176
71 170
113 212
177 276
87 186
67 166
153 252
22 121
96 195
10 109
73 172
96 195
189 288
136 235
176 275
16 115
104 203
77 176
9 108
131 230
95 194
45 144
142 241
85 184
196 295
149 248
58 157
142 241
147 246
21 120
55 154
0 99
161 260
174 273
43 142
136 235
92 191
194 293
184 283
2 101
155 254
143 242
17 116
62 161
180 279
117 216
152 251
134 233
88 187
64 163
44 143
189 288
4 103
12 111
110 209
162 261
153 252
165 264
79 178
113 212
110 209
194 293
59 158
100 199
9 108
2 101
135 234
119 218
42 141
158 257
23 122
60 159
145 244
119 218
5 104
186 285
183 282
152 251
102 201
30 129
66 165
68 167
35 134
159 258
14 113
37 136
13 112
21 120
0 99
19 118
159 258
88 187
5 104
90 189
151 250
136 235
161 260
31 130
160 259
98 197
83 182
55 154
125 224
35 134
17 116
143 242
0 99
102 201
57 156
63 162
130 229
107 206
155 254
174 273
175 274
52 151
128 227
87 186
134 233
153 252
66 165
182 281
134 233
27 126
16 115
84 183
9 108
102 201
194 293
162 261
78 177
63 162
72 171
92 191
162 261
193 292
187 286
27 126
18 117
10 109
3 102
32 131
39 138
1 100
184 283
180 279
17 116
72 171
9 108
97 196
103 202
36 135
105 204
120 219
116 215
169 268
95 194
83 182
142 241
24 123
38 137
156 255
124 223
122 221
128 227
109 208
140 239
106 205
65 164
59 158
134 233
64 163
100 199
87 186
178 277
76 175
61 160
153 252
11 110
166 265
58 157
127 226
160 259
13 112
105 204
168 267
23 122
111 210
167 266
192 291
131 230
167 266
81 180
107 206
79 178
137 236
97 196
80 179
96 195
23 122
34 133
36 135
176 275
5 104
41 140
141 240
51 150
5 104
53 152
190 289
96 195
169 268
29 128
110 209
161 260
197 296
177 276
124 223
168 267
187 286
166 265
72 171
57 156
124 223
166 265
118 217
32 131
88 187
121 220
136 235
173 272
30 129
49 148
107 206
191 290
32 131
12 111
122 221
42 141
61 160
157 256
82 181
47 146
166 265
188 287
31 130
156 255
120 219
45 144
15 114
192 291
19 118
42 141
163 262
138 237
1 100
74 173
85 184
25 124
132 231
88 187
105 204
81 180
114 213
14 113
28 127
8 107
62 161
23 122
25 124
111 210
26 125
77 176
71 170
26 125
71 170
128 227
125 224
138 237
145 244
42 141
26 125
125 224
141 240
73 172
42 141
43 142
159 258
190 289
122 221
125 224
164 263
126 225
87 186
36 135
55 154
29 128
93 192
6 105
97 196
113 212
186 285
61 160
65 164
4 103
91 190
148 247
42 141
144 243
19 118
187 286
64 163
20 119
61 160
160 259
162 261
190 289
39 138
192 291
48 147
59 158
126 225
186 285
163 262
149 248
75 174
79 178
149 248
47 146
67 166
29 128
5 104
195 294
25 124
63 162
6 105
10 109
84 183
123 222
127 226
6 105
177 276
138 237
108 207
103 202
89 188
115 214
47 146
145 244
40 139
59 158
147 246
89 188
61 160
79 178
118 217
33 132
31 130
66 165
124 223
35 134
26 125
15 114
120 219
153 252
122 221
130 229
92 191
160 259
123 222
32 131
136 235
176 275
54 153
64 163
95 194
92 191
161 260
85 184
195 294
51 150
154 253
80 179
159 258
118 217
63 162
114 213
145 244
165 264
97 196
109 208
160 259
27 126
60 159
7 106
178 277
150 249
55 154
121 220
176 275
91 190
53 152
14 113
52 151
2 101
44 143
185 284
115 214
45 144
126 225
86 185
184 283
163 262
83 182
152 251
64 163
85 184
9 108
111 210
9 108
36 135
53 152
55 154
51 150
27 126
4 103
50 149
181 280
9 108
121 220
86 185
96 195
31 130
191 290
26 125
42 141
94 193
11 110
144 243
111 210
176 275
12 111
169 268
101 200
156 255
84 183
177 276
72 171
111 210
44 143
106 205
12 111
164 263
23 122
64 163
136 235
183 282
132 231
46 145
153 252
81 180
115 214
119 218
166 265
52 151
194 293
108 207
76 175
149 248
197 296
97 196
173 272
177 276
42 141
196 295
112 211
39 138
189 288
179 278
148 247
45 144
97 196
21 120
52 151
134 233
33 132
67 166
153 252
12 111
106 205
108 207
120 219
51 150
25 124
71 170
114 213
189 288
178 277
53 152
66 165
25 124
180 279
59 158
80 179
131 230
85 184
158 257
138 237
170 269
173 272
162 261
78 177
0 99
3 102
145 244
131 230
191 290
126 225
114 213
129 228
136 235
120 219
179 278
107 206
175 274
18 117
134 233
29 128
124 223
108 207
112 211
3 102
146 245
128 227
14 113
101 200
27 126
180 279
188 287
133 232
108 207
72 171
46 145
144 243
20 119
34 133
94 193
0 99
21 120
53 152
189 288
44 143
174 273
130 229
21 120
42 141
190 289
8 107
165 264
91 190
85 184
76 175
136 235
159 258
47 146
23 122
125 224
157 256
69 168
187 286
192 291
163 262
131 230
72 171
24 123
119 218
4 103
80 179
20 119
12 111
54 153
44 143
193 292
138 237
68 167
120 219
154 253
71 170
145 244
3 102
171 270
95 194
88 187
132 231
127 226
9 108
35 134
102 201
52 151
176 275
148 247
103 202
95 194
194 293
126 225
28 127
180 279
51 150
30 129
165 264
123 222
189 288
186 285
115 214
69 168
18 117
175 274
162 261
180 279
82 181
96 195
189 288
8 107
78 177
104 203
170 269
89 188
91 190
88 187
25 124
89 188
157 256
61 160
0 99
104 203
2 101
168 267
159 258
55 154
47 146
44 143
151 250
191 290
26 125
173 272
46 145
34 133
122 221
70 169
179 278
164 263
143 242
8 107
59 158
13 112
114 213
3 102
98 197
107 206
117 216
193 292
108 207
127 226
44 143
48 147
99 198
103 202
66 165
74 173
37 136
155 254
48 147
129 228
135 234
71 170
196 295
150 249
99 198
83 182
50 149
180 279
62 161
73 172
171 270
39 138
112 211
7 106
92 191
134 233
167 266
148 247
159 258
159 258
25 124
49 148
93 192
33 132
185 284
127 226
37 136
114 213
84 183
163 262
87 186
38 137
57 156
182 281
192 291
17 116
179 278
115 214
116 215
12 111
18 117
33 132
178 277
42 141
163 262
157 256
156 255
41 140
16 115
175 274
163 262
65 164
102 201
41 140
163 262
17 116
23 122
20 119
70 169
154 253
73 172
184 283
129 228
31 130
27 126
101 200
24 123
22 121
169 268
155 254
67 166
112 211
149 248
32 131
14 113
184 283
186 285
34 133
80 179
159 258
157 256
70 169
146 245
15 114
189 288
80 179
12 111
58 157
137 236
139 238
35 134
29 128
175 274
147 246
103 202
185 284
20 119
141 240
34 133
143 242
109 208
120 219
3 102
111 210
32 131
106 205
181 280
161 260
69 168
193 292
24 123
113 212
175 274
129 228
138 237
106 205
79 178
92 191
124 223
181 280
58 157
175 274
68 167
142 241
180 279
90 189
107 206
3 102
94 193
83 182
146 245
177 276
154 253
69 168
122 221
105 204
183 282
36 135
72 171
99 198
59 158
76 175
17 116
190 289
125 224
121 220
120 219
132 231
5 104
24 123
187 286
78 177
15 114
140 239
30 129
180 279
58 157
76 175
169 268
140 239
23 122
15 114
145 244
41 140
104 203
86 185
195 294
145 244
38 137
85 184
91 190
58 157
24 123
8 107
196 295
86 185
10 109
175 274
24 123
159 258
45 144
183 282
154 253
97 196
68 167
72 171
74 173
41 140
72 171
197 296
70 169
120 219
174 273
62 161
183 282
104 203
128 227
143 242
119 218
101 200
95 194
57 156
183 282
107 206
108 207
66 165
68 167
144 243
119 218
111 210
49 148
7 106
167 266
194 293
127 226
48 147
160 259
79 178
36 135
179 278
19 118
94 193
38 137
102 201
117 216
161 260
29 128
51 150
167 266
152 251
67 166
160 259
105 204
14 113
127 226
138 237
46 145
131 230
154 253
26 125
6 105
181 280
179 278
117 216
38 137
60 159
176 275
6 105
148 247
113 212
43 142
96 195
94 193
192 291
151 250
45 144
131 230
166 265
23 122
184 283
130 229
124 223
9 108
38 137
79 178
193 292
160 259
109 208
163 262
133 232
197 296
176 275
36 135
176 275
154 253
188 287
29 128
175 274
145 244
36 135
22 121
111 210
89 188
105 204
90 189
176 275
64 163
51 150
90 189
122 221
22 121
167 266
106 205
48 147
82 181
14 113
43 142
22 121
68 167
74 173
134 233
86 185
159 258
160 259
168 267
21 120
97 196
12 111
161 260
178 277
131 230
62 161
167 266
84 183
170 269
171 270
23 122
160 259
146 245
77 176
98 197
155 254
160 259
77 176
194 293
123 222
150 249
180 279
46 145
128 227
18 117
158 257
163 262
5 104
7 106
178 277
133 232
24 123
46 145
30 129
184 283
179 278
8 107
17 116
31 130
145 244
31 130
186 285
138 237
132 231
63 162
149 248
63 162
77 176
180 279
122 221
71 170
56 155
53 152
81 180
1 100
133 232
111 210
69 168
125 224
153 252
159 258
191 290
22 121
114 213
69 168
114 213
181 280
29 128
48 147
189 288
106 205
141 240
156 255
197 296
171 270
114 213
39 138
177 276
76 175
73 172
45 144
75 174
106 205
119 218
35 134
76 175
182 281
103 202
165 264
66 165
119 218
145 244
40 139
150 249
131 230
18 117
191 290
121 220
147 246
130 229
184 283
102 201
20 119
158 257
183 282
84 183
169 268
135 234
73 172
162 261
185 284
102 201
16 115
63 162
101 200
159 258
128 227
148 247
171 270
159 258
37 136
13 112
111 210
176 275
122 221
24 123
124 223
29 128
164 263
190 289
29 128
154 253
190 289
157 256
88 187
96 195
139 238
131 230
137 236
44 143
126 225
48 147
120 219
83 182
96 195
6 105
90 189
113 212
101 200
59 158
166 265
100 199
49 148
46 145
45 144
172 271
126 225
138 237
112 211
26 125
49 148
68 167
89 188
143 242
125 224
97 196
156 255
64 163
120 219
51 150
78 177
29 128
74 173
18 117
84 183
14 113
193 292
33 132
127 226
19 118
139 238
99 198
52 151
149 248
6 105
172 271
124 223
64 163
15 114
123 222
171 270
69 168
180 279
120 219
9 108
110 209
7 106
84 183
85 184
24 123
55 154
197 296
113 212
45 144
171 270
109 208
3 102
25 124
87 186
161 260
173 272
128 227
17 116
73 172
83 182
18 117
61 160
43 142
71 170
109 208
139 238
172 271
100 199
100 199
67 166
178 277
85 184
134 233
26 125
119 218
175 274
150 249
120 219
27 126
191 290
81 180
111 210
134 233
97 196
29 128
110 209
138 237
103 202
13 112
11 110
146 245
35 134
56 155
143 242
94 193
119 218
78 177
18 117
67 166
192 291
89 188
1 100
177 276
182 281
171 270
102 201
131 230
122 221
21 120
10 109
31 130
100 199
116 215
36 135
189 288
195 294
4 103
119 218
136 235
155 254
35 134
53 152
138 237
52 151
93 192
176 275
139 238
177 276
39 138
28 127
19 118
103 202
36 135
19 118
62 161
188 287
62 161
111 210
134 233
104 203
178 277
150 249
44 143
130 229
132 231
56 155
38 137
160 259
137 236
32 131
187 286
35 134
130 229
117 216
36 135
92 191
93 192
194 293
98 197
80 179
18 117
76 175
146 245
83 182
104 203
97 196
60 159
80 179
29 128
157 256
153 252
149 248
145 244
4 103
36 135
16 115
60 159
44 143
76 175
25 124
125 224
16 115
172 271
105 204
146 245
69 168
56 155
143 242
179 278
179 278
47 146
51 150
74 173
166 265
46 145
124 223
140 239
180 279
55 154
6 105
192 291
102 201
37 136
134 233
113 212
135 234
35 134
25 124
134 233
32 131
194 293
185 284
152 251
92 191
62 161
157 256
124 223
28 127
43 142
33 132
73 172
19 118
52 151
129 228
166 265
145 244
145 244
100 199
60 159
158 257
38 137
159 258
47 146
154 253
139 238
140 239
133 232
129 228
111 210
94 193
196 295
114 213
119 218
41 140
97 196
156 255
175 274
124 223
15 114
132 231
70 169
175 274
75 174
136 235
71 170
69 168
57 156
118 217
193 292
49 148
73 172
18 117
33 132
33 132
62 161
99 198
93 192
82 181
138 237
182 281
103 202
124 223
191 290
170 269
143 242
80 179
52 151
92 191
154 253
0 99
11 110
32 131
116 215
40 139
133 232
135 234
193 292
163 262
6 105
111 210
160 259
14 113
108 207
96 195
125 224
129 228
82 181
18 117
82 181
189 288
89 188
7 106
170 269
55 154
194 293
96 195
29 128
52 151
41 140
40 139
173 272
125 224
156 255
195 294
0 99
178 277
57 156
109 208
75 174
101 200
135 234
155 254
197 296
22 121
119 218
100 199
66 165
117 216
37 136
75 174
90 189
94 193
140 239
180 279
158 257
34 133
104 203
127 226
26 125
11 110
134 233
23 122
186 285
67 166
168 267
9 108
57 156
73 172
115 214
51 150
89 188
160 259
20 119
29 128
126 225
21 120
95 194
157 256
91 190
41 140
197 296
38 137
164 263
106 205
128 227
77 176
71 170
88 187
148 247
73 172
94 193
94 193
139 238
68 167
143 242
169 268
108 207
25 124
19 118
39 138
43 142
178 277
62 161
197 296
169 268
17 116
85 184
148 247
50 149
155 254
60 159
180 279
56 155
71 170
72 171
81 180
79 178
56 155
156 255
80 179
154 253
132 231
118 217
23 122
48 147
109 208
154 253
67 166
102 201
136 235
86 185
85 184
54 153
120 219
108 207
174 273
100 199
11 110
108 207
89 188
169 268
158 257
155 254
77 176
33 132
6 105
87 186
70 169
104 203
118 217
78 177
24 123
43 142
123 222
179 278
193 292
163 262
92 191
12 111
189 288
174 273
11 110
21 120
90 189
69 168
81 180
195 294
57 156
178 277
189 288
118 217
69 168
25 124
90 189
110 209
87 186
80 179
110 209
48 147
140 239
33 132
121 220
119 218
179 278
175 274
121 220
173 272
185 284
11 110
58 157
42 141
75 174
39 138
184 283
121 220
97 196
47 146
175 274
95 194
136 235
159 258
109 208
28 127
77 176
162 261
184 283
128 227
167 266
173 272
159 258
153 252
56 155
74 173
38 137
23 122
148 247
33 132
130 229
13 112
36 135
182 281
0 99
39 138
136 235
115 214
9 108
76 175
182 281
42 141
124 223
100 199
26 125
18 117
53 152
194 293
163 262
163 262
109 208
154 253
117 216
0 99
174 273
158 257
140 239
189 288
21 120
177 276
56 155
113 212
186 285
185 284
44 143
16 115
87 186
70 169
61 160
141 240
52 151
94 193
13 112
54 153
88 187
94 193
40 139
78 177
104 203
77 176
130 229
177 276
175 274
33 132
52 151
120 219
50 149
189 288
164 263
90 189
178 277
171 270
1 100
157 256
129 228
51 150
12 111
8 107
11 110
192 291
79 178
183 282
46 145
45 144
180 279
121 220
152 251
95 194
188 287
181 280
79 178
143 242
98 197
10 109
37 136
8 107
177 276
35 134
117 216
80 179
140 239
194 293
61 160
42 141
119 218
99 198
29 128
65 164
175 274
124 223
26 125
157 256
108 207
134 233
88 187
104 203
133 232
162 261
81 180
12 111
141 240
114 213
85 184
42 141
193 292
164 263
2 101
61 160
135 234
197 296
152 251
131 230
73 172
132 231
21 120
48 147
46 145
16 115
82 181
4 103
162 261
35 134
131 230
155 254
179 278
163 262
197 296
180 279
73 172
112 211
76 175
6 105
197 296
94 193
128 227
103 202
122 221
162 261
24 123
78 177
48 147
167 266
92 191
98 197
85 184
51 150
32 131
62 161
105 204
52 151
62 161
112 211
43 142
87 186
166 265
84 183
118 217
71 170
10 109
50 149
74 173
143 242
119 218
22 121
80 179
121 220
181 280
166 265
4 103
157 256
145 244
69 168
59 158
8 107
21 120
49 148
62 161
192 291
146 245
20 119
135 234
78 177
55 154
137 236
183 282
103 202
162 261
63 162
3 102
176 275
114 213
128 227
175 274
44 143
102 201
1 100
102 201
18 117
73 172
41 140
47 146
110 209
115 214
5 104
90 189
97 196
83 182
81 180
179 278
101 200
175 274
16 115
179 278
16 115
82 181
45 144
173 272
143 242
11 110
195 294
104 203
112 211
78 177
154 253
99 198
89 188
107 206
91 190
197 296
126 225
191 290
48 147
117 216
128 227
16 115
161 260
22 121
69 168
149 248
179 278
47 146
193 292
71 170
70 169
102 201
36 135
133 232
113 212
43 142
171 270
69 168
49 148
67 166
13 112
18 117
118 217
105 204
164 263
190 289
145 244
2 101
94 193
196 295
72 171
0 99
169 268
167 266
61 160
29 128
87 186
165 264
130 229
141 240
181 280
118 217
141 240
177 276
118 217
197 296
83 182
125 224
102 201
24 123
91 190
155 254
16 115
60 159
64 163
141 240
159 258
144 243
103 202
51 150
86 185
166 265
11 110
36 135
10 109
136 235
154 253
112 211
78 177
134 233
188 287
180 279
138 237
183 282
192 291
90 189
153 252
99 198
6 105
13 112
191 290
59 158
96 195
121 220
119 218
185 284
87 186
190 289
192 291
25 124
100 199
118 217
121 220
64 163
49 148
8 107
176 275
167 266
51 150
52 151
108 207
72 171
130 229
103 202
56 155
174 273
194 293
139 238
65 164
69 168
147 246
178 277
66 165
28 127
153 252
150 249
167 266
196 295
146 245
35 134
184 283
62 161
80 179
123 222
17 116
147 246
93 192
118 217
173 272
112 211
106 205
159 258
38 137
163 262
197 296
160 259
81 180
157 256
48 147
151 250
187 286
78 177
86 185
194 293
147 246
31 130
68 167
17 116
91 190
161 260
106 205
143 242
32 131
72 171
22 121
28 127
186 285
134 233
11 110
109 208
14 113
13 112
16 115
185 284
166 265
129 228
94 193
146 245
27 126
167 266
186 285
197 296
1 100
153 252
128 227
161 260
79 178
54 153
127 226
84 183
121 220
32 131
76 175
15 114
85 184
139 238
66 165
6 105
179 278
192 291
64 163
171 270
105 204
157 256
179 278
79 178
16 115
80 179
172 271
82 181
44 143
91 190
9 108
156 255
130 229
98 197
92 191
71 170
12 111
184 283
151 250
96 195
166 265
157 256
55 154
145 244
17 116
80 179
65 164
40 139
154 253
16 115
177 276
114 213
134 233
40 139
194 293
7 106
87 186
176 275
158 257
154 253
71 170
166 265
3 102
99 198
170 269
194 293
87 186
172 271
11 110
32 131
67 166
61 160
143 242
176 275
70 169
90 189
45 144
37 136
181 280
163 262
176 275
22 121
88 187
193 292
37 136
79 178
74 173
85 184
31 130
148 247
13 112
117 216
85 184
60 159
135 234
130 229
193 292
24 123
125 224
63 162
28 127
87 186
4 103
71 170
62 161
130 229
123 222
184 283
155 254
149 248
28 127
177 276
15 114
151 250
147 246
177 276
129 228
184 283
184 283
138 237
28 127
69 168
96 195
24 123
60 159
4 103
121 220
36 135
94 193
40 139
8 107
101 200
189 288
82 181
5 104
154 253
8 107
72 171
151 250
180 279
175 274
104 203
196 295
176 275
76 175
107 206
29 128
65 164
178 277
68 167
92 191
127 226
163 262
165 264
76 175
178 277
55 154
136 235
12 111
76 175
76 175
118 217
17 116
144 243
144 243
26 125
197 296
154 253
52 151
132 231
88 187
15 114
118 217
103 202
15 114
173 272
160 259
101 200
122 221
11 110
141 240
15 114
176 275
170 269
16 115
85 184
187 286
152 251
169 268
110 209
41 140
32 131
109 208
47 146
111 210
143 242
159 258
147 246
70 169
42 141
51 150
178 277
129 228
156 255
178 277
39 138
65 164
130 229
182 281
86 185
36 135
11 110
84 183
189 288
161 260
33 132
25 124
59 158
164 263
180 279
133 232
35 134
69 168
12 111
175 274
43 142
127 226
1 100
32 131
144 243
37 136
83 182
22 121
114 213
94 193
158 257
77 176
138 237
2 101
90 189
129 228
190 289
188 287
25 124
154 253
188 287
140 239
53 152
195 294
32 131
158 257
194 293
47 146
162 261
63 162
197 296
191 290
10 109
10 109
40 139
122 221
167 266
60 159
186 285
120 219
71 170
197 296
120 219
116 215
35 134
171 270
71 170
32 131
43 142
59 158
54 153
77 176
143 242
25 124
160 259
134 233
78 177
141 240
151 250
21 120
160 259
47 146
197 296
197 296
146 245
51 150
149 248
17 116
118 217
82 181
19 118
114 213
137 236
19 118
144 243
44 143
122 221
87 186
34 133
111 210
175 274
132 231
110 209
133 232
153 252
51 150
62 161
4 103
167 266
101 200
102 201
165 264
45 144
166 265
55 154
193 292
140 239
160 259
3 102
76 175
39 138
192 291
114 213
81 180
104 203
73 172
79 178
155 254
11 110
191 290
32 131
127 226
151 250
12 111
107 206
67 166
145 244
86 185
25 124
51 150
153 252
153 252
100 199
182 281
170 269
143 242
120 219
78 177
138 237
8 107
145 244
17 116
102 201
66 165
114 213
24 123
85 184
193 292
115 214
12 111
136 235
65 164
131 230
38 137
82 181
73 172
28 127
128 227
193 292
187 286
30 129
191 290
93 192
102 201
177 276
15 114
159 258
64 163
188 287
183 282
69 168
71 170
77 176
93 192
135 234
153 252
143 242
92 191
188 287
102 201
122 221
151 250
45 144
175 274
10 109
74 173
23 122
171 270
79 178
42 141
113 212
72 171
36 135
69 168
140 239
52 151
49 148
18 117
60 159
77 176
60 159
163 262
84 183
94 193
129 228
180 279
93 192
123 222
130 229
66 165
178 277
93 192
22 121
194 293
43 142
189 288
88 187
111 210
34 133
83 182
12 111
22 121
145 244
101 200
81 180
94 193
26 125
78 177
167 266
55 154
103 202
67 166
136 235
44 143
59 158
77 176
57 156
116 215
67 166
176 275
56 155
49 148
78 177
63 162
43 142
183 282
195 294
125 224
147 246
159 258
127 226
106 205
33 132
66 165
106 205
2 101
96 195
136 235
28 127
174 273
66 165
191 290
11 110
48 147
164 263
88 187
44 143
125 224
191 290
79 178
45 144
109 208
188 287
33 132
184 283
186 285
40 139
79 178
85 184
4 103
15 114
120 219
194 293
32 131
181 280
82 181
169 268
183 282
3 102
188 287
94 193
42 141
189 288
121 220
60 159
126 225
154 253
184 283
138 237
113 212
88 187
23 122
153 252
153 252
152 251
105 204
80 179
119 218
52 151
4 103
37 136
47 146
118 217
197 296
161 260
119 218
167 266
188 287
107 206
172 271
2 101
5 104
159 258
12 111
42 141
98 197
32 131
67 166
174 273
51 150
31 130
194 293
45 144
121 220
107 206
125 224
62 161
85 184
97 196
105 204
55 154
156 255
54 153
89 188
196 295
81 180
155 254
73 172
101 200
100 199
112 211
15 114
17 116
145 244
6 105
28 127
121 220
107 206
165 264
149 248
101 200
24 123
158 257
78 177
164 263
144 243
146 245
114 213
9 108
195 294
38 137
128 227
140 239
113 212
78 177
26 125
136 235
72 171
15 114
96 195
130 229
14 113
128 227
94 193
43 142
12 111
123 222
49 148
87 186
0 99
187 286
54 153
164 263
163 262
147 246
111 210
173 272
26 125
46 145
11 110
61 160
57 156
65 164
170 269
87 186
196 295
190 289
50 149
60 159
168 267
163 262
21 120
125 224
136 235
44 143
127 226
138 237
143 242
44 143
116 215
43 142
147 246
39 138
160 259
105 204
197 296
129 228
50 149
184 283
16 115
134 233
83 182
7 106
107 206
85 184
143 242
86 185
39 138
150 249
150 249
12 111
42 141
50 149
122 221
111 210
115 214
191 290
149 248
12 111
50 149
76 175
14 113
123 222
32 131
98 197
55 154
5 104
170 269
145 244
99 198
163 262
114 213
155 254
45 144
151 250
185 284
95 194
174 273
108 207
195 294
125 224
30 129
172 271
129 228
156 255
1 100
98 197
131 230
83 182
7 106
178 277
51 150
124 223
160 259
17 116
162 261
21 120
94 193
33 132
193 292
194 293
36 135
6 105
99 198
125 224
69 168
187 286
23 122
184 283
187 286
42 141
150 249
90 189
138 237
66 165
130 229
139 238
103 202
117 216
190 289
84 183
55 154
42 141
105 204
185 284
170 269
6 105
100 199
175 274
13 112
48 147
115 214
3 102
48 147
108 207
141 240
78 177
11 110
134 233
161 260
70 169
82 181
156 255
180 279
170 269
87 186
156 255
53 152
49 148
59 158
144 243
40 139
136 235
148 247
1 100
70 169
22 121
104 203
160 259
131 230
140 239
186 285
30 129
140 239
63 162
113 212
158 257
65 164
68 167
88 187
158 257
169 268
104 203
115 214
110 209
67 166
51 150
44 143
48 147
63 162
48 147
53 152
110 209
149 248
88 187
26 125
65 164
19 118
8 107
113 212
90 189
26 125
128 227
184 283
150 249
115 214
74 173
24 123
8 107
105 204
173 272
135 234
14 113
189 288
147 246
99 198
142 241
141 240
113 212
36 135
127 226
123 222
46 145
10 109
2 101
102 201
150 249
3 102
134 233
112 211
134 233
32 131
131 230
13 112
143 242
36 135
58 157
49 148
131 230
137 236
159 258
10 109
85 184
31 130
77 176
74 173
107 206
130 229
165 264
85 184
149 248
137 236
70 169
48 147
185 284
106 205
63 162
1 100
36 135
24 123
68 167
42 141
60 159
27 126
195 294
10 109
56 155
147 246
136 235
75 174
9 108
24 123
130 229
2 101
100 199
141 240
35 134
173 272
122 221
35 134
128 227
135 234
177 276
143 242
16 115
63 162
84 183
89 188
56 155
189 288
102 201
126 225
167 266
93 192
196 295
159 258
100 199
134 233
117 216
55 154
8 107
106 205
191 290
99 198
111 210
3 102
51 150
77 176
110 209
14 113
74 173
142 241
6 105
55 154
195 294
115 214
195 294
81 180
5 104
44 143
5 104
150 249
165 264
165 264
44 143
39 138
47 146
151 250
89 188
132 231
38 137
183 282
114 213
39 138
113 212
156 255
89 188
115 214
109 208
8 107
169 268
51 150
78 177
18 117
39 138
157 256
21 120
92 191
188 287
115 214
7 106
36 135
178 277
175 274
178 277
76 175
64 163
180 279
125 224
187 286
89 188
101 200
28 127
173 272
84 183
183 282
70 169
146 245
70 169
13 112
51 150
184 283
122 221
70 169
173 272
82 181
171 270
67 166
88 187
181 280
101 200
103 202
98 197
29 128
75 174
42 141
60 159
116 215
178 277
95 194
104 203
94 193
143 242
197 296
58 157
95 194
17 116
47 146
117 216
184 283
193 292
68 167
144 243
28 127
2 101
97 196
127 226
60 159
80 179
37 136
160 259
27 126
138 237
86 185
19 118
31 130
191 290
107 206
1 100
117 216
169 268
78 177
61 160
90 189
185 284
183 282
166 265
25 124
93 192
190 289
120 219
161 260
101 200
166 265
170 269
53 152
66 165
185 284
70 169
84 183
1 100
190 289
159 258
148 247
82 181
159 258
41 140
147 246
56 155
110 209
183 282
178 277
137 236
72 171
162 261
117 216
150 249
6 105
133 232
163 262
51 150
170 269
118 217
112 211
90 189
73 172
112 211
51 150
17 116
136 235
37 136
8 107
19 118
37 136
41 140
107 206
168 267
67 166
159 258
85 184
26 125
60 159
158 257
10 109
40 139
157 256
134 233
111 210
30 129
21 120
78 177
162 261
29 128
150 249
179 278
90 189
126 225
144 243
55 154
3 102
17 116
86 185
33 132
1 100
43 142
60 159
22 121
55 154
56 155
61 160
7 106
151 250
170 269
107 206
49 148
141 240
182 281
75 174
149 248
131 230
87 186
99 198
96 195
127 226
122 221
147 246
110 209
117 216
152 251
72 171
15 114
73 172
161 260
53 152
195 294
12 111
159 258
57 156
33 132
63 162
101 200
180 279
102 201
156 255
44 143
191 290
6 105
49 148
155 254
176 275
172 271
184 283
96 195
82 181
185 284
175 274
116 215
144 243
112 211
32 131
108 207
108 207
3 102
31 130
94 193
117 216
119 218
124 223
45 144
116 215
144 243
33 132
165 264
137 236
109 208
139 238
161 260
76 175
2 101
139 238
87 186
88 187
84 183
135 234
103 202
107 206
72 171
157 256
61 160
63 162
189 288
126 225
16 115
119 218
81 180
12 111
143 242
27 126
190 289
177 276
6 105
74 173
37 136
36 135
83 182
41 140
72 171
184 283
110 209
109 208
101 200
128 227
85 184
166 265
134 233
67 166
112 211
113 212
78 177
149 248
140 239
101 200
123 222
52 151
156 255
17 116
126 225
153 252
168 267
193 292
109 208
94 193
174 273
87 186
91 190
40 139
92 191
79 178
156 255
137 236
13 112
183 282
130 229
46 145
107 206
135 234
15 114
55 154
113 212
53 152
180 279
148 247
48 147
158 257
108 207
128 227
191 290
193 292
34 133
123 222
187 286
51 150
152 251
197 296
48 147
166 265
65 164
33 132
60 159
36 135
36 135
66 165
70 169
169 268
0 99
40 139
135 234
45 144
27 126
40 139
154 253
45 144
193 292
187 286
8 107
112 211
41 140
40 139
178 277
28 127
83 182
129 228
191 290
86 185
58 157
122 221
8 107
185 284
190 289
78 177
57 156
126 225
125 224
4 103
29 128
9 108
147 246
51 150
172 271
153 252
62 161
104 203
1 100
86 185
8 107
146 245
107 206
158 257
53 152
113 212
193 292
7 106
185 284
189 288
190 289
95 194
140 239
89 188
55 154
180 279
134 233
117 216
82 181
135 234
69 168
22 121
159 258
129 228
123 222
141 240
164 263
109 208
189 288
97 196
175 274
130 229
187 286
137 236
39 138
156 255
176 275
35 134
134 233
104 203
195 294
39 138
147 246
193 292
142 241
1 100
158 257
180 279
110 209
109 208
38 137
160 259
42 141
147 246
159 258
45 144
166 265
172 271
87 186
18 117
188 287
5 104
67 166
186 285
191 290
142 241
114 213
122 221
148 247
193 292
136 235
26 125
41 140
71 170
171 270
110 209
125 224
91 190
132 231
164 263
122 221
60 159
53 152
3 102
105 204
13 112
193 292
50 149
44 143
136 235
95 194
37 136
13 112
132 231
187 286
55 154
5 104
59 158
79 178
163 262
93 192
160 259
76 175
18 117
106 205
181 280
129 228
32 131
119 218
47 146
154 253
124 223
163 262
127 226
124 223
6 105
24 123
6 105
92 191
155 254
74 173
106 205
157 256
3 102
113 212
164 263
85 184
82 181
96 195
0 99
92 191
169 268
118 217
21 120
123 222
2 101
78 177
188 287
147 246
174 273
102 201
193 292
138 237
123 222
178 277
72 171
112 211
72 171
32 131
194 293
159 258
159 258
38 137
104 203
53 152
63 162
6 105
116 215
33 132
97 196
145 244
96 195
183 282
186 285
16 115
15 114
146 245
140 239
67 166
44 143
50 149
118 217
67 166
161 260
197 296
158 257
62 161
54 153
188 287
141 240
149 248
52 151
186 285
109 208
122 221
188 287
131 230
88 187
124 223
111 210
54 153
169 268
53 152
134 233
43 142
64 163
90 189
22 121
112 211
134 233
161 260
23 122
67 166
77 176
93 192
154 253
91 190
19 118
63 162
123 222
56 155
15 114
44 143
13 112
191 290
138 237
109 208
27 126
117 216
6 105
95 194
119 218
190 289
136 235
170 269
23 122
142 241
15 114
190 289
31 130
119 218
46 145
177 276
131 230
156 255
34 133
152 251
59 158
163 262
126 225
29 128
1 100
94 193
119 218
146 245
90 189
77 176
165 264
79 178
60 159
60 159
42 141
126 225
75 174
136 235
18 117
103 202
7 106
15 114
138 237
134 233
161 260
77 176
76 175
60 159
150 249
4 103
74 173
77 176
121 220
86 185
55 154
26 125
138 237
176 275
170 269
126 225
7 106
34 133
87 186
86 185
55 154
90 189
53 152
151 250
175 274
49 148
101 200
132 231
174 273
118 217
159 258
184 283
4 103
77 176
161 260
164 263
159 258
107 206
30 129
19 118
37 136
46 145
118 217
176 275
14 113
63 162
180 279
142 241
155 254
83 182
79 178
149 248
152 251
93 192
87 186
193 292
36 135
75 174
62 161
48 147
32 131
169 268
48 147
103 202
196 295
38 137
196 295
64 163
80 179
64 163
159 258
85 184
49 148
106 205
125 224
181 280
62 161
163 262
42 141
80 179
59 158
17 116
176 275
153 252
47 146
90 189
194 293
119 218
162 261
39 138
149 248
175 274
91 190
23 122
111 210
187 286
53 152
86 185
60 159
70 169
14 113
163 262
52 151
194 293
108 207
171 270
83 182
149 248
35 134
5 104
107 206
15 114
147 246
175 274
192 291
168 267
47 146
58 157
172 271
168 267
52 151
59 158
50 149
92 191
93 192
89 188
174 273
147 246
101 200
59 158
172 271
134 233
43 142
2 101
93 192
150 249
32 131
85 184
84 183
153 252
70 169
90 189
14 113
108 207
94 193
112 211
154 253
175 274
104 203
77 176
192 291
140 239
69 168
168 267
99 198
59 158
18 117
165 264
97 196
134 233
163 262
152 251
12 111
155 254
12 111
119 218
147 246
83 182
158 257
32 131
93 192
126 225
153 252
4 103
124 223
70 169
81 180
27 126
96 195
126 225
181 280
79 178
163 262
155 254
94 193
51 150
178 277
118 217
25 124
77 176
135 234
86 185
157 256
87 186
18 117
8 107
126 225
102 201
86 185
179 278
66 165
39 138
71 170
127 226
90 189
60 159
114 213
151 250
190 289
30 129
89 188
59 158
74 173
18 117
187 286
168 267
89 188
136 235
105 204
182 281
116 215
175 274
149 248
31 130
191 290
144 243
109 208
130 229
100 199
117 216
14 113
33 132
36 135
20 119
32 131
175 274
5 104
140 239
59 158
136 235
168 267
99 198
144 243
148 247
15 114
6 105
22 121
11 110
90 189
64 163
164 263
154 253
82 181
89 188
116 215
85 184
191 290
174 273
125 224
90 189
91 190
96 195
183 282
132 231
102 201
196 295
108 207
146 245
147 246
160 259
149 248
167 266
71 170
113 212
98 197
197 296
157 256
3 102
59 158
60 159
97 196
141 240
105 204
28 127
193 292
147 246
13 112
162 261
150 249
65 164
26 125
158 257
185 284
63 162
12 111
120 219
73 172
9 108
107 206
195 294
121 220
83 182
127 226
187 286
132 231
101 200
25 124
71 170
26 125
73 172
183 282
36 135
2 101
98 197
35 134
118 217
21 120
84 183
97 196
43 142
191 290
72 171
125 224
147 246
164 263
165 264
105 204
4 103
109 208
129 228
176 275
197 296
22 121
33 132
180 279
102 201
196 295
120 219
164 263
11 110
12 111
72 171
9 108
67 166
1 100
56 155
22 121
31 130
6 105
181 280
116 215
4 103
133 232
13 112
18 117
196 295
87 186
38 137
20 119
27 126
107 206
43 142
186 285
154 253
94 193
80 179
77 176
157 256
73 172
6 105
16 115
61 160
192 291
3 102
35 134
32 131
180 279
192 291
80 179
5 104
186 285
49 148
48 147
33 132
188 287
31 130
84 183
133 232
174 273
116 215
97 196
41 140
120 219
125 224
123 222
175 274
150 249
129 228
185 284
36 135
2 101
151 250
105 204
75 174
77 176
37 136
151 250
34 133
12 111
145 244
29 128
178 277
43 142
104 203
26 125
97 196
156 255
91 190
164 263
92 191
98 197
96 195
44 143
44 143
117 216
133 232
111 210
111 210
124 223
94 193
62 161
135 234
28 127
8 107
140 239
17 116
180 279
156 255
168 267
179 278
45 144
121 220
7 106
112 211
151 250
21 120
131 230
76 175
15 114
107 206
4 103
185 284
61 160
106 205
16 115
57 156
15 114
132 231
161 260
50 149
117 216
147 246
61 160
16 115
48 147
115 214
33 132
8 107
143 242
143 242
136 235
185 284
176 275
26 125
3 102
119 218
2 101
163 262
73 172
175 274
21 120
188 287
117 216
109 208
138 237
48 147
31 130
8 107
103 202
194 293
123 222
60 159
132 231
141 240
44 143
45 144
121 220
164 263
161 260
133 232
127 226
6 105
34 133
155 254
123 222
49 148
166 265
84 183
73 172
117 216
156 255
157 256
30 129
146 245
147 246
126 225
74 173
21 120
186 285
69 168
80 179
197 296
189 288
16 115
67 166
106 205
179 278
70 169
185 284
136 235
162 261
53 152
37 136
115 214
111 210
169 268
141 240
193 292
69 168
105 204
98 197
23 122
73 172
146 245
0 99
51 150
154 253
188 287
48 147
81 180
72 171
50 149
162 261
91 190
190 289
68 167
106 205
97 196
95 194
123 222
182 281
83 182
46 145
195 294
130 229
159 258
126 225
5 104
184 283
93 192
47 146
77 176
159 258
93 192
75 174
43 142
4 103
61 160
197 296
49 148
92 191
96 195
20 119
85 184
105 204
175 274
15 114
13 112
28 127
23 122
166 265
157 256
112 211
153 252
13 112
59 158
33 132
190 289
45 144
112 211
120 219
116 215
4 103
5 104
77 176
52 151
95 194
126 225
147 246
17 116
130 229
9 108
70 169
118 217
95 194
129 228
31 130
45 144
11 110
85 184
58 157
13 112
138 237
25 124
118 217
26 125
86 185
9 108
67 166
191 290
45 144
5 104
150 249
170 269
127 226
45 144
186 285
180 279
127 226
196 295
59 158
140 239
171 270
41 140
50 149
72 171
53 152
181 280
176 275
158 257
93 192
2 101
20 119
147 246
144 243
26 125
160 259
10 109
9 108
9 108
90 189
65 164
94 193
197 296
36 135
104 203
1 100
197 296
59 158
114 213
137 236
155 254
81 180
154 253
92 191
0 99
53 152
193 292
59 158
30 129
63 162
109 208
74 173
21 120
146 245
58 157
81 180
104 203
83 182
156 255
176 275
162 261
169 268
94 193
137 236
55 154
139 238
188 287
51 150
186 285
44 143
187 286
131 230
58 157
61 160
164 263
8 107
144 243
108 207
108 207
166 265
124 223
19 118
102 201
95 194
7 106
182 281
88 187
21 120
153 252
190 289
64 163
73 172
67 166
174 273
143 242
66 165
185 284
103 202
153 252
138 237
94 193
14 113
160 259
106 205
121 220
8 107
90 189
190 289
41 140
95 194
115 214
129 228
145 244
22 121
164 263
188 287
13 112
175 274
168 267
177 276
113 212
93 192
81 180
49 148
89 188
197 296
196 295
170 269
61 160
7 106
170 269
190 289
27 126
19 118
100 199
183 282
26 125
161 260
127 226
37 136
15 114
2 101
47 146
120 219
50 149
195 294
13 112
56 155
173 272
32 131
168 267
25 124
88 187
108 207
193 292
53 152
170 269
98 197
182 281
113 212
20 119
88 187
79 178
172 271
55 154
129 228
49 148
56 155
70 169
66 165
70 169
181 280
84 183
109 208
52 151
0 99
2 101
90 189
105 204
96 195
176 275
58 157
152 251
44 143
159 258
142 241
139 238
126 225
142 241
167 266
178 277
45 144
147 246
40 139
38 137
85 184
146 245
187 286
90 189
187 286
183 282
36 135
194 293
147 246
188 287
135 234
125 224
126 225
140 239
102 201
155 254
141 240
48 147
131 230
105 204
195 294
87 186
141 240
110 209
135 234
194 293
134 233
1 100
150 249
77 176
104 203
44 143
182 281
67 166
178 277
190 289
159 258
22 121
131 230
48 147
107 206
9 108
133 232
28 127
195 294
81 180
147 246
83 182
59 158
24 123
102 201
88 187
4 103
117 216
36 135
65 164
121 220
194 293
139 238
55 154
28 127
183 282
95 194
136 235
189 288
79 178
177 276
151 250
101 200
21 120
178 277
73 172
67 166
162 261
61 160
169 268
148 247
151 250
103 202
134 233
167 266
33 132
33 132
185 284
89 188
111 210
2 101
144 243
190 289
188 287
80 179
97 196
95 194
44 143
83 182
20 119
183 282
135 234
114 213
50 149
139 238
194 293
12 111
165 264
77 176
71 170
143 242
143 242
25 124
46 145
10 109
111 210
11 110
95 194
114 213
68 167
127 226
167 266
26 125
126 225
64 163
178 277
71 170
41 140
110 209
183 282
173 272
100 199
159 258
148 247
8 107
189 288
128 227
97 196
164 263
197 296
49 148
48 147
141 240
50 149
58 157
176 275
152 251
168 267
77 176
141 240
124 223
189 288
71 170
114 213
142 241
62 161
175 274
151 250
137 236
187 286
57 156
168 267
10 109
105 204
151 250
194 293
155 254
172 271
109 208
112 211
85 184
25 124
53 152
74 173
54 153
70 169
160 259
83 182
125 224
165 264
122 221
27 126
162 261
10 109
57 156
187 286
11;156504
38 137
144 243
113 212
4 103
15 114
128 227
60 159
158 257
109 208
6 105
24 123
24 123
101 200
92 191
168 267
43 142
61 160
45 144
24 123
135 234
23 122
147 246
135 234
51 150
145 244
159 258
72 171
10 109
162 261
91 190
101 200
54 153
190 289
58 157
71 170
145 244
184 283
86 185
105 204
88 187
171 270
45 144
105 204
33 132
133 232
95 194
78 177
147 246
44 143
19 118
155 254
156 255
107 206
61 160
49 148
174 273
10 109
114 213
1 100
48 147
24 123
169 268
161 260
112 211
135 234
60 159
106 205
140 239
122 221
187 286
115 214
142 241
29 128
117 216
98 197
19 118
143 242
37 136
4 103
89 188
63 162
178 277
27 126
12 111
194 293
115 214
81 180
10 109
193 292
5 104
96 195
143 242
161 260
59 158
41 140
174 273
45 144
191 290
170 269
26 125
49 148
99 198
89 188
112 211
56 155
27 126
116 215
45 144
24 123
75 174
87 186
98 197
185 284
188 287
135 234
9 108
44 143
195 294
94 193
145 244
88 187
22 121
56 155
103 202
121 220
49 148
100 199
180 279
165 264
113 212
84 183
26 125
103 202
71 170
110 209
111 210
0 99
13 112
129 228
196 295
130 229
82 181
150 249
73 172
16 115
39 138
131 230
111 210
146 245
19 118
95 194
173 272
182 281
14 113
14 113
149 248
187 286
120 219
162 261
193 292
77 176
119 218
81 180
60 159
41 140
130 229
80 179
0 99
58 157
158 257
163 262
42 141
40 139
150 249
172 271
139 238
85 184
26 125
167 266
114 213
73 172
175 274
184 283
32 131
37 136
177 276
149 248
31 130
81 180
147 246
62 161
167 266
77 176
35 134
92 191
161 260
59 158
38 137
103 202
62 161
81 180
33 132
112 211
150 249
168 267
9 108
187 286
135 234
100 199
166 265
16 115
61 160
36 135
27 126
163 262
98 197
151 250
157 256
12 111
16 115
40 139
136 235
141 240
36 135
2 101
78 177
76 175
33 132
148 247
18 117
150 249
170 269
188 287
80 179
127 226
139 238
113 212
89 188
167 266
144 243
83 182
25 124
83 182
46 145
109 208
141 240
174 273
71 170
122 221
17 116
16 115
41 140
168 267
81 180
16 115
9 108
86 185
111 210
169 268
176 275
33 132
196 295
65 164
38 137
127 226
40 139
80 179
101 200
138 237
139 238
93 192
82 181
23 122
106 205
26 125
108 207
129 228
15 114
36 135
185 284
63 162
31 130
138 237
122 221
132 231
22 121
115 214
126 225
136 235
92 191
168 267
12 111
195 294
46 145
109 208
109 208
76 175
100 199
169 268
6 105
174 273
48 147
150 249
25 124
150 249
34 133
167 266
11 110
60 159
105 204
39 138
2 101
31 130
27 126
149 248
9 108
95 194
7 106
181 280
74 173
165 264
178 277
189 288
47 146
100 199
17 116
17 116
161 260
10 109
162 261
166 265
28 127
29 128
37 136
113 212
109 208
82 181
92 191
88 187
55 154
62 161
102 201
39 138
73 172
197 296
186 285
196 295
104 203
83 182
126 225
6 105
132 231
108 207
121 220
44 143
15 114
181 280
162 261
151 250
193 292
185 284
122 221
24 123
134 233
116 215
92 191
35 134
50 149
152 251
194 293
82 181
52 151
98 197
157 256
28 127
48 147
18 117
60 159
19 118
21 120
94 193
195 294
106 205
138 237
36 135
194 293
112 211
99 198
89 188
6 105
169 268
51 150
193 292
110 209
149 248
171 270
33 132
62 161
135 234
124 223
130 229
188 287
148 247
93 192
132 231
4 103
33 132
142 241
18 117
144 243
134 233
61 160
51 150
96 195
70 169
73 172
189 288
19 118
90 189
13 112
89 188
70 169
120 219
64 163
102 201
185 284
65 164
90 189
67 166
137 236
127 226
113 212
6 105
83 182
177 276
132 231
3 102
194 293
150 249
19 118
149 248
119 218
161 260
166 265
178 277
194 293
156 255
88 187
4 103
16 115
1 100
180 279
78 177
86 185
46 145
172 271
14 113
92 191
170 269
95 194
146 245
194 293
77 176
147 246
23 122
36 135
40 139
56 155
129 228
61 160
96 195
168 267
195 294
110 209
42 141
184 283
109 208
87 186
169 268
46 145
138 237
160 259
25 124
140 239
139 238
140 239
26 125
190 289
51 150
51 150
109 208
25 124
58 157
174 273
133 232
158 257
109 208
152 251
127 226
64 163
91 190
125 224
2 101
157 256
93 192
20 119
21 120
150 249
52 151
0 99
185 284
12 111
161 260
149 248
110 209
10 109
159 258
51 150
35 134
165 264
86 185
78 177
148 247
127 226
161 260
140 239
56 155
126 225
184 283
75 174
129 228
61 160
21 120
79 178
70 169
9 108
123 222
31 130
141 240
3 102
103 202
125 224
13 112
126 225
48 147
177 276
123 222
22 121
93 192
74 173
71 170
28 127
92 191
120 219
5 104
125 224
185 284
62 161
158 257
177 276
109 208
29 128
149 248
161 260
126 225
44 143
33 132
191 290
42 141
43 142
170 269
47 146
109 208
182 281
44 143
104 203
163 262
129 228
156 255
56 155
26 125
51 150
43 142
178 277
42 141
129 228
29 128
175 274
78 177
41 140
149 248
184 283
63 162
143 242
135 234
41 140
196 295
135 234
10 109
85 184
41 140
124 223
50 149
144 243
103 202
56 155
72 171
84 183
54 153
88 187
110 209
14 113
136 235
73 172
145 244
93 192
69 168
50 149
112 211
36 135
35 134
147 246
66 165
60 159
133 232
176 275
130 229
14 113
54 153
73 172
161 260
149 248
111 210
126 225
151 250
103 202
58 157
94 193
149 248
196 295
75 174
68 167
76 175
151 250
103 202
61 160
54 153
196 295
182 281
194 293
197 296
12 111
45 144
20 119
131 230
58 157
30 129
132 231
148 247
50 149
84 183
85 184
186 285
144 243
131 230
113 212
166 265
5 104
77 176
67 166
181 280
8 107
75 174
145 244
107 206
48 147
191 290
139 238
167 266
123 222
46 145
104 203
147 246
136 235
110 209
50 149
35 134
69 168
187 286
50 149
50 149
97 196
172 271
3 102
119 218
118 217
99 198
76 175
106 205
175 274
134 233
127 226
57 156
177 276
67 166
46 145
47 146
94 193
150 249
135 234
21 120
121 220
129 228
110 209
195 294
145 244
32 131
149 248
138 237
3 102
54 153
160 259
135 234
109 208
38 137
64 163
116 215
103 202
168 267
139 238
31 130
106 205
77 176
48 147
83 182
135 234
52 151
155 254
75 174
68 167
108 207
47 146
20 119
148 247
133 232
120 219
78 177
157 256
30 129
74 173
123 222
40 139
134 233
2 101
183 282
61 160
95 194
5 104
90 189
32 131
170 269
155 254
114 213
100 199
103 202
179 278
156 255
99 198
46 145
158 257
79 178
152 251
113 212
19 118
127 226
130 229
62 161
119 218
103 202
90 189
78 177
178 277
135 234
62 161
75 174
95 194
114 213
166 265
86 185
49 148
156 255
137 236
148 247
38 137
4 103
150 249
72 171
82 181
3 102
100 199
41 140
33 132
101 200
74 173
152 251
53 152
72 171
85 184
30 129
190 289
156 255
172 271
134 233
70 169
124 223
54 153
75 174
45 144
19 118
137 236
166 265
118 217
102 201
101 200
15 114
68 167
98 197
116 215
183 282
195 294
58 157
160 259
62 161
146 245
147 246
104 203
159 258
97 196
16 115
131 230
173 272
40 139
153 252
160 259
169 268
153 252
146 245
17 116
165 264
27 126
154 253
54 153
27 126
40 139
74 173
151 250
182 281
1 100
24 123
165 264
12 111
47 146
95 194
185 284
134 233
111 210
66 165
29 128
64 163
181 280
186 285
111 210
66 165
97 196
124 223
86 185
26 125
115 214
67 166
69 168
132 231
64 163
100 199
136 235
103 202
93 192
4 103
30 129
194 293
126 225
111 210
30 129
47 146
37 136
86 185
158 257
45 144
146 245
176 275
3 102
164 263
196 295
103 202
71 170
182 281
85 184
73 172
126 225
36 135
130 229
90 189
14 113
9 108
147 246
9 108
92 191
75 174
117 216
49 148
47 146
181 280
113 212
28 127
1 100
189 288
146 245
80 179
6 105
155 254
61 160
96 195
23 122
81 180
48 147
130 229
174 273
125 224
126 225
191 290
167 266
97 196
48 147
37 136
49 148
25 124
103 202
32 131
105 204
186 285
51 150
132 231
46 145
134 233
16 115
21 120
170 269
56 155
117 216
4 103
155 254
184 283
105 204
39 138
150 249
195 294
86 185
162 261
6 105
81 180
184 283
197 296
134 233
185 284
120 219
193 292
117 216
137 236
98 197
140 239
196 295
180 279
30 129
84 183
94 193
81 180
172 271
101 200
66 165
61 160
20 119
36 135
106 205
120 219
35 134
40 139
46 145
147 246
105 204
113 212
114 213
11 110
86 185
181 280
67 166
190 289
63 162
41 140
180 279
113 212
45 144
26 125
25 124
162 261
158 257
59 158
80 179
44 143
118 217
63 162
174 273
31 130
83 182
26 125
95 194
11 110
66 165
33 132
177 276
197 296
159 258
197 296
50 149
177 276
44 143
57 156
185 284
124 223
121 220
64 163
141 240
86 185
139 238
96 195
15 114
56 155
44 143
113 212
126 225
77 176
140 239
10 109
129 228
124 223
122 221
16 115
30 129
58 157
25 124
38 137
137 236
113 212
102 201
92 191
73 172
195 294
129 228
190 289
186 285
76 175
74 173
22 121
111 210
121 220
23 122
150 249
95 194
188 287
0 99
29 128
105 204
139 238
65 164
171 270
68 167
22 121
183 282
129 228
69 168
128 227
42 141
133 232
62 161
116 215
109 208
92 191
10 109
50 149
97 196
165 264
3 102
54 153
35 134
157 256
175 274
61 160
24 123
31 130
53 152
84 183
140 239
170 269
50 149
66 165
28 127
59 158
152 251
190 289
174 273
189 288
143 242
169 268
69 168
22 121
0 99
73 172
119 218
7 106
195 294
147 246
0 99
55 154
162 261
127 226
195 294
15 114
155 254
11 110
111 210
164 263
49 148
5 104
153 252
135 234
24 123
174 273
144 243
12 111
141 240
116 215
109 208
174 273
121 220
143 242
143 242
122 221
185 284
191 290
60 159
95 194
93 192
170 269
125 224
7 106
55 154
71 170
9 108
138 237
137 236
16 115
131 230
101 200
118 217
80 179
107 206
147 246
8 107
196 295
59 158
59 158
62 161
37 136
8 107
86 185
194 293
192 291
102 201
0 99
3 102
56 155
9 108
73 172
56 155
143 242
19 118
138 237
7 106
116 215
39 138
73 172
82 181
22 121
36 135
154 253
65 164
13 112
49 148
16 115
145 244
187 286
174 273
70 169
116 215
58 157
55 154
148 247
179 278
165 264
77 176
178 277
13 112
105 204
104 203
38 137
3 102
16 115
124 223
56 155
122 221
164 263
53 152
118 217
142 241
106 205
44 143
13 112
74 173
64 163
79 178
68 167
107 206
152 251
100 199
147 246
152 251
57 156
148 247
196 295
131 230
41 140
160 259
158 257
65 164
150 249
184 283
188 287
81 180
81 180
77 176
138 237
26 125
180 279
94 193
49 148
19 118
55 154
191 290
88 187
86 185
63 162
98 197
122 221
113 212
9 108
122 221
23 122
64 163
40 139
159 258
168 267
109 208
57 156
92 191
34 133
182 281
124 223
88 187
124 223
122 221
27 126
10 109
67 166
23 122
66 165
61 160
30 129
126 225
172 271
155 254
62 161
180 279
188 287
159 258
73 172
184 283
120 219
17 116
104 203
18 117
121 220
154 253
194 293
132 231
87 186
101 200
114 213
107 206
27 126
137 236
113 212
82 181
89 188
135 234
109 208
114 213
173 272
60 159
100 199
164 263
188 287
77 176
3 102
48 147
17 116
66 165
79 178
129 228
17 116
157 256
85 184
134 233
159 258
125 224
49 148
144 243
101 200
173 272
128 227
16 115
58 157
188 287
132 231
16 115
161 260
68 167
65 164
5 104
163 262
67 166
172 271
14 113
72 171
16 115
126 225
153 252
48 147
36 135
110 209
185 284
4 103
160 259
103 202
121 220
24 123
161 260
86 185
19 118
158 257
153 252
37 136
5 104
28 127
192 291
86 185
175 274
41 140
123 222
55 154
25 124
32 131
152 251
180 279
78 177
15 114
114 213
193 292
191 290
115 214
65 164
85 184
167 266
127 226
18 117
115 214
109 208
178 277
126 225
173 272
60 159
24 123
39 138
182 281
22 121
187 286
87 186
112 211
155 254
132 231
168 267
178 277
173 272
9 108
5 104
118 217
169 268
126 225
17 116
13 112
80 179
192 291
37 136
63 162
41 140
0 99
106 205
63 162
188 287
136 235
149 248
3 102
189 288
163 262
134 233
135 234
131 230
138 237
23 122
54 153
100 199
112 211
14 113
110 209
8 107
171 270
93 192
86 185
180 279
167 266
171 270
148 247
113 212
1 100
188 287
195 294
20 119
93 192
96 195
98 197
76 175
38 137
37 136
80 179
138 237
107 206
64 163
148 247
24 123
48 147
4 103
4 103
60 159
188 287
124 223
170 269
56 155
74 173
102 201
84 183
196 295
72 171
3 102
52 151
45 144
192 291
71 170
100 199
164 263
172 271
101 200
196 295
122 221
53 152
165 264
125 224
157 256
189 288
123 222
40 139
31 130
179 278
96 195
25 124
26 125
187 286
63 162
40 139
62 161
64 163
183 282
97 196
2 101
180 279
10 109
142 241
78 177
15 114
93 192
74 173
38 137
184 283
61 160
139 238
37 136
127 226
93 192
152 251
34 133
100 199
49 148
14 113
99 198
168 267
51 150
90 189
154 253
145 244
188 287
23 122
42 141
28 127
60 159
112 211
115 214
41 140
105 204
117 216
0 99
144 243
181 280
97 196
9 108
149 248
57 156
21 120
196 295
78 177
148 247
47 146
179 278
88 187
4 103
110 209
136 235
98 197
126 225
115 214
65 164
37 136
195 294
163 262
184 283
112 211
7 106
155 254
20 119
4 103
88 187
71 170
106 205
82 181
60 159
189 288
34 133
44 143
177 276
35 134
120 219
27 126
175 274
150 249
74 173
114 213
9 108
72 171
188 287
122 221
177 276
61 160
6 105
128 227
95 194
157 256
41 140
153 252
6 105
173 272
114 213
89 188
129 228
26 125
139 238
92 191
163 262
31 130
10 109
83 182
6 105
148 247
117 216
26 125
191 290
71 170
146 245
19 118
94 193
195 294
196 295
20 119
92 191
188 287
172 271
24 123
192 291
49 148
101 200
127 226
123 222
136 235
101 200
115 214
183 282
121 220
87 186
24 123
104 203
70 169
190 289
73 172
73 172
197 296
53 152
16 115
137 236
151 250
97 196
142 241
133 232
66 165
159 258
82 181
23 122
185 284
120 219
195 294
92 191
18 117
177 276
115 214
140 239
48 147
104 203
148 247
60 159
115 214
23 122
98 197
34 133
96 195
100 199
81 180
197 296
71 170
12 111
120 219
138 237
110 209
164 263
6 105
103 202
181 280
50 149
74 173
17 116
158 257
142 241
155 254
11 110
160 259
94 193
99 198
112 211
93 192
179 278
14 113
47 146
137 236
152 251
62 161
191 290
157 256
112 211
2 101
19 118
21 120
129 228
141 240
50 149
126 225
121 220
77 176
72 171
109 208
60 159
190 289
26 125
66 165
93 192
176 275
164 263
80 179
166 265
130 229
119 218
114 213
19 118
92 191
79 178
24 123
27 126
91 190
98 197
156 255
146 245
21 120
158 257
33 132
72 171
35 134
9 108
18 117
149 248
21 120
24 123
82 181
17 116
124 223
158 257
44 143
87 186
0 99
102 201
175 274
125 224
80 179
70 169
0 99
156 255
61 160
79 178
156 255
84 183
145 244
6 105
48 147
42 141
185 284
181 280
150 249
120 219
103 202
76 175
99 198
43 142
69 168
183 282
184 283
103 202
125 224
5 104
128 227
139 238
171 270
116 215
1 100
124 223
182 281
190 289
15 114
52 151
20 119
64 163
69 168
174 273
63 162
140 239
117 216
184 283
129 228
160 259
73 172
16 115
164 263
158 257
170 269
108 207
54 153
69 168
125 224
6 105
157 256
155 254
85 184
181 280
161 260
143 242
99 198
79 178
75 174
98 197
50 149
4 103
74 173
133 232
27 126
156 255
64 163
153 252
154 253
108 207
114 213
23 122
139 238
90 189
151 250
74 173
182 281
52 151
78 177
105 204
194 293
74 173
23 122
21 120
91 190
49 148
171 270
28 127
12 111
64 163
151 250
68 167
39 138
178 277
134 233
74 173
57 156
133 232
17 116
138 237
59 158
62 161
128 227
22 121
158 257
38 137
80 179
182 281
172 271
1 100
93 192
68 167
167 266
23 122
19 118
52 151
31 130
47 146
25 124
137 236
41 140
167 266
116 215
20 119
152 251
177 276
166 265
60 159
181 280
188 287
142 241
165 264
131 230
91 190
194 293
152 251
41 140
53 152
186 285
14 113
4 103
142 241
27 126
87 186
188 287
24 123
110 209
93 192
141 240
59 158
182 281
112 211
48 147
40 139
152 251
14 113
1 100
95 194
50 149
43 142
155 254
170 269
13 112
39 138
38 137
15 114
16 115
46 145
81 180
136 235
69 168
33 132
190 289
24 123
154 253
188 287
179 278
194 293
44 143
191 290
172 271
16 115
143 242
133 232
114 213
58 157
22 121
49 148
76 175
53 152
166 265
10 109
85 184
165 264
151 250
63 162
48 147
37 136
136 235
95 194
89 188
76 175
108 207
115 214
1 100
115 214
188 287
15 114
32 131
192 291
5 104
144 243
114 213
74 173
127 226
169 268
176 275
170 269
48 147
134 233
188 287
134 233
1 100
132 231
62 161
64 163
78 177
21 120
21 120
24 123
72 171
111 210
91 190
60 159
74 173
83 182
32 131
141 240
90 189
186 285
37 136
193 292
175 274
185 284
9 108
128 227
35 134
11 110
121 220
24 123
14 113
14 113
102 201
149 248
112 211
176 275
120 219
92 191
162 261
170 269
169 268
189 288
2 101
12 111
4 103
19 118
191 290
109 208
102 201
197 296
91 190
98 197
82 181
123 222
38 137
43 142
149 248
85 184
35 134
185 284
186 285
113 212
17 116
121 220
14 113
73 172
156 255
123 222
28 127
38 137
131 230
19 118
60 159
116 215
188 287
8 107
5 104
117 216
28 127
166 265
25 124
3 102
163 262
99 198
28 127
139 238
45 144
99 198
15 114
5 104
151 250
15 114
57 156
4 103
34 133
123 222
123 222
82 181
178 277
100 199
15 114
155 254
177 276
66 165
115 214
155 254
22 121
133 232
175 274
20 119
175 274
191 290
176 275
192 291
57 156
26 125
94 193
84 183
108 207
122 221
83 182
12 111
44 143
189 288
118 217
25 124
71 170
126 225
136 235
104 203
103 202
144 243
172 271
101 200
71 170
90 189
32 131
28 127
183 282
129 228
0 99
96 195
173 272
122 221
90 189
67 166
98 197
46 145
54 153
181 280
33 132
134 233
142 241
51 150
197 296
110 209
97 196
175 274
25 124
91 190
116 215
8 107
57 156
6 105
167 266
15 114
181 280
124 223
133 232
132 231
56 155
79 178
55 154
116 215
83 182
35 134
28 127
164 263
140 239
33 132
40 139
102 201
103 202
197 296
78 177
66 165
70 169
27 126
148 247
196 295
65 164
111 210
12 111
39 138
122 221
168 267
138 237
13 112
58 157
130 229
48 147
29 128
142 241
126 225
130 229
127 226
121 220
83 182
90 189
132 231
160 259
25 124
121 220
195 294
120 219
130 229
131 230
51 150
112 211
41 140
36 135
126 225
15 114
1 100
151 250
118 217
75 174
0 99
55 154
58 157
145 244
129 228
123 222
69 168
73 172
60 159
44 143
174 273
150 249
103 202
144 243
174 273
107 206
102 201
94 193
126 225
46 145
28 127
112 211
79 178
24 123
152 251
156 255
136 235
155 254
73 172
104 203
69 168
91 190
177 276
98 197
44 143
42 141
150 249
173 272
136 235
9 108
180 279
50 149
87 186
158 257
100 199
5 104
85 184
126 225
34 133
4 103
11 110
61 160
117 216
14 113
120 219
65 164
117 216
113 212
111 210
155 254
128 227
44 143
157 256
45 144
177 276
133 232
60 159
47 146
71 170
33 132
95 194
108 207
196 295
123 222
111 210
147 246
134 233
125 224
93 192
39 138
47 146
145 244
182 281
47 146
85 184
193 292
128 227
38 137
2 101
4 103
115 214
46 145
75 174
48 147
19 118
37 136
51 150
136 235
73 172
181 280
112 211
41 140
136 235
182 281
90 189
27 126
96 195
86 185
157 256
76 175
170 269
61 160
46 145
93 192
102 201
44 143
145 244
155 254
33 132
112 211
95 194
58 157
35 134
148 247
15 114
151 250
93 192
161 260
40 139
34 133
147 246
197 296
163 262
127 226
129 228
25 124
127 226
132 231
66 165
122 221
188 287
26 125
28 127
172 271
176 275
141 240
42 141
13 112
55 154
148 247
62 161
60 159
86 185
47 146
123 222
70 169
23 122
64 163
118 217
99 198
56 155
146 245
96 195
87 186
58 157
136 235
61 160
109 208
111 210
4 103
30 129
54 153
12 111
190 289
6 105
173 272
85 184
87 186
79 178
144 243
17 116
0 99
131 230
19 118
85 184
64 163
99 198
42 141
82 181
58 157
98 197
162 261
196 295
121 220
181 280
82 181
41 140
116 215
103 202
1 100
143 242
192 291
83 182
72 171
112 211
10 109
38 137
43 142
85 184
23 122
131 230
11 110
75 174
122 221
169 268
160 259
28 127
71 170
106 205
9 108
143 242
145 244
59 158
123 222
157 256
183 282
154 253
191 290
8 107
34 133
178 277
57 156
114 213
62 161
91 190
145 244
35 134
43 142
11 110
3 102
86 185
59 158
45 144
75 174
22 121
150 249
92 191
159 258
125 224
41 140
187 286
73 172
87 186
68 167
23 122
12 111
87 186
175 274
68 167
175 274
146 245
88 187
87 186
153 252
132 231
176 275
7 106
84 183
17 116
119 218
136 235
126 225
99 198
111 210
131 230
28 127
7 106
165 264
176 275
37 136
92 191
27 126
119 218
24 123
171 270
150 249
125 224
73 172
17 116
64 163
22 121
107 206
165 264
125 224
2 101
54 153
38 137
161 260
8 107
129 228
185 284
16 115
124 223
9 108
60 159
80 179
42 141
98 197
67 166
106 205
34 133
116 215
91 190
184 283
17 116
82 181
87 186
97 196
93 192
106 205
98 197
187 286
60 159
150 249
173 272
152 251
96 195
178 277
86 185
42 141
183 282
172 271
167 266
115 214
139 238
34 133
35 134
116 215
106 205
197 296
122 221
100 199
104 203
90 189
34 133
46 145
48 147
20 119
165 264
0 99
80 179
114 213
77 176
121 220
162 261
53 152
171 270
122 221
76 175
166 265
22 121
116 215
46 145
155 254
35 134
103 202
42 141
192 291
63 162
181 280
27 126
11 110
99 198
139 238
19 118
49 148
180 279
99 198
170 269
62 161
136 235
42 141
127 226
80 179
116 215
32 131
73 172
165 264
69 168
10 109
165 264
114 213
180 279
87 186
156 255
17 116
67 166
184 283
71 170
79 178
68 167
175 274
87 186
155 254
176 275
96 195
50 149
128 227
126 225
123 222
68 167
163 262
194 293
145 244
135 234
171 270
1 100
21 120
136 235
177 276
50 149
34 133
93 192
53 152
23 122
62 161
137 236
35 134
71 170
194 293
182 281
53 152
53 152
48 147
113 212
33 132
9 108
115 214
131 230
45 144
28 127
49 148
15 114
164 263
195 294
186 285
156 255
14 113
4 103
184 283
42 141
154 253
104 203
61 160
30 129
89 188
142 241
169 268
105 204
63 162
173 272
131 230
28 127
150 249
175 274
50 149
70 169
3 102
64 163
69 168
167 266
51 150
164 263
35 134
149 248
113 212
145 244
130 229
116 215
111 210
166 265
146 245
92 191
54 153
91 190
27 126
158 257
166 265
166 265
152 251
197 296
136 235
167 266
108 207
107 206
48 147
106 205
66 165
162 261
4 103
69 168
27 126
111 210
86 185
80 179
193 292
184 283
186 285
75 174
79 178
26 125
22 121
184 283
61 160
57 156
31 130
180 279
54 153
144 243
30 129
142 241
52 151
150 249
103 202
106 205
194 293
79 178
101 200
52 151
57 156
88 187
172 271
100 199
134 233
90 189
70 169
48 147
77 176
87 186
126 225
149 248
196 295
78 177
166 265
156 255
57 156
2 101
65 164
138 237
116 215
25 124
106 205
84 183
163 262
193 292
149 248
118 217
98 197
103 202
127 226
26 125
7 106
84 183
69 168
11 110
142 241
56 155
84 183
74 173
37 136
62 161
73 172
8 107
176 275
158 257
0 99
99 198
46 145
6 105
133 232
32 131
94 193
180 279
158 257
105 204
190 289
42 141
13 112
0 99
103 202
5 104
11 110
129 228
97 196
83 182
30 129
138 237
152 251
28 127
100 199
100 199
131 230
67 166
168 267
82 181
25 124
120 219
160 259
8 107
74 173
37 136
96 195
106 205
124 223
136 235
33 132
89 188
155 254
74 173
116 215
194 293
101 200
154 253
145 244
77 176
30 129
162 261
98 197
96 195
180 279
179 278
123 222
96 195
78 177
112 211
170 269
148 247
119 218
88 187
74 173
157 256
130 229
167 266
140 239
11 110
37 136
9 108
139 238
120 219
145 244
19 118
192 291
70 169
96 195
146 245
105 204
176 275
102 201
156 255
197 296
25 124
168 267
197 296
152 251
42 141
168 267
195 294
144 243
68 167
55 154
54 153
149 248
146 245
135 234
123 222
62 161
114 213
112 211
137 236
195 294
93 192
139 238
4 103
144 243
67 166
106 205
69 168
65 164
113 212
120 219
150 249
131 230
70 169
154 253
55 154
25 124
186 285
58 157
56 155
151 250
157 256
118 217
57 156
72 171
86 185
89 188
55 154
54 153
145 244
83 182
31 130
23 122
87 186
129 228
154 253
32 131
41 140
50 149
137 236
45 144
13 112
186 285
97 196
87 186
10 109
70 169
144 243
138 237
40 139
116 215
84 183
111 210
150 249
133 232
14 113
166 265
127 226
169 268
179 278
25 124
166 265
163 262
143 242
121 220
169 268
1 100
149 248
69 168
105 204
118 217
37 136
26 125
174 273
9 108
127 226
135 234
81 180
190 289
196 295
197 296
117 216
32 131
194 293
66 165
32 131
136 235
53 152
167 266
41 140
186 285
113 212
55 154
192 291
11 110
61 160
150 249
151 250
77 176
170 269
11 110
98 197
141 240
104 203
46 145
8 107
70 169
134 233
194 293
108 207
171 270
115 214
173 272
45 144
74 173
14 113
65 164
187 286
66 165
158 257
189 288
8 107
150 249
170 269
51 150
73 172
189 288
77 176
195 294
75 174
56 155
147 246
102 201
176 275
160 259
111 210
48 147
24 123
172 271
162 261
174 273
75 174
104 203
43 142
128 227
4 103
70 169
6 105
120 219
46 145
64 163
56 155
82 181
37 136
106 205
68 167
28 127
142 241
28 127
166 265
113 212
171 270
6 105
174 273
170 269
120 219
155 254
31 130
16 115
141 240
84 183
176 275
17 116
69 168
100 199
28 127
142 241
182 281
106 205
109 208
108 207
157 256
172 271
108 207
165 264
150 249
145 244
24 123
55 154
66 165
18 117
10 109
51 150
42 141
180 279
187 286
111 210
61 160
163 262
51 150
78 177
69 168
101 200
163 262
53 152
79 178
157 256
111 210
76 175
76 175
64 163
61 160
185 284
178 277
93 192
20 119
114 213
101 200
37 136
107 206
81 180
166 265
94 193
85 184
193 292
41 140
130 229
189 288
153 252
47 146
151 250
57 156
77 176
65 164
29 128
156 255
118 217
152 251
148 247
58 157
86 185
192 291
122 221
36 135
164 263
109 208
172 271
191 290
126 225
2 101
8 107
48 147
54 153
84 183
59 158
158 257
57 156
120 219
76 175
115 214
37 136
14 113
188 287
156 255
13 112
173 272
6 105
151 250
188 287
50 149
161 260
38 137
66 165
135 234
111 210
115 214
7 106
88 187
17 116
126 225
114 213
194 293
24 123
169 268
128 227
100 199
47 146
158 257
64 163
48 147
188 287
181 280
74 173
46 145
159 258
35 134
187 286
118 217
38 137
50 149
20 119
5 104
136 235
55 154
34 133
152 251
68 167
77 176
158 257
145 244
138 237
54 153
181 280
135 234
195 294
65 164
184 283
96 195
127 226
77 176
87 186
12 111
16 115
182 281
122 221
66 165
79 178
180 279
103 202
104 203
42 141
116 215
127 226
100 199
73 172
61 160
112 211
121 220
142 241
59 158
51 150
80 179
53 152
38 137
105 204
114 213
24 123
114 213
145 244
108 207
183 282
8 107
141 240
133 232
48 147
60 159
60 159
2 101
88 187
27 126
162 261
67 166
57 156
11 110
25 124
49 148
182 281
176 275
170 269
53 152
146 245
17 116
186 285
191 290
187 286
64 163
108 207
134 233
70 169
190 289
66 165
79 178
22 121
130 229
14 113
138 237
146 245
176 275
109 208
71 170
113 212
11 110
158 257
24 123
166 265
75 174
193 292
92 191
33 132
163 262
39 138
35 134
175 274
178 277
117 216
121 220
69 168
15 114
195 294
24 123
175 274
29 128
149 248
113 212
3 102
174 273
148 247
161 260
93 192
117 216
143 242
56 155
68 167
123 222
136 235
98 197
180 279
124 223
34 133
178 277
130 229
193 292
55 154
88 187
188 287
146 245
171 270
109 208
196 295
4 103
44 143
40 139
96 195
13 112
50 149
174 273
135 234
176 275
123 222
79 178
71 170
29 128
84 183
5 104
66 165
37 136
85 184
75 174
184 283
178 277
182 281
176 275
179 278
104 203
183 282
186 285
177 276
131 230
60 159
163 262
67 166
57 156
66 165
103 202
186 285
52 151
93 192
137 236
44 143
127 226
144 243
20 119
41 140
100 199
110 209
166 265
97 196
74 173
122 221
167 266
83 182
59 158
52 151
146 245
160 259
47 146
92 191
195 294
82 181
122 221
47 146
92 191
51 150
90 189
176 275
63 162
76 175
100 199
179 278
52 151
156 255
180 279
19 118
116 215
41 140
73 172
44 143
176 275
21 120
44 143
169 268
100 199
180 279
76 175
129 228
66 165
135 234
143 242
168 267
136 235
79 178
156 255
178 277
107 206
21 120
146 245
159 258
19 118
149 248
125 224
0 99
177 276
189 288
75 174
126 225
14 113
73 172
37 136
140 239
1 100
142 241
78 177
68 167
30 129
155 254
81 180
146 245
56 155
135 234
108 207
82 181
76 175
109 208
82 181
165 264
176 275
57 156
71 170
55 154
157 256
160 259
37 136
163 262
180 279
129 228
60 159
68 167
166 265
68 167
159 258
88 187
80 179
39 138
160 259
137 236
43 142
57 156
112 211
61 160
95 194
151 250
56 155
94 193
143 242
64 163
76 175
78 177
91 190
54 153
120 219
2 101
7 106
125 224
66 165
186 285
84 183
75 174
171 270
103 202
113 212
193 292
63 162
173 272
179 278
8 107
87 186
140 239
166 265
123 222
6 105
141 240
28 127
146 245
22 121
124 223
163 262
39 138
77 176
77 176
100 199
31 130
18 117
133 232
70 169
59 158
178 277
192 291
147 246
42 141
96 195
40 139
167 266
40 139
43 142
166 265
36 135
195 294
51 150
194 293
197 296
103 202
139 238
84 183
12 111
116 215
81 180
123 222
150 249
188 287
184 283
82 181
63 162
192 291
170 269
170 269
98 197
81 180
119 218
70 169
98 197
195 294
133 232
18 117
95 194
172 271
9 108
194 293
68 167
164 263
152 251
5 104
124 223
22 121
164 263
139 238
106 205
154 253
142 241
139 238
27 126
43 142
108 207
10 109
64 163
4 103
90 189
142 241
58 157
15 114
87 186
125 224
147 246
48 147
27 126
36 135
114 213
176 275
194 293
145 244
15 114
147 246
171 270
62 161
32 131
102 201
94 193
3 102
69 168
189 288
162 261
135 234
176 275
188 287
74 173
42 141
140 239
116 215
187 286
90 189
55 154
92 191
188 287
67 166
81 180
147 246
90 189
96 195
80 179
142 241
96 195
55 154
19 118
83 182
61 160
110 209
5 104
8 107
129 228
27 126
191 290
123 222
185 284
53 152
29 128
139 238
126 225
12 111
17 116
115 214
16 115
136 235
129 228
13 112
172 271
97 196
95 194
86 185
58 157
108 207
100 199
39 138
100 199
145 244
143 242
12 111
53 152
33 132
71 170
34 133
189 288
130 229
159 258
72 171
119 218
70 169
11 110
85 184
29 128
75 174
70 169
40 139
73 172
180 279
52 151
4 103
13 112
176 275
108 207
125 224
112 211
32 131
57 156
24 123
159 258
196 295
53 152
100 199
105 204
196 295
11 110
82 181
90 189
107 206
64 163
74 173
117 216
107 206
131 230
100 199
138 237
150 249
52 151
99 198
28 127
193 292
98 197
58 157
28 127
80 179
127 226
30 129
4 103
164 263
76 175
143 242
123 222
183 282
144 243
77 176
102 201
36 135
59 158
30 129
194 293
77 176
54 153
102 201
25 124
153 252
136 235
161 260
59 158
144 243
21 120
30 129
15 114
29 128
8 107
90 189
47 146
150 249
185 284
29 128
37 136
170 269
67 166
183 282
41 140
138 237
155 254
133 232
79 178
156 255
74 173
110 209
41 140
81 180
192 291
96 195
65 164
164 263
93 192
69 168
46 145
23 122
118 217
146 245
122 221
141 240
25 124
21 120
173 272
167 266
66 165
62 161
79 178
54 153
155 254
163 262
57 156
156 255
129 228
151 250
156 255
4 103
190 289
145 244
70 169
135 234
73 172
160 259
130 229
50 149
50 149
0 99
138 237
57 156
143 242
54 153
68 167
21 120
15 114
97 196
160 259
4 103
149 248
77 176
111 210
54 153
168 267
98 197
11 110
97 196
53 152
196 295
83 182
103 202
136 235
17 116
19 118
170 269
153 252
90 189
10 109
54 153
181 280
115 214
1 100
132 231
5 104
188 287
30 129
87 186
95 194
193 292
26 125
168 267
120 219
102 201
159 258
70 169
133 232
16 115
187 286
46 145
3 102
105 204
2 101
44 143
64 163
31 130
66 165
143 242
95 194
160 259
7 106
31 130
63 162
175 274
131 230
130 229
97 196
117 216
195 294
183 282
24 123
92 191
128 227
187 286
4 103
109 208
55 154
14 113
3 102
104 203
59 158
3 102
0 99
124 223
86 185
100 199
106 205
63 162
9 108
1 100
40 139
105 204
99 198
2 101
2 101
63 162
54 153
106 205
132 231
112 211
122 221
115 214
73 172
22 121
9 108
37 136
181 280
75 174
107 206
118 217
63 162
117 216
72 171
132 231
174 273
170 269
46 145
43 142
193 292
90 189
65 164
68 167
15 114
121 220
68 167
184 283
74 173
18 117
69 168
63 162
79 178
178 277
142 241
149 248
21 120
28 127
102 201
0 99
70 169
113 212
190 289
158 257
83 182
16 115
10 109
38 137
73 172
22 121
164 263
194 293
141 240
22 121
69 168
112 211
183 282
174 273
81 180
136 235
152 251
182 281
136 235
142 241
158 257
185 284
120 219
137 236
182 281
139 238
74 173
47 146
0 99
175 274
196 295
81 180
39 138
100 199
63 162
31 130
13 112
155 254
49 148
85 184
182 281
110 209
135 234
100 199
180 279
145 244
80 179
157 256
22 121
89 188
64 163
162 261
193 292
31 130
45 144
111 210
82 181
141 240
3 102
79 178
118 217
61 160
37 136
43 142
3 102
136 235
102 201
140 239
20 119
172 271
96 195
37 136
86 185
147 246
23 122
8 107
182 281
28 127
44 143
13 112
102 201
139 238
27 126
133 232
127 226
178 277
116 215
167 266
74 173
172 271
109 208
45 144
30 129
130 229
152 251
157 256
8 107
112 211
145 244
52 151
155 254
147 246
195 294
96 195
123 222
77 176
63 162
53 152
112 211
20 119
18 117
47 146
5 104
46 145
8 107
69 168
45 144
140 239
25 124
144 243
40 139
161 260
23 122
15 114
16 115
76 175
145 244
68 167
32 131
57 156
62 161
65 164
129 228
123 222
153 252
89 188
170 269
16 115
128 227
18 117
37 136
157 256
24 123
66 165
1 100
90 189
91 190
158 257
170 269
163 262
9 108
61 160
99 198
150 249
32 131
150 249
120 219
154 253
145 244
157 256
38 137
185 284
73 172
107 206
54 153
32 131
133 232
90 189
55 154
158 257
176 275
101 200
133 232
86 185
40 139
105 204
120 219
112 211
44 143
101 200
38 137
48 147
136 235
147 246
122 221
110 209
37 136
96 195
77 176
175 274
76 175
49 148
138 237
121 220
17 116
70 169
103 202
128 227
43 142
64 163
23 122
93 192
32 131
105 204
70 169
136 235
64 163
62 161
8 107
193 292
134 233
94 193
49 148
54 153
189 288
59 158
135 234
170 269
67 166
155 254
131 230
20 119
13 112
144 243
162 261
157 256
184 283
132 231
32 131
117 216
94 193
84 183
92 191
68 167
117 216
7 106
108 207
143 242
137 236
137 236
146 245
169 268
103 202
178 277
35 134
192 291
67 166
101 200
16 115
53 152
32 131
109 208
1 100
190 289
101 200
151 250
98 197
147 246
29 128
116 215
5 104
5 104
73 172
15 114
185 284
37 136
29 128
49 148
149 248
56 155
108 207
140 239
87 186
122 221
100 199
78 177
41 140
7 106
108 207
144 243
94 193
125 224
46 145
116 215
13 112
135 234
102 201
138 237
37 136
11 110
119 218
187 286
35 134
161 260
134 233
156 255
26 125
99 198
39 138
194 293
143 242
47 146
114 213
2 101
102 201
103 202
103 202
172 271
93 192
186 285
68 167
25 124
193 292
31 130
92 191
124 223
181 280
68 167
119 218
36 135
50 149
95 194
127 226
51 150
94 193
59 158
186 285
110 209
20 119
68 167
43 142
17 116
154 253
85 184
149 248
72 171
39 138
155 254
59 158
4 103
70 169
54 153
56 155
9 108
172 271
32 131
109 208
107 206
57 156
108 207
158 257
142 241
94 193
129 228
164 263
64 163
61 160
173 272
184 283
56 155
141 240
193 292
188 287
92 191
113 212
157 256
146 245
142 241
99 198
161 260
14 113
164 263
67 166
69 168
97 196
57 156
11 110
130 229
134 233
48 147
90 189
125 224
54 153
70 169
14 113
49 148
50 149
117 216
172 271
146 245
170 269
110 209
40 139
170 269
55 154
32 131
82 181
148 247
82 181
178 277
35 134
178 277
87 186
196 295
60 159
16 115
178 277
117 216
44 143
70 169
67 166
58 157
127 226
115 214
2 101
117 216
149 248
138 237
139 238
159 258
152 251
117 216
120 219
167 266
128 227
122 221
131 230
65 164
26 125
181 280
118 217
189 288
170 269
11 110
174 273
120 219
46 145
106 205
20 119
91 190
43 142
11 110
33 132
162 261
136 235
155 254
135 234
80 179
97 196
53 152
145 244
158 257
178 277
175 274
163 262
149 248
22 121
139 238
167 266
156 255
24 123
82 181
22 121
93 192
31 130
82 181
59 158
53 152
140 239
21 120
68 167
102 201
74 173
166 265
194 293
104 203
159 258
78 177
165 264
47 146
114 213
86 185
52 151
182 281
159 258
115 214
56 155
135 234
170 269
69 168
3 102
77 176
35 134
164 263
93 192
8 107
69 168
143 242
126 225
13 112
28 127
186 285
125 224
179 278
50 149
140 239
84 183
84 183
107 206
6 105
143 242
9 108
132 231
159 258
101 200
156 255
46 145
186 285
171 270
120 219
104 203
154 253
44 143
180 279
188 287
51 150
56 155
42 141
189 288
179 278
123 222
105 204
37 136
63 162
134 233
7 106
108 207
106 205
197 296
111 210
69 168
176 275
81 180
98 197
156 255
6 105
166 265
26 125
110 209
57 156
111 210
88 187
92 191
82 181
26 125
76 175
47 146
120 219
104 203
62 161
172 271
180 279
124 223
129 228
95 194
161 260
55 154
124 223
99 198
109 208
128 227
164 263
168 267
172 271
113 212
186 285
54 153
77 176
10 109
122 221
154 253
160 259
196 295
102 201
51 150
143 242
20 119
31 130
90 189
38 137
68 167
83 182
45 144
131 230
15 114
126 225
14 113
114 213
143 242
1 100
128 227
4 103
64 163
176 275
153 252
121 220
165 264
116 215
83 182
195 294
4 103
86 185
73 172
54 153
22 121
95 194
90 189
184 283
159 258
124 223
24 123
102 201
133 232
10 109
84 183
6 105
118 217
82 181
48 147
58 157
150 249
36 135
125 224
109 208
8 107
8 107
16 115
49 148
140 239
168 267
74 173
168 267
121 220
169 268
144 243
131 230
165 264
35 134
153 252
85 184
130 229
153 252
93 192
195 294
37 136
26 125
138 237
27 126
85 184
6 105
164 263
0 99
147 246
153 252
182 281
155 254
51 150
69 168
134 233
167 266
100 199
101 200
119 218
118 217
158 257
92 191
53 152
197 296
162 261
186 285
117 216
91 190
66 165
191 290
129 228
8 107
16 115
98 197
162 261
176 275
130 229
20 119
11 110
118 217
148 247
0 99
192 291
151 250
74 173
44 143
75 174
61 160
100 199
25 124
40 139
147 246
181 280
147 246
86 185
40 139
46 145
96 195
25 124
73 172
2 101
184 283
95 194
90 189
145 244
41 140
172 271
28 127
139 238
92 191
62 161
161 260
160 259
94 193
147 246
1 100
103 202
195 294
66 165
83 182
97 196
56 155
25 124
10 109
185 284
48 147
56 155
86 185
28 127
11 110
171 270
134 233
12 111
18 117
40 139
131 230
77 176
149 248
55 154
40 139
155 254
56 155
150 249
163 262
147 246
11 110
38 137
193 292
11 110
63 162
148 247
70 169
105 204
163 262
98 197
169 268
120 219
43 142
128 227
112 211
197 296
107 206
38 137
196 295
133 232
78 177
8 107
125 224
81 180
76 175
183 282
9 108
109 208
148 247
13 112
51 150
105 204
24 123
180 279
6 105
170 269
132 231
96 195
126 225
78 177
103 202
91 190
72 171
185 284
168 267
186 285
166 265
87 186
91 190
181 280
85 184
30 129
47 146
33 132
13 112
92 191
9 108
116 215
32 131
166 265
54 153
76 175
143 242
12 111
111 210
153 252
151 250
53 152
182 281
73 172
81 180
28 127
165 264
192 291
116 215
16 115
73 172
56 155
165 264
122 221
115 214
135 234
168 267
159 258
96 195
54 153
142 241
112 211
126 225
88 187
84 183
61 160
135 234
82 181
41 140
184 283
75 174
189 288
108 207
102 201
26 125
165 264
50 149
145 244
169 268
20 119
112 211
96 195
155 254
66 165
120 219
128 227
113 212
34 133
135 234
164 263
53 152
195 294
89 188
92 191
147 246
134 233
46 145
184 283
127 226
132 231
130 229
35 134
132 231
173 272
138 237
186 285
35 134
79 178
174 273
146 245
20 119
100 199
74 173
183 282
75 174
104 203
97 196
31 130
178 277
149 248
14 113
41 140
66 165
179 278
160 259
169 268
36 135
75 174
156 255
48 147
196 295
1 100
197 296
64 163
180 279
35 134
4 103
57 156
104 203
73 172
79 178
163 262
91 190
157 256
149 248
9 108
29 128
80 179
89 188
24 123
51 150
140 239
107 206
64 163
27 126
42 141
119 218
63 162
27 126
165 264
102 201
68 167
111 210
29 128
13 112
175 274
182 281
186 285
11 110
127 226
57 156
25 124
120 219
155 254
188 287
163 262
128 227
78 177
19 118
142 241
195 294
152 251
85 184
124 223
153 252
81 180
59 158
153 252
101 200
66 165
24 123
189 288
82 181
134 233
102 201
83 182
90 189
118 217
73 172
129 228
127 226
46 145
28 127
126 225
151 250
57 156
113 212
164 263
17 116
100 199
66 165
24 123
109 208
100 199
155 254
54 153
151 250
48 147
73 172
10 109
108 207
97 196
57 156
182 281
192 291
89 188
157 256
49 148
116 215
18 117
75 174
88 187
108 207
115 214
101 200
194 293
108 207
188 287
109 208
165 264
28 127
143 242
28 127
98 197
148 247
82 181
54 153
170 269
23 122
12 111
192 291
170 269
58 157
131 230
65 164
179 278
187 286
188 287
88 187
83 182
81 180
196 295
34 133
99 198
185 284
76 175
169 268
109 208
180 279
114 213
196 295
33 132
122 221
138 237
10 109
159 258
105 204
40 139
184 283
123 222
135 234
80 179
184 283
81 180
2 101
147 246
197 296
5 104
136 235
100 199
183 282
25 124
99 198
15 114
126 225
148 247
158 257
163 262
113 212
6 105
66 165
22 121
23 122
53 152
37 136
82 181
132 231
39 138
146 245
73 172
30 129
1 100
67 166
136 235
87 186
33 132
37 136
158 257
26 125
120 219
16 115
163 262
1 100
7 106
130 229
12 111
18 117
132 231
64 163
38 137
139 238
71 170
192 291
8 107
121 220
12 111
184 283
104 203
50 149
185 284
55 154
36 135
5 104
26 125
112 211
187 286
135 234
111 210
178 277
26 125
142 241
184 283
189 288
142 241
80 179
123 222
1 100
127 226
92 191
150 249
79 178
161 260
20 119
125 224
75 174
139 238
108 207
18 117
101 200
149 248
14 113
148 247
181 280
21 120
77 176
40 139
36 135
189 288
20 119
51 150
71 170
140 239
168 267
100 199
152 251
138 237
133 232
197 296
138 237
101 200
136 235
85 184
61 160
74 173
84 183
44 143
32 131
186 285
74 173
27 126
90 189
11 110
18 117
142 241
63 162
111 210
19 118
176 275
108 207
160 259
17 116
90 189
185 284
31 130
195 294
194 293
99 198
130 229
43 142
37 136
72 171
39 138
197 296
19 118
150 249
60 159
17 116
19 118
87 186
113 212
15 114
155 254
68 167
183 282
182 281
69 168
87 186
10 109
45 144
173 272
157 256
141 240
0 99
163 262
44 143
21 120
150 249
33 132
78 177
1 100
18 117
80 179
68 167
3 102
106 205
48 147
52 151
95 194
14 113
122 221
147 246
47 146
78 177
1 100
33 132
185 284
90 189
117 216
19 118
151 250
138 237
59 158
103 202
53 152
175 274
20 119
47 146
51 150
183 282
167 266
89 188
85 184
84 183
6 105
197 296
98 197
173 272
29 128
169 268
99 198
35 134
68 167
135 234
164 263
167 266
9 108
112 211
48 147
134 233
178 277
195 294
101 200
72 171
115 214
161 260
15 114
105 204
28 127
44 143
185 284
127 226
36 135
60 159
57 156
6 105
22 121
41 140
197 296
143 242
62 161
77 176
145 244
107 206
197 296
157 256
36 135
156 255
188 287
26 125
15 114
105 204
107 206
97 196
138 237
187 286
181 280
100 199
44 143
82 181
7 106
33 132
100 199
90 189
133 232
176 275
45 144
154 253
112 211
21 120
172 271
111 210
46 145
8 107
42 141
101 200
43 142
70 169
41 140
177 276
154 253
36 135
149 248
9 108
14 113
0 99
67 166
33 132
91 190
103 202
121 220
76 175
81 180
50 149
107 206
5 104
116 215
17 116
106 205
184 283
60 159
55 154
126 225
153 252
189 288
97 196
26 125
2 101
158 257
101 200
80 179
47 146
196 295
19 118
48 147
24 123
66 165
80 179
56 155
23 122
115 214
47 146
124 223
52 151
93 192
25 124
65 164
23 122
12 111
82 181
19 118
35 134
20 119
78 177
115 214
113 212
183 282
138 237
2 101
176 275
52 151
173 272
104 203
106 205
91 190
158 257
118 217
121 220
127 226
112 211
59 158
127 226
183 282
33 132
121 220
152 251
7 106
21 120
125 224
46 145
10 109
32 131
176 275
50 149
19 118
176 275
162 261
130 229
71 170
171 270
168 267
73 172
100 199
156 255
17 116
82 181
157 256
197 296
44 143
132 231
13 112
163 262
70 169
27 126
54 153
47 146
1 100
165 264
179 278
119 218
82 181
19 118
160 259
54 153
49 148
43 142
31 130
5 104
186 285
134 233
192 291
82 181
72 171
63 162
36 135
67 166
68 167
149 248
9 108
77 176
47 146
173 272
114 213
9 108
136 235
122 221
115 214
178 277
139 238
118 217
86 185
85 184
124 223
151 250
98 197
185 284
65 164
85 184
94 193
58 157
118 217
152 251
44 143
165 264
21 120
11 110
67 166
182 281
111 210
52 151
97 196
191 290
159 258
56 155
47 146
3 102
192 291
154 253
32 131
168 267
167 266
39 138
121 220
98 197
168 267
6 105
70 169
91 190
189 288
142 241
153 252
43 142
150 249
64 163
99 198
98 197
24 123
174 273
121 220
123 222
24 123
7 106
54 153
159 258
107 206
38 137
193 292
175 274
108 207
168 267
1 100
192 291
29 128
40 139
123 222
27 126
149 248
129 228
149 248
55 154
22 121
114 213
159 258
190 289
196 295
50 149
128 227
79 178
160 259
156 255
165 264
64 163
116 215
14 113
51 150
55 154
132 231
164 263
49 148
12 111
1 100
107 206
85 184
153 252
4 103
195 294
187 286
192 291
141 240
14 113
28 127
180 279
129 228
1 100
85 184
177 276
122 221
154 253
157 256
190 289
172 271
26 125
12 111
94 193
80 179
114 213
64 163
169 268
15 114
133 232
183 282
73 172
103 202
24 123
197 296
26 125
73 172
29 128
20 119
130 229
3 102
176 275
197 296
5 104
62 161
29 128
196 295
132 231
8 107
67 166
96 195
168 267
183 282
73 172
132 231
135 234
90 189
26 125
5 104
123 222
61 160
161 260
74 173
96 195
31 130
7 106
47 146
163 262
137 236
0 99
175 274
195 294
131 230
36 135
46 145
90 189
111 210
40 139
61 160
195 294
196 295
71 170
45 144
170 269
175 274
116 215
174 273
123 222
42 141
64 163
122 221
196 295
106 205
123 222
189 288
150 249
71 170
117 216
49 148
72 171
178 277
45 144
190 289
80 179
173 272
88 187
182 281
76 175
60 159
140 239
123 222
84 183
105 204
174 273
144 243
197 296
143 242
132 231
42 141
45 144
173 272
27 126
127 226
138 237
130 229
126 225
172 271
93 192
2 101
116 215
154 253
147 246
188 287
148 247
154 253
150 249
80 179
155 254
126 225
179 278
16 115
126 225
167 266
98 197
118 217
139 238
158 257
97 196
174 273
101 200
54 153
78 177
93 192
131 230
3 102
189 288
179 278
83 182
161 260
183 282
137 236
86 185
48 147
63 162
146 245
13 112
191 290
27 126
16 115
75 174
122 221
100 199
72 171
86 185
157 256
70 169
191 290
49 148
125 224
58 157
179 278
87 186
110 209
59 158
75 174
183 282
116 215
176 275
148 247
84 183
162 261
188 287
27 126
187 286
98 197
51 150
68 167
29 128
25 124
64 163
162 261
11 110
112 211
163 262
77 176
92 191
131 230
92 191
118 217
74 173
123 222
144 243
9 108
80 179
19 118
27 126
64 163
195 294
56 155
47 146
177 276
83 182
22 121
33 132
144 243
153 252
113 212
35 134
163 262
83 182
21 120
85 184
166 265
176 275
60 159
160 259
139 238
87 186
50 149
37 136
183 282
37 136
171 270
155 254
88 187
59 158
197 296
107 206
135 234
67 166
109 208
192 291
134 233
128 227
157 256
76 175
174 273
98 197
31 130
48 147
136 235
193 292
154 253
46 145
52 151
126 225
175 274
144 243
105 204
195 294
67 166
108 207
102 201
36 135
23 122
137 236
19 118
48 147
8 107
92 191
149 248
40 139
118 217
36 135
194 293
176 275
76 175
164 263
163 262
68 167
185 284
160 259
155 254
3 102
100 199
122 221
116 215
92 191
41 140
196 295
101 200
171 270
18 117
34 133
138 237
18 117
61 160
168 267
193 292
8 107
48 147
29 128
83 182
76 175
80 179
60 159
96 195
146 245
66 165
150 249
173 272
110 209
51 150
109 208
59 158
78 177
170 269
137 236
151 250
90 189
154 253
183 282
32 131
130 229
0 99
35 134
161 260
66 165
187 286
1 100
78 177
135 234
63 162
76 175
47 146
133 232
107 206
40 139
188 287
190 289
48 147
73 172
129 228
1 100
34 133
120 219
131 230
80 179
24 123
117 216
85 184
74 173
83 182
26 125
80 179
158 257
36 135
68 167
102 201
80 179
135 234
105 204
21 120
42 141
46 145
80 179
175 274
79 178
31 130
11 110
118 217
35 134
43 142
15 114
106 205
47 146
121 220
92 191
97 196
38 137
187 286
135 234
105 204
30 129
27 126
179 278
14 113
65 164
182 281
172 271
140 239
62 161
169 268
44 143
105 204
132 231
189 288
82 181
134 233
54 153
30 129
148 247
157 256
188 287
47 146
44 143
178 277
35 134
155 254
31 130
89 188
118 217
166 265
149 248
54 153
13 112
41 140
192 291
34 133
25 124
105 204
12 111
3 102
24 123
58 157
57 156
19 118
63 162
188 287
102 201
194 293
148 247
45 144
134 233
194 293
101 200
102 201
32 131
38 137
88 187
106 205
41 140
194 293
173 272
4 103
137 236
9 108
165 264
79 178
123 222
131 230
121 220
71 170
89 188
195 294
135 234
51 150
141 240
148 247
43 142
12 111
136 235
182 281
130 229
148 247
152 251
6 105
11 110
151 250
99 198
181 280
35 134
99 198
86 185
125 224
93 192
64 163
116 215
60 159
9 108
113 212
50 149
195 294
105 204
169 268
104 203
73 172
20 119
171 270
2 101
39 138
36 135
155 254
173 272
88 187
170 269
41 140
148 247
188 287
18 117
141 240
142 241
91 190
53 152
40 139
163 262
77 176
187 286
173 272
122 221
96 195
171 270
141 240
103 202
105 204
62 161
26 125
15 114
109 208
111 210
16 115
19 118
1 100
91 190
183 282
138 237
88 187
18 117
28 127
97 196
11 110
54 153
112 211
149 248
95 194
182 281
57 156
148 247
126 225
36 135
170 269
36 135
15 114
109 208
103 202
72 171
15 114
12 111
189 288
135 234
120 219
56 155
169 268
76 175
93 192
73 172
184 283
82 181
138 237
9 108
132 231
72 171
186 285
81 180
19 118
179 278
72 171
48 147
196 295
195 294
26 125
28 127
61 160
181 280
184 283
27 126
140 239
192 291
13 112
147 246
99 198
24 123
151 250
109 208
193 292
80 179
81 180
164 263
11 110
11 110
160 259
43 142
129 228
115 214
151 250
75 174
116 215
168 267
3 102
172 271
8 107
86 185
127 226
144 243
38 137
87 186
174 273
129 228
123 222
144 243
74 173
162 261
34 133
141 240
108 207
117 216
141 240
86 185
27 126
111 210
17 116
118 217
139 238
37 136
120 219
35 134
156 255
197 296
156 255
191 290
194 293
180 279
111 210
97 196
62 161
170 269
62 161
106 205
66 165
152 251
59 158
78 177
184 283
180 279
118 217
83 182
162 261
177 276
173 272
155 254
90 189
3 102
178 277
25 124
179 278
23 122
94 193
55 154
147 246
20 119
74 173
178 277
189 288
159 258
175 274
136 235
35 134
12 111
126 225
62 161
101 200
19 118
33 132
19 118
189 288
65 164
161 260
40 139
35 134
98 197
74 173
182 281
78 177
14 113
138 237
179 278
171 270
147 246
28 127
77 176
78 177
35 134
196 295
164 263
115 214
166 265
56 155
76 175
95 194
34 133
175 274
172 271
69 168
178 277
146 245
163 262
2 101
109 208
31 130
25 124
21 120
116 215
108 207
66 165
197 296
182 281
24 123
147 246
59 158
19 118
109 208
68 167
119 218
46 145
46 145
150 249
51 150
53 152
129 228
98 197
41 140
101 200
191 290
146 245
116 215
152 251
76 175
16 115
46 145
145 244
188 287
76 175
191 290
21 120
66 165
2 101
118 217
162 261
106 205
15 114
73 172
121 220
153 252
153 252
154 253
114 213
93 192
165 264
191 290
165 264
64 163
132 231
111 210
95 194
119 218
52 151
196 295
146 245
140 239
91 190
82 181
197 296
159 258
134 233
50 149
111 210
29 128
120 219
60 159
178 277
6 105
147 246
164 263
14 113
50 149
57 156
22 121
103 202
90 189
15 114
129 228
12 111
91 190
110 209
18 117
72 171
136 235
43 142
15 114
96 195
50 149
141 240
26 125
123 222
148 247
154 253
163 262
56 155
81 180
110 209
141 240
181 280
88 187
71 170
149 248
26 125
113 212
22 121
54 153
135 234
150 249
193 292
60 159
78 177
72 171
144 243
100 199
5 104
139 238
16 115
65 164
22 121
176 275
141 240
166 265
98 197
2 101
79 178
46 145
92 191
182 281
101 200
68 167
16 115
8 107
149 248
58 157
135 234
54 153
163 262
0 99
62 161
125 224
179 278
72 171
164 263
103 202
32 131
51 150
133 232
130 229
190 289
168 267
52 151
42 141
147 246
185 284
41 140
67 166
16 115
113 212
97 196
69 168
170 269
87 186
172 271
102 201
94 193
10 109
14 113
19 118
175 274
96 195
190 289
82 181
12 111
120 219
88 187
17 116
122 221
15 114
78 177
40 139
57 156
51 150
194 293
192 291
6 105
71 170
69 168
61 160
167 266
101 200
91 190
140 239
95 194
58 157
90 189
144 243
138 237
1 100
138 237
180 279
55 154
9 108
107 206
65 164
153 252
179 278
149 248
128 227
186 285
129 228
97 196
72 171
16 115
69 168
58 157
73 172
179 278
19 118
58 157
49 148
73 172
111 210
121 220
71 170
190 289
23 122
68 167
65 164
168 267
86 185
39 138
147 246
61 160
159 258
11 110
158 257
146 245
93 192
164 263
172 271
9 108
34 133
7 106
159 258
102 201
94 193
91 190
120 219
127 226
40 139
170 269
194 293
10 109
193 292
10 109
4 103
65 164
86 185
36 135
36 135
27 126
118 217
92 191
53 152
120 219
141 240
117 216
15 114
109 208
30 129
1 100
74 173
72 171
161 260
53 152
123 222
70 169
34 133
18 117
15 114
135 234
127 226
103 202
20 119
59 158
159 258
63 162
63 162
106 205
151 250
192 291
97 196
127 226
32 131
33 132
146 245
49 148
118 217
194 293
94 193
77 176
67 166
167 266
0 99
185 284
190 289
5 104
137 236
166 265
14 113
66 165
74 173
185 284
28 127
31 130
90 189
103 202
81 180
68 167
99 198
41 140
166 265
129 228
94 193
128 227
36 135
138 237
68 167
9 108
191 290
98 197
113 212
34 133
61 160
73 172
107 206
118 217
65 164
122 221
71 170
177 276
61 160
62 161
76 175
151 250
190 289
166 265
119 218
141 240
98 197
192 291
161 260
144 243
98 197
125 224
121 220
159 258
138 237
137 236
112 211
64 163
194 293
118 217
117 216
115 214
132 231
68 167
90 189
1 100
100 199
16 115
54 153
68 167
93 192
167 266
146 245
10 109
4 103
66 165
49 148
114 213
119 218
190 289
137 236
74 173
113 212
97 196
46 145
132 231
136 235
84 183
179 278
33 132
183 282
62 161
135 234
67 166
24 123
5 104
124 223
161 260
152 251
128 227
37 136
50 149
3 102
143 242
36 135
113 212
166 265
123 222
186 285
162 261
196 295
100 199
8 107
56 155
172 271
57 156
64 163
154 253
37 136
78 177
142 241
191 290
102 201
93 192
163 262
50 149
75 174
88 187
192 291
159 258
196 295
54 153
135 234
178 277
123 222
133 232
151 250
111 210
55 154
116 215
166 265
194 293
35 134
23 122
163 262
13 112
122 221
110 209
100 199
12 111
153 252
161 260
173 272
194 293
84 183
176 275
40 139
119 218
179 278
112 211
127 226
72 171
133 232
65 164
163 262
103 202
170 269
72 171
188 287
119 218
61 160
124 223
187 286
35 134
91 190
63 162
11 110
67 166
117 216
23 122
96 195
174 273
65 164
81 180
126 225
187 286
81 180
77 176
128 227
13 112
192 291
117 216
90 189
148 247
132 231
128 227
46 145
79 178
124 223
4 103
32 131
160 259
51 150
79 178
156 255
193 292
62 161
170 269
72 171
166 265
140 239
79 178
136 235
3 102
68 167
33 132
163 262
124 223
73 172
20 119
79 178
95 194
27 126
111 210
147 246
129 228
180 279
160 259
139 238
88 187
24 123
177 276
103 202
34 133
29 128
94 193
1 100
42 141
18 117
187 286
56 155
102 201
17 116
104 203
63 162
166 265
16 115
25 124
24 123
167 266
25 124
138 237
98 197
148 247
180 279
195 294
82 181
153 252
91 190
123 222
193 292
50 149
127 226
27 126
175 274
109 208
169 268
120 219
103 202
89 188
73 172
87 186
101 200
78 177
113 212
18 117
126 225
27 126
93 192
15 114
137 236
188 287
48 147
4 103
87 186
132 231
83 182
141 240
161 260
72 171
54 153
85 184
141 240
34 133
83 182
0 99
71 170
125 224
156 255
47 146
11 110
151 250
1 100
59 158
111 210
74 173
118 217
96 195
21 120
99 198
154 253
60 159
50 149
114 213
78 177
51 150
95 194
180 279
106 205
141 240
34 133
180 279
88 187
57 156
37 136
195 294
12 111
123 222
29 128
179 278
55 154
31 130
183 282
42 141
56 155
84 183
106 205
95 194
191 290
17 116
69 168
99 198
144 243
95 194
64 163
146 245
127 226
39 138
119 218
77 176
120 219
88 187
144 243
93 192
60 159
9 108
56 155
173 272
18 117
155 254
135 234
97 196
113 212
119 218
76 175
126 225
182 281
124 223
160 259
108 207
159 258
177 276
115 214
83 182
90 189
117 216
0 99
109 208
87 186
187 286
167 266
91 190
70 169
119 218
141 240
181 280
13 112
157 256
54 153
168 267
1 100
61 160
110 209
179 278
81 180
20 119
153 252
125 224
60 159
44 143
161 260
40 139
157 256
19 118
93 192
196 295
34 133
171 270
166 265
77 176
49 148
18 117
181 280
17 116
99 198
35 134
78 177
148 247
179 278
177 276
139 238
163 262
172 271
52 151
38 137
82 181
49 148
115 214
104 203
128 227
97 196
189 288
99 198
135 234
94 193
195 294
26 125
150 249
71 170
90 189
197 296
54 153
197 296
186 285
26 125
181 280
118 217
68 167
80 179
188 287
113 212
94 193
21 120
168 267
164 263
127 226
49 148
140 239
140 239
60 159
158 257
191 290
156 255
111 210
87 186
75 174
49 148
24 123
136 235
78 177
69 168
1 100
127 226
21 120
186 285
62 161
163 262
167 266
149 248
77 176
138 237
125 224
148 247
103 202
5 104
10 109
174 273
93 192
105 204
24 123
90 189
149 248
173 272
120 219
118 217
169 268
65 164
118 217
116 215
20 119
4 103
43 142
79 178
181 280
180 279
19 118
102 201
164 263
114 213
51 150
122 221
31 130
182 281
177 276
127 226
158 257
64 163
111 210
141 240
121 220
136 235
70 169
129 228
127 226
87 186
175 274
161 260
63 162
13 112
82 181
44 143
4 103
74 173
195 294
96 195
64 163
13 112
51 150
14 113
2 101
117 216
110 209
33 132
59 158
71 170
185 284
183 282
179 278
30 129
49 148
46 145
135 234
39 138
194 293
8 107
9 108
90 189
122 221
75 174
47 146
166 265
38 137
97 196
175 274
157 256
7 106
6 105
197 296
187 286
66 165
138 237
95 194
138 237
188 287
125 224
127 226
197 296
160 259
196 295
48 147
139 238
9 108
178 277
26 125
121 220
145 244
177 276
111 210
33 132
77 176
96 195
27 126
46 145
162 261
128 227
80 179
160 259
33 132
22 121
149 248
43 142
109 208
7 106
47 146
169 268
14 113
76 175
147 246
26 125
42 141
175 274
76 175
157 256
109 208
193 292
61 160
85 184
56 155
133 232
127 226
66 165
159 258
79 178
47 146
179 278
158 257
52 151
171 270
172 271
24 123
101 200
91 190
63 162
98 197
65 164
9 108
42 141
25 124
108 207
36 135
110 209
114 213
55 154
14 113
13 112
3 102
88 187
52 151
170 269
26 125
131 230
16 115
140 239
15 114
151 250
22 121
96 195
77 176
38 137
46 145
42 141
121 220
47 146
48 147
113 212
166 265
100 199
173 272
45 144
49 148
143 242
179 278
57 156
102 201
127 226
134 233
113 212
76 175
172 271
17 116
45 144
147 246
172 271
30 129
180 279
136 235
84 183
129 228
19 118
170 269
119 218
169 268
39 138
103 202
76 175
168 267
164 263
142 241
29 128
56 155
172 271
179 278
7 106
58 157
78 177
139 238
66 165
128 227
117 216
105 204
5 104
135 234
151 250
10 109
101 200
88 187
33 132
82 181
22 121
118 217
110 209
50 149
125 224
195 294
127 226
54 153
169 268
82 181
30 129
139 238
131 230
150 249
130 229
173 272
76 175
88 187
99 198
184 283
46 145
11 110
73 172
143 242
189 288
121 220
97 196
164 263
124 223
35 134
143 242
100 199
5 104
162 261
175 274
40 139
11 110
175 274
128 227
124 223
189 288
79 178
157 256
187 286
29 128
106 205
49 148
76 175
11 110
177 276
167 266
89 188
107 206
107 206
42 141
174 273
89 188
102 201
38 137
5 104
33 132
48 147
68 167
105 204
27 126
150 249
9 108
77 176
123 222
134 233
110 209
9 108
87 186
16 115
175 274
92 191
92 191
102 201
19 118
13 112
104 203
50 149
53 152
148 247
145 244
14 113
157 256
174 273
170 269
157 256
35 134
43 142
35 134
189 288
85 184
11 110
97 196
142 241
45 144
54 153
195 294
134 233
56 155
25 124
31 130
7 106
92 191
15 114
33 132
80 179
11 110
140 239
167 266
138 237
129 228
63 162
175 274
157 256
30 129
149 248
37 136
159 258
131 230
50 149
42 141
144 243
179 278
126 225
129 228
125 224
19 118
24 123
83 182
173 272
136 235
62 161
102 201
151 250
186 285
87 186
123 222
145 244
99 198
178 277
122 221
99 198
157 256
39 138
131 230
123 222
167 266
149 248
89 188
67 166
88 187
86 185
132 231
118 217
18 117
71 170
9 108
166 265
58 157
116 215
77 176
109 208
58 157
108 207
45 144
29 128
179 278
98 197
6 105
104 203
86 185
21 120
155 254
54 153
77 176
174 273
24 123
7 106
134 233
121 220
162 261
130 229
36 135
196 295
98 197
123 222
189 288
171 270
35 134
3 102
38 137
181 280
36 135
137 236
38 137
57 156
181 280
69 168
49 148
190 289
34 133
166 265
170 269
138 237
150 249
21 120
119 218
151 250
126 225
167 266
0 99
62 161
152 251
189 288
41 140
43 142
93 192
118 217
115 214
118 217
127 226
13 112
142 241
185 284
69 168
89 188
174 273
126 225
103 202
10 109
57 156
123 222
55 154
148 247
46 145
165 264
191 290
196 295
165 264
60 159
178 277
161 260
9 108
82 181
49 148
73 172
136 235
122 221
85 184
132 231
126 225
70 169
5 104
99 198
108 207
147 246
106 205
154 253
27 126
27 126
194 293
170 269
57 156
47 146
193 292
8 107
97 196
173 272
155 254
84 183
193 292
151 250
35 134
153 252
18 117
18 117
122 221
110 209
21 120
114 213
179 278
24 123
158 257
12;156504
161 260
68 167
46 145
2 101
37 136
76 175
186 285
195 294
100 199
179 278
102 201
133 232
17 116
168 267
193 292
19 118
193 292
178 277
146 245
182 281
150 249
107 206
119 218
148 247
191 290
90 189
57 156
49 148
63 162
135 234
103 202
114 213
92 191
50 149
123 222
99 198
148 247
162 261
141 240
49 148
93 192
46 145
18 117
57 156
92 191
151 250
181 280
24 123
122 221
164 263
142 241
63 162
135 234
160 259
135 234
163 262
14 113
61 160
81 180
97 196
104 203
91 190
47 146
161 260
105 204
81 180
194 293
8 107
13 112
108 207
130 229
36 135
181 280
46 145
14 113
187 286
122 221
49 148
20 119
13 112
140 239
99 198
46 145
7 106
76 175
159 258
69 168
194 293
7 106
73 172
112 211
63 162
65 164
171 270
10 109
161 260
114 213
193 292
50 149
86 185
174 273
190 289
82 181
109 208
124 223
37 136
50 149
107 206
166 265
53 152
109 208
50 149
43 142
163 262
168 267
159 258
132 231
42 141
57 156
86 185
65 164
103 202
124 223
108 207
5 104
1 100
152 251
131 230
66 165
22 121
52 151
23 122
157 256
78 177
28 127
27 126
29 128
11 110
154 253
143 242
34 133
192 291
196 295
105 204
163 262
57 156
167 266
104 203
101 200
145 244
21 120
163 262
119 218
63 162
8 107
108 207
131 230
153 252
84 183
151 250
59 158
89 188
148 247
26 125
152 251
55 154
188 287
170 269
7 106
184 283
97 196
101 200
26 125
138 237
180 279
53 152
189 288
65 164
150 249
191 290
64 163
62 161
69 168
19 118
94 193
5 104
155 254
93 192
141 240
1 100
166 265
92 191
37 136
2 101
14 113
106 205
151 250
168 267
82 181
159 258
143 242
5 104
97 196
103 202
138 237
56 155
186 285
21 120
94 193
170 269
91 190
189 288
70 169
122 221
171 270
188 287
90 189
6 105
30 129
102 201
25 124
126 225
121 220
136 235
36 135
95 194
129 228
92 191
18 117
70 169
8 107
36 135
184 283
182 281
188 287
160 259
58 157
89 188
84 183
56 155
89 188
120 219
136 235
57 156
6 105
180 279
28 127
152 251
0 99
145 244
89 188
17 116
13 112
176 275
114 213
31 130
93 192
181 280
110 209
145 244
86 185
180 279
149 248
63 162
188 287
21 120
85 184
180 279
94 193
80 179
142 241
164 263
53 152
46 145
136 235
86 185
121 220
145 244
123 222
31 130
14 113
37 136
194 293
184 283
102 201
25 124
33 132
139 238
88 187
130 229
24 123
35 134
145 244
110 209
131 230
120 219
164 263
11 110
154 253
103 202
35 134
185 284
177 276
186 285
193 292
69 168
109 208
126 225
167 266
107 206
48 147
99 198
134 233
87 186
86 185
12 111
171 270
81 180
180 279
112 211
72 171
127 226
110 209
159 258
161 260
181 280
153 252
147 246
10 109
175 274
186 285
19 118
117 216
10 109
82 181
109 208
107 206
101 200
187 286
74 173
69 168
121 220
42 141
111 210
34 133
87 186
182 281
2 101
13 112
56 155
89 188
63 162
20 119
150 249
110 209
109 208
193 292
79 178
157 256
185 284
162 261
181 280
92 191
145 244
26 125
161 260
102 201
114 213
118 217
157 256
88 187
193 292
189 288
49 148
112 211
150 249
73 172
149 248
47 146
12 111
65 164
57 156
101 200
159 258
105 204
6 105
83 182
50 149
155 254
178 277
16 115
59 158
49 148
23 122
18 117
123 222
138 237
70 169
20 119
41 140
40 139
157 256
166 265
141 240
190 289
197 296
123 222
126 225
109 208
177 276
170 269
176 275
71 170
83 182
9 108
21 120
22 121
152 251
69 168
70 169
196 295
101 200
127 226
104 203
156 255
78 177
12 111
8 107
5 104
170 269
21 120
117 216
66 165
7 106
134 233
175 274
60 159
157 256
157 256
175 274
174 273
118 217
12 111
102 201
180 279
79 178
161 260
176 275
83 182
95 194
89 188
13 112
69 168
16 115
81 180
71 170
96 195
57 156
142 241
197 296
137 236
73 172
185 284
107 206
9 108
12 111
56 155
116 215
10 109
90 189
195 294
149 248
147 246
24 123
142 241
175 274
32 131
81 180
193 292
154 253
56 155
190 289
14 113
63 162
35 134
48 147
150 249
182 281
125 224
26 125
7 106
158 257
127 226
141 240
135 234
103 202
104 203
123 222
52 151
106 205
143 242
48 147
32 131
181 280
94 193
4 103
2 101
131 230
32 131
137 236
86 185
160 259
107 206
91 190
192 291
142 241
53 152
159 258
133 232
177 276
58 157
105 204
96 195
141 240
72 171
112 211
136 235
76 175
16 115
66 165
6 105
125 224
13 112
71 170
105 204
105 204
44 143
67 166
80 179
61 160
78 177
131 230
161 260
100 199
194 293
118 217
26 125
197 296
29 128
129 228
108 207
20 119
112 211
102 201
74 173
148 247
168 267
167 266
193 292
70 169
49 148
197 296
52 151
165 264
188 287
130 229
65 164
76 175
167 266
74 173
186 285
161 260
19 118
8 107
27 126
22 121
100 199
38 137
23 122
178 277
128 227
169 268
15 114
60 159
48 147
142 241
158 257
46 145
58 157
37 136
116 215
12 111
178 277
26 125
22 121
65 164
135 234
120 219
109 208
101 200
17 116
117 216
124 223
181 280
114 213
97 196
187 286
33 132
100 199
76 175
16 115
74 173
123 222
136 235
175 274
166 265
156 255
48 147
119 218
66 165
53 152
103 202
43 142
30 129
53 152
149 248
91 190
6 105
183 282
194 293
94 193
188 287
1 100
112 211
148 247
148 247
171 270
44 143
151 250
56 155
118 217
31 130
146 245
41 140
192 291
101 200
173 272
144 243
170 269
18 117
107 206
97 196
2 101
66 165
55 154
45 144
10 109
76 175
95 194
59 158
66 165
155 254
90 189
195 294
9 108
67 166
116 215
38 137
32 131
22 121
8 107
60 159
55 154
167 266
68 167
90 189
136 235
191 290
171 270
76 175
8 107
51 150
140 239
196 295
115 214
67 166
118 217
71 170
107 206
108 207
164 263
46 145
182 281
72 171
157 256
128 227
183 282
66 165
85 184
146 245
128 227
96 195
191 290
178 277
59 158
114 213
71 170
143 242
86 185
145 244
133 232
98 197
178 277
156 255
47 146
72 171
19 118
36 135
70 169
128 227
32 131
155 254
177 276
14 113
52 151
54 153
69 168
57 156
191 290
96 195
31 130
91 190
186 285
64 163
52 151
196 295
170 269
114 213
25 124
21 120
112 211
30 129
149 248
63 162
128 227
81 180
171 270
150 249
73 172
187 286
11 110
70 169
91 190
50 149
190 289
22 121
177 276
68 167
108 207
88 187
125 224
162 261
90 189
159 258
150 249
4 103
34 133
32 131
40 139
187 286
188 287
68 167
92 191
146 245
96 195
107 206
113 212
140 239
77 176
80 179
163 262
140 239
55 154
74 173
141 240
88 187
122 221
75 174
121 220
79 178
19 118
13 112
156 255
39 138
74 173
134 233
24 123
179 278
119 218
60 159
185 284
18 117
136 235
33 132
164 263
98 197
191 290
58 157
83 182
100 199
129 228
12 111
135 234
100 199
95 194
41 140
22 121
24 123
96 195
92 191
8 107
197 296
106 205
15 114
107 206
130 229
39 138
47 146
106 205
126 225
138 237
63 162
10 109
168 267
135 234
13 112
34 133
92 191
95 194
144 243
92 191
95 194
70 169
39 138
129 228
125 224
158 257
6 105
98 197
192 291
85 184
185 284
40 139
186 285
1 100
154 253
26 125
12 111
122 221
7 106
33 132
162 261
8 107
172 271
102 201
125 224
129 228
81 180
97 196
106 205
188 287
100 199
43 142
85 184
150 249
114 213
110 209
146 245
141 240
84 183
159 258
114 213
191 290
21 120
33 132
28 127
186 285
89 188
84 183
28 127
172 271
178 277
142 241
68 167
190 289
169 268
101 200
38 137
109 208
111 210
54 153
195 294
51 150
190 289
16 115
68 167
84 183
181 280
162 261
69 168
162 261
178 277
195 294
68 167
88 187
32 131
94 193
108 207
124 223
42 141
19 118
135 234
100 199
124 223
111 210
10 109
193 292
170 269
182 281
117 216
6 105
27 126
169 268
92 191
114 213
140 239
59 158
37 136
59 158
62 161
12 111
141 240
48 147
39 138
60 159
108 207
124 223
121 220
169 268
23 122
19 118
123 222
98 197
36 135
110 209
174 273
11 110
80 179
186 285
46 145
194 293
141 240
17 116
85 184
181 280
177 276
19 118
31 130
32 131
101 200
33 132
131 230
159 258
149 248
186 285
51 150
179 278
172 271
46 145
3 102
139 238
173 272
36 135
147 246
147 246
18 117
193 292
79 178
128 227
7 106
68 167
169 268
17 116
70 169
104 203
116 215
129 228
145 244
178 277
189 288
125 224
164 263
9 108
197 296
107 206
21 120
41 140
169 268
74 173
196 295
48 147
162 261
141 240
184 283
5 104
178 277
48 147
30 129
12 111
55 154
40 139
80 179
66 165
82 181
68 167
110 209
171 270
48 147
106 205
10 109
98 197
194 293
192 291
138 237
168 267
85 184
176 275
44 143
127 226
65 164
177 276
58 157
1 100
132 231
114 213
191 290
126 225
161 260
61 160
82 181
171 270
87 186
127 226
89 188
112 211
193 292
148 247
112 211
137 236
27 126
180 279
19 118
170 269
113 212
184 283
46 145
171 270
57 156
94 193
39 138
20 119
77 176
185 284
196 295
12 111
102 201
32 131
84 183
146 245
128 227
107 206
185 284
5 104
153 252
149 248
10 109
7 106
37 136
53 152
122 221
94 193
26 125
82 181
145 244
109 208
192 291
95 194
12 111
113 212
174 273
194 293
46 145
26 125
0 99
99 198
154 253
38 137
143 242
124 223
2 101
196 295
143 242
189 288
157 256
138 237
109 208
182 281
51 150
117 216
128 227
67 166
13 112
51 150
175 274
13 112
189 288
55 154
43 142
117 216
94 193
186 285
60 159
114 213
155 254
33 132
136 235
51 150
167 266
195 294
174 273
184 283
22 121
176 275
123 222
186 285
140 239
158 257
74 173
90 189
86 185
24 123
175 274
132 231
172 271
147 246
141 240
150 249
95 194
99 198
135 234
60 159
194 293
29 128
84 183
140 239
12 111
70 169
118 217
9 108
59 158
183 282
181 280
44 143
190 289
90 189
125 224
126 225
63 162
13 112
134 233
129 228
37 136
115 214
104 203
153 252
125 224
20 119
66 165
18 117
63 162
125 224
43 142
5 104
167 266
88 187
136 235
117 216
166 265
66 165
195 294
122 221
100 199
186 285
61 160
144 243
13 112
131 230
118 217
61 160
37 136
79 178
67 166
3 102
153 252
63 162
5 104
75 174
69 168
57 156
112 211
58 157
139 238
49 148
80 179
65 164
73 172
83 182
80 179
114 213
73 172
128 227
101 200
183 282
159 258
33 132
192 291
119 218
174 273
96 195
114 213
49 148
111 210
171 270
3 102
152 251
184 283
1 100
143 242
66 165
49 148
71 170
173 272
14 113
88 187
129 228
68 167
95 194
180 279
186 285
46 145
179 278
79 178
80 179
195 294
184 283
18 117
81 180
30 129
56 155
159 258
154 253
62 161
143 242
192 291
7 106
80 179
113 212
66 165
67 166
3 102
186 285
32 131
167 266
22 121
171 270
84 183
166 265
171 270
170 269
122 221
31 130
56 155
2 101
8 107
10 109
179 278
143 242
112 211
3 102
48 147
133 232
66 165
105 204
184 283
6 105
172 271
106 205
103 202
73 172
58 157
24 123
149 248
51 150
11 110
72 171
185 284
0 99
143 242
176 275
65 164
66 165
53 152
91 190
89 188
56 155
137 236
3 102
102 201
156 255
147 246
162 261
96 195
55 154
67 166
26 125
173 272
158 257
195 294
125 224
30 129
68 167
178 277
14 113
51 150
82 181
69 168
160 259
67 166
7 106
31 130
192 291
148 247
85 184
126 225
194 293
178 277
76 175
98 197
47 146
41 140
100 199
74 173
66 165
74 173
98 197
119 218
113 212
178 277
67 166
20 119
180 279
115 214
163 262
182 281
110 209
133 232
63 162
63 162
81 180
62 161
50 149
13 112
173 272
125 224
44 143
51 150
96 195
164 263
47 146
182 281
33 132
121 220
69 168
89 188
84 183
126 225
25 124
33 132
42 141
186 285
69 168
83 182
57 156
124 223
49 148
58 157
178 277
94 193
41 140
25 124
27 126
132 231
195 294
135 234
123 222
169 268
48 147
45 144
134 233
64 163
45 144
153 252
177 276
71 170
120 219
196 295
131 230
141 240
45 144
156 255
121 220
85 184
94 193
77 176
192 291
141 240
58 157
170 269
147 246
84 183
197 296
141 240
69 168
126 225
86 185
107 206
98 197
46 145
51 150
93 192
138 237
184 283
85 184
126 225
20 119
159 258
180 279
95 194
4 103
93 192
180 279
37 136
108 207
0 99
154 253
176 275
79 178
28 127
22 121
132 231
13 112
53 152
50 149
11 110
143 242
85 184
33 132
109 208
155 254
150 249
117 216
60 159
66 165
180 279
160 259
13 112
117 216
147 246
59 158
61 160
98 197
44 143
102 201
127 226
37 136
110 209
72 171
113 212
193 292
176 275
125 224
48 147
94 193
176 275
54 153
184 283
152 251
145 244
27 126
77 176
20 119
20 119
148 247
71 170
142 241
116 215
70 169
30 129
196 295
63 162
159 258
65 164
174 273
151 250
146 245
145 244
144 243
197 296
34 133
51 150
113 212
80 179
75 174
28 127
142 241
44 143
48 147
194 293
39 138
154 253
32 131
135 234
17 116
26 125
146 245
111 210
8 107
4 103
141 240
91 190
27 126
13 112
163 262
132 231
15 114
45 144
110 209
123 222
44 143
134 233
13 112
130 229
124 223
176 275
175 274
41 140
94 193
72 171
176 275
178 277
55 154
41 140
117 216
166 265
60 159
114 213
32 131
164 263
110 209
123 222
143 242
9 108
16 115
84 183
196 295
67 166
4 103
61 160
51 150
6 105
15 114
100 199
166 265
71 170
32 131
38 137
99 198
121 220
145 244
4 103
171 270
127 226
142 241
58 157
102 201
35 134
157 256
188 287
18 117
116 215
125 224
149 248
171 270
31 130
189 288
69 168
186 285
28 127
144 243
80 179
83 182
11 110
123 222
195 294
67 166
47 146
105 204
115 214
21 120
62 161
93 192
179 278
146 245
169 268
180 279
96 195
57 156
152 251
167 266
168 267
111 210
167 266
127 226
179 278
79 178
44 143
84 183
13 112
47 146
184 283
107 206
88 187
117 216
102 201
191 290
146 245
123 222
90 189
22 121
119 218
71 170
17 116
61 160
11 110
142 241
166 265
154 253
116 215
173 272
186 285
192 291
160 259
51 150
184 283
161 260
140 239
112 211
76 175
129 228
35 134
179 278
36 135
38 137
168 267
149 248
186 285
154 253
54 153
101 200
136 235
128 227
145 244
150 249
123 222
112 211
115 214
1 100
47 146
148 247
53 152
152 251
45 144
34 133
164 263
50 149
110 209
26 125
51 150
103 202
23 122
113 212
50 149
31 130
166 265
57 156
139 238
92 191
177 276
7 106
144 243
24 123
73 172
192 291
48 147
64 163
168 267
38 137
38 137
147 246
93 192
61 160
64 163
11 110
51 150
161 260
122 221
124 223
75 174
148 247
21 120
109 208
119 218
175 274
191 290
191 290
112 211
1 100
66 165
152 251
101 200
123 222
138 237
114 213
178 277
43 142
111 210
152 251
121 220
4 103
58 157
147 246
78 177
1 100
43 142
84 183
119 218
55 154
49 148
169 268
116 215
54 153
135 234
13 112
128 227
84 183
104 203
19 118
22 121
108 207
48 147
129 228
100 199
54 153
48 147
155 254
21 120
136 235
39 138
129 228
139 238
161 260
48 147
18 117
171 270
153 252
149 248
70 169
154 253
1 100
171 270
39 138
8 107
136 235
175 274
54 153
69 168
142 241
137 236
124 223
92 191
90 189
189 288
134 233
73 172
54 153
142 241
131 230
194 293
193 292
105 204
153 252
88 187
119 218
66 165
149 248
120 219
152 251
88 187
110 209
111 210
54 153
48 147
145 244
43 142
39 138
145 244
29 128
180 279
28 127
84 183
67 166
99 198
80 179
156 255
4 103
55 154
68 167
166 265
1 100
64 163
73 172
176 275
106 205
157 256
80 179
118 217
184 283
30 129
26 125
147 246
188 287
141 240
54 153
149 248
102 201
82 181
42 141
10 109
5 104
20 119
35 134
27 126
2 101
158 257
145 244
130 229
170 269
22 121
44 143
152 251
72 171
170 269
6 105
173 272
29 128
49 148
171 270
173 272
22 121
44 143
66 165
34 133
26 125
112 211
146 245
25 124
197 296
186 285
150 249
80 179
13 112
151 250
96 195
87 186
13 112
87 186
194 293
66 165
193 292
182 281
51 150
39 138
175 274
45 144
79 178
26 125
148 247
183 282
75 174
77 176
110 209
67 166
120 219
52 151
85 184
102 201
149 248
79 178
80 179
85 184
149 248
145 244
61 160
0 99
14 113
2 101
118 217
188 287
85 184
137 236
9 108
54 153
70 169
186 285
103 202
187 286
59 158
47 146
177 276
124 223
159 258
61 160
76 175
180 279
196 295
168 267
113 212
53 152
140 239
76 175
129 228
2 101
55 154
49 148
3 102
173 272
155 254
137 236
103 202
84 183
31 130
153 252
14 113
137 236
192 291
163 262
46 145
60 159
104 203
132 231
135 234
3 102
151 250
1 100
58 157
7 106
57 156
93 192
107 206
134 233
187 286
53 152
33 132
160 259
153 252
193 292
38 137
71 170
31 130
59 158
90 189
56 155
175 274
69 168
134 233
12 111
167 266
139 238
188 287
107 206
11 110
83 182
116 215
163 262
185 284
120 219
47 146
6 105
181 280
137 236
161 260
170 269
119 218
16 115
62 161
64 163
3 102
54 153
65 164
46 145
102 201
155 254
11 110
153 252
73 172
19 118
58 157
1 100
36 135
30 129
6 105
12 111
26 125
191 290
109 208
30 129
103 202
138 237
17 116
58 157
190 289
105 204
21 120
139 238
59 158
6 105
161 260
1 100
159 258
75 174
5 104
185 284
141 240
25 124
39 138
62 161
33 132
142 241
44 143
152 251
86 185
29 128
3 102
105 204
0 99
142 241
191 290
147 246
189 288
122 221
127 226
150 249
96 195
132 231
46 145
116 215
178 277
50 149
88 187
121 220
30 129
11 110
114 213
28 127
19 118
121 220
174 273
149 248
111 210
54 153
23 122
8 107
56 155
141 240
70 169
192 291
17 116
49 148
146 245
40 139
1 100
30 129
121 220
51 150
1 100
158 257
175 274
12 111
23 122
157 256
71 170
99 198
66 165
118 217
35 134
19 118
178 277
78 177
17 116
91 190
163 262
93 192
96 195
41 140
60 159
166 265
178 277
93 192
169 268
89 188
4 103
12 111
18 117
185 284
108 207
132 231
135 234
143 242
20 119
102 201
122 221
15 114
92 191
197 296
25 124
192 291
98 197
156 255
42 141
80 179
92 191
79 178
68 167
14 113
195 294
196 295
28 127
127 226
29 128
66 165
108 207
109 208
64 163
63 162
72 171
32 131
189 288
78 177
150 249
175 274
51 150
150 249
162 261
192 291
100 199
148 247
161 260
114 213
142 241
147 246
35 134
108 207
25 124
160 259
47 146
29 128
117 216
145 244
58 157
116 215
95 194
22 121
71 170
120 219
50 149
17 116
176 275
36 135
122 221
13 112
122 221
44 143
149 248
100 199
143 242
102 201
85 184
3 102
101 200
115 214
117 216
132 231
161 260
64 163
13 112
69 168
163 262
123 222
127 226
109 208
160 259
78 177
173 272
128 227
34 133
130 229
98 197
18 117
20 119
64 163
42 141
161 260
27 126
105 204
155 254
102 201
155 254
150 249
128 227
31 130
142 241
162 261
195 294
125 224
153 252
161 260
74 173
13 112
102 201
127 226
179 278
64 163
98 197
171 270
194 293
55 154
141 240
19 118
86 185
65 164
141 240
110 209
191 290
135 234
121 220
29 128
18 117
173 272
157 256
98 197
129 228
66 165
74 173
73 172
72 171
110 209
135 234
131 230
38 137
42 141
181 280
13 112
114 213
33 132
12 111
13 112
97 196
51 150
135 234
22 121
82 181
119 218
72 171
155 254
191 290
40 139
98 197
98 197
31 130
105 204
27 126
125 224
72 171
190 289
88 187
35 134
132 231
170 269
8 107
134 233
171 270
26 125
182 281
91 190
163 262
63 162
87 186
149 248
113 212
140 239
89 188
84 183
159 258
161 260
158 257
31 130
91 190
58 157
14 113
191 290
26 125
150 249
82 181
115 214
169 268
172 271
65 164
160 259
9 108
124 223
165 264
137 236
157 256
178 277
157 256
152 251
185 284
169 268
80 179
123 222
155 254
153 252
157 256
110 209
56 155
57 156
31 130
49 148
170 269
71 170
158 257
100 199
11 110
40 139
8 107
187 286
143 242
38 137
86 185
34 133
56 155
70 169
101 200
4 103
175 274
54 153
110 209
173 272
141 240
186 285
151 250
151 250
146 245
47 146
157 256
128 227
167 266
43 142
43 142
14 113
107 206
79 178
74 173
174 273
101 200
142 241
148 247
163 262
163 262
139 238
121 220
12 111
54 153
78 177
150 249
50 149
13 112
177 276
99 198
62 161
166 265
83 182
131 230
197 296
89 188
140 239
129 228
65 164
156 255
106 205
173 272
154 253
132 231
26 125
129 228
52 151
3 102
13 112
140 239
116 215
180 279
101 200
192 291
176 275
50 149
171 270
165 264
178 277
158 257
40 139
183 282
127 226
171 270
144 243
136 235
18 117
191 290
171 270
85 184
10 109
149 248
93 192
142 241
110 209
71 170
159 258
19 118
192 291
11 110
39 138
12 111
113 212
176 275
188 287
123 222
181 280
168 267
51 150
43 142
125 224
21 120
72 171
16 115
184 283
59 158
128 227
1 100
174 273
113 212
45 144
86 185
95 194
7 106
27 126
22 121
121 220
142 241
133 232
148 247
187 286
100 199
73 172
139 238
15 114
69 168
137 236
99 198
102 201
131 230
129 228
68 167
78 177
69 168
103 202
37 136
131 230
59 158
19 118
108 207
67 166
112 211
179 278
16 115
131 230
94 193
168 267
116 215
189 288
95 194
148 247
88 187
155 254
154 253
143 242
44 143
96 195
29 128
74 173
119 218
46 145
152 251
1 100
103 202
73 172
129 228
52 151
41 140
137 236
112 211
20 119
1 100
144 243
175 274
43 142
63 162
179 278
151 250
142 241
60 159
54 153
134 233
7 106
63 162
184 283
92 191
4 103
153 252
92 191
128 227
87 186
7 106
105 204
53 152
13 112
59 158
168 267
33 132
59 158
34 133
13 112
153 252
175 274
5 104
9 108
134 233
151 250
33 132
48 147
153 252
192 291
44 143
148 247
78 177
153 252
83 182
116 215
92 191
57 156
131 230
103 202
168 267
68 167
169 268
194 293
69 168
125 224
100 199
164 263
76 175
8 107
85 184
144 243
124 223
195 294
3 102
115 214
138 237
148 247
85 184
46 145
144 243
15 114
87 186
83 182
94 193
93 192
108 207
131 230
108 207
73 172
35 134
73 172
31 130
161 260
57 156
77 176
177 276
73 172
120 219
81 180
70 169
34 133
170 269
159 258
38 137
15 114
188 287
109 208
67 166
138 237
180 279
82 181
27 126
71 170
61 160
26 125
43 142
107 206
171 270
145 244
195 294
27 126
130 229
106 205
115 214
123 222
177 276
131 230
170 269
45 144
86 185
67 166
194 293
130 229
123 222
36 135
53 152
76 175
143 242
20 119
103 202
11 110
176 275
176 275
25 124
124 223
70 169
142 241
65 164
31 130
15 114
175 274
159 258
166 265
28 127
68 167
101 200
72 171
56 155
63 162
32 131
136 235
76 175
58 157
56 155
76 175
196 295
38 137
11 110
64 163
84 183
20 119
185 284
23 122
120 219
1 100
157 256
41 140
108 207
41 140
57 156
42 141
35 134
79 178
32 131
21 120
66 165
110 209
191 290
5 104
173 272
194 293
176 275
97 196
169 268
90 189
183 282
160 259
15 114
170 269
188 287
160 259
162 261
102 201
154 253
110 209
42 141
40 139
37 136
8 107
69 168
138 237
117 216
187 286
71 170
142 241
25 124
55 154
30 129
173 272
134 233
18 117
74 173
23 122
70 169
112 211
17 116
10 109
197 296
99 198
132 231
116 215
118 217
138 237
20 119
61 160
91 190
171 270
67 166
36 135
194 293
193 292
36 135
149 248
86 185
5 104
77 176
134 233
157 256
6 105
119 218
95 194
172 271
83 182
56 155
109 208
165 264
162 261
117 216
55 154
13 112
151 250
43 142
2 101
152 251
184 283
110 209
164 263
162 261
79 178
20 119
182 281
64 163
186 285
48 147
58 157
23 122
137 236
132 231
65 164
0 99
35 134
56 155
72 171
101 200
58 157
40 139
91 190
88 187
189 288
18 117
85 184
177 276
150 249
75 174
62 161
174 273
51 150
166 265
22 121
13 112
100 199
192 291
54 153
117 216
173 272
44 143
172 271
106 205
145 244
39 138
63 162
68 167
84 183
73 172
177 276
170 269
65 164
108 207
194 293
135 234
146 245
68 167
1 100
121 220
34 133
191 290
97 196
53 152
108 207
140 239
143 242
98 197
38 137
80 179
51 150
38 137
172 271
48 147
138 237
169 268
114 213
62 161
123 222
84 183
29 128
107 206
67 166
37 136
64 163
46 145
33 132
69 168
77 176
155 254
172 271
86 185
194 293
197 296
181 280
52 151
24 123
65 164
72 171
79 178
124 223
58 157
37 136
15 114
111 210
193 292
110 209
69 168
113 212
155 254
90 189
84 183
29 128
34 133
115 214
5 104
180 279
182 281
169 268
3 102
193 292
172 271
111 210
63 162
106 205
139 238
186 285
191 290
43 142
143 242
91 190
12 111
89 188
14 113
74 173
59 158
130 229
23 122
15 114
197 296
120 219
83 182
134 233
58 157
168 267
166 265
92 191
20 119
75 174
38 137
57 156
81 180
0 99
139 238
100 199
141 240
69 168
15 114
197 296
173 272
12 111
107 206
114 213
125 224
102 201
33 132
77 176
55 154
83 182
130 229
182 281
26 125
77 176
121 220
126 225
165 264
116 215
29 128
177 276
77 176
109 208
22 121
71 170
154 253
76 175
31 130
17 116
187 286
112 211
30 129
28 127
59 158
61 160
113 212
183 282
178 277
104 203
35 134
44 143
160 259
174 273
67 166
6 105
78 177
86 185
26 125
70 169
159 258
152 251
112 211
162 261
144 243
9 108
55 154
74 173
11 110
134 233
172 271
32 131
23 122
33 132
53 152
146 245
20 119
190 289
51 150
30 129
150 249
43 142
79 178
187 286
185 284
2 101
83 182
35 134
86 185
9 108
184 283
97 196
123 222
133 232
98 197
2 101
80 179
43 142
96 195
12 111
80 179
106 205
171 270
164 263
0 99
113 212
74 173
4 103
38 137
119 218
90 189
153 252
60 159
62 161
24 123
61 160
142 241
60 159
78 177
9 108
134 233
76 175
110 209
8 107
0 99
84 183
124 223
146 245
196 295
145 244
36 135
70 169
44 143
186 285
68 167
54 153
109 208
127 226
46 145
143 242
10 109
107 206
5 104
197 296
152 251
132 231
19 118
182 281
21 120
123 222
141 240
121 220
33 132
7 106
71 170
69 168
21 120
73 172
49 148
55 154
51 150
151 250
117 216
158 257
158 257
190 289
60 159
4 103
78 177
90 189
156 255
196 295
112 211
114 213
7 106
124 223
128 227
14 113
132 231
61 160
14 113
36 135
24 123
36 135
165 264
123 222
116 215
170 269
50 149
175 274
108 207
113 212
87 186
124 223
185 284
76 175
29 128
192 291
116 215
180 279
189 288
120 219
18 117
31 130
120 219
36 135
37 136
16 115
32 131
26 125
129 228
154 253
157 256
197 296
49 148
102 201
44 143
80 179
131 230
184 283
81 180
92 191
134 233
130 229
172 271
195 294
16 115
111 210
10 109
93 192
6 105
41 140
31 130
43 142
24 123
173 272
157 256
118 217
134 233
163 262
50 149
74 173
137 236
90 189
108 207
129 228
35 134
47 146
162 261
19 118
149 248
121 220
180 279
108 207
162 261
116 215
50 149
177 276
158 257
176 275
9 108
23 122
79 178
154 253
18 117
111 210
91 190
182 281
96 195
125 224
130 229
116 215
9 108
186 285
7 106
107 206
21 120
185 284
168 267
187 286
3 102
46 145
101 200
77 176
190 289
166 265
125 224
15 114
82 181
172 271
121 220
162 261
170 269
52 151
44 143
11 110
194 293
39 138
103 202
85 184
176 275
88 187
75 174
160 259
90 189
38 137
51 150
151 250
53 152
167 266
146 245
151 250
1 100
101 200
22 121
126 225
99 198
118 217
57 156
180 279
192 291
52 151
143 242
149 248
89 188
39 138
132 231
49 148
151 250
39 138
119 218
166 265
82 181
185 284
39 138
11 110
71 170
89 188
127 226
34 133
70 169
174 273
94 193
114 213
68 167
172 271
156 255
32 131
170 269
84 183
57 156
101 200
186 285
176 275
67 166
28 127
133 232
96 195
53 152
128 227
170 269
131 230
67 166
78 177
127 226
114 213
76 175
113 212
162 261
2 101
151 250
189 288
194 293
17 116
18 117
25 124
53 152
166 265
40 139
111 210
193 292
93 192
187 286
145 244
0 99
138 237
43 142
104 203
54 153
174 273
69 168
193 292
77 176
123 222
76 175
41 140
112 211
21 120
18 117
132 231
55 154
143 242
38 137
141 240
41 140
27 126
18 117
20 119
78 177
151 250
37 136
54 153
104 203
39 138
110 209
80 179
80 179
74 173
96 195
76 175
34 133
170 269
92 191
171 270
193 292
157 256
0 99
187 286
116 215
29 128
64 163
26 125
44 143
146 245
44 143
126 225
157 256
17 116
194 293
106 205
115 214
30 129
0 99
186 285
197 296
52 151
111 210
193 292
99 198
167 266
39 138
130 229
123 222
163 262
15 114
127 226
89 188
4 103
170 269
168 267
24 123
134 233
31 130
140 239
75 174
0 99
41 140
76 175
67 166
162 261
189 288
69 168
46 145
174 273
28 127
182 281
20 119
0 99
84 183
70 169
24 123
181 280
0 99
58 157
33 132
7 106
130 229
151 250
130 229
173 272
18 117
95 194
116 215
14 113
184 283
70 169
33 132
85 184
116 215
184 283
80 179
40 139
161 260
172 271
1 100
134 233
49 148
33 132
177 276
175 274
103 202
194 293
92 191
38 137
14 113
186 285
84 183
35 134
40 139
1 100
195 294
89 188
183 282
195 294
176 275
159 258
92 191
51 150
86 185
80 179
9 108
193 292
154 253
34 133
102 201
65 164
134 233
188 287
8 107
189 288
56 155
193 292
13 112
117 216
74 173
33 132
196 295
70 169
168 267
172 271
116 215
11 110
184 283
85 184
82 181
81 180
77 176
160 259
121 220
37 136
56 155
170 269
14 113
86 185
86 185
128 227
51 150
75 174
186 285
196 295
122 221
186 285
3 102
188 287
11 110
35 134
51 150
31 130
125 224
100 199
97 196
171 270
173 272
49 148
91 190
81 180
88 187
106 205
40 139
150 249
117 216
43 142
112 211
23 122
162 261
149 248
22 121
160 259
7 106
168 267
55 154
0 99
86 185
99 198
39 138
5 104
26 125
115 214
116 215
144 243
101 200
82 181
169 268
107 206
133 232
90 189
3 102
72 171
189 288
125 224
30 129
10 109
35 134
168 267
6 105
184 283
176 275
80 179
163 262
41 140
1 100
100 199
94 193
155 254
161 260
41 140
98 197
158 257
143 242
187 286
61 160
194 293
188 287
72 171
51 150
195 294
118 217
148 247
111 210
51 150
68 167
161 260
96 195
189 288
176 275
13 112
185 284
119 218
137 236
193 292
133 232
49 148
49 148
194 293
22 121
175 274
155 254
9 108
178 277
105 204
98 197
115 214
192 291
99 198
20 119
183 282
195 294
197 296
88 187
182 281
14 113
133 232
181 280
115 214
172 271
40 139
77 176
129 228
73 172
192 291
118 217
100 199
34 133
34 133
157 256
21 120
73 172
38 137
82 181
42 141
157 256
64 163
98 197
74 173
163 262
141 240
150 249
195 294
116 215
112 211
133 232
41 140
82 181
53 152
169 268
143 242
17 116
169 268
183 282
184 283
7 106
121 220
188 287
176 275
3 102
35 134
39 138
155 254
78 177
139 238
73 172
91 190
177 276
147 246
14 113
114 213
105 204
103 202
184 283
164 263
93 192
105 204
2 101
95 194
182 281
6 105
66 165
58 157
65 164
142 241
122 221
96 195
181 280
50 149
184 283
68 167
187 286
154 253
73 172
187 286
1 100
187 286
114 213
82 181
66 165
54 153
80 179
44 143
175 274
44 143
89 188
130 229
159 258
188 287
43 142
143 242
143 242
98 197
172 271
92 191
63 162
118 217
83 182
28 127
20 119
159 258
158 257
80 179
17 116
183 282
147 246
3 102
8 107
147 246
106 205
128 227
80 179
21 120
82 181
191 290
74 173
84 183
126 225
150 249
163 262
6 105
127 226
74 173
194 293
31 130
100 199
41 140
89 188
130 229
167 266
49 148
135 234
34 133
78 177
121 220
58 157
109 208
11 110
175 274
23 122
73 172
130 229
63 162
113 212
57 156
186 285
7 106
70 169
87 186
170 269
58 157
85 184
156 255
197 296
49 148
121 220
17 116
62 161
130 229
164 263
109 208
140 239
25 124
116 215
159 258
62 161
72 171
57 156
113 212
186 285
96 195
111 210
53 152
79 178
187 286
37 136
107 206
8 107
38 137
41 140
140 239
179 278
73 172
178 277
78 177
121 220
109 208
194 293
146 245
54 153
81 180
100 199
160 259
41 140
181 280
41 140
69 168
194 293
63 162
113 212
70 169
53 152
151 250
70 169
87 186
195 294
160 259
3 102
130 229
20 119
141 240
22 121
59 158
74 173
197 296
75 174
64 163
174 273
134 233
33 132
181 280
72 171
64 163
20 119
63 162
32 131
135 234
34 133
115 214
43 142
108 207
98 197
110 209
197 296
144 243
78 177
166 265
162 261
156 255
6 105
158 257
38 137
39 138
74 173
100 199
86 185
75 174
25 124
72 171
136 235
126 225
189 288
47 146
197 296
166 265
177 276
117 216
116 215
164 263
194 293
66 165
132 231
186 285
29 128
164 263
171 270
89 188
23 122
7 106
29 128
122 221
20 119
121 220
191 290
43 142
181 280
133 232
41 140
118 217
2 101
130 229
4 103
163 262
177 276
166 265
50 149
155 254
79 178
170 269
180 279
53 152
64 163
67 166
158 257
11 110
92 191
6 105
27 126
73 172
79 178
59 158
120 219
98 197
170 269
0 99
144 243
94 193
175 274
81 180
73 172
182 281
97 196
42 141
53 152
184 283
128 227
0 99
92 191
155 254
24 123
24 123
58 157
164 263
152 251
23 122
114 213
169 268
170 269
58 157
0 99
112 211
174 273
154 253
2 101
121 220
122 221
63 162
148 247
161 260
123 222
115 214
68 167
51 150
3 102
145 244
176 275
20 119
100 199
177 276
136 235
95 194
78 177
153 252
79 178
159 258
173 272
175 274
173 272
73 172
78 177
174 273
58 157
138 237
50 149
149 248
133 232
6 105
6 105
4 103
57 156
187 286
183 282
181 280
86 185
156 255
95 194
39 138
81 180
69 168
166 265
104 203
114 213
118 217
168 267
120 219
46 145
184 283
109 208
76 175
124 223
127 226
176 275
159 258
43 142
137 236
130 229
192 291
53 152
43 142
138 237
87 186
129 228
153 252
155 254
15 114
39 138
109 208
183 282
63 162
140 239
71 170
108 207
151 250
59 158
66 165
11 110
170 269
168 267
35 134
25 124
192 291
114 213
56 155
48 147
111 210
55 154
8 107
91 190
162 261
161 260
155 254
186 285
102 201
61 160
78 177
57 156
7 106
85 184
1 100
62 161
76 175
185 284
184 283
13 112
67 166
157 256
153 252
183 282
52 151
63 162
164 263
116 215
104 203
133 232
116 215
164 263
156 255
8 107
63 162
20 119
167 266
173 272
141 240
72 171
53 152
93 192
85 184
71 170
146 245
9 108
177 276
156 255
72 171
134 233
111 210
68 167
30 129
76 175
49 148
168 267
37 136
117 216
40 139
36 135
158 257
142 241
115 214
138 237
133 232
43 142
44 143
153 252
75 174
15 114
12 111
131 230
120 219
44 143
185 284
194 293
163 262
56 155
67 166
8 107
177 276
6 105
25 124
197 296
2 101
188 287
54 153
28 127
113 212
192 291
143 242
66 165
72 171
156 255
114 213
191 290
56 155
131 230
94 193
29 128
178 277
33 132
197 296
121 220
97 196
86 185
156 255
70 169
65 164
103 202
135 234
51 150
8 107
126 225
154 253
195 294
105 204
119 218
22 121
43 142
91 190
185 284
48 147
63 162
151 250
20 119
147 246
59 158
197 296
55 154
8 107
187 286
108 207
57 156
176 275
114 213
128 227
121 220
19 118
115 214
122 221
111 210
125 224
148 247
133 232
190 289
161 260
152 251
71 170
26 125
178 277
125 224
64 163
103 202
35 134
136 235
126 225
47 146
72 171
95 194
133 232
75 174
20 119
23 122
112 211
49 148
38 137
74 173
47 146
81 180
13 112
182 281
157 256
33 132
118 217
160 259
46 145
47 146
136 235
167 266
60 159
165 264
55 154
180 279
128 227
104 203
83 182
22 121
15 114
33 132
53 152
108 207
158 257
139 238
26 125
145 244
92 191
128 227
35 134
15 114
129 228
35 134
169 268
111 210
134 233
47 146
59 158
181 280
55 154
87 186
38 137
194 293
66 165
8 107
72 171
100 199
18 117
135 234
81 180
96 195
12 111
106 205
59 158
94 193
95 194
124 223
37 136
165 264
150 249
171 270
36 135
104 203
44 143
181 280
61 160
23 122
25 124
35 134
138 237
110 209
114 213
124 223
10 109
153 252
26 125
40 139
99 198
40 139
26 125
96 195
9 108
189 288
176 275
70 169
130 229
30 129
70 169
103 202
12 111
104 203
44 143
31 130
56 155
154 253
96 195
85 184
42 141
176 275
42 141
58 157
182 281
174 273
77 176
131 230
67 166
85 184
149 248
84 183
52 151
183 282
93 192
185 284
45 144
104 203
26 125
76 175
166 265
163 262
169 268
141 240
78 177
97 196
116 215
132 231
19 118
83 182
43 142
31 130
52 151
134 233
100 199
186 285
164 263
159 258
107 206
110 209
180 279
5 104
126 225
122 221
69 168
30 129
123 222
127 226
104 203
13 112
158 257
175 274
177 276
197 296
31 130
93 192
15 114
13 112
187 286
20 119
144 243
120 219
97 196
170 269
87 186
125 224
133 232
59 158
81 180
101 200
36 135
134 233
127 226
93 192
112 211
67 166
132 231
133 232
57 156
122 221
91 190
84 183
179 278
114 213
13 112
74 173
106 205
107 206
191 290
118 217
82 181
110 209
172 271
154 253
191 290
152 251
168 267
1 100
91 190
91 190
118 217
121 220
149 248
53 152
101 200
121 220
102 201
167 266
126 225
34 133
124 223
135 234
183 282
41 140
108 207
175 274
67 166
107 206
28 127
89 188
21 120
34 133
150 249
188 287
25 124
9 108
87 186
90 189
158 257
103 202
0 99
66 165
94 193
44 143
18 117
100 199
151 250
74 173
84 183
106 205
74 173
106 205
108 207
134 233
65 164
122 221
8 107
5 104
93 192
38 137
18 117
124 223
106 205
137 236
61 160
103 202
161 260
43 142
42 141
23 122
138 237
76 175
52 151
148 247
118 217
3 102
64 163
7 106
130 229
89 188
48 147
5 104
143 242
99 198
191 290
29 128
91 190
112 211
189 288
26 125
163 262
77 176
43 142
13 112
1 100
18 117
122 221
170 269
40 139
73 172
109 208
34 133
39 138
63 162
183 282
31 130
35 134
59 158
61 160
154 253
42 141
183 282
26 125
25 124
186 285
68 167
147 246
162 261
186 285
170 269
102 201
0 99
95 194
184 283
15 114
98 197
174 273
38 137
94 193
15 114
164 263
52 151
67 166
42 141
180 279
96 195
41 140
193 292
179 278
92 191
87 186
70 169
193 292
78 177
74 173
69 168
172 271
98 197
153 252
140 239
193 292
6 105
67 166
88 187
90 189
22 121
107 206
81 180
193 292
101 200
40 139
131 230
9 108
159 258
92 191
78 177
21 120
134 233
151 250
100 199
87 186
180 279
105 204
143 242
60 159
88 187
61 160
139 238
173 272
37 136
155 254
49 148
156 255
18 117
10 109
177 276
143 242
96 195
0 99
25 124
111 210
85 184
54 153
9 108
67 166
26 125
84 183
175 274
102 201
115 214
138 237
197 296
196 295
29 128
77 176
60 159
128 227
136 235
168 267
177 276
134 233
170 269
135 234
22 121
177 276
170 269
183 282
165 264
163 262
99 198
57 156
132 231
69 168
36 135
172 271
15 114
17 116
48 147
193 292
96 195
159 258
73 172
92 191
131 230
186 285
159 258
92 191
41 140
55 154
0 99
25 124
109 208
56 155
133 232
98 197
94 193
175 274
162 261
93 192
23 122
68 167
14 113
161 260
81 180
70 169
21 120
137 236
126 225
40 139
149 248
77 176
7 106
169 268
141 240
36 135
90 189
140 239
91 190
177 276
105 204
4 103
139 238
148 247
180 279
99 198
67 166
52 151
44 143
107 206
24 123
59 158
98 197
27 126
167 266
159 258
189 288
188 287
86 185
49 148
31 130
127 226
25 124
2 101
72 171
5 104
104 203
65 164
110 209
110 209
195 294
157 256
99 198
108 207
159 258
104 203
114 213
21 120
192 291
126 225
143 242
134 233
133 232
83 182
83 182
127 226
144 243
54 153
112 211
101 200
39 138
33 132
39 138
87 186
25 124
130 229
173 272
50 149
188 287
152 251
123 222
49 148
56 155
90 189
181 280
108 207
34 133
16 115
163 262
34 133
137 236
33 132
13 112
160 259
51 150
183 282
35 134
152 251
135 234
20 119
149 248
51 150
26 125
86 185
154 253
163 262
67 166
87 186
151 250
84 183
153 252
155 254
49 148
164 263
47 146
113 212
49 148
62 161
103 202
141 240
119 218
55 154
103 202
33 132
183 282
6 105
77 176
154 253
29 128
26 125
125 224
147 246
114 213
66 165
20 119
191 290
193 292
185 284
168 267
17 116
103 202
18 117
122 221
124 223
93 192
3 102
45 144
143 242
122 221
128 227
163 262
179 278
26 125
183 282
55 154
43 142
196 295
195 294
63 162
56 155
183 282
190 289
66 165
87 186
76 175
50 149
17 116
46 145
74 173
66 165
5 104
32 131
110 209
194 293
144 243
148 247
119 218
1 100
24 123
106 205
24 123
88 187
102 201
122 221
54 153
43 142
108 207
162 261
139 238
96 195
140 239
81 180
172 271
6 105
27 126
59 158
51 150
14 113
28 127
34 133
29 128
179 278
137 236
129 228
102 201
126 225
80 179
123 222
171 270
197 296
127 226
35 134
179 278
50 149
192 291
116 215
62 161
145 244
103 202
116 215
24 123
144 243
95 194
135 234
173 272
95 194
95 194
159 258
179 278
10 109
179 278
26 125
37 136
131 230
157 256
39 138
97 196
70 169
192 291
106 205
25 124
141 240
137 236
189 288
30 129
10 109
36 135
163 262
162 261
23 122
81 180
104 203
197 296
90 189
92 191
125 224
91 190
197 296
175 274
13 112
196 295
53 152
143 242
133 232
28 127
13 112
131 230
65 164
187 286
37 136
196 295
167 266
6 105
170 269
173 272
143 242
47 146
101 200
84 183
98 197
132 231
6 105
173 272
0 99
164 263
150 249
162 261
38 137
140 239
162 261
170 269
4 103
172 271
81 180
33 132
111 210
40 139
51 150
77 176
59 158
24 123
155 254
136 235
82 181
5 104
22 121
89 188
103 202
170 269
149 248
3 102
113 212
158 257
4 103
176 275
113 212
9 108
185 284
188 287
8 107
154 253
27 126
11 110
195 294
23 122
5 104
49 148
48 147
165 264
5 104
40 139
144 243
131 230
105 204
34 133
126 225
174 273
163 262
159 258
134 233
53 152
79 178
97 196
29 128
127 226
188 287
172 271
34 133
174 273
52 151
56 155
48 147
68 167
108 207
122 221
181 280
9 108
162 261
180 279
73 172
133 232
38 137
67 166
104 203
23 122
65 164
190 289
144 243
174 273
156 255
124 223
17 116
163 262
49 148
175 274
65 164
96 195
139 238
103 202
165 264
9 108
189 288
12 111
119 218
65 164
9 108
181 280
90 189
21 120
66 165
142 241
107 206
96 195
75 174
41 140
142 241
98 197
88 187
124 223
35 134
83 182
95 194
48 147
69 168
11 110
92 191
49 148
50 149
49 148
21 120
5 104
125 224
77 176
189 288
1 100
97 196
141 240
49 148
133 232
91 190
9 108
147 246
90 189
106 205
168 267
129 228
31 130
119 218
153 252
131 230
142 241
25 124
110 209
13 112
115 214
41 140
17 116
41 140
6 105
150 249
181 280
154 253
56 155
146 245
2 101
88 187
136 235
117 216
127 226
97 196
104 203
132 231
42 141
152 251
12 111
11 110
137 236
88 187
182 281
46 145
191 290
142 241
183 282
140 239
73 172
59 158
58 157
178 277
46 145
158 257
36 135
100 199
42 141
35 134
32 131
3 102
140 239
16 115
165 264
60 159
56 155
84 183
135 234
55 154
85 184
56 155
183 282
137 236
15 114
171 270
4 103
99 198
86 185
40 139
12 111
194 293
50 149
137 236
91 190
53 152
159 258
48 147
104 203
178 277
103 202
63 162
185 284
156 255
138 237
25 124
100 199
128 227
97 196
135 234
124 223
68 167
15 114
186 285
68 167
8 107
106 205
56 155
30 129
126 225
189 288
95 194
87 186
98 197
136 235
125 224
157 256
75 174
158 257
80 179
170 269
40 139
30 129
86 185
22 121
16 115
153 252
29 128
138 237
6 105
171 270
155 254
132 231
22 121
34 133
145 244
119 218
106 205
36 135
114 213
56 155
5 104
123 222
20 119
3 102
4 103
143 242
167 266
56 155
98 197
79 178
136 235
146 245
78 177
76 175
5 104
28 127
191 290
35 134
65 164
37 136
78 177
9 108
17 116
93 192
122 221
164 263
11 110
189 288
102 201
138 237
25 124
3 102
46 145
173 272
74 173
88 187
189 288
131 230
119 218
173 272
181 280
124 223
184 283
170 269
34 133
40 139
8 107
67 166
94 193
128 227
38 137
49 148
110 209
93 192
31 130
58 157
54 153
34 133
195 294
193 292
7 106
34 133
86 185
25 124
150 249
154 253
173 272
64 163
131 230
125 224
145 244
68 167
79 178
11 110
97 196
56 155
29 128
15 114
115 214
110 209
118 217
189 288
64 163
58 157
49 148
184 283
192 291
9 108
189 288
14 113
196 295
81 180
26 125
161 260
166 265
181 280
75 174
44 143
45 144
24 123
107 206
38 137
49 148
174 273
93 192
88 187
149 248
11 110
127 226
5 104
185 284
153 252
31 130
96 195
192 291
127 226
106 205
144 243
80 179
161 260
130 229
100 199
121 220
24 123
125 224
92 191
126 225
173 272
95 194
65 164
82 181
13 112
164 263
52 151
109 208
43 142
196 295
144 243
64 163
182 281
121 220
63 162
150 249
42 141
102 201
70 169
43 142
66 165
114 213
131 230
178 277
178 277
189 288
3 102
96 195
150 249
125 224
129 228
101 200
145 244
197 296
39 138
165 264
96 195
104 203
137 236
7 106
130 229
95 194
95 194
164 263
56 155
102 201
9 108
141 240
114 213
130 229
23 122
110 209
95 194
101 200
140 239
136 235
183 282
192 291
186 285
130 229
184 283
178 277
100 199
147 246
184 283
170 269
101 200
71 170
154 253
72 171
67 166
112 211
185 284
59 158
26 125
183 282
80 179
182 281
36 135
33 132
186 285
74 173
49 148
155 254
169 268
134 233
25 124
191 290
68 167
190 289
160 259
36 135
100 199
102 201
152 251
106 205
46 145
155 254
181 280
134 233
136 235
179 278
161 260
69 168
50 149
69 168
150 249
144 243
135 234
158 257
83 182
160 259
54 153
125 224
33 132
133 232
112 211
105 204
61 160
44 143
77 176
142 241
120 219
156 255
160 259
128 227
10 109
27 126
23 122
132 231
46 145
183 282
99 198
19 118
153 252
144 243
74 173
184 283
112 211
143 242
18 117
178 277
124 223
127 226
157 256
179 278
6 105
164 263
191 290
159 258
181 280
7 106
93 192
65 164
192 291
74 173
173 272
5 104
149 248
16 115
46 145
153 252
93 192
15 114
157 256
87 186
70 169
19 118
110 209
142 241
197 296
129 228
165 264
74 173
1 100
181 280
50 149
86 185
45 144
185 284
143 242
164 263
152 251
46 145
149 248
13 112
68 167
113 212
10 109
97 196
140 239
157 256
94 193
38 137
178 277
129 228
33 132
188 287
127 226
147 246
20 119
120 219
122 221
133 232
169 268
177 276
40 139
176 275
182 281
61 160
51 150
186 285
184 283
157 256
78 177
116 215
145 244
179 278
10 109
151 250
175 274
113 212
77 176
150 249
147 246
156 255
12 111
129 228
35 134
7 106
139 238
153 252
114 213
38 137
9 108
195 294
192 291
48 147
156 255
63 162
182 281
39 138
161 260
144 243
111 210
69 168
27 126
128 227
108 207
181 280
195 294
55 154
86 185
46 145
197 296
85 184
151 250
101 200
188 287
119 218
193 292
174 273
65 164
104 203
135 234
59 158
156 255
54 153
35 134
189 288
78 177
26 125
121 220
13 112
56 155
163 262
95 194
85 184
64 163
35 134
145 244
55 154
10 109
193 292
63 162
150 249
159 258
46 145
14 113
192 291
2 101
147 246
113 212
94 193
12 111
189 288
99 198
30 129
58 157
89 188
54 153
93 192
87 186
128 227
89 188
89 188
17 116
74 173
64 163
105 204
47 146
50 149
56 155
157 256
165 264
71 170
95 194
178 277
19 118
188 287
78 177
183 282
18 117
39 138
115 214
30 129
83 182
31 130
146 245
79 178
184 283
125 224
115 214
58 157
113 212
67 166
143 242
187 286
100 199
53 152
178 277
11 110
92 191
54 153
43 142
76 175
127 226
133 232
62 161
30 129
191 290
85 184
142 241
83 182
112 211
176 275
120 219
7 106
153 252
42 141
105 204
108 207
29 128
120 219
63 162
106 205
38 137
59 158
20 119
169 268
152 251
191 290
29 128
156 255
170 269
32 131
7 106
168 267
172 271
26 125
142 241
11 110
121 220
86 185
58 157
112 211
48 147
178 277
15 114
190 289
59 158
113 212
190 289
146 245
57 156
23 122
153 252
112 211
110 209
121 220
188 287
197 296
97 196
183 282
9 108
70 169
151 250
167 266
118 217
56 155
24 123
153 252
154 253
34 133
17 116
35 134
27 126
43 142
52 151
166 265
9 108
195 294
91 190
133 232
102 201
91 190
42 141
49 148
174 273
151 250
12 111
154 253
156 255
9 108
131 230
140 239
90 189
66 165
148 247
20 119
170 269
188 287
155 254
122 221
98 197
46 145
26 125
183 282
178 277
129 228
100 199
43 142
72 171
25 124
0 99
19 118
5 104
159 258
196 295
41 140
37 136
133 232
89 188
25 124
54 153
3 102
8 107
46 145
92 191
15 114
28 127
16 115
157 256
154 253
99 198
1 100
40 139
11 110
47 146
144 243
153 252
76 175
33 132
89 188
132 231
76 175
77 176
69 168
130 229
181 280
197 296
140 239
103 202
137 236
76 175
152 251
195 294
132 231
112 211
64 163
84 183
53 152
146 245
87 186
113 212
90 189
160 259
87 186
185 284
73 172
0 99
65 164
94 193
66 165
110 209
14 113
41 140
148 247
59 158
133 232
116 215
91 190
178 277
72 171
89 188
121 220
11 110
148 247
124 223
162 261
175 274
150 249
30 129
157 256
180 279
128 227
12 111
87 186
73 172
37 136
195 294
186 285
69 168
136 235
155 254
107 206
80 179
130 229
177 276
58 157
184 283
100 199
64 163
192 291
2 101
110 209
123 222
76 175
14 113
142 241
158 257
156 255
185 284
123 222
128 227
148 247
100 199
197 296
94 193
72 171
189 288
34 133
144 243
92 191
18 117
4 103
130 229
181 280
51 150
184 283
93 192
155 254
61 160
87 186
183 282
70 169
25 124
180 279
76 175
183 282
18 117
118 217
55 154
35 134
178 277
138 237
168 267
111 210
39 138
171 270
19 118
157 256
38 137
135 234
106 205
152 251
158 257
62 161
65 164
151 250
120 219
112 211
17 116
38 137
109 208
57 156
139 238
69 168
155 254
135 234
49 148
88 187
114 213
68 167
172 271
12 111
165 264
116 215
109 208
93 192
47 146
179 278
165 264
62 161
74 173
92 191
168 267
134 233
82 181
2 101
89 188
116 215
172 271
162 261
174 273
154 253
141 240
197 296
56 155
156 255
187 286
168 267
124 223
192 291
49 148
161 260
129 228
161 260
147 246
105 204
137 236
119 218
69 168
179 278
90 189
39 138
108 207
61 160
61 160
100 199
35 134
96 195
186 285
89 188
165 264
136 235
1 100
67 166
105 204
10 109
120 219
30 129
181 280
181 280
57 156
52 151
23 122
133 232
69 168
21 120
158 257
73 172
139 238
102 201
188 287
124 223
109 208
109 208
70 169
181 280
81 180
58 157
163 262
53 152
133 232
181 280
72 171
164 263
97 196
196 295
17 116
71 170
176 275
85 184
65 164
138 237
30 129
47 146
113 212
40 139
105 204
142 241
179 278
182 281
76 175
91 190
113 212
53 152
161 260
33 132
3 102
49 148
28 127
75 174
61 160
104 203
12 111
123 222
17 116
24 123
112 211
170 269
21 120
184 283
115 214
81 180
182 281
119 218
39 138
157 256
155 254
172 271
148 247
115 214
9 108
74 173
129 228
44 143
181 280
42 141
103 202
174 273
72 171
86 185
64 163
43 142
172 271
122 221
172 271
175 274
151 250
23 122
178 277
153 252
133 232
42 141
176 275
153 252
84 183
2 101
86 185
193 292
189 288
113 212
114 213
49 148
63 162
147 246
96 195
143 242
13 112
129 228
122 221
43 142
187 286
58 157
181 280
178 277
143 242
15 114
66 165
88 187
197 296
13 112
57 156
35 134
22 121
80 179
136 235
194 293
41 140
91 190
19 118
128 227
63 162
173 272
6 105
61 160
54 153
159 258
128 227
194 293
65 164
38 137
178 277
126 225
105 204
7 106
125 224
3 102
137 236
32 131
107 206
27 126
155 254
40 139
113 212
25 124
120 219
162 261
109 208
53 152
56 155
139 238
98 197
181 280
131 230
165 264
66 165
157 256
159 258
40 139
34 133
156 255
195 294
40 139
40 139
128 227
183 282
179 278
74 173
123 222
64 163
182 281
176 275
187 286
193 292
126 225
33 132
63 162
30 129
50 149
0 99
164 263
26 125
91 190
4 103
69 168
158 257
120 219
158 257
3 102
22 121
31 130
53 152
45 144
61 160
22 121
196 295
34 133
195 294
161 260
81 180
83 182
62 161
160 259
4 103
81 180
58 157
118 217
93 192
13 112
135 234
34 133
51 150
113 212
60 159
30 129
42 141
95 194
42 141
187 286
49 148
129 228
107 206
144 243
34 133
155 254
53 152
126 225
182 281
66 165
145 244
66 165
58 157
82 181
102 201
11 110
189 288
44 143
160 259
120 219
118 217
160 259
171 270
27 126
102 201
3 102
143 242
156 255
184 283
41 140
33 132
168 267
34 133
175 274
140 239
51 150
107 206
133 232
68 167
185 284
105 204
71 170
105 204
15 114
70 169
97 196
59 158
21 120
142 241
112 211
114 213
96 195
95 194
167 266
24 123
12 111
73 172
50 149
36 135
13 112
26 125
179 278
138 237
147 246
33 132
161 260
191 290
129 228
186 285
167 266
119 218
184 283
76 175
89 188
64 163
12 111
89 188
87 186
138 237
181 280
109 208
134 233
93 192
69 168
66 165
189 288
166 265
132 231
2 101
64 163
158 257
96 195
196 295
124 223
188 287
169 268
97 196
103 202
86 185
165 264
182 281
60 159
97 196
59 158
118 217
150 249
174 273
54 153
1 100
124 223
50 149
101 200
43 142
161 260
83 182
51 150
156 255
21 120
16 115
87 186
128 227
142 241
191 290
98 197
7 106
114 213
14 113
116 215
135 234
58 157
164 263
34 133
41 140
40 139
141 240
1 100
136 235
140 239
160 259
67 166
4 103
88 187
109 208
127 226
16 115
101 200
48 147
164 263
193 292
118 217
153 252
162 261
45 144
3 102
11 110
147 246
148 247
149 248
148 247
164 263
1 100
186 285
12 111
184 283
149 248
39 138
162 261
92 191
123 222
8 107
15 114
189 288
156 255
140 239
95 194
39 138
153 252
151 250
18 117
150 249
58 157
42 141
126 225
23 122
28 127
61 160
21 120
183 282
181 280
94 193
181 280
156 255
80 179
33 132
91 190
53 152
49 148
9 108
33 132
135 234
181 280
158 257
117 216
158 257
179 278
61 160
166 265
141 240
14 113
166 265
147 246
17 116
162 261
99 198
178 277
48 147
24 123
70 169
150 249
186 285
44 143
111 210
182 281
161 260
168 267
51 150
138 237
51 150
139 238
148 247
9 108
62 161
57 156
91 190
187 286
183 282
9 108
89 188
36 135
103 202
132 231
21 120
163 262
28 127
136 235
26 125
3 102
38 137
185 284
86 185
185 284
152 251
95 194
108 207
164 263
27 126
20 119
18 117
14 113
39 138
6 105
175 274
196 295
89 188
186 285
141 240
4 103
29 128
129 228
187 286
87 186
102 201
187 286
58 157
185 284
175 274
118 217
168 267
120 219
163 262
141 240
125 224
9 108
130 229
0 99
138 237
121 220
38 137
159 258
197 296
57 156
41 140
0 99
118 217
92 191
93 192
25 124
47 146
45 144
148 247
100 199
138 237
120 219
136 235
154 253
59 158
124 223
71 170
61 160
71 170
39 138
40 139
175 274
30 129
93 192
39 138
109 208
73 172
85 184
103 202
136 235
15 114
1 100
189 288
82 181
91 190
29 128
151 250
17 116
131 230
176 275
178 277
1 100
107 206
7 106
14 113
22 121
79 178
82 181
192 291
8 107
110 209
8 107
128 227
86 185
94 193
79 178
190 289
134 233
25 124
53 152
163 262
22 121
106 205
93 192
191 290
51 150
126 225
65 164
48 147
88 187
30 129
117 216
193 292
125 224
37 136
80 179
188 287
25 124
195 294
36 135
9 108
76 175
62 161
139 238
105 204
150 249
90 189
36 135
78 177
185 284
175 274
132 231
187 286
183 282
68 167
41 140
184 283
53 152
171 270
57 156
81 180
73 172
23 122
44 143
118 217
77 176
165 264
192 291
10 109
44 143
32 131
23 122
139 238
183 282
10 109
158 257
8 107
28 127
35 134
35 134
0 99
183 282
163 262
74 173
75 174
113 212
134 233
47 146
131 230
67 166
159 258
44 143
28 127
58 157
119 218
19 118
29 128
59 158
99 198
136 235
40 139
62 161
181 280
108 207
165 264
158 257
19 118
196 295
85 184
45 144
152 251
22 121
190 289
70 169
12 111
91 190
47 146
67 166
69 168
49 148
43 142
91 190
170 269
29 128
120 219
63 162
64 163
5 104
27 126
27 126
51 150
97 196
66 165
12 111
76 175
13 112
40 139
85 184
110 209
20 119
164 263
179 278
144 243
108 207
27 126
85 184
160 259
192 291
70 169
42 141
3 102
6 105
148 247
70 169
137 236
114 213
172 271
56 155
46 145
51 150
77 176
183 282
16 115
5 104
45 144
183 282
134 233
9 108
192 291
75 174
60 159
87 186
136 235
133 232
46 145
107 206
136 235
116 215
59 158
141 240
0 99
138 237
47 146
53 152
61 160
115 214
29 128
80 179
82 181
130 229
121 220
81 180
145 244
25 124
161 260
173 272
107 206
142 241
168 267
83 182
183 282
141 240
139 238
87 186
11 110
54 153
103 202
54 153
158 257
86 185
10 109
178 277
6 105
27 126
191 290
118 217
24 123
167 266
31 130
50 149
18 117
68 167
93 192
129 228
141 240
38 137
129 228
35 134
118 217
170 269
147 246
2 101
38 137
161 260
133 232
163 262
1 100
38 137
31 130
32 131
97 196
3 102
104 203
11 110
138 237
71 170
193 292
184 283
168 267
166 265
115 214
139 238
89 188
117 216
7 106
143 242
121 220
122 221
41 140
138 237
153 252
94 193
193 292
158 257
148 247
84 183
152 251
167 266
58 157
38 137
102 201
162 261
160 259
5 104
108 207
25 124
57 156
165 264
129 228
38 137
31 130
81 180
168 267
20 119
6 105
131 230
87 186
26 125
111 210
59 158
121 220
76 175
194 293
131 230
144 243
111 210
142 241
186 285
5 104
21 120
48 147
150 249
2 101
60 159
97 196
132 231
37 136
46 145
83 182
178 277
45 144
175 274
168 267
106 205
196 295
149 248
80 179
123 222
137 236
62 161
126 225
10 109
72 171
165 264
173 272
3 102
178 277
157 256
116 215
133 232
50 149
168 267
22 121
150 249
177 276
13 112
90 189
180 279
57 156
25 124
5 104
151 250
102 201
137 236
172 271
147 246
47 146
45 144
172 271
92 191
184 283
107 206
65 164
36 135
5 104
71 170
95 194
98 197
105 204
123 222
56 155
55 154
134 233
149 248
93 192
15 114
132 231
197 296
73 172
138 237
138 237
80 179
148 247
168 267
60 159
194 293
18 117
133 232
67 166
93 192
174 273
77 176
123 222
6 105
38 137
190 289
40 139
33 132
118 217
16 115
197 296
25 124
186 285
116 215
176 275
46 145
112 211
21 120
8 107
130 229
189 288
62 161
34 133
77 176
179 278
81 180
152 251
164 263
140 239
22 121
35 134
79 178
77 176
152 251
49 148
177 276
133 232
180 279
84 183
165 264
138 237
98 197
50 149
89 188
82 181
66 165
95 194
123 222
73 172
128 227
174 273
10 109
159 258
91 190
185 284
15 114
60 159
142 241
2 101
64 163
168 267
3 102
190 289
62 161
139 238
186 285
73 172
101 200
58 157
165 264
5 104
65 164
158 257
98 197
9 108
66 165
152 251
108 207
164 263
41 140
184 283
157 256
188 287
92 191
106 205
87 186
17 116
82 181
178 277
129 228
33 132
137 236
68 167
134 233
48 147
17 116
45 144
47 146
175 274
134 233
162 261
30 129
135 234
187 286
16 115
69 168
9 108
81 180
80 179
138 237
104 203
107 206
132 231
88 187
57 156
191 290
86 185
155 254
45 144
144 243
192 291
90 189
107 206
59 158
46 145
75 174
23 122
53 152
185 284
159 258
155 254
154 253
53 152
90 189
42 141
13 112
81 180
146 245
68 167
131 230
98 197
39 138
56 155
111 210
20 119
186 285
26 125
103 202
154 253
110 209
156 255
54 153
152 251
112 211
121 220
93 192
197 296
144 243
152 251
34 133
5 104
171 270
22 121
123 222
1 100
41 140
38 137
79 178
15 114
44 143
90 189
165 264
132 231
135 234
108 207
154 253
71 170
141 240
197 296
70 169
122 221
74 173
2 101
143 242
142 241
58 157
32 131
67 166
82 181
17 116
148 247
18 117
77 176
26 125
51 150
41 140
68 167
131 230
120 219
73 172
86 185
28 127
90 189
45 144
172 271
44 143
116 215
74 173
188 287
99 198
104 203
175 274
81 180
19 118
150 249
100 199
98 197
0 99
11 110
120 219
185 284
100 199
68 167
133 232
51 150
156 255
179 278
21 120
47 146
189 288
190 289
14 113
90 189
64 163
103 202
191 290
60 159
150 249
154 253
76 175
43 142
147 246
15 114
119 218
143 242
153 252
126 225
7 106
87 186
43 142
179 278
146 245
165 264
175 274
108 207
141 240
156 255
32 131
65 164
57 156
165 264
42 141
1 100
72 171
136 235
30 129
88 187
171 270
49 148
82 181
67 166
130 229
55 154
60 159
127 226
83 182
188 287
52 151
182 281
165 264
58 157
63 162
92 191
38 137
47 146
7 106
16 115
45 144
74 173
191 290
156 255
93 192
167 266
183 282
23 122
42 141
164 263
163 262
195 294
143 242
73 172
147 246
82 181
61 160
74 173
86 185
36 135
15 114
10 109
60 159
63 162
181 280
166 265
170 269
187 286
16 115
168 267
47 146
181 280
87 186
77 176
146 245
2 101
36 135
19 118
4 103
140 239
104 203
7 106
49 148
3 102
23 122
76 175
43 142
84 183
154 253
29 128
138 237
82 181
61 160
143 242
65 164
95 194
125 224
116 215
45 144
47 146
17 116
120 219
18 117
147 246
71 170
119 218
46 145
60 159
21 120
106 205
128 227
185 284
57 156
134 233
120 219
133 232
71 170
93 192
1 100
92 191
30 129
77 176
55 154
157 256
128 227
147 246
117 216
176 275
116 215
129 228
130 229
139 238
188 287
98 197
142 241
104 203
181 280
63 162
100 199
78 177
168 267
125 224
155 254
51 150
123 222
139 238
173 272
129 228
127 226
136 235
54 153
162 261
70 169
130 229
32 131
30 129
169 268
62 161
171 270
20 119
168 267
58 157
20 119
67 166
191 290
39 138
113 212
133 232
174 273
108 207
171 270
110 209
95 194
0 99
84 183
174 273
79 178
110 209
184 283
95 194
73 172
80 179
72 171
17 116
177 276
104 203
107 206
77 176
76 175
175 274
165 264
170 269
13 112
122 221
184 283
159 258
83 182
24 123
169 268
170 269
189 288
153 252
148 247
73 172
152 251
33 132
182 281
33 132
181 280
138 237
180 279
73 172
158 257
43 142
107 206
38 137
13 112
11 110
96 195
3 102
4 103
152 251
142 241
140 239
134 233
65 164
196 295
118 217
172 271
147 246
125 224
121 220
119 218
133 232
126 225
122 221
163 262
145 244
137 236
8 107
145 244
132 231
138 237
149 248
56 155
67 166
11 110
82 181
26 125
184 283
166 265
41 140
109 208
177 276
112 211
14 113
91 190
112 211
49 148
186 285
153 252
116 215
171 270
110 209
75 174
134 233
14 113
162 261
42 141
26 125
154 253
159 258
38 137
95 194
60 159
61 160
6 105
41 140
110 209
143 242
34 133
64 163
181 280
6 105
55 154
5 104
41 140
159 258
108 207
147 246
191 290
110 209
21 120
160 259
89 188
172 271
112 211
26 125
59 158
99 198
7 106
10 109
65 164
100 199
127 226
95 194
109 208
80 179
178 277
67 166
34 133
87 186
63 162
176 275
75 174
39 138
121 220
50 149
29 128
2 101
170 269
39 138
37 136
175 274
70 169
103 202
66 165
13;156504
71 170
31 130
67 166
168 267
14 113
2 101
168 267
62 161
127 226
83 182
0 99
14 113
157 256
182 281
86 185
19 118
0 99
129 228
35 134
33 132
72 171
167 266
192 291
52 151
154 253
150 249
189 288
120 219
51 150
81 180
82 181
39 138
191 290
72 171
89 188
161 260
132 231
196 295
47 146
135 234
88 187
38 137
166 265
95 194
8 107
75 174
101 200
21 120
111 210
188 287
98 197
107 206
25 124
136 235
42 141
63 162
14 113
131 230
140 239
172 271
75 174
164 263
120 219
186 285
39 138
65 164
145 244
176 275
133 232
138 237
185 284
13 112
106 205
81 180
95 194
173 272
67 166
140 239
89 188
156 255
105 204
185 284
92 191
132 231
39 138
130 229
45 144
117 216
156 255
34 133
120 219
167 266
139 238
79 178
153 252
185 284
137 236
81 180
154 253
192 291
97 196
112 211
45 144
54 153
158 257
87 186
95 194
76 175
155 254
46 145
47 146
166 265
164 263
89 188
98 197
19 118
44 143
152 251
13 112
84 183
8 107
162 261
168 267
3 102
165 264
117 216
7 106
164 263
68 167
29 128
107 206
176 275
48 147
134 233
165 264
45 144
85 184
101 200
164 263
147 246
23 122
190 289
122 221
85 184
26 125
59 158
110 209
144 243
12 111
24 123
101 200
180 279
108 207
146 245
183 282
169 268
76 175
72 171
149 248
85 184
36 135
152 251
52 151
23 122
186 285
30 129
150 249
182 281
77 176
182 281
22 121
4 103
150 249
194 293
176 275
99 198
44 143
7 106
182 281
189 288
155 254
17 116
18 117
145 244
132 231
18 117
37 136
126 225
6 105
166 265
67 166
65 164
165 264
128 227
143 242
70 169
195 294
128 227
50 149
16 115
48 147
79 178
136 235
143 242
77 176
52 151
197 296
111 210
29 128
120 219
15 114
3 102
118 217
122 221
158 257
37 136
36 135
170 269
99 198
62 161
150 249
8 107
154 253
170 269
189 288
65 164
18 117
130 229
156 255
156 255
116 215
195 294
22 121
134 233
154 253
12 111
142 241
158 257
15 114
120 219
127 226
137 236
62 161
150 249
77 176
174 273
13 112
13 112
156 255
179 278
36 135
19 118
7 106
191 290
154 253
43 142
24 123
95 194
167 266
123 222
141 240
90 189
39 138
76 175
28 127
149 248
15 114
52 151
12 111
93 192
50 149
106 205
4 103
53 152
7 106
27 126
180 279
61 160
0 99
197 296
21 120
45 144
180 279
166 265
112 211
60 159
127 226
152 251
58 157
185 284
174 273
135 234
5 104
26 125
118 217
51 150
135 234
170 269
136 235
101 200
95 194
65 164
120 219
41 140
152 251
109 208
55 154
16 115
126 225
119 218
39 138
77 176
135 234
156 255
156 255
5 104
138 237
118 217
122 221
164 263
88 187
98 197
101 200
156 255
112 211
109 208
104 203
147 246
93 192
132 231
78 177
183 282
32 131
13 112
67 166
93 192
46 145
26 125
115 214
60 159
9 108
118 217
125 224
149 248
60 159
142 241
36 135
78 177
164 263
172 271
14 113
5 104
111 210
80 179
71 170
10 109
87 186
115 214
37 136
196 295
99 198
125 224
166 265
61 160
153 252
154 253
53 152
23 122
175 274
33 132
106 205
175 274
126 225
152 251
101 200
161 260
186 285
14 113
119 218
6 105
162 261
195 294
137 236
53 152
48 147
40 139
100 199
65 164
187 286
110 209
61 160
101 200
135 234
118 217
47 146
3 102
180 279
14 113
106 205
147 246
52 151
129 228
114 213
89 188
106 205
128 227
44 143
92 191
137 236
105 204
140 239
42 141
25 124
56 155
121 220
138 237
58 157
98 197
84 183
126 225
126 225
18 117
3 102
8 107
188 287
42 141
117 216
20 119
59 158
159 258
25 124
60 159
109 208
140 239
104 203
89 188
77 176
156 255
134 233
163 262
46 145
96 195
7 106
75 174
127 226
163 262
29 128
142 241
63 162
78 177
68 167
29 128
151 250
150 249
104 203
136 235
172 271
166 265
24 123
66 165
1 100
50 149
165 264
145 244
156 255
159 258
122 221
12 111
59 158
62 161
107 206
8 107
27 126
175 274
180 279
31 130
93 192
124 223
44 143
115 214
4 103
53 152
184 283
9 108
28 127
62 161
157 256
166 265
138 237
105 204
2 101
194 293
37 136
155 254
35 134
8 107
32 131
110 209
117 216
148 247
179 278
150 249
128 227
170 269
121 220
131 230
43 142
98 197
117 216
167 266
0 99
196 295
95 194
1 100
123 222
76 175
191 290
67 166
125 224
183 282
99 198
177 276
57 156
161 260
91 190
70 169
168 267
93 192
172 271
97 196
14 113
169 268
65 164
183 282
193 292
85 184
23 122
103 202
18 117
175 274
184 283
89 188
20 119
190 289
36 135
158 257
134 233
140 239
146 245
122 221
16 115
20 119
7 106
37 136
152 251
90 189
5 104
125 224
123 222
197 296
39 138
25 124
174 273
60 159
68 167
133 232
119 218
150 249
157 256
142 241
95 194
192 291
108 207
115 214
15 114
135 234
99 198
130 229
185 284
161 260
44 143
163 262
107 206
19 118
142 241
51 150
7 106
114 213
182 281
171 270
32 131
187 286
86 185
80 179
10 109
127 226
158 257
118 217
33 132
128 227
103 202
72 171
45 144
53 152
124 223
76 175
169 268
109 208
54 153
155 254
3 102
126 225
73 172
171 270
131 230
176 275
119 218
16 115
100 199
185 284
92 191
32 131
99 198
140 239
41 140
149 248
33 132
130 229
168 267
191 290
52 151
168 267
81 180
162 261
118 217
138 237
30 129
89 188
31 130
105 204
165 264
88 187
77 176
117 216
43 142
9 108
82 181
88 187
59 158
80 179
3 102
115 214
181 280
107 206
109 208
127 226
96 195
115 214
146 245
24 123
163 262
61 160
139 238
34 133
62 161
72 171
129 228
4 103
193 292
26 125
156 255
150 249
105 204
16 115
157 256
155 254
56 155
39 138
80 179
191 290
13 112
76 175
23 122
123 222
159 258
0 99
34 133
111 210
89 188
42 141
179 278
137 236
107 206
35 134
150 249
14 113
5 104
15 114
46 145
5 104
19 118
32 131
96 195
125 224
152 251
81 180
95 194
4 103
45 144
187 286
108 207
79 178
7 106
115 214
192 291
178 277
143 242
163 262
40 139
83 182
138 237
6 105
119 218
165 264
100 199
66 165
192 291
110 209
164 263
122 221
175 274
181 280
13 112
7 106
33 132
89 188
143 242
131 230
127 226
156 255
156 255
154 253
155 254
11 110
159 258
196 295
31 130
134 233
51 150
160 259
88 187
51 150
84 183
107 206
173 272
27 126
27 126
113 212
167 266
106 205
91 190
173 272
116 215
79 178
39 138
51 150
65 164
125 224
26 125
146 245
95 194
166 265
99 198
61 160
115 214
113 212
181 280
123 222
129 228
81 180
114 213
192 291
85 184
149 248
131 230
146 245
65 164
166 265
146 245
26 125
51 150
29 128
114 213
70 169
2 101
136 235
118 217
115 214
155 254
54 153
158 257
9 108
90 189
26 125
15 114
73 172
141 240
42 141
158 257
23 122
128 227
167 266
82 181
92 191
99 198
153 252
100 199
29 128
56 155
16 115
27 126
193 292
140 239
51 150
46 145
46 145
189 288
78 177
39 138
14 113
31 130
144 243
191 290
176 275
6 105
194 293
143 242
41 140
74 173
162 261
125 224
189 288
51 150
109 208
99 198
49 148
30 129
180 279
165 264
71 170
75 174
17 116
137 236
59 158
124 223
178 277
122 221
127 226
23 122
59 158
128 227
106 205
46 145
181 280
23 122
192 291
173 272
16 115
96 195
72 171
163 262
49 148
110 209
141 240
124 223
78 177
9 108
121 220
166 265
10 109
193 292
76 175
52 151
39 138
52 151
193 292
48 147
99 198
119 218
28 127
147 246
42 141
185 284
145 244
189 288
143 242
34 133
63 162
154 253
146 245
125 224
139 238
178 277
143 242
188 287
115 214
68 167
159 258
69 168
96 195
88 187
124 223
109 208
110 209
21 120
171 270
184 283
159 258
64 163
94 193
163 262
58 157
137 236
14 113
110 209
74 173
143 242
86 185
94 193
187 286
75 174
57 156
115 214
116 215
29 128
173 272
39 138
183 282
128 227
43 142
86 185
5 104
81 180
78 177
120 219
40 139
95 194
108 207
119 218
114 213
35 134
36 135
162 261
71 170
12 111
139 238
191 290
53 152
70 169
76 175
108 207
33 132
97 196
94 193
157 256
8 107
195 294
23 122
116 215
36 135
41 140
153 252
2 101
80 179
23 122
155 254
177 276
74 173
95 194
174 273
96 195
169 268
8 107
101 200
126 225
56 155
3 102
152 251
29 128
24 123
123 222
52 151
45 144
119 218
113 212
185 284
3 102
114 213
16 115
140 239
2 101
42 141
68 167
156 255
149 248
60 159
165 264
161 260
106 205
167 266
110 209
147 246
39 138
176 275
31 130
23 122
17 116
184 283
122 221
114 213
55 154
172 271
43 142
9 108
23 122
20 119
3 102
188 287
166 265
27 126
133 232
46 145
165 264
94 193
171 270
109 208
186 285
193 292
66 165
148 247
23 122
196 295
119 218
180 279
120 219
87 186
89 188
15 114
97 196
164 263
149 248
83 182
131 230
162 261
190 289
47 146
36 135
30 129
89 188
92 191
190 289
19 118
124 223
55 154
23 122
183 282
118 217
52 151
38 137
172 271
69 168
76 175
9 108
67 166
42 141
171 270
182 281
12 111
17 116
139 238
184 283
72 171
104 203
136 235
180 279
120 219
4 103
154 253
192 291
17 116
3 102
20 119
1 100
3 102
43 142
128 227
154 253
122 221
81 180
14 113
96 195
92 191
69 168
108 207
107 206
184 283
59 158
169 268
166 265
5 104
37 136
124 223
64 163
27 126
158 257
122 221
93 192
7 106
124 223
24 123
43 142
100 199
148 247
35 134
166 265
188 287
101 200
67 166
2 101
27 126
196 295
147 246
37 136
35 134
62 161
142 241
1 100
167 266
103 202
67 166
71 170
54 153
161 260
43 142
32 131
29 128
184 283
187 286
149 248
152 251
78 177
17 116
10 109
83 182
185 284
108 207
2 101
10 109
38 137
85 184
56 155
130 229
77 176
174 273
72 171
7 106
24 123
161 260
95 194
155 254
10 109
59 158
136 235
164 263
62 161
136 235
29 128
194 293
13 112
17 116
131 230
178 277
84 183
80 179
108 207
110 209
47 146
166 265
31 130
61 160
162 261
113 212
117 216
65 164
28 127
18 117
20 119
10 109
112 211
19 118
157 256
117 216
12 111
54 153
41 140
125 224
162 261
169 268
55 154
163 262
189 288
129 228
33 132
133 232
176 275
12 111
156 255
48 147
34 133
145 244
104 203
183 282
137 236
149 248
49 148
33 132
43 142
187 286
178 277
175 274
23 122
10 109
164 263
141 240
183 282
68 167
148 247
63 162
161 260
112 211
85 184
143 242
74 173
166 265
167 266
138 237
105 204
44 143
122 221
163 262
179 278
180 279
184 283
181 280
152 251
180 279
174 273
31 130
72 171
25 124
105 204
90 189
27 126
154 253
21 120
45 144
163 262
16 115
63 162
70 169
167 266
172 271
24 123
172 271
146 245
155 254
190 289
68 167
46 145
187 286
45 144
176 275
57 156
111 210
124 223
73 172
145 244
35 134
140 239
88 187
195 294
197 296
167 266
39 138
155 254
157 256
91 190
177 276
100 199
102 201
164 263
157 256
16 115
15 114
170 269
84 183
17 116
78 177
19 118
11 110
152 251
82 181
182 281
113 212
96 195
45 144
158 257
53 152
183 282
167 266
10 109
195 294
106 205
6 105
65 164
143 242
101 200
82 181
41 140
32 131
2 101
74 173
104 203
75 174
196 295
103 202
12 111
36 135
93 192
52 151
143 242
44 143
146 245
153 252
41 140
32 131
176 275
191 290
163 262
93 192
122 221
126 225
108 207
1 100
64 163
168 267
196 295
115 214
81 180
62 161
9 108
89 188
37 136
137 236
177 276
132 231
89 188
77 176
78 177
154 253
151 250
99 198
77 176
191 290
47 146
87 186
99 198
53 152
143 242
97 196
40 139
144 243
196 295
184 283
111 210
185 284
41 140
14 113
180 279
31 130
113 212
67 166
163 262
40 139
91 190
43 142
140 239
90 189
135 234
142 241
127 226
5 104
166 265
36 135
45 144
151 250
90 189
103 202
189 288
60 159
116 215
73 172
19 118
140 239
155 254
2 101
197 296
70 169
109 208
191 290
139 238
165 264
173 272
178 277
32 131
3 102
120 219
32 131
95 194
193 292
100 199
177 276
25 124
189 288
103 202
170 269
123 222
71 170
151 250
33 132
129 228
172 271
8 107
54 153
178 277
33 132
66 165
110 209
86 185
120 219
74 173
79 178
77 176
168 267
110 209
182 281
97 196
95 194
60 159
189 288
133 232
14 113
112 211
91 190
51 150
21 120
39 138
1 100
67 166
142 241
28 127
102 201
127 226
4 103
3 102
19 118
120 219
189 288
97 196
170 269
103 202
179 278
0 99
169 268
144 243
14 113
47 146
29 128
67 166
43 142
6 105
58 157
56 155
162 261
120 219
56 155
20 119
187 286
77 176
140 239
47 146
150 249
0 99
192 291
79 178
96 195
108 207
191 290
54 153
178 277
34 133
36 135
15 114
6 105
88 187
11 110
56 155
90 189
78 177
73 172
80 179
184 283
131 230
75 174
178 277
112 211
31 130
165 264
151 250
26 125
9 108
80 179
58 157
94 193
157 256
98 197
123 222
83 182
68 167
97 196
124 223
128 227
82 181
17 116
129 228
118 217
106 205
125 224
110 209
86 185
178 277
27 126
80 179
86 185
40 139
110 209
85 184
172 271
95 194
18 117
93 192
61 160
193 292
129 228
155 254
136 235
63 162
74 173
163 262
47 146
4 103
100 199
96 195
7 106
49 148
15 114
191 290
13 112
13 112
7 106
170 269
94 193
108 207
85 184
168 267
50 149
118 217
145 244
122 221
159 258
23 122
149 248
84 183
195 294
54 153
22 121
62 161
53 152
158 257
61 160
192 291
34 133
172 271
83 182
145 244
82 181
165 264
139 238
171 270
65 164
179 278
92 191
90 189
116 215
4 103
164 263
109 208
49 148
98 197
92 191
117 216
15 114
10 109
189 288
95 194
112 211
197 296
108 207
130 229
4 103
41 140
80 179
164 263
178 277
85 184
144 243
20 119
147 246
163 262
87 186
98 197
80 179
190 289
114 213
136 235
174 273
45 144
50 149
65 164
78 177
22 121
121 220
11 110
125 224
18 117
122 221
98 197
75 174
76 175
27 126
90 189
132 231
126 225
180 279
197 296
74 173
60 159
109 208
53 152
124 223
121 220
156 255
40 139
78 177
196 295
117 216
64 163
4 103
169 268
128 227
62 161
126 225
166 265
46 145
128 227
68 167
68 167
105 204
76 175
31 130
157 256
88 187
141 240
160 259
144 243
82 181
69 168
154 253
4 103
27 126
81 180
106 205
15 114
133 232
78 177
63 162
10 109
62 161
138 237
179 278
135 234
189 288
4 103
193 292
2 101
140 239
13 112
178 277
49 148
117 216
155 254
21 120
106 205
24 123
71 170
118 217
170 269
35 134
35 134
106 205
73 172
53 152
133 232
179 278
116 215
137 236
164 263
17 116
95 194
137 236
25 124
91 190
81 180
48 147
177 276
39 138
168 267
149 248
33 132
9 108
116 215
158 257
71 170
51 150
72 171
131 230
165 264
112 211
77 176
2 101
149 248
99 198
188 287
49 148
0 99
88 187
82 181
134 233
187 286
103 202
11 110
171 270
109 208
188 287
21 120
8 107
125 224
20 119
118 217
144 243
8 107
72 171
36 135
0 99
124 223
142 241
193 292
154 253
48 147
142 241
132 231
123 222
179 278
21 120
76 175
21 120
86 185
38 137
31 130
65 164
180 279
152 251
120 219
168 267
197 296
32 131
181 280
147 246
189 288
36 135
71 170
65 164
41 140
55 154
9 108
137 236
150 249
8 107
125 224
39 138
31 130
107 206
67 166
89 188
132 231
107 206
135 234
194 293
32 131
149 248
2 101
139 238
34 133
174 273
144 243
90 189
118 217
153 252
108 207
131 230
171 270
25 124
192 291
83 182
9 108
40 139
90 189
62 161
162 261
93 192
142 241
110 209
34 133
89 188
68 167
3 102
90 189
174 273
11 110
186 285
98 197
48 147
94 193
92 191
54 153
111 210
62 161
20 119
118 217
141 240
127 226
141 240
23 122
2 101
116 215
18 117
29 128
179 278
88 187
37 136
143 242
123 222
28 127
98 197
35 134
74 173
138 237
169 268
7 106
133 232
40 139
34 133
72 171
75 174
175 274
49 148
52 151
87 186
52 151
127 226
43 142
122 221
148 247
166 265
14 113
186 285
146 245
31 130
145 244
24 123
166 265
95 194
54 153
33 132
110 209
74 173
20 119
172 271
122 221
178 277
39 138
186 285
92 191
125 224
110 209
83 182
60 159
164 263
33 132
49 148
59 158
44 143
109 208
140 239
155 254
150 249
195 294
87 186
137 236
132 231
129 228
141 240
15 114
55 154
121 220
18 117
27 126
177 276
126 225
9 108
11 110
44 143
103 202
91 190
12 111
21 120
22 121
127 226
98 197
175 274
147 246
196 295
100 199
109 208
90 189
173 272
70 169
52 151
139 238
118 217
62 161
69 168
19 118
63 162
86 185
117 216
111 210
191 290
86 185
45 144
27 126
183 282
122 221
129 228
196 295
171 270
93 192
27 126
109 208
11 110
178 277
80 179
42 141
109 208
165 264
169 268
11 110
104 203
20 119
45 144
6 105
193 292
85 184
164 263
104 203
131 230
134 233
189 288
158 257
175 274
11 110
152 251
42 141
94 193
15 114
4 103
76 175
63 162
164 263
98 197
193 292
45 144
1 100
9 108
15 114
155 254
84 183
3 102
123 222
71 170
2 101
0 99
168 267
144 243
0 99
70 169
89 188
52 151
51 150
188 287
131 230
79 178
174 273
188 287
78 177
88 187
83 182
180 279
83 182
45 144
193 292
15 114
188 287
8 107
130 229
105 204
187 286
150 249
23 122
13 112
176 275
167 266
187 286
81 180
1 100
19 118
142 241
176 275
67 166
138 237
169 268
72 171
69 168
113 212
101 200
91 190
173 272
133 232
135 234
173 272
176 275
82 181
32 131
129 228
44 143
92 191
98 197
108 207
154 253
196 295
109 208
177 276
154 253
182 281
11 110
74 173
172 271
25 124
170 269
47 146
158 257
75 174
163 262
56 155
0 99
44 143
91 190
131 230
115 214
162 261
131 230
117 216
18 117
9 108
13 112
102 201
110 209
58 157
186 285
152 251
21 120
152 251
111 210
112 211
6 105
187 286
114 213
32 131
96 195
177 276
47 146
41 140
34 133
58 157
182 281
120 219
72 171
140 239
20 119
46 145
131 230
47 146
56 155
149 248
131 230
6 105
2 101
14 113
17 116
97 196
74 173
189 288
36 135
135 234
66 165
166 265
60 159
50 149
70 169
2 101
120 219
134 233
9 108
123 222
177 276
62 161
161 260
66 165
41 140
118 217
118 217
112 211
69 168
140 239
91 190
89 188
20 119
111 210
169 268
110 209
86 185
89 188
25 124
1 100
104 203
63 162
52 151
24 123
127 226
176 275
175 274
4 103
104 203
101 200
126 225
59 158
45 144
3 102
28 127
8 107
18 117
74 173
181 280
91 190
162 261
80 179
68 167
100 199
178 277
55 154
9 108
172 271
110 209
22 121
79 178
184 283
119 218
114 213
69 168
172 271
45 144
148 247
136 235
55 154
191 290
129 228
193 292
125 224
125 224
189 288
151 250
3 102
14 113
45 144
166 265
118 217
62 161
104 203
67 166
12 111
113 212
43 142
94 193
24 123
141 240
175 274
41 140
48 147
157 256
169 268
134 233
107 206
2 101
37 136
101 200
53 152
138 237
60 159
98 197
59 158
110 209
34 133
50 149
121 220
56 155
114 213
169 268
55 154
92 191
88 187
191 290
122 221
189 288
58 157
92 191
184 283
23 122
168 267
44 143
7 106
83 182
82 181
116 215
110 209
32 131
190 289
98 197
39 138
155 254
31 130
137 236
21 120
31 130
131 230
177 276
53 152
88 187
163 262
175 274
195 294
184 283
43 142
91 190
138 237
105 204
95 194
115 214
111 210
168 267
186 285
38 137
74 173
74 173
166 265
52 151
169 268
21 120
109 208
55 154
109 208
96 195
151 250
42 141
140 239
187 286
41 140
89 188
195 294
154 253
57 156
145 244
134 233
172 271
183 282
171 270
118 217
52 151
138 237
97 196
63 162
74 173
150 249
196 295
186 285
175 274
163 262
137 236
84 183
132 231
20 119
26 125
32 131
161 260
82 181
100 199
9 108
114 213
173 272
94 193
1 100
23 122
62 161
159 258
62 161
6 105
98 197
108 207
95 194
36 135
108 207
47 146
154 253
17 116
178 277
95 194
183 282
100 199
26 125
140 239
161 260
66 165
193 292
156 255
170 269
44 143
58 157
97 196
82 181
113 212
23 122
55 154
128 227
170 269
141 240
0 99
182 281
178 277
175 274
146 245
22 121
54 153
124 223
76 175
37 136
49 148
167 266
103 202
166 265
54 153
56 155
73 172
18 117
95 194
44 143
185 284
171 270
189 288
64 163
12 111
193 292
73 172
137 236
147 246
20 119
106 205
15 114
3 102
31 130
45 144
142 241
12 111
41 140
140 239
67 166
62 161
81 180
50 149
25 124
119 218
88 187
1 100
93 192
125 224
76 175
29 128
74 173
93 192
93 192
140 239
130 229
71 170
76 175
17 116
167 266
81 180
172 271
33 132
1 100
125 224
149 248
45 144
125 224
6 105
25 124
191 290
30 129
153 252
162 261
140 239
166 265
97 196
53 152
176 275
101 200
160 259
102 201
83 182
43 142
84 183
65 164
67 166
125 224
97 196
181 280
9 108
189 288
192 291
148 247
174 273
162 261
189 288
85 184
146 245
29 128
142 241
162 261
58 157
131 230
127 226
154 253
53 152
138 237
161 260
44 143
160 259
37 136
173 272
124 223
40 139
39 138
169 268
171 270
149 248
152 251
118 217
50 149
135 234
158 257
165 264
52 151
111 210
110 209
99 198
112 211
109 208
64 163
97 196
180 279
86 185
175 274
48 147
47 146
107 206
58 157
63 162
44 143
180 279
77 176
40 139
97 196
183 282
120 219
59 158
21 120
10 109
38 137
162 261
72 171
108 207
150 249
38 137
91 190
127 226
193 292
176 275
45 144
122 221
115 214
72 171
27 126
41 140
111 210
40 139
119 218
74 173
131 230
23 122
13 112
59 158
180 279
13 112
147 246
22 121
181 280
49 148
21 120
133 232
116 215
135 234
191 290
72 171
165 264
21 120
110 209
91 190
27 126
113 212
120 219
112 211
1 100
16 115
35 134
19 118
140 239
168 267
78 177
57 156
79 178
15 114
96 195
56 155
49 148
71 170
95 194
116 215
66 165
178 277
38 137
55 154
56 155
164 263
113 212
43 142
172 271
5 104
51 150
68 167
172 271
7 106
185 284
68 167
166 265
120 219
33 132
181 280
158 257
142 241
82 181
123 222
160 259
22 121
116 215
139 238
164 263
163 262
105 204
96 195
146 245
8 107
45 144
41 140
178 277
131 230
91 190
12 111
49 148
28 127
197 296
172 271
75 174
183 282
124 223
9 108
121 220
154 253
64 163
105 204
149 248
26 125
119 218
8 107
164 263
103 202
118 217
178 277
10 109
149 248
61 160
56 155
188 287
148 247
72 171
94 193
137 236
113 212
173 272
20 119
195 294
171 270
92 191
4 103
15 114
178 277
18 117
133 232
6 105
76 175
37 136
129 228
15 114
38 137
129 228
1 100
174 273
38 137
95 194
60 159
164 263
71 170
111 210
166 265
102 201
122 221
29 128
125 224
72 171
62 161
109 208
162 261
60 159
102 201
145 244
163 262
7 106
9 108
50 149
78 177
89 188
129 228
65 164
197 296
57 156
165 264
189 288
134 233
109 208
61 160
58 157
106 205
125 224
57 156
26 125
99 198
20 119
66 165
195 294
156 255
94 193
61 160
21 120
126 225
148 247
171 270
142 241
162 261
137 236
146 245
90 189
166 265
193 292
142 241
145 244
152 251
60 159
134 233
107 206
56 155
86 185
194 293
159 258
30 129
130 229
130 229
89 188
130 229
169 268
75 174
38 137
19 118
56 155
164 263
150 249
183 282
19 118
38 137
102 201
24 123
65 164
194 293
34 133
74 173
105 204
129 228
157 256
38 137
139 238
10 109
167 266
148 247
36 135
182 281
47 146
47 146
195 294
53 152
170 269
23 122
53 152
28 127
82 181
7 106
102 201
129 228
30 129
31 130
159 258
128 227
58 157
48 147
13 112
185 284
5 104
153 252
162 261
24 123
146 245
76 175
17 116
28 127
146 245
93 192
67 166
86 185
149 248
120 219
59 158
63 162
195 294
102 201
105 204
80 179
74 173
20 119
139 238
57 156
141 240
90 189
75 174
185 284
35 134
2 101
62 161
194 293
115 214
82 181
34 133
117 216
152 251
68 167
81 180
125 224
64 163
41 140
128 227
42 141
45 144
193 292
179 278
114 213
65 164
178 277
137 236
45 144
109 208
38 137
41 140
10 109
149 248
107 206
124 223
117 216
65 164
3 102
23 122
178 277
29 128
69 168
102 201
69 168
37 136
175 274
147 246
123 222
76 175
63 162
138 237
131 230
14 113
119 218
125 224
167 266
186 285
170 269
139 238
27 126
36 135
77 176
0 99
7 106
123 222
36 135
130 229
122 221
98 197
196 295
105 204
82 181
132 231
45 144
165 264
188 287
12 111
64 163
79 178
88 187
37 136
172 271
190 289
80 179
124 223
92 191
110 209
182 281
12 111
45 144
53 152
8 107
31 130
79 178
109 208
97 196
57 156
111 210
131 230
20 119
168 267
85 184
167 266
184 283
121 220
176 275
159 258
6 105
69 168
65 164
103 202
136 235
70 169
169 268
31 130
131 230
178 277
160 259
27 126
29 128
162 261
7 106
29 128
195 294
11 110
76 175
125 224
165 264
38 137
174 273
33 132
98 197
171 270
55 154
195 294
52 151
72 171
43 142
159 258
117 216
193 292
167 266
35 134
73 172
30 129
9 108
97 196
124 223
168 267
77 176
169 268
9 108
33 132
73 172
114 213
23 122
166 265
24 123
55 154
174 273
72 171
33 132
58 157
35 134
73 172
121 220
177 276
106 205
55 154
138 237
184 283
190 289
96 195
53 152
67 166
117 216
65 164
135 234
195 294
109 208
179 278
163 262
6 105
165 264
5 104
31 130
24 123
15 114
98 197
15 114
79 178
128 227
33 132
160 259
141 240
162 261
4 103
61 160
167 266
94 193
116 215
115 214
38 137
61 160
5 104
138 237
27 126
187 286
41 140
25 124
144 243
84 183
184 283
86 185
80 179
157 256
6 105
27 126
141 240
124 223
83 182
160 259
116 215
137 236
156 255
10 109
168 267
56 155
154 253
166 265
175 274
124 223
35 134
10 109
175 274
30 129
70 169
59 158
181 280
107 206
110 209
172 271
13 112
166 265
71 170
120 219
61 160
162 261
188 287
140 239
113 212
159 258
6 105
130 229
147 246
0 99
82 181
100 199
67 166
36 135
188 287
106 205
151 250
143 242
20 119
71 170
23 122
69 168
30 129
106 205
23 122
89 188
84 183
168 267
11 110
39 138
84 183
143 242
52 151
65 164
83 182
103 202
150 249
109 208
41 140
70 169
195 294
21 120
29 128
154 253
184 283
196 295
113 212
44 143
125 224
134 233
100 199
84 183
77 176
83 182
84 183
123 222
145 244
165 264
94 193
93 192
42 141
72 171
194 293
178 277
86 185
81 180
21 120
12 111
149 248
2 101
6 105
154 253
85 184
121 220
175 274
96 195
102 201
122 221
95 194
1 100
151 250
102 201
67 166
1 100
134 233
194 293
153 252
33 132
2 101
50 149
135 234
111 210
114 213
26 125
193 292
127 226
3 102
58 157
16 115
34 133
192 291
83 182
101 200
104 203
163 262
78 177
59 158
45 144
144 243
186 285
78 177
107 206
83 182
114 213
94 193
169 268
172 271
146 245
33 132
63 162
124 223
85 184
46 145
154 253
172 271
85 184
33 132
87 186
155 254
4 103
12 111
101 200
10 109
151 250
184 283
163 262
65 164
5 104
166 265
144 243
192 291
43 142
126 225
154 253
25 124
38 137
95 194
58 157
124 223
140 239
9 108
150 249
188 287
120 219
115 214
160 259
125 224
3 102
109 208
151 250
38 137
7 106
87 186
67 166
147 246
184 283
170 269
115 214
79 178
105 204
86 185
11 110
6 105
151 250
194 293
80 179
56 155
146 245
39 138
130 229
90 189
69 168
134 233
146 245
38 137
126 225
128 227
126 225
164 263
156 255
146 245
161 260
89 188
142 241
183 282
57 156
110 209
153 252
190 289
177 276
148 247
27 126
58 157
20 119
172 271
60 159
187 286
135 234
5 104
52 151
183 282
75 174
196 295
56 155
38 137
133 232
139 238
61 160
26 125
0 99
24 123
158 257
87 186
1 100
37 136
147 246
50 149
15 114
68 167
161 260
182 281
107 206
129 228
81 180
87 186
129 228
152 251
53 152
68 167
188 287
16 115
98 197
197 296
26 125
98 197
158 257
5 104
192 291
178 277
40 139
195 294
72 171
122 221
96 195
96 195
131 230
99 198
86 185
183 282
60 159
51 150
143 242
46 145
11 110
183 282
123 222
173 272
171 270
173 272
53 152
56 155
191 290
32 131
170 269
163 262
174 273
150 249
190 289
121 220
65 164
45 144
149 248
58 157
137 236
153 252
128 227
152 251
110 209
20 119
95 194
182 281
144 243
78 177
161 260
54 153
170 269
51 150
96 195
78 177
5 104
117 216
196 295
187 286
143 242
0 99
26 125
102 201
133 232
4 103
104 203
56 155
37 136
182 281
19 118
143 242
44 143
38 137
149 248
48 147
162 261
178 277
136 235
183 282
99 198
16 115
103 202
82 181
81 180
189 288
26 125
191 290
125 224
186 285
121 220
137 236
96 195
128 227
147 246
163 262
109 208
88 187
20 119
18 117
2 101
155 254
196 295
108 207
112 211
160 259
114 213
43 142
138 237
82 181
163 262
120 219
179 278
163 262
154 253
172 271
49 148
175 274
148 247
20 119
143 242
90 189
59 158
184 283
54 153
95 194
48 147
130 229
149 248
175 274
86 185
17 116
36 135
128 227
120 219
63 162
187 286
184 283
125 224
92 191
35 134
38 137
16 115
50 149
192 291
121 220
16 115
126 225
45 144
117 216
41 140
173 272
30 129
34 133
54 153
133 232
103 202
116 215
50 149
178 277
155 254
24 123
44 143
170 269
169 268
151 250
24 123
117 216
63 162
59 158
123 222
15 114
191 290
175 274
169 268
158 257
136 235
30 129
171 270
138 237
34 133
192 291
190 289
21 120
166 265
191 290
56 155
130 229
85 184
153 252
1 100
177 276
111 210
83 182
160 259
156 255
177 276
48 147
132 231
102 201
70 169
94 193
28 127
186 285
14 113
73 172
85 184
39 138
85 184
175 274
54 153
68 167
14 113
108 207
146 245
67 166
104 203
139 238
88 187
133 232
145 244
22 121
138 237
87 186
72 171
82 181
105 204
101 200
159 258
92 191
21 120
67 166
165 264
74 173
188 287
4 103
116 215
114 213
78 177
46 145
31 130
127 226
15 114
183 282
136 235
77 176
72 171
84 183
14 113
54 153
92 191
6 105
52 151
162 261
24 123
27 126
23 122
181 280
151 250
165 264
50 149
9 108
114 213
66 165
158 257
73 172
34 133
83 182
67 166
123 222
131 230
122 221
42 141
174 273
188 287
56 155
6 105
59 158
187 286
6 105
68 167
53 152
28 127
86 185
20 119
52 151
130 229
67 166
137 236
3 102
140 239
2 101
165 264
176 275
130 229
149 248
115 214
128 227
65 164
197 296
182 281
67 166
53 152
164 263
192 291
61 160
161 260
174 273
10 109
58 157
63 162
177 276
17 116
59 158
112 211
48 147
80 179
127 226
26 125
141 240
165 264
115 214
175 274
71 170
57 156
69 168
27 126
171 270
164 263
41 140
176 275
137 236
159 258
32 131
116 215
103 202
141 240
96 195
117 216
7 106
62 161
155 254
93 192
93 192
187 286
193 292
0 99
178 277
77 176
124 223
38 137
80 179
142 241
78 177
39 138
140 239
35 134
25 124
14 113
194 293
165 264
27 126
128 227
70 169
65 164
41 140
8 107
157 256
174 273
8 107
45 144
122 221
37 136
75 174
175 274
180 279
15 114
58 157
63 162
73 172
182 281
187 286
113 212
45 144
177 276
116 215
127 226
114 213
157 256
53 152
155 254
71 170
49 148
106 205
179 278
71 170
32 131
29 128
154 253
197 296
54 153
153 252
181 280
55 154
66 165
177 276
66 165
80 179
152 251
53 152
56 155
77 176
40 139
9 108
172 271
163 262
189 288
74 173
75 174
56 155
145 244
51 150
147 246
51 150
124 223
126 225
42 141
20 119
91 190
17 116
64 163
59 158
142 241
47 146
184 283
180 279
108 207
105 204
19 118
154 253
39 138
55 154
160 259
20 119
64 163
5 104
102 201
82 181
102 201
16 115
184 283
24 123
183 282
57 156
182 281
105 204
22 121
22 121
92 191
105 204
192 291
142 241
4 103
18 117
192 291
193 292
65 164
58 157
173 272
150 249
57 156
38 137
106 205
79 178
65 164
42 141
150 249
149 248
194 293
181 280
4 103
42 141
129 228
113 212
106 205
136 235
24 123
129 228
178 277
37 136
17 116
88 187
121 220
152 251
174 273
19 118
138 237
36 135
146 245
16 115
162 261
17 116
0 99
39 138
158 257
117 216
48 147
181 280
119 218
159 258
110 209
156 255
153 252
65 164
108 207
55 154
93 192
172 271
54 153
160 259
154 253
47 146
38 137
104 203
1 100
86 185
4 103
34 133
171 270
149 248
96 195
49 148
91 190
158 257
25 124
42 141
86 185
157 256
66 165
93 192
9 108
87 186
146 245
21 120
130 229
85 184
23 122
112 211
190 289
95 194
168 267
190 289
179 278
43 142
128 227
86 185
154 253
150 249
164 263
144 243
152 251
187 286
63 162
95 194
171 270
52 151
120 219
33 132
78 177
70 169
31 130
118 217
100 199
103 202
193 292
97 196
6 105
52 151
137 236
11 110
33 132
182 281
23 122
80 179
15 114
171 270
140 239
59 158
37 136
40 139
134 233
166 265
156 255
154 253
49 148
84 183
62 161
134 233
53 152
38 137
35 134
3 102
68 167
102 201
53 152
117 216
24 123
66 165
0 99
166 265
22 121
176 275
90 189
162 261
84 183
21 120
33 132
56 155
15 114
102 201
88 187
136 235
52 151
60 159
111 210
160 259
121 220
104 203
4 103
58 157
88 187
37 136
44 143
106 205
43 142
42 141
181 280
185 284
135 234
174 273
122 221
42 141
28 127
17 116
138 237
36 135
23 122
81 180
3 102
127 226
155 254
47 146
116 215
167 266
38 137
136 235
185 284
177 276
114 213
174 273
30 129
152 251
182 281
100 199
93 192
109 208
68 167
151 250
190 289
143 242
74 173
63 162
69 168
137 236
26 125
157 256
162 261
89 188
162 261
73 172
82 181
33 132
138 237
194 293
70 169
46 145
182 281
40 139
94 193
98 197
111 210
91 190
122 221
6 105
108 207
82 181
193 292
130 229
195 294
1 100
108 207
168 267
31 130
146 245
129 228
47 146
60 159
179 278
49 148
137 236
157 256
73 172
84 183
127 226
159 258
92 191
95 194
154 253
192 291
4 103
33 132
103 202
70 169
13 112
107 206
87 186
100 199
18 117
39 138
146 245
151 250
106 205
4 103
65 164
70 169
64 163
128 227
18 117
22 121
68 167
135 234
137 236
74 173
136 235
112 211
145 244
19 118
0 99
80 179
111 210
120 219
127 226
6 105
114 213
177 276
169 268
60 159
162 261
130 229
74 173
172 271
58 157
100 199
151 250
92 191
180 279
24 123
34 133
142 241
19 118
143 242
74 173
104 203
12 111
111 210
158 257
100 199
64 163
22 121
0 99
71 170
60 159
1 100
102 201
124 223
172 271
33 132
9 108
82 181
45 144
115 214
27 126
72 171
0 99
139 238
44 143
137 236
97 196
0 99
110 209
33 132
22 121
179 278
120 219
168 267
180 279
183 282
17 116
77 176
102 201
128 227
54 153
41 140
51 150
20 119
75 174
69 168
138 237
184 283
22 121
156 255
157 256
160 259
111 210
51 150
82 181
126 225
144 243
57 156
154 253
44 143
174 273
104 203
184 283
98 197
40 139
122 221
102 201
47 146
95 194
125 224
47 146
138 237
188 287
128 227
56 155
3 102
31 130
170 269
62 161
172 271
135 234
195 294
24 123
55 154
55 154
187 286
36 135
1 100
48 147
96 195
98 197
21 120
2 101
130 229
184 283
31 130
196 295
55 154
33 132
22 121
125 224
137 236
151 250
166 265
70 169
79 178
88 187
188 287
159 258
96 195
160 259
133 232
169 268
143 242
124 223
72 171
189 288
128 227
27 126
160 259
194 293
127 226
11 110
4 103
139 238
166 265
65 164
24 123
163 262
121 220
183 282
55 154
0 99
144 243
164 263
82 181
162 261
98 197
90 189
105 204
21 120
60 159
26 125
148 247
41 140
168 267
22 121
112 211
167 266
191 290
131 230
33 132
50 149
136 235
108 207
97 196
144 243
130 229
147 246
79 178
21 120
51 150
132 231
194 293
74 173
66 165
133 232
145 244
55 154
38 137
33 132
165 264
8 107
122 221
176 275
88 187
167 266
86 185
22 121
105 204
46 145
55 154
179 278
136 235
1 100
9 108
135 234
39 138
142 241
74 173
36 135
154 253
74 173
57 156
56 155
153 252
148 247
98 197
82 181
147 246
83 182
7 106
164 263
120 219
72 171
69 168
135 234
133 232
158 257
114 213
33 132
193 292
151 250
136 235
11 110
131 230
151 250
65 164
171 270
145 244
163 262
77 176
25 124
152 251
59 158
148 247
17 116
151 250
1 100
49 148
135 234
144 243
166 265
153 252
66 165
36 135
171 270
139 238
49 148
109 208
78 177
185 284
171 270
63 162
85 184
67 166
122 221
130 229
61 160
5 104
108 207
23 122
23 122
91 190
10 109
10 109
174 273
121 220
54 153
91 190
177 276
172 271
115 214
94 193
166 265
45 144
62 161
191 290
51 150
160 259
73 172
42 141
15 114
163 262
70 169
49 148
107 206
19 118
45 144
159 258
91 190
53 152
196 295
154 253
176 275
131 230
172 271
110 209
171 270
123 222
189 288
46 145
82 181
148 247
47 146
43 142
64 163
118 217
94 193
174 273
162 261
176 275
189 288
101 200
61 160
116 215
32 131
154 253
173 272
95 194
25 124
116 215
34 133
43 142
134 233
37 136
104 203
196 295
23 122
129 228
116 215
26 125
52 151
18 117
15 114
132 231
19 118
5 104
111 210
99 198
93 192
37 136
40 139
44 143
23 122
63 162
26 125
97 196
134 233
70 169
25 124
186 285
85 184
77 176
182 281
14 113
187 286
45 144
121 220
191 290
89 188
80 179
139 238
189 288
77 176
33 132
44 143
100 199
54 153
67 166
80 179
146 245
186 285
112 211
101 200
195 294
141 240
124 223
4 103
134 233
2 101
115 214
19 118
100 199
195 294
51 150
81 180
57 156
159 258
153 252
155 254
161 260
37 136
16 115
88 187
43 142
190 289
107 206
182 281
130 229
15 114
143 242
129 228
138 237
173 272
115 214
96 195
28 127
167 266
20 119
135 234
106 205
117 216
5 104
99 198
58 157
133 232
76 175
103 202
92 191
98 197
46 145
144 243
41 140
116 215
41 140
192 291
87 186
49 148
165 264
155 254
183 282
120 219
195 294
59 158
43 142
30 129
15 114
150 249
98 197
35 134
35 134
126 225
140 239
8 107
121 220
70 169
102 201
69 168
172 271
97 196
30 129
195 294
153 252
112 211
181 280
186 285
51 150
142 241
141 240
170 269
15 114
187 286
186 285
61 160
47 146
141 240
150 249
56 155
41 140
43 142
156 255
30 129
133 232
5 104
151 250
3 102
150 249
30 129
80 179
16 115
8 107
160 259
49 148
113 212
4 103
131 230
183 282
77 176
9 108
99 198
149 248
107 206
0 99
158 257
122 221
171 270
159 258
122 221
83 182
156 255
86 185
20 119
13 112
125 224
1 100
4 103
97 196
35 134
76 175
149 248
65 164
80 179
195 294
62 161
139 238
9 108
157 256
124 223
85 184
94 193
167 266
63 162
160 259
2 101
132 231
23 122
141 240
20 119
154 253
28 127
104 203
103 202
194 293
23 122
63 162
69 168
45 144
42 141
54 153
82 181
73 172
19 118
151 250
165 264
64 163
131 230
90 189
110 209
32 131
33 132
138 237
19 118
143 242
6 105
45 144
143 242
105 204
171 270
117 216
176 275
157 256
45 144
54 153
193 292
150 249
67 166
97 196
192 291
126 225
190 289
155 254
68 167
134 233
97 196
171 270
137 236
179 278
170 269
27 126
30 129
88 187
2 101
23 122
84 183
52 151
158 257
134 233
166 265
104 203
49 148
35 134
136 235
157 256
52 151
73 172
21 120
97 196
171 270
57 156
79 178
176 275
40 139
123 222
70 169
62 161
187 286
33 132
156 255
17 116
21 120
126 225
155 254
197 296
134 233
58 157
30 129
0 99
43 142
84 183
59 158
20 119
30 129
49 148
75 174
76 175
196 295
47 146
148 247
39 138
17 116
128 227
30 129
11 110
112 211
188 287
28 127
137 236
147 246
22 121
169 268
14 113
196 295
161 260
68 167
185 284
32 131
10 109
175 274
58 157
193 292
108 207
157 256
40 139
119 218
108 207
108 207
114 213
106 205
194 293
79 178
118 217
141 240
84 183
62 161
149 248
90 189
70 169
173 272
155 254
144 243
71 170
137 236
27 126
122 221
48 147
144 243
196 295
189 288
20 119
153 252
28 127
100 199
89 188
47 146
178 277
151 250
167 266
146 245
93 192
94 193
41 140
178 277
139 238
36 135
113 212
25 124
121 220
83 182
192 291
41 140
171 270
48 147
55 154
165 264
125 224
186 285
50 149
141 240
167 266
191 290
139 238
55 154
113 212
15 114
150 249
147 246
184 283
24 123
136 235
23 122
108 207
91 190
9 108
75 174
67 166
2 101
154 253
69 168
72 171
165 264
22 121
108 207
188 287
20 119
72 171
46 145
93 192
47 146
49 148
103 202
132 231
13 112
135 234
152 251
81 180
47 146
22 121
93 192
151 250
21 120
92 191
56 155
154 253
34 133
170 269
146 245
125 224
177 276
20 119
189 288
185 284
67 166
153 252
165 264
33 132
48 147
60 159
31 130
161 260
9 108
143 242
192 291
17 116
32 131
163 262
143 242
85 184
140 239
18 117
155 254
147 246
50 149
128 227
193 292
155 254
15 114
169 268
164 263
78 177
95 194
6 105
149 248
114 213
74 173
119 218
86 185
111 210
173 272
108 207
89 188
160 259
48 147
90 189
67 166
30 129
55 154
102 201
94 193
169 268
125 224
122 221
76 175
30 129
134 233
11 110
120 219
64 163
19 118
16 115
141 240
99 198
30 129
132 231
180 279
124 223
6 105
58 157
7 106
165 264
138 237
75 174
146 245
182 281
154 253
114 213
135 234
13 112
20 119
151 250
124 223
192 291
186 285
3 102
193 292
45 144
165 264
140 239
169 268
183 282
31 130
183 282
80 179
130 229
39 138
137 236
135 234
132 231
67 166
83 182
7 106
1 100
53 152
86 185
86 185
187 286
80 179
164 263
113 212
154 253
189 288
155 254
131 230
190 289
26 125
146 245
156 255
154 253
27 126
131 230
80 179
49 148
101 200
186 285
44 143
99 198
76 175
64 163
131 230
70 169
132 231
159 258
177 276
143 242
39 138
159 258
54 153
171 270
78 177
8 107
156 255
0 99
164 263
44 143
78 177
161 260
86 185
114 213
113 212
22 121
34 133
5 104
160 259
125 224
159 258
134 233
10 109
3 102
188 287
66 165
56 155
24 123
79 178
19 118
126 225
1 100
178 277
120 219
112 211
170 269
114 213
178 277
36 135
49 148
38 137
112 211
137 236
145 244
110 209
11 110
35 134
41 140
92 191
70 169
80 179
128 227
42 141
178 277
177 276
113 212
107 206
123 222
123 222
100 199
12 111
11 110
120 219
38 137
34 133
141 240
1 100
73 172
32 131
116 215
84 183
10 109
195 294
57 156
55 154
60 159
119 218
27 126
2 101
20 119
67 166
51 150
117 216
29 128
172 271
130 229
39 138
135 234
111 210
186 285
9 108
80 179
34 133
80 179
157 256
57 156
100 199
151 250
182 281
100 199
173 272
193 292
191 290
56 155
81 180
195 294
30 129
3 102
111 210
13 112
83 182
137 236
76 175
125 224
91 190
136 235
185 284
56 155
88 187
95 194
66 165
86 185
187 286
100 199
137 236
191 290
98 197
67 166
86 185
112 211
150 249
98 197
74 173
32 131
29 128
104 203
90 189
82 181
156 255
44 143
16 115
160 259
163 262
17 116
129 228
148 247
69 168
191 290
6 105
102 201
144 243
152 251
152 251
123 222
169 268
89 188
20 119
192 291
147 246
94 193
66 165
102 201
27 126
135 234
162 261
194 293
71 170
148 247
148 247
18 117
191 290
43 142
163 262
149 248
3 102
187 286
130 229
172 271
146 245
0 99
131 230
32 131
185 284
62 161
146 245
147 246
109 208
54 153
99 198
51 150
182 281
129 228
86 185
41 140
150 249
24 123
31 130
175 274
164 263
147 246
143 242
120 219
70 169
70 169
191 290
123 222
86 185
188 287
105 204
67 166
1 100
81 180
139 238
190 289
77 176
189 288
194 293
85 184
161 260
88 187
146 245
150 249
137 236
11 110
120 219
86 185
124 223
43 142
112 211
162 261
168 267
174 273
141 240
83 182
168 267
136 235
110 209
92 191
30 129
49 148
158 257
129 228
59 158
16 115
174 273
94 193
98 197
101 200
79 178
175 274
188 287
196 295
174 273
124 223
145 244
171 270
94 193
66 165
178 277
84 183
89 188
117 216
168 267
146 245
96 195
5 104
57 156
60 159
86 185
63 162
56 155
154 253
110 209
35 134
180 279
76 175
147 246
83 182
39 138
13 112
5 104
173 272
85 184
120 219
150 249
50 149
188 287
173 272
32 131
104 203
54 153
107 206
139 238
195 294
67 166
90 189
164 263
156 255
103 202
183 282
144 243
153 252
176 275
1 100
130 229
20 119
46 145
56 155
156 255
125 224
140 239
148 247
40 139
52 151
7 106
23 122
162 261
172 271
20 119
78 177
120 219
97 196
75 174
57 156
15 114
124 223
58 157
131 230
195 294
24 123
55 154
8 107
11 110
132 231
146 245
141 240
36 135
91 190
193 292
105 204
92 191
27 126
120 219
26 125
195 294
26 125
136 235
44 143
21 120
120 219
85 184
63 162
45 144
193 292
148 247
102 201
48 147
113 212
23 122
12 111
32 131
114 213
130 229
46 145
158 257
185 284
76 175
133 232
76 175
32 131
179 278
116 215
28 127
161 260
100 199
126 225
100 199
143 242
169 268
97 196
123 222
135 234
97 196
62 161
108 207
68 167
21 120
23 122
176 275
129 228
16 115
167 266
88 187
35 134
173 272
159 258
18 117
33 132
120 219
7 106
139 238
133 232
164 263
173 272
50 149
63 162
175 274
178 277
67 166
119 218
29 128
150 249
49 148
100 199
137 236
187 286
10 109
125 224
183 282
153 252
151 250
59 158
135 234
161 260
116 215
152 251
193 292
7 106
132 231
122 221
12 111
53 152
111 210
189 288
158 257
69 168
19 118
183 282
127 226
162 261
125 224
93 192
167 266
18 117
185 284
34 133
15 114
154 253
76 175
130 229
160 259
58 157
110 209
111 210
144 243
47 146
176 275
85 184
165 264
80 179
52 151
96 195
64 163
30 129
182 281
33 132
153 252
195 294
112 211
18 117
124 223
177 276
153 252
116 215
107 206
170 269
70 169
138 237
163 262
37 136
29 128
22 121
80 179
76 175
68 167
186 285
184 283
185 284
180 279
73 172
66 165
81 180
25 124
76 175
76 175
178 277
50 149
90 189
146 245
78 177
94 193
186 285
91 190
95 194
25 124
78 177
183 282
67 166
35 134
23 122
51 150
190 289
150 249
174 273
51 150
140 239
33 132
34 133
13 112
10 109
133 232
184 283
22 121
185 284
164 263
123 222
155 254
120 219
197 296
55 154
19 118
82 181
10 109
139 238
72 171
9 108
195 294
183 282
29 128
21 120
175 274
101 200
193 292
190 289
19 118
54 153
190 289
28 127
40 139
143 242
131 230
135 234
13 112
100 199
147 246
197 296
49 148
183 282
40 139
74 173
147 246
46 145
10 109
33 132
126 225
185 284
100 199
84 183
165 264
109 208
116 215
12 111
7 106
118 217
173 272
116 215
181 280
75 174
6 105
183 282
54 153
12 111
80 179
7 106
177 276
36 135
71 170
114 213
40 139
83 182
139 238
106 205
8 107
141 240
28 127
124 223
195 294
191 290
49 148
74 173
162 261
20 119
129 228
53 152
27 126
5 104
74 173
65 164
58 157
118 217
110 209
92 191
11 110
94 193
170 269
87 186
66 165
178 277
93 192
104 203
67 166
23 122
98 197
31 130
160 259
190 289
38 137
193 292
192 291
166 265
30 129
176 275
69 168
151 250
19 118
93 192
127 226
117 216
27 126
162 261
25 124
91 190
135 234
64 163
84 183
77 176
80 179
120 219
139 238
100 199
13 112
149 248
135 234
192 291
3 102
88 187
126 225
98 197
116 215
177 276
77 176
8 107
99 198
191 290
152 251
111 210
149 248
67 166
32 131
171 270
34 133
94 193
123 222
46 145
9 108
117 216
8 107
121 220
28 127
85 184
113 212
1 100
157 256
185 284
116 215
93 192
186 285
98 197
152 251
4 103
39 138
99 198
56 155
45 144
119 218
127 226
107 206
10 109
110 209
123 222
72 171
92 191
176 275
121 220
192 291
35 134
59 158
27 126
8 107
117 216
163 262
77 176
27 126
115 214
188 287
113 212
67 166
144 243
171 270
94 193
165 264
191 290
68 167
119 218
94 193
69 168
102 201
59 158
119 218
14 113
27 126
83 182
81 180
153 252
10 109
128 227
128 227
114 213
73 172
76 175
47 146
94 193
17 116
30 129
129 228
54 153
181 280
174 273
60 159
165 264
130 229
43 142
64 163
189 288
54 153
45 144
132 231
130 229
26 125
68 167
113 212
117 216
34 133
45 144
13 112
58 157
101 200
180 279
162 261
82 181
121 220
150 249
41 140
70 169
126 225
126 225
179 278
3 102
96 195
45 144
170 269
105 204
106 205
84 183
3 102
188 287
173 272
60 159
171 270
36 135
19 118
108 207
11 110
65 164
47 146
4 103
73 172
149 248
153 252
149 248
46 145
184 283
26 125
72 171
160 259
146 245
186 285
98 197
173 272
15 114
178 277
7 106
109 208
165 264
173 272
21 120
136 235
67 166
96 195
87 186
138 237
93 192
7 106
0 99
100 199
149 248
31 130
90 189
180 279
65 164
111 210
126 225
24 123
172 271
175 274
90 189
167 266
1 100
143 242
123 222
148 247
138 237
66 165
104 203
195 294
141 240
84 183
149 248
151 250
132 231
37 136
144 243
15 114
113 212
42 141
30 129
187 286
74 173
31 130
94 193
108 207
134 233
174 273
133 232
164 263
46 145
36 135
42 141
181 280
23 122
9 108
15 114
179 278
191 290
122 221
12 111
16 115
159 258
140 239
3 102
116 215
84 183
186 285
140 239
13 112
181 280
74 173
14 113
162 261
85 184
124 223
75 174
12 111
188 287
179 278
13 112
124 223
66 165
148 247
147 246
97 196
29 128
40 139
35 134
78 177
77 176
144 243
64 163
84 183
73 172
152 251
133 232
40 139
52 151
2 101
38 137
102 201
78 177
54 153
14 113
107 206
23 122
50 149
189 288
0 99
133 232
6 105
194 293
161 260
167 266
51 150
165 264
74 173
88 187
112 211
0 99
196 295
25 124
187 286
14 113
127 226
157 256
133 232
182 281
152 251
138 237
98 197
100 199
164 263
196 295
148 247
133 232
33 132
93 192
73 172
7 106
166 265
131 230
16 115
115 214
74 173
82 181
90 189
20 119
32 131
193 292
163 262
113 212
77 176
106 205
167 266
38 137
149 248
157 256
54 153
164 263
117 216
74 173
26 125
25 124
20 119
145 244
145 244
59 158
0 99
179 278
109 208
66 165
65 164
8 107
98 197
174 273
87 186
141 240
168 267
173 272
89 188
109 208
137 236
183 282
182 281
57 156
125 224
168 267
197 296
165 264
83 182
146 245
11 110
42 141
164 263
76 175
76 175
55 154
89 188
129 228
140 239
141 240
31 130
94 193
79 178
28 127
94 193
161 260
1 100
172 271
59 158
52 151
79 178
95 194
191 290
64 163
14 113
151 250
147 246
48 147
102 201
115 214
61 160
141 240
117 216
53 152
2 101
173 272
23 122
162 261
39 138
96 195
73 172
92 191
179 278
191 290
155 254
52 151
51 150
21 120
39 138
53 152
77 176
184 283
196 295
73 172
168 267
77 176
65 164
190 289
174 273
147 246
47 146
182 281
183 282
9 108
16 115
105 204
0 99
145 244
122 221
149 248
86 185
24 123
76 175
136 235
114 213
167 266
191 290
108 207
83 182
150 249
55 154
69 168
172 271
137 236
119 218
79 178
93 192
153 252
37 136
177 276
197 296
38 137
45 144
82 181
98 197
156 255
35 134
171 270
10 109
90 189
135 234
170 269
106 205
87 186
64 163
135 234
8 107
123 222
9 108
68 167
85 184
178 277
29 128
100 199
184 283
95 194
10 109
168 267
157 256
53 152
66 165
170 269
166 265
134 233
115 214
61 160
48 147
193 292
178 277
96 195
6 105
50 149
182 281
168 267
47 146
188 287
109 208
181 280
37 136
186 285
161 260
177 276
24 123
99 198
56 155
183 282
3 102
120 219
87 186
80 179
152 251
140 239
77 176
103 202
104 203
24 123
41 140
34 133
98 197
75 174
197 296
155 254
84 183
139 238
95 194
66 165
153 252
69 168
3 102
71 170
30 129
182 281
46 145
181 280
98 197
63 162
182 281
167 266
99 198
171 270
102 201
170 269
47 146
175 274
182 281
137 236
62 161
78 177
119 218
137 236
53 152
16 115
157 256
162 261
136 235
182 281
159 258
158 257
104 203
178 277
65 164
159 258
3 102
106 205
149 248
55 154
108 207
189 288
143 242
59 158
173 272
60 159
112 211
158 257
90 189
71 170
102 201
108 207
99 198
139 238
4 103
114 213
7 106
74 173
197 296
157 256
137 236
176 275
98 197
39 138
102 201
110 209
197 296
87 186
51 150
39 138
141 240
48 147
192 291
47 146
73 172
129 228
74 173
114 213
44 143
22 121
22 121
126 225
65 164
20 119
59 158
114 213
44 143
46 145
72 171
27 126
24 123
126 225
17 116
4 103
34 133
121 220
160 259
182 281
196 295
9 108
105 204
71 170
194 293
21 120
174 273
189 288
124 223
183 282
26 125
101 200
53 152
163 262
117 216
89 188
141 240
74 173
124 223
78 177
112 211
79 178
79 178
29 128
91 190
161 260
197 296
102 201
142 241
188 287
127 226
24 123
46 145
89 188
18 117
87 186
136 235
193 292
128 227
44 143
174 273
110 209
179 278
187 286
142 241
143 242
170 269
132 231
150 249
174 273
155 254
45 144
149 248
107 206
7 106
8 107
160 259
110 209
79 178
52 151
135 234
118 217
6 105
39 138
92 191
182 281
62 161
89 188
58 157
32 131
172 271
147 246
21 120
143 242
36 135
16 115
88 187
61 160
20 119
96 195
40 139
36 135
136 235
181 280
171 270
95 194
13 112
195 294
134 233
34 133
118 217
74 173
143 242
90 189
56 155
113 212
103 202
155 254
59 158
69 168
132 231
90 189
57 156
22 121
176 275
60 159
25 124
45 144
35 134
33 132
101 200
160 259
134 233
161 260
137 236
63 162
181 280
31 130
6 105
123 222
193 292
103 202
112 211
162 261
26 125
77 176
186 285
111 210
86 185
113 212
137 236
161 260
188 287
69 168
19 118
28 127
160 259
34 133
150 249
137 236
30 129
95 194
37 136
178 277
188 287
178 277
179 278
171 270
106 205
101 200
173 272
71 170
2 101
120 219
73 172
36 135
187 286
98 197
177 276
157 256
61 160
167 266
164 263
70 169
75 174
179 278
67 166
28 127
41 140
131 230
172 271
106 205
189 288
42 141
82 181
190 289
196 295
58 157
116 215
89 188
77 176
30 129
79 178
182 281
83 182
41 140
117 216
19 118
13 112
74 173
170 269
27 126
174 273
191 290
127 226
131 230
190 289
74 173
141 240
177 276
121 220
96 195
179 278
105 204
9 108
140 239
185 284
37 136
139 238
100 199
157 256
45 144
117 216
165 264
162 261
104 203
86 185
171 270
51 150
21 120
119 218
162 261
167 266
13 112
72 171
67 166
28 127
171 270
118 217
11 110
74 173
157 256
43 142
138 237
57 156
180 279
125 224
8 107
99 198
108 207
106 205
89 188
26 125
74 173
78 177
89 188
90 189
126 225
42 141
88 187
37 136
131 230
122 221
176 275
53 152
186 285
90 189
94 193
73 172
194 293
163 262
43 142
92 191
187 286
41 140
80 179
36 135
64 163
63 162
31 130
111 210
149 248
178 277
130 229
11 110
120 219
69 168
76 175
28 127
19 118
103 202
96 195
121 220
55 154
90 189
78 177
37 136
189 288
197 296
163 262
166 265
165 264
192 291
189 288
61 160
0 99
32 131
27 126
194 293
176 275
16 115
75 174
61 160
130 229
51 150
104 203
106 205
151 250
113 212
153 252
75 174
109 208
108 207
137 236
163 262
72 171
122 221
168 267
7 106
195 294
42 141
148 247
96 195
8 107
31 130
90 189
161 260
108 207
196 295
72 171
105 204
100 199
186 285
58 157
108 207
156 255
1 100
105 204
192 291
105 204
3 102
153 252
128 227
158 257
141 240
48 147
0 99
44 143
23 122
122 221
145 244
138 237
0 99
107 206
68 167
97 196
116 215
6 105
159 258
28 127
143 242
182 281
9 108
125 224
25 124
45 144
37 136
74 173
57 156
5 104
147 246
158 257
91 190
91 190
96 195
2 101
105 204
36 135
165 264
62 161
124 223
71 170
192 291
129 228
26 125
195 294
88 187
172 271
184 283
109 208
36 135
61 160
146 245
171 270
46 145
11 110
99 198
59 158
39 138
164 263
9 108
41 140
14 113
178 277
52 151
131 230
140 239
101 200
19 118
181 280
155 254
156 255
7 106
188 287
58 157
164 263
194 293
127 226
148 247
124 223
13 112
66 165
120 219
117 216
147 246
40 139
84 183
0 99
74 173
65 164
79 178
78 177
189 288
78 177
154 253
153 252
178 277
192 291
160 259
99 198
94 193
142 241
37 136
125 224
0 99
163 262
182 281
156 255
182 281
2 101
14 113
168 267
85 184
129 228
91 190
189 288
77 176
165 264
14 113
30 129
158 257
84 183
41 140
150 249
24 123
91 190
93 192
179 278
135 234
172 271
146 245
162 261
26 125
120 219
95 194
101 200
156 255
44 143
68 167
12 111
75 174
189 288
132 231
54 153
179 278
67 166
106 205
2 101
122 221
43 142
50 149
73 172
8 107
165 264
158 257
29 128
48 147
127 226
69 168
172 271
147 246
91 190
71 170
171 270
86 185
186 285
59 158
69 168
1 100
14 113
195 294
113 212
84 183
106 205
193 292
17 116
168 267
5 104
81 180
23 122
14 113
112 211
162 261
173 272
111 210
134 233
9 108
179 278
1 100
16 115
18 117
12 111
192 291
64 163
190 289
126 225
176 275
57 156
41 140
141 240
75 174
115 214
55 154
130 229
194 293
118 217
160 259
84 183
115 214
7 106
143 242
54 153
79 178
45 144
141 240
51 150
150 249
167 266
178 277
135 234
189 288
31 130
24 123
89 188
135 234
2 101
164 263
94 193
13 112
61 160
78 177
66 165
142 241
169 268
186 285
101 200
194 293
162 261
81 180
160 259
29 128
37 136
96 195
188 287
12 111
85 184
126 225
124 223
108 207
130 229
70 169
36 135
188 287
54 153
22 121
119 218
83 182
157 256
107 206
145 244
95 194
78 177
160 259
138 237
191 290
194 293
113 212
111 210
21 120
8 107
6 105
28 127
83 182
33 132
88 187
172 271
82 181
48 147
21 120
189 288
74 173
158 257
195 294
4 103
67 166
122 221
48 147
89 188
47 146
36 135
153 252
184 283
184 283
123 222
35 134
107 206
12 111
14 113
22 121
170 269
44 143
162 261
191 290
191 290
50 149
76 175
179 278
9 108
179 278
86 185
131 230
113 212
20 119
26 125
147 246
125 224
112 211
43 142
136 235
32 131
139 238
178 277
98 197
197 296
141 240
107 206
155 254
40 139
160 259
40 139
188 287
58 157
44 143
44 143
188 287
58 157
22 121
37 136
28 127
124 223
174 273
107 206
7 106
33 132
85 184
33 132
195 294
160 259
86 185
108 207
6 105
152 251
122 221
196 295
169 268
150 249
85 184
158 257
128 227
56 155
102 201
37 136
57 156
106 205
147 246
182 281
56 155
111 210
116 215
152 251
106 205
175 274
159 258
4 103
151 250
111 210
65 164
140 239
131 230
88 187
53 152
33 132
50 149
66 165
191 290
128 227
153 252
38 137
168 267
87 186
40 139
102 201
49 148
95 194
58 157
44 143
156 255
68 167
73 172
5 104
178 277
139 238
196 295
139 238
85 184
110 209
106 205
169 268
192 291
87 186
31 130
89 188
10 109
70 169
128 227
160 259
30 129
184 283
52 151
78 177
143 242
96 195
96 195
152 251
170 269
151 250
50 149
180 279
129 228
112 211
113 212
170 269
141 240
137 236
196 295
96 195
123 222
96 195
164 263
122 221
64 163
156 255
24 123
25 124
116 215
118 217
165 264
118 217
22 121
96 195
47 146
8 107
46 145
122 221
119 218
49 148
170 269
3 102
26 125
176 275
94 193
153 252
77 176
107 206
42 141
194 293
139 238
128 227
154 253
51 150
165 264
118 217
113 212
188 287
132 231
20 119
152 251
68 167
71 170
135 234
119 218
158 257
104 203
60 159
126 225
130 229
4 103
178 277
29 128
18 117
191 290
174 273
58 157
48 147
119 218
1 100
92 191
2 101
127 226
116 215
62 161
69 168
50 149
1 100
131 230
162 261
142 241
162 261
2 101
189 288
181 280
170 269
0 99
115 214
19 118
165 264
194 293
36 135
172 271
68 167
65 164
176 275
134 233
102 201
124 223
62 161
51 150
107 206
126 225
118 217
1 100
27 126
45 144
69 168
69 168
108 207
110 209
6 105
90 189
92 191
169 268
116 215
16 115
41 140
61 160
143 242
129 228
175 274
175 274
139 238
151 250
46 145
68 167
132 231
99 198
107 206
129 228
10 109
83 182
4 103
34 133
98 197
26 125
109 208
25 124
89 188
74 173
6 105
51 150
146 245
179 278
25 124
189 288
134 233
153 252
131 230
29 128
118 217
122 221
67 166
17 116
148 247
151 250
138 237
191 290
19 118
76 175
6 105
24 123
52 151
80 179
109 208
103 202
11 110
136 235
123 222
36 135
144 243
58 157
63 162
92 191
88 187
155 254
148 247
94 193
82 181
31 130
55 154
193 292
40 139
142 241
162 261
68 167
49 148
106 205
2 101
155 254
197 296
84 183
68 167
37 136
11 110
141 240
84 183
112 211
81 180
182 281
44 143
195 294
128 227
72 171
13 112
59 158
27 126
117 216
16 115
65 164
45 144
130 229
175 274
164 263
166 265
97 196
63 162
97 196
73 172
148 247
48 147
81 180
158 257
179 278
149 248
11 110
151 250
178 277
60 159
41 140
39 138
194 293
105 204
120 219
33 132
152 251
137 236
141 240
141 240
111 210
24 123
81 180
123 222
3 102
88 187
126 225
101 200
50 149
191 290
151 250
171 270
154 253
24 123
94 193
38 137
134 233
51 150
27 126
32 131
87 186
50 149
40 139
109 208
11 110
177 276
28 127
41 140
154 253
57 156
53 152
100 199
196 295
78 177
21 120
45 144
142 241
125 224
132 231
60 159
16 115
98 197
51 150
71 170
6 105
196 295
89 188
178 277
100 199
75 174
52 151
84 183
109 208
71 170
173 272
153 252
135 234
78 177
169 268
117 216
119 218
77 176
104 203
28 127
84 183
42 141
159 258
150 249
197 296
156 255
126 225
27 126
27 126
95 194
22 121
197 296
152 251
155 254
84 183
170 269
101 200
183 282
172 271
133 232
64 163
186 285
127 226
86 185
167 266
73 172
137 236
113 212
65 164
108 207
177 276
109 208
146 245
6 105
31 130
192 291
22 121
185 284
104 203
171 270
161 260
178 277
160 259
166 265
167 266
53 152
79 178
38 137
194 293
48 147
37 136
54 153
21 120
143 242
173 272
133 232
20 119
168 267
156 255
154 253
187 286
25 124
109 208
119 218
78 177
101 200
177 276
173 272
104 203
66 165
192 291
139 238
52 151
108 207
103 202
168 267
93 192
180 279
154 253
8 107
91 190
115 214
9 108
47 146
163 262
112 211
14 113
122 221
191 290
77 176
90 189
37 136
39 138
10 109
116 215
31 130
60 159
20 119
15 114
135 234
166 265
120 219
126 225
7 106
78 177
102 201
67 166
102 201
3 102
156 255
57 156
94 193
190 289
105 204
149 248
187 286
168 267
140 239
129 228
158 257
123 222
9 108
109 208
166 265
60 159
102 201
109 208
106 205
122 221
92 191
174 273
35 134
142 241
26 125
193 292
66 165
20 119
189 288
69 168
23 122
119 218
193 292
69 168
191 290
187 286
126 225
31 130
32 131
91 190
69 168
172 271
131 230
125 224
73 172
31 130
177 276
133 232
184 283
41 140
57 156
76 175
181 280
52 151
80 179
62 161
10 109
100 199
62 161
14 113
146 245
163 262
21 120
7 106
93 192
79 178
123 222
84 183
83 182
104 203
65 164
182 281
0 99
104 203
105 204
150 249
171 270
64 163
176 275
51 150
28 127
66 165
82 181
153 252
169 268
194 293
69 168
181 280
7 106
35 134
118 217
31 130
15 114
34 133
146 245
195 294
17 116
97 196
134 233
39 138
100 199
38 137
168 267
64 163
145 244
124 223
181 280
2 101
162 261
2 101
39 138
75 174
116 215
126 225
67 166
149 248
106 205
20 119
173 272
177 276
103 202
9 108
188 287
161 260
94 193
26 125
136 235
55 154
107 206
139 238
115 214
176 275
195 294
127 226
184 283
111 210
111 210
26 125
1 100
12 111
170 269
39 138
26 125
133 232
185 284
177 276
133 232
183 282
49 148
28 127
57 156
179 278
157 256
125 224
142 241
3 102
150 249
163 262
126 225
7 106
195 294
60 159
87 186
187 286
189 288
182 281
40 139
3 102
92 191
99 198
172 271
182 281
161 260
61 160
186 285
197 296
161 260
133 232
62 161
81 180
177 276
135 234
190 289
114 213
152 251
2 101
73 172
100 199
171 270
18 117
43 142
62 161
75 174
89 188
28 127
18 117
44 143
141 240
186 285
107 206
155 254
109 208
74 173
91 190
122 221
147 246
40 139
74 173
127 226
12 111
108 207
102 201
105 204
44 143
60 159
70 169
179 278
30 129
187 286
131 230
180 279
112 211
3 102
81 180
41 140
108 207
189 288
130 229
100 199
95 194
59 158
14;156504
79 178
26 125
183 282
141 240
119 218
132 231
173 272
136 235
82 181
134 233
26 125
11 110
81 180
55 154
166 265
33 132
190 289
103 202
59 158
8 107
55 154
6 105
45 144
55 154
54 153
9 108
16 115
186 285
154 253
133 232
10 109
182 281
84 183
81 180
125 224
28 127
15 114
62 161
115 214
18 117
8 107
38 137
52 151
184 283
86 185
119 218
71 170
140 239
75 174
154 253
153 252
55 154
129 228
191 290
150 249
9 108
144 243
24 123
20 119
28 127
78 177
126 225
151 250
74 173
17 116
51 150
70 169
141 240
145 244
175 274
16 115
169 268
14 113
51 150
90 189
52 151
54 153
78 177
68 167
197 296
28 127
132 231
172 271
70 169
125 224
168 267
50 149
146 245
94 193
150 249
105 204
121 220
45 144
197 296
111 210
143 242
174 273
43 142
186 285
122 221
57 156
38 137
40 139
20 119
99 198
77 176
189 288
126 225
190 289
17 116
102 201
88 187
101 200
110 209
156 255
77 176
128 227
80 179
33 132
16 115
187 286
194 293
191 290
58 157
133 232
193 292
128 227
24 123
115 214
112 211
142 241
0 99
85 184
178 277
136 235
109 208
164 263
136 235
37 136
36 135
190 289
106 205
190 289
79 178
196 295
116 215
15 114
25 124
1 100
172 271
83 182
46 145
1 100
186 285
45 144
124 223
168 267
101 200
188 287
47 146
135 234
48 147
18 117
127 226
47 146
60 159
34 133
36 135
100 199
181 280
194 293
68 167
36 135
33 132
154 253
28 127
168 267
183 282
25 124
66 165
31 130
101 200
192 291
114 213
4 103
190 289
43 142
28 127
1 100
157 256
53 152
135 234
73 172
20 119
46 145
40 139
141 240
74 173
72 171
131 230
178 277
172 271
99 198
90 189
15 114
2 101
1 100
73 172
23 122
43 142
92 191
33 132
33 132
92 191
128 227
46 145
128 227
185 284
39 138
1 100
18 117
168 267
63 162
62 161
62 161
171 270
147 246
85 184
4 103
159 258
2 101
167 266
119 218
79 178
139 238
178 277
13 112
117 216
181 280
42 141
127 226
47 146
114 213
31 130
108 207
183 282
153 252
6 105
78 177
134 233
128 227
92 191
45 144
168 267
2 101
154 253
147 246
123 222
47 146
155 254
87 186
157 256
78 177
40 139
88 187
75 174
171 270
130 229
6 105
144 243
5 104
167 266
48 147
35 134
191 290
88 187
3 102
147 246
75 174
167 266
70 169
97 196
87 186
86 185
61 160
123 222
144 243
22 121
91 190
79 178
112 211
195 294
135 234
76 175
102 201
195 294
39 138
192 291
36 135
22 121
13 112
6 105
123 222
23 122
83 182
4 103
47 146
93 192
38 137
52 151
9 108
160 259
79 178
65 164
136 235
137 236
71 170
47 146
181 280
117 216
61 160
40 139
58 157
88 187
60 159
28 127
166 265
44 143
149 248
35 134
162 261
102 201
39 138
189 288
13 112
147 246
100 199
38 137
15 114
82 181
113 212
7 106
91 190
188 287
24 123
182 281
147 246
105 204
32 131
50 149
17 116
191 290
114 213
168 267
107 206
192 291
156 255
142 241
193 292
189 288
139 238
46 145
179 278
178 277
95 194
187 286
21 120
183 282
21 120
96 195
8 107
81 180
82 181
41 140
148 247
135 234
129 228
177 276
5 104
60 159
15 114
27 126
156 255
77 176
58 157
169 268
127 226
129 228
136 235
17 116
163 262
40 139
70 169
136 235
78 177
34 133
184 283
37 136
134 233
4 103
186 285
94 193
174 273
166 265
74 173
39 138
83 182
74 173
178 277
169 268
76 175
115 214
0 99
82 181
55 154
150 249
26 125
59 158
7 106
94 193
122 221
192 291
41 140
11 110
163 262
193 292
126 225
195 294
86 185
136 235
195 294
177 276
12 111
132 231
54 153
92 191
15 114
107 206
147 246
147 246
107 206
77 176
0 99
16 115
45 144
3 102
36 135
150 249
127 226
69 168
35 134
133 232
69 168
129 228
184 283
167 266
17 116
13 112
85 184
36 135
9 108
141 240
12 111
82 181
121 220
24 123
83 182
117 216
101 200
26 125
121 220
83 182
47 146
126 225
93 192
152 251
90 189
168 267
139 238
40 139
79 178
69 168
122 221
116 215
174 273
189 288
22 121
2 101
87 186
142 241
147 246
116 215
75 174
186 285
91 190
28 127
107 206
78 177
51 150
73 172
147 246
113 212
85 184
19 118
61 160
153 252
92 191
50 149
84 183
151 250
119 218
159 258
145 244
58 157
19 118
133 232
133 232
196 295
71 170
192 291
101 200
21 120
174 273
165 264
53 152
103 202
94 193
70 169
130 229
154 253
58 157
102 201
187 286
21 120
102 201
79 178
38 137
71 170
97 196
64 163
83 182
74 173
179 278
43 142
13 112
159 258
12 111
59 158
52 151
95 194
197 296
38 137
27 126
32 131
136 235
164 263
39 138
7 106
175 274
99 198
7 106
2 101
59 158
75 174
180 279
42 141
13 112
109 208
35 134
4 103
99 198
38 137
34 133
48 147
133 232
156 255
26 125
124 223
80 179
14 113
15 114
159 258
76 175
95 194
18 117
13 112
43 142
131 230
132 231
172 271
104 203
162 261
24 123
4 103
32 131
36 135
172 271
120 219
84 183
37 136
180 279
78 177
60 159
41 140
9 108
52 151
38 137
189 288
3 102
32 131
109 208
120 219
129 228
136 235
31 130
29 128
170 269
20 119
106 205
183 282
157 256
66 165
63 162
75 174
64 163
119 218
107 206
139 238
53 152
99 198
4 103
109 208
67 166
137 236
193 292
13 112
67 166
180 279
189 288
143 242
3 102
121 220
113 212
188 287
153 252
174 273
163 262
183 282
16 115
24 123
18 117
151 250
173 272
74 173
131 230
181 280
50 149
87 186
148 247
15 114
15 114
115 214
155 254
177 276
22 121
104 203
32 131
68 167
22 121
153 252
59 158
75 174
98 197
181 280
124 223
182 281
41 140
137 236
130 229
182 281
166 265
189 288
44 143
83 182
3 102
13 112
26 125
55 154
140 239
33 132
133 232
119 218
48 147
134 233
29 128
36 135
162 261
8 107
104 203
197 296
94 193
152 251
151 250
93 192
125 224
61 160
183 282
29 128
167 266
48 147
108 207
75 174
45 144
75 174
60 159
80 179
47 146
107 206
23 122
161 260
66 165
153 252
162 261
67 166
130 229
114 213
85 184
161 260
127 226
122 221
86 185
19 118
42 141
148 247
194 293
72 171
74 173
75 174
65 164
102 201
153 252
179 278
34 133
95 194
193 292
45 144
120 219
41 140
193 292
128 227
15 114
112 211
118 217
157 256
196 295
168 267
39 138
180 279
39 138
27 126
114 213
73 172
121 220
131 230
11 110
100 199
195 294
29 128
89 188
44 143
147 246
148 247
191 290
173 272
59 158
130 229
90 189
150 249
50 149
51 150
38 137
109 208
191 290
150 249
29 128
32 131
117 216
60 159
79 178
104 203
182 281
127 226
21 120
54 153
122 221
28 127
113 212
90 189
106 205
76 175
83 182
161 260
94 193
102 201
150 249
180 279
73 172
122 221
43 142
155 254
146 245
188 287
42 141
172 271
106 205
13 112
180 279
179 278
97 196
1 100
62 161
22 121
142 241
53 152
121 220
89 188
18 117
136 235
105 204
85 184
14 113
39 138
183 282
27 126
42 141
44 143
163 262
13 112
160 259
190 289
115 214
155 254
112 211
55 154
182 281
162 261
35 134
81 180
28 127
125 224
98 197
185 284
70 169
132 231
191 290
55 154
171 270
102 201
197 296
10 109
0 99
41 140
160 259
0 99
113 212
8 107
114 213
38 137
133 232
191 290
72 171
87 186
156 255
69 168
116 215
93 192
33 132
151 250
79 178
130 229
22 121
172 271
91 190
124 223
126 225
70 169
162 261
172 271
76 175
168 267
129 228
135 234
138 237
92 191
149 248
114 213
49 148
138 237
153 252
81 180
130 229
52 151
15 114
14 113
131 230
153 252
84 183
75 174
81 180
99 198
48 147
123 222
55 154
133 232
121 220
47 146
54 153
4 103
167 266
0 99
62 161
70 169
161 260
120 219
84 183
127 226
67 166
55 154
103 202
150 249
93 192
68 167
0 99
196 295
48 147
37 136
43 142
43 142
29 128
58 157
118 217
197 296
121 220
56 155
106 205
22 121
24 123
37 136
98 197
162 261
109 208
34 133
136 235
164 263
60 159
173 272
171 270
132 231
145 244
12 111
9 108
10 109
164 263
101 200
76 175
111 210
97 196
125 224
57 156
88 187
132 231
120 219
106 205
105 204
155 254
80 179
36 135
139 238
122 221
160 259
14 113
73 172
27 126
177 276
33 132
21 120
161 260
135 234
23 122
152 251
56 155
134 233
111 210
118 217
33 132
102 201
124 223
53 152
116 215
107 206
130 229
112 211
60 159
68 167
78 177
87 186
138 237
69 168
191 290
76 175
115 214
81 180
160 259
170 269
35 134
51 150
157 256
76 175
194 293
70 169
179 278
155 254
185 284
45 144
10 109
172 271
148 247
117 216
169 268
144 243
13 112
39 138
23 122
80 179
193 292
5 104
164 263
9 108
123 222
18 117
43 142
54 153
52 151
166 265
124 223
173 272
113 212
130 229
153 252
145 244
119 218
120 219
31 130
15 114
50 149
73 172
155 254
41 140
92 191
45 144
42 141
32 131
79 178
56 155
37 136
78 177
154 253
139 238
140 239
56 155
9 108
72 171
132 231
189 288
140 239
180 279
153 252
167 266
190 289
38 137
15 114
32 131
135 234
154 253
161 260
2 101
148 247
44 143
176 275
112 211
190 289
37 136
81 180
171 270
85 184
99 198
83 182
50 149
85 184
3 102
111 210
22 121
99 198
173 272
189 288
180 279
142 241
32 131
111 210
74 173
100 199
26 125
52 151
51 150
31 130
111 210
197 296
21 120
106 205
32 131
113 212
164 263
182 281
34 133
197 296
108 207
134 233
0 99
19 118
24 123
89 188
110 209
34 133
164 263
86 185
147 246
16 115
28 127
60 159
5 104
66 165
182 281
189 288
131 230
167 266
165 264
98 197
40 139
116 215
197 296
136 235
124 223
3 102
189 288
149 248
137 236
159 258
62 161
36 135
72 171
97 196
14 113
183 282
127 226
26 125
167 266
2 101
170 269
24 123
64 163
42 141
186 285
114 213
189 288
144 243
51 150
10 109
138 237
110 209
98 197
173 272
28 127
42 141
70 169
95 194
35 134
155 254
4 103
106 205
197 296
134 233
55 154
75 174
195 294
161 260
101 200
6 105
31 130
185 284
116 215
60 159
63 162
141 240
36 135
151 250
107 206
175 274
139 238
186 285
7 106
37 136
51 150
190 289
134 233
21 120
98 197
105 204
157 256
84 183
25 124
8 107
117 216
10 109
109 208
69 168
93 192
17 116
76 175
0 99
186 285
35 134
79 178
68 167
186 285
122 221
86 185
120 219
141 240
45 144
136 235
184 283
183 282
14 113
101 200
43 142
119 218
112 211
19 118
147 246
186 285
66 165
190 289
39 138
36 135
78 177
153 252
187 286
21 120
56 155
9 108
93 192
184 283
20 119
71 170
103 202
118 217
152 251
145 244
170 269
134 233
149 248
162 261
178 277
31 130
26 125
84 183
166 265
0 99
192 291
60 159
86 185
115 214
107 206
159 258
40 139
70 169
66 165
33 132
69 168
101 200
33 132
191 290
157 256
168 267
138 237
159 258
86 185
137 236
186 285
182 281
70 169
60 159
197 296
91 190
68 167
87 186
6 105
124 223
93 192
158 257
3 102
140 239
118 217
44 143
157 256
37 136
21 120
187 286
135 234
49 148
51 150
9 108
67 166
80 179
166 265
58 157
89 188
193 292
76 175
136 235
10 109
180 279
95 194
69 168
175 274
184 283
172 271
164 263
12 111
117 216
80 179
60 159
134 233
157 256
109 208
120 219
32 131
175 274
7 106
88 187
46 145
140 239
19 118
22 121
107 206
83 182
138 237
113 212
157 256
122 221
80 179
44 143
120 219
103 202
149 248
169 268
66 165
168 267
97 196
55 154
132 231
186 285
165 264
185 284
55 154
121 220
75 174
186 285
24 123
123 222
72 171
64 163
171 270
99 198
193 292
47 146
115 214
22 121
118 217
177 276
80 179
154 253
75 174
11 110
154 253
136 235
155 254
93 192
1 100
178 277
132 231
15 114
140 239
98 197
151 250
102 201
10 109
192 291
132 231
165 264
156 255
16 115
29 128
128 227
31 130
114 213
181 280
130 229
184 283
76 175
106 205
38 137
128 227
166 265
177 276
193 292
92 191
197 296
112 211
9 108
132 231
57 156
0 99
55 154
18 117
174 273
187 286
133 232
58 157
59 158
117 216
150 249
168 267
105 204
15 114
188 287
90 189
68 167
9 108
97 196
36 135
191 290
149 248
90 189
152 251
187 286
95 194
19 118
118 217
60 159
45 144
94 193
25 124
113 212
71 170
138 237
11 110
142 241
66 165
191 290
59 158
140 239
146 245
124 223
52 151
174 273
101 200
9 108
11 110
186 285
130 229
119 218
87 186
31 130
124 223
94 193
34 133
120 219
13 112
162 261
111 210
76 175
96 195
146 245
38 137
103 202
74 173
79 178
37 136
6 105
18 117
181 280
44 143
195 294
48 147
66 165
116 215
39 138
78 177
197 296
180 279
185 284
105 204
75 174
141 240
99 198
12 111
79 178
75 174
84 183
27 126
95 194
119 218
156 255
176 275
191 290
56 155
138 237
158 257
165 264
170 269
140 239
121 220
54 153
10 109
46 145
52 151
177 276
103 202
6 105
175 274
115 214
100 199
29 128
30 129
88 187
139 238
80 179
176 275
147 246
38 137
77 176
6 105
130 229
168 267
141 240
104 203
46 145
115 214
103 202
13 112
188 287
161 260
9 108
164 263
60 159
65 164
93 192
48 147
56 155
188 287
196 295
72 171
83 182
8 107
195 294
110 209
111 210
61 160
165 264
96 195
148 247
75 174
132 231
161 260
189 288
14 113
10 109
70 169
185 284
124 223
188 287
40 139
19 118
7 106
192 291
70 169
99 198
129 228
188 287
41 140
120 219
16 115
54 153
39 138
90 189
126 225
177 276
182 281
154 253
138 237
144 243
36 135
7 106
13 112
85 184
45 144
13 112
86 185
120 219
188 287
26 125
53 152
178 277
139 238
16 115
113 212
127 226
14 113
196 295
34 133
144 243
20 119
16 115
115 214
15 114
172 271
11 110
3 102
182 281
58 157
164 263
102 201
9 108
145 244
173 272
86 185
56 155
174 273
191 290
125 224
62 161
173 272
173 272
106 205
114 213
147 246
108 207
132 231
59 158
39 138
94 193
29 128
6 105
173 272
16 115
59 158
78 177
79 178
44 143
46 145
178 277
10 109
15 114
113 212
114 213
112 211
173 272
156 255
39 138
184 283
61 160
102 201
81 180
106 205
84 183
80 179
59 158
106 205
37 136
83 182
49 148
42 141
76 175
9 108
68 167
48 147
108 207
151 250
197 296
80 179
192 291
73 172
184 283
99 198
50 149
95 194
174 273
90 189
9 108
124 223
68 167
88 187
147 246
85 184
108 207
73 172
40 139
146 245
95 194
21 120
15 114
186 285
49 148
105 204
49 148
67 166
171 270
2 101
188 287
40 139
68 167
171 270
72 171
76 175
64 163
98 197
95 194
36 135
72 171
47 146
98 197
116 215
39 138
117 216
61 160
119 218
64 163
102 201
43 142
143 242
70 169
7 106
193 292
50 149
141 240
51 150
106 205
184 283
78 177
21 120
113 212
159 258
157 256
170 269
158 257
49 148
68 167
124 223
46 145
126 225
35 134
78 177
33 132
82 181
148 247
8 107
67 166
186 285
189 288
66 165
127 226
157 256
116 215
5 104
176 275
29 128
184 283
148 247
128 227
146 245
106 205
197 296
132 231
141 240
116 215
94 193
191 290
69 168
79 178
62 161
45 144
157 256
102 201
138 237
167 266
169 268
141 240
81 180
135 234
193 292
163 262
140 239
121 220
152 251
71 170
54 153
110 209
91 190
114 213
186 285
190 289
15 114
87 186
171 270
54 153
23 122
168 267
180 279
6 105
129 228
40 139
111 210
108 207
25 124
34 133
151 250
41 140
2 101
153 252
135 234
91 190
132 231
179 278
182 281
65 164
87 186
33 132
134 233
163 262
155 254
154 253
98 197
88 187
60 159
3 102
188 287
146 245
159 258
175 274
8 107
142 241
100 199
18 117
20 119
124 223
171 270
41 140
112 211
57 156
63 162
20 119
22 121
48 147
181 280
27 126
44 143
26 125
137 236
48 147
10 109
77 176
40 139
50 149
41 140
124 223
170 269
10 109
64 163
176 275
29 128
190 289
18 117
74 173
194 293
137 236
92 191
24 123
181 280
18 117
142 241
67 166
68 167
7 106
135 234
80 179
61 160
173 272
154 253
11 110
172 271
3 102
179 278
173 272
70 169
182 281
27 126
183 282
168 267
140 239
125 224
4 103
69 168
128 227
66 165
11 110
72 171
45 144
119 218
151 250
72 171
111 210
179 278
140 239
177 276
11 110
160 259
94 193
70 169
50 149
149 248
121 220
50 149
157 256
138 237
135 234
57 156
25 124
195 294
31 130
148 247
114 213
42 141
179 278
135 234
99 198
194 293
76 175
111 210
64 163
23 122
182 281
148 247
127 226
147 246
161 260
157 256
5 104
17 116
95 194
129 228
182 281
59 158
157 256
59 158
58 157
4 103
171 270
118 217
27 126
29 128
156 255
28 127
34 133
140 239
42 141
111 210
113 212
164 263
128 227
18 117
128 227
103 202
163 262
148 247
95 194
37 136
59 158
180 279
177 276
81 180
16 115
109 208
66 165
90 189
194 293
73 172
96 195
124 223
196 295
143 242
115 214
146 245
164 263
177 276
155 254
86 185
177 276
51 150
91 190
171 270
81 180
40 139
40 139
96 195
130 229
53 152
190 289
118 217
89 188
95 194
104 203
190 289
129 228
78 177
134 233
109 208
10 109
181 280
46 145
80 179
148 247
32 131
33 132
136 235
9 108
139 238
142 241
49 148
161 260
98 197
125 224
73 172
40 139
187 286
46 145
120 219
190 289
25 124
177 276
162 261
104 203
190 289
117 216
136 235
96 195
60 159
179 278
49 148
113 212
20 119
62 161
151 250
68 167
143 242
49 148
41 140
75 174
167 266
27 126
126 225
195 294
181 280
37 136
77 176
125 224
152 251
137 236
138 237
129 228
53 152
196 295
142 241
118 217
162 261
18 117
85 184
146 245
133 232
176 275
71 170
177 276
82 181
166 265
21 120
176 275
58 157
29 128
15 114
88 187
64 163
103 202
125 224
152 251
176 275
76 175
197 296
104 203
89 188
23 122
186 285
142 241
49 148
61 160
195 294
106 205
3 102
134 233
142 241
188 287
28 127
83 182
186 285
31 130
134 233
122 221
160 259
4 103
98 197
105 204
106 205
43 142
3 102
77 176
0 99
115 214
42 141
105 204
37 136
11 110
95 194
155 254
158 257
120 219
41 140
128 227
20 119
31 130
127 226
76 175
83 182
104 203
164 263
181 280
87 186
44 143
14 113
58 157
48 147
74 173
54 153
196 295
146 245
13 112
45 144
77 176
47 146
28 127
138 237
31 130
113 212
112 211
108 207
81 180
35 134
82 181
146 245
191 290
75 174
131 230
195 294
195 294
11 110
40 139
30 129
111 210
137 236
13 112
40 139
5 104
87 186
41 140
91 190
47 146
47 146
136 235
145 244
43 142
82 181
80 179
162 261
59 158
28 127
164 263
196 295
1 100
131 230
85 184
90 189
14 113
19 118
14 113
26 125
23 122
103 202
124 223
167 266
189 288
158 257
14 113
105 204
195 294
55 154
61 160
87 186
41 140
194 293
18 117
31 130
159 258
18 117
97 196
11 110
74 173
23 122
107 206
113 212
168 267
20 119
170 269
172 271
19 118
84 183
112 211
166 265
176 275
196 295
127 226
4 103
96 195
102 201
185 284
130 229
104 203
22 121
17 116
155 254
98 197
178 277
176 275
145 244
64 163
29 128
182 281
129 228
156 255
79 178
127 226
169 268
107 206
154 253
132 231
9 108
70 169
75 174
92 191
18 117
44 143
111 210
59 158
171 270
99 198
57 156
28 127
87 186
156 255
30 129
0 99
95 194
57 156
94 193
84 183
100 199
103 202
138 237
11 110
107 206
185 284
10 109
111 210
39 138
170 269
39 138
93 192
88 187
125 224
90 189
162 261
73 172
69 168
64 163
184 283
47 146
36 135
168 267
154 253
80 179
184 283
154 253
39 138
46 145
177 276
78 177
140 239
33 132
51 150
144 243
102 201
26 125
153 252
40 139
71 170
77 176
188 287
86 185
46 145
49 148
192 291
46 145
139 238
177 276
77 176
141 240
11 110
23 122
0 99
92 191
48 147
145 244
191 290
61 160
100 199
188 287
147 246
85 184
149 248
101 200
188 287
34 133
92 191
19 118
72 171
55 154
172 271
4 103
28 127
36 135
29 128
138 237
131 230
84 183
91 190
45 144
160 259
144 243
169 268
197 296
165 264
0 99
28 127
6 105
161 260
6 105
150 249
164 263
15 114
19 118
24 123
47 146
176 275
122 221
49 148
89 188
82 181
125 224
113 212
144 243
77 176
140 239
181 280
53 152
120 219
33 132
82 181
164 263
152 251
11 110
33 132
109 208
180 279
78 177
176 275
90 189
82 181
46 145
167 266
15 114
75 174
133 232
84 183
37 136
102 201
182 281
1 100
12 111
15 114
120 219
31 130
147 246
113 212
112 211
6 105
4 103
108 207
53 152
190 289
186 285
95 194
113 212
142 241
122 221
49 148
122 221
12 111
61 160
78 177
28 127
196 295
154 253
159 258
179 278
73 172
182 281
17 116
161 260
31 130
9 108
175 274
141 240
100 199
172 271
25 124
98 197
17 116
138 237
2 101
89 188
57 156
134 233
128 227
190 289
96 195
21 120
189 288
112 211
9 108
195 294
132 231
97 196
71 170
55 154
196 295
190 289
132 231
71 170
83 182
99 198
59 158
92 191
118 217
144 243
73 172
70 169
97 196
121 220
49 148
126 225
132 231
174 273
151 250
24 123
112 211
177 276
123 222
181 280
11 110
46 145
164 263
66 165
97 196
34 133
190 289
108 207
86 185
12 111
178 277
8 107
180 279
109 208
102 201
84 183
8 107
139 238
168 267
195 294
33 132
12 111
70 169
89 188
119 218
66 165
185 284
135 234
53 152
177 276
141 240
142 241
55 154
52 151
124 223
43 142
145 244
94 193
169 268
183 282
132 231
165 264
34 133
164 263
78 177
116 215
86 185
97 196
106 205
178 277
4 103
63 162
187 286
144 243
175 274
111 210
75 174
145 244
162 261
13 112
134 233
196 295
76 175
165 264
54 153
79 178
117 216
52 151
33 132
75 174
195 294
68 167
173 272
154 253
191 290
51 150
90 189
33 132
98 197
51 150
190 289
54 153
115 214
141 240
127 226
150 249
61 160
121 220
197 296
154 253
114 213
113 212
162 261
18 117
118 217
113 212
149 248
163 262
113 212
193 292
134 233
1 100
23 122
161 260
122 221
33 132
77 176
63 162
23 122
25 124
85 184
196 295
92 191
148 247
60 159
163 262
56 155
66 165
97 196
164 263
150 249
67 166
168 267
140 239
5 104
68 167
155 254
106 205
159 258
111 210
61 160
137 236
189 288
23 122
141 240
161 260
47 146
4 103
26 125
4 103
167 266
158 257
92 191
146 245
125 224
117 216
182 281
105 204
61 160
157 256
6 105
184 283
118 217
170 269
107 206
179 278
196 295
175 274
102 201
127 226
2 101
140 239
83 182
46 145
83 182
43 142
169 268
142 241
52 151
59 158
22 121
165 264
161 260
110 209
167 266
81 180
23 122
133 232
94 193
162 261
11 110
176 275
42 141
147 246
162 261
144 243
125 224
156 255
32 131
136 235
20 119
101 200
31 130
29 128
131 230
85 184
78 177
196 295
179 278
10 109
22 121
75 174
2 101
33 132
58 157
59 158
184 283
65 164
48 147
121 220
35 134
163 262
38 137
112 211
186 285
188 287
49 148
111 210
49 148
168 267
122 221
95 194
8 107
153 252
29 128
194 293
193 292
86 185
156 255
21 120
106 205
12 111
96 195
113 212
123 222
0 99
70 169
149 248
15 114
29 128
191 290
143 242
82 181
111 210
47 146
0 99
105 204
1 100
3 102
118 217
150 249
134 233
186 285
12 111
166 265
136 235
128 227
20 119
108 207
188 287
82 181
132 231
178 277
13 112
143 242
109 208
183 282
10 109
163 262
91 190
146 245
107 206
73 172
1 100
196 295
80 179
190 289
141 240
154 253
146 245
47 146
39 138
6 105
128 227
197 296
180 279
35 134
167 266
158 257
140 239
45 144
101 200
62 161
99 198
192 291
144 243
196 295
76 175
46 145
82 181
151 250
128 227
137 236
171 270
193 292
94 193
168 267
184 283
167 266
40 139
83 182
93 192
173 272
176 275
91 190
84 183
126 225
139 238
29 128
0 99
168 267
136 235
38 137
182 281
67 166
150 249
124 223
7 106
136 235
19 118
78 177
66 165
4 103
142 241
35 134
75 174
154 253
190 289
137 236
17 116
95 194
9 108
138 237
53 152
0 99
136 235
102 201
118 217
74 173
183 282
141 240
147 246
154 253
8 107
97 196
142 241
149 248
94 193
125 224
118 217
27 126
99 198
39 138
194 293
30 129
40 139
187 286
104 203
55 154
181 280
191 290
99 198
184 283
162 261
19 118
181 280
39 138
18 117
120 219
110 209
146 245
43 142
174 273
90 189
84 183
40 139
68 167
142 241
15 114
95 194
87 186
149 248
85 184
38 137
159 258
29 128
156 255
143 242
83 182
64 163
176 275
80 179
6 105
7 106
31 130
186 285
183 282
79 178
163 262
104 203
10 109
141 240
68 167
40 139
197 296
17 116
94 193
158 257
54 153
118 217
117 216
60 159
187 286
174 273
195 294
115 214
74 173
28 127
117 216
12 111
34 133
80 179
84 183
136 235
123 222
125 224
101 200
98 197
18 117
23 122
135 234
59 158
122 221
20 119
95 194
29 128
42 141
37 136
35 134
177 276
49 148
64 163
15 114
71 170
190 289
86 185
19 118
16 115
8 107
188 287
111 210
65 164
34 133
29 128
22 121
159 258
99 198
186 285
80 179
106 205
67 166
144 243
65 164
143 242
76 175
122 221
196 295
46 145
102 201
82 181
127 226
55 154
17 116
160 259
38 137
152 251
72 171
77 176
48 147
24 123
171 270
15 114
56 155
176 275
166 265
127 226
63 162
92 191
188 287
115 214
77 176
159 258
121 220
148 247
136 235
186 285
90 189
2 101
128 227
79 178
3 102
145 244
117 216
65 164
153 252
25 124
82 181
126 225
115 214
82 181
168 267
98 197
101 200
66 165
36 135
165 264
46 145
192 291
139 238
109 208
95 194
126 225
127 226
47 146
88 187
178 277
120 219
109 208
12 111
164 263
98 197
55 154
124 223
151 250
25 124
98 197
45 144
39 138
8 107
59 158
97 196
12 111
151 250
91 190
130 229
163 262
101 200
3 102
143 242
129 228
175 274
161 260
89 188
58 157
81 180
80 179
128 227
136 235
168 267
67 166
77 176
8 107
4 103
26 125
84 183
72 171
103 202
123 222
34 133
62 161
97 196
171 270
172 271
136 235
37 136
72 171
113 212
187 286
86 185
178 277
182 281
180 279
111 210
17 116
140 239
120 219
41 140
42 141
71 170
86 185
98 197
55 154
148 247
58 157
2 101
4 103
90 189
175 274
98 197
49 148
190 289
172 271
120 219
129 228
68 167
27 126
101 200
95 194
120 219
27 126
145 244
1 100
30 129
126 225
146 245
125 224
91 190
181 280
46 145
25 124
102 201
103 202
7 106
94 193
11 110
155 254
146 245
187 286
193 292
158 257
40 139
165 264
28 127
103 202
156 255
110 209
166 265
133 232
84 183
150 249
28 127
177 276
134 233
0 99
104 203
103 202
18 117
29 128
130 229
0 99
155 254
103 202
109 208
62 161
111 210
87 186
141 240
161 260
197 296
164 263
50 149
97 196
22 121
100 199
179 278
1 100
80 179
96 195
112 211
131 230
93 192
141 240
56 155
75 174
6 105
102 201
44 143
20 119
179 278
162 261
53 152
67 166
118 217
59 158
189 288
99 198
131 230
36 135
185 284
7 106
85 184
28 127
8 107
40 139
91 190
188 287
108 207
179 278
187 286
5 104
21 120
93 192
141 240
138 237
56 155
147 246
91 190
138 237
98 197
193 292
18 117
150 249
116 215
127 226
55 154
86 185
16 115
107 206
174 273
144 243
91 190
121 220
135 234
197 296
135 234
13 112
107 206
13 112
159 258
180 279
45 144
15 114
164 263
49 148
77 176
116 215
59 158
11 110
9 108
61 160
40 139
83 182
142 241
155 254
45 144
1 100
68 167
42 141
97 196
54 153
60 159
156 255
142 241
181 280
30 129
36 135
114 213
176 275
173 272
45 144
29 128
137 236
2 101
156 255
177 276
46 145
35 134
65 164
0 99
36 135
0 99
3 102
120 219
147 246
161 260
72 171
13 112
85 184
118 217
70 169
81 180
73 172
28 127
27 126
159 258
4 103
175 274
154 253
11 110
160 259
130 229
196 295
157 256
157 256
40 139
25 124
27 126
140 239
37 136
28 127
4 103
2 101
41 140
79 178
31 130
93 192
126 225
59 158
171 270
13 112
47 146
169 268
96 195
127 226
78 177
45 144
29 128
159 258
72 171
162 261
70 169
36 135
115 214
18 117
112 211
84 183
105 204
93 192
10 109
178 277
134 233
173 272
131 230
147 246
71 170
63 162
186 285
113 212
42 141
90 189
154 253
123 222
190 289
101 200
121 220
182 281
108 207
62 161
58 157
75 174
10 109
34 133
149 248
47 146
120 219
169 268
132 231
183 282
69 168
147 246
144 243
73 172
48 147
1 100
55 154
145 244
138 237
161 260
13 112
161 260
14 113
29 128
182 281
31 130
21 120
143 242
32 131
104 203
127 226
162 261
85 184
93 192
82 181
2 101
123 222
74 173
166 265
152 251
182 281
162 261
151 250
3 102
133 232
58 157
35 134
141 240
54 153
59 158
83 182
93 192
69 168
171 270
2 101
74 173
156 255
76 175
59 158
21 120
67 166
2 101
192 291
135 234
42 141
21 120
54 153
189 288
95 194
141 240
115 214
193 292
20 119
135 234
188 287
1 100
159 258
153 252
157 256
105 204
152 251
178 277
56 155
174 273
182 281
52 151
88 187
145 244
15 114
157 256
25 124
9 108
82 181
175 274
5 104
54 153
83 182
151 250
109 208
12 111
8 107
121 220
70 169
67 166
183 282
102 201
189 288
187 286
134 233
169 268
30 129
17 116
4 103
61 160
143 242
54 153
121 220
156 255
138 237
179 278
88 187
193 292
64 163
153 252
116 215
74 173
48 147
18 117
125 224
126 225
13 112
46 145
73 172
124 223
7 106
135 234
149 248
133 232
73 172
84 183
8 107
69 168
92 191
192 291
183 282
65 164
102 201
37 136
40 139
9 108
119 218
183 282
51 150
180 279
118 217
64 163
147 246
158 257
154 253
187 286
70 169
22 121
8 107
190 289
49 148
189 288
87 186
91 190
15 114
188 287
5 104
69 168
31 130
121 220
188 287
152 251
162 261
4 103
36 135
148 247
172 271
80 179
195 294
152 251
31 130
104 203
146 245
34 133
104 203
10 109
39 138
178 277
77 176
110 209
72 171
171 270
84 183
172 271
158 257
73 172
127 226
130 229
114 213
172 271
82 181
17 116
189 288
59 158
30 129
25 124
121 220
3 102
115 214
62 161
127 226
93 192
112 211
103 202
108 207
117 216
129 228
59 158
169 268
178 277
108 207
13 112
153 252
44 143
35 134
25 124
194 293
166 265
25 124
28 127
120 219
132 231
29 128
100 199
192 291
45 144
29 128
85 184
103 202
37 136
51 150
85 184
177 276
24 123
169 268
47 146
32 131
196 295
189 288
162 261
150 249
107 206
54 153
195 294
171 270
65 164
83 182
172 271
18 117
176 275
5 104
37 136
42 141
104 203
110 209
4 103
119 218
53 152
134 233
80 179
118 217
59 158
59 158
116 215
5 104
79 178
68 167
132 231
3 102
174 273
72 171
19 118
81 180
138 237
176 275
40 139
94 193
84 183
137 236
62 161
155 254
146 245
37 136
131 230
149 248
155 254
19 118
27 126
196 295
34 133
92 191
148 247
121 220
117 216
184 283
77 176
66 165
0 99
156 255
119 218
181 280
134 233
76 175
98 197
114 213
129 228
31 130
125 224
167 266
7 106
190 289
158 257
59 158
69 168
42 141
44 143
97 196
64 163
99 198
21 120
41 140
192 291
174 273
107 206
126 225
178 277
10 109
138 237
4 103
27 126
134 233
138 237
50 149
158 257
62 161
148 247
39 138
159 258
131 230
161 260
28 127
189 288
138 237
138 237
127 226
100 199
10 109
54 153
3 102
157 256
110 209
141 240
11 110
32 131
26 125
29 128
95 194
3 102
49 148
90 189
138 237
175 274
56 155
12 111
170 269
125 224
97 196
17 116
60 159
181 280
193 292
156 255
47 146
108 207
130 229
35 134
169 268
178 277
127 226
74 173
175 274
171 270
21 120
61 160
193 292
122 221
183 282
183 282
108 207
51 150
92 191
109 208
121 220
187 286
28 127
94 193
117 216
43 142
53 152
45 144
130 229
11 110
70 169
63 162
178 277
185 284
72 171
188 287
80 179
103 202
183 282
67 166
172 271
186 285
183 282
31 130
9 108
21 120
193 292
14 113
86 185
109 208
150 249
107 206
171 270
101 200
146 245
137 236
145 244
192 291
81 180
165 264
180 279
113 212
17 116
30 129
42 141
86 185
101 200
32 131
66 165
5 104
119 218
53 152
104 203
64 163
28 127
16 115
175 274
4 103
87 186
53 152
189 288
44 143
52 151
3 102
52 151
54 153
82 181
33 132
106 205
153 252
175 274
48 147
139 238
122 221
2 101
96 195
1 100
108 207
58 157
192 291
101 200
188 287
131 230
171 270
67 166
124 223
142 241
131 230
159 258
72 171
61 160
107 206
187 286
8 107
5 104
150 249
63 162
120 219
152 251
54 153
88 187
107 206
178 277
156 255
52 151
70 169
66 165
195 294
5 104
151 250
161 260
21 120
12 111
105 204
113 212
35 134
41 140
128 227
66 165
29 128
23 122
43 142
96 195
169 268
135 234
157 256
181 280
90 189
58 157
162 261
79 178
56 155
172 271
67 166
20 119
75 174
120 219
50 149
84 183
25 124
67 166
93 192
118 217
115 214
15 114
168 267
178 277
51 150
161 260
97 196
11 110
82 181
103 202
137 236
60 159
149 248
79 178
110 209
10 109
166 265
22 121
172 271
38 137
126 225
170 269
146 245
154 253
179 278
165 264
176 275
106 205
83 182
193 292
55 154
113 212
73 172
176 275
66 165
34 133
35 134
80 179
152 251
118 217
13 112
48 147
0 99
193 292
132 231
168 267
153 252
41 140
18 117
185 284
0 99
153 252
134 233
0 99
84 183
1 100
110 209
33 132
1 100
89 188
55 154
116 215
66 165
67 166
130 229
0 99
76 175
49 148
9 108
37 136
115 214
28 127
140 239
11 110
9 108
12 111
130 229
31 130
107 206
37 136
86 185
30 129
152 251
28 127
172 271
91 190
61 160
139 238
139 238
19 118
116 215
182 281
183 282
150 249
195 294
112 211
111 210
52 151
144 243
78 177
156 255
1 100
176 275
183 282
59 158
120 219
1 100
174 273
193 292
16 115
116 215
80 179
147 246
109 208
139 238
84 183
16 115
55 154
148 247
13 112
182 281
67 166
43 142
56 155
68 167
101 200
114 213
25 124
3 102
99 198
150 249
44 143
60 159
143 242
177 276
0 99
23 122
163 262
120 219
132 231
70 169
70 169
33 132
56 155
80 179
161 260
86 185
166 265
53 152
195 294
180 279
108 207
72 171
49 148
166 265
9 108
83 182
9 108
2 101
8 107
18 117
55 154
7 106
60 159
168 267
87 186
52 151
39 138
38 137
110 209
1 100
134 233
34 133
32 131
144 243
64 163
151 250
125 224
91 190
29 128
113 212
169 268
98 197
45 144
181 280
27 126
58 157
178 277
35 134
109 208
14 113
154 253
73 172
195 294
166 265
19 118
126 225
114 213
61 160
85 184
109 208
29 128
186 285
158 257
130 229
148 247
160 259
77 176
139 238
123 222
162 261
172 271
132 231
26 125
187 286
21 120
22 121
115 214
178 277
115 214
120 219
25 124
99 198
112 211
84 183
92 191
175 274
4 103
151 250
76 175
133 232
97 196
0 99
18 117
85 184
75 174
41 140
162 261
71 170
13 112
162 261
32 131
174 273
26 125
0 99
145 244
145 244
146 245
137 236
67 166
183 282
48 147
84 183
87 186
108 207
14 113
111 210
189 288
151 250
32 131
154 253
148 247
157 256
70 169
52 151
160 259
25 124
95 194
102 201
178 277
105 204
167 266
109 208
39 138
117 216
142 241
123 222
161 260
9 108
92 191
142 241
148 247
105 204
129 228
62 161
195 294
52 151
177 276
48 147
178 277
76 175
21 120
147 246
94 193
9 108
82 181
170 269
189 288
55 154
6 105
82 181
14 113
102 201
104 203
100 199
13 112
59 158
112 211
79 178
61 160
170 269
91 190
29 128
186 285
142 241
77 176
14 113
118 217
103 202
46 145
153 252
30 129
122 221
90 189
173 272
79 178
28 127
173 272
152 251
187 286
117 216
151 250
182 281
79 178
146 245
118 217
39 138
114 213
176 275
161 260
126 225
153 252
188 287
93 192
109 208
116 215
11 110
186 285
147 246
42 141
163 262
121 220
0 99
33 132
75 174
50 149
164 263
180 279
122 221
190 289
166 265
141 240
88 187
153 252
195 294
111 210
60 159
120 219
70 169
70 169
170 269
159 258
101 200
8 107
153 252
151 250
49 148
118 217
181 280
171 270
141 240
137 236
78 177
34 133
113 212
152 251
152 251
74 173
64 163
128 227
184 283
170 269
14 113
35 134
68 167
61 160
138 237
129 228
177 276
24 123
133 232
75 174
4 103
0 99
179 278
184 283
169 268
21 120
90 189
129 228
174 273
124 223
100 199
123 222
60 159
111 210
189 288
137 236
147 246
147 246
137 236
92 191
34 133
3 102
88 187
60 159
81 180
4 103
128 227
62 161
41 140
89 188
12 111
130 229
53 152
101 200
3 102
127 226
109 208
82 181
86 185
131 230
67 166
91 190
124 223
62 161
50 149
91 190
95 194
73 172
88 187
119 218
127 226
64 163
189 288
117 216
187 286
130 229
33 132
59 158
26 125
32 131
67 166
191 290
124 223
146 245
122 221
16 115
123 222
12 111
142 241
186 285
15 114
141 240
37 136
148 247
169 268
99 198
25 124
167 266
143 242
83 182
10 109
152 251
87 186
20 119
131 230
4 103
19 118
16 115
125 224
172 271
72 171
140 239
30 129
76 175
99 198
70 169
19 118
126 225
170 269
167 266
54 153
166 265
101 200
196 295
184 283
112 211
149 248
158 257
81 180
184 283
120 219
125 224
160 259
25 124
188 287
162 261
31 130
132 231
52 151
6 105
193 292
22 121
72 171
110 209
85 184
135 234
92 191
108 207
51 150
88 187
62 161
91 190
47 146
71 170
174 273
145 244
5 104
133 232
156 255
173 272
128 227
134 233
51 150
56 155
72 171
131 230
151 250
48 147
7 106
15 114
57 156
111 210
59 158
11 110
134 233
197 296
87 186
58 157
93 192
83 182
40 139
81 180
185 284
112 211
88 187
47 146
146 245
91 190
139 238
20 119
149 248
150 249
31 130
172 271
15 114
15 114
155 254
69 168
85 184
13 112
140 239
187 286
119 218
178 277
137 236
161 260
13 112
127 226
46 145
140 239
47 146
148 247
92 191
57 156
153 252
151 250
93 192
109 208
49 148
95 194
171 270
103 202
27 126
173 272
102 201
137 236
19 118
171 270
116 215
127 226
116 215
21 120
65 164
195 294
27 126
168 267
9 108
115 214
145 244
48 147
195 294
66 165
54 153
117 216
179 278
155 254
168 267
182 281
102 201
157 256
160 259
134 233
100 199
151 250
0 99
5 104
14 113
39 138
188 287
47 146
112 211
20 119
6 105
119 218
48 147
112 211
196 295
162 261
135 234
138 237
121 220
23 122
176 275
170 269
121 220
183 282
114 213
173 272
177 276
187 286
97 196
164 263
120 219
65 164
44 143
77 176
116 215
12 111
56 155
103 202
91 190
122 221
136 235
83 182
42 141
4 103
71 170
183 282
161 260
55 154
103 202
141 240
155 254
94 193
116 215
154 253
178 277
191 290
157 256
193 292
190 289
118 217
135 234
54 153
18 117
59 158
97 196
17 116
105 204
105 204
112 211
141 240
152 251
26 125
20 119
115 214
152 251
112 211
38 137
51 150
96 195
197 296
26 125
52 151
44 143
5 104
124 223
17 116
74 173
97 196
3 102
178 277
8 107
6 105
33 132
74 173
137 236
170 269
159 258
157 256
43 142
140 239
94 193
105 204
110 209
191 290
132 231
86 185
117 216
67 166
69 168
99 198
168 267
96 195
80 179
11 110
54 153
151 250
167 266
144 243
191 290
18 117
103 202
192 291
182 281
94 193
56 155
9 108
119 218
120 219
63 162
57 156
11 110
57 156
127 226
134 233
137 236
147 246
101 200
32 131
108 207
2 101
136 235
168 267
116 215
181 280
181 280
57 156
174 273
170 269
85 184
13 112
183 282
113 212
169 268
158 257
85 184
6 105
125 224
185 284
54 153
135 234
126 225
30 129
43 142
129 228
111 210
181 280
104 203
146 245
68 167
104 203
57 156
156 255
54 153
15 114
115 214
61 160
55 154
134 233
187 286
56 155
29 128
57 156
66 165
30 129
109 208
53 152
72 171
125 224
108 207
2 101
119 218
147 246
172 271
39 138
69 168
22 121
0 99
169 268
33 132
114 213
147 246
142 241
93 192
191 290
68 167
87 186
117 216
118 217
192 291
156 255
92 191
196 295
36 135
125 224
58 157
39 138
123 222
94 193
151 250
39 138
65 164
104 203
130 229
27 126
136 235
19 118
187 286
72 171
183 282
74 173
52 151
168 267
114 213
14 113
142 241
195 294
141 240
55 154
147 246
113 212
66 165
63 162
7 106
24 123
183 282
185 284
88 187
46 145
91 190
11 110
116 215
109 208
133 232
124 223
95 194
153 252
116 215
137 236
43 142
154 253
169 268
99 198
52 151
63 162
54 153
138 237
12 111
184 283
43 142
175 274
130 229
39 138
146 245
105 204
112 211
52 151
152 251
111 210
74 173
160 259
23 122
95 194
162 261
153 252
88 187
13 112
72 171
102 201
135 234
125 224
141 240
23 122
195 294
105 204
177 276
8 107
197 296
45 144
113 212
59 158
29 128
172 271
24 123
37 136
169 268
162 261
131 230
160 259
120 219
45 144
18 117
109 208
170 269
121 220
189 288
184 283
50 149
61 160
27 126
83 182
123 222
175 274
134 233
134 233
177 276
85 184
132 231
54 153
149 248
156 255
49 148
56 155
189 288
147 246
105 204
15 114
23 122
166 265
197 296
168 267
61 160
35 134
9 108
90 189
110 209
97 196
70 169
146 245
106 205
132 231
54 153
161 260
54 153
61 160
172 271
51 150
66 165
137 236
91 190
84 183
88 187
12 111
43 142
68 167
195 294
197 296
162 261
142 241
5 104
73 172
187 286
111 210
94 193
47 146
106 205
98 197
172 271
197 296
183 282
147 246
72 171
3 102
35 134
116 215
119 218
13 112
93 192
81 180
159 258
117 216
142 241
165 264
16 115
134 233
158 257
32 131
98 197
66 165
82 181
38 137
95 194
14 113
125 224
91 190
79 178
181 280
42 141
189 288
66 165
102 201
44 143
41 140
131 230
6 105
51 150
94 193
69 168
36 135
72 171
8 107
10 109
105 204
11 110
36 135
123 222
164 263
102 201
58 157
40 139
12 111
120 219
36 135
63 162
42 141
175 274
135 234
157 256
39 138
156 255
137 236
134 233
177 276
127 226
170 269
103 202
191 290
68 167
149 248
184 283
53 152
89 188
89 188
132 231
98 197
109 208
91 190
104 203
104 203
97 196
91 190
113 212
80 179
144 243
171 270
48 147
36 135
161 260
153 252
88 187
75 174
195 294
48 147
128 227
35 134
170 269
61 160
14 113
58 157
128 227
46 145
152 251
68 167
9 108
177 276
74 173
167 266
162 261
10 109
89 188
154 253
31 130
194 293
103 202
176 275
117 216
0 99
91 190
162 261
124 223
45 144
58 157
20 119
24 123
160 259
92 191
115 214
39 138
196 295
160 259
134 233
25 124
180 279
74 173
163 262
14 113
44 143
137 236
15 114
124 223
181 280
180 279
37 136
164 263
129 228
45 144
120 219
79 178
147 246
181 280
36 135
141 240
47 146
48 147
66 165
117 216
81 180
69 168
45 144
27 126
165 264
81 180
178 277
189 288
71 170
177 276
164 263
194 293
21 120
64 163
192 291
75 174
10 109
107 206
95 194
162 261
188 287
131 230
89 188
134 233
81 180
6 105
51 150
82 181
164 263
100 199
131 230
122 221
182 281
196 295
25 124
47 146
54 153
192 291
27 126
142 241
117 216
47 146
173 272
95 194
33 132
71 170
90 189
76 175
80 179
180 279
42 141
86 185
195 294
191 290
142 241
82 181
73 172
38 137
52 151
1 100
188 287
156 255
60 159
56 155
10 109
95 194
168 267
52 151
129 228
143 242
28 127
42 141
147 246
98 197
104 203
150 249
58 157
165 264
56 155
148 247
100 199
146 245
155 254
124 223
136 235
130 229
63 162
154 253
132 231
127 226
55 154
168 267
81 180
94 193
22 121
134 233
70 169
60 159
80 179
3 102
75 174
163 262
164 263
41 140
4 103
79 178
30 129
72 171
162 261
81 180
123 222
45 144
26 125
64 163
108 207
41 140
181 280
0 99
132 231
35 134
100 199
20 119
32 131
96 195
139 238
121 220
65 164
179 278
126 225
86 185
197 296
94 193
66 165
131 230
83 182
151 250
79 178
83 182
32 131
93 192
82 181
155 254
22 121
105 204
0 99
124 223
99 198
172 271
54 153
158 257
184 283
186 285
161 260
65 164
65 164
74 173
132 231
87 186
86 185
35 134
106 205
100 199
121 220
52 151
170 269
47 146
46 145
153 252
167 266
171 270
186 285
26 125
100 199
51 150
96 195
136 235
127 226
180 279
160 259
13 112
42 141
53 152
48 147
56 155
8 107
2 101
74 173
29 128
70 169
37 136
105 204
89 188
51 150
174 273
19 118
131 230
174 273
7 106
38 137
150 249
43 142
94 193
20 119
53 152
153 252
2 101
10 109
156 255
130 229
30 129
117 216
196 295
77 176
12 111
21 120
47 146
49 148
119 218
161 260
97 196
162 261
115 214
47 146
42 141
8 107
58 157
125 224
33 132
92 191
70 169
168 267
120 219
182 281
141 240
174 273
194 293
101 200
141 240
5 104
187 286
92 191
6 105
72 171
34 133
60 159
174 273
192 291
170 269
153 252
133 232
162 261
102 201
11 110
195 294
72 171
0 99
119 218
181 280
53 152
46 145
128 227
9 108
79 178
51 150
12 111
93 192
154 253
134 233
151 250
168 267
108 207
81 180
7 106
162 261
46 145
127 226
28 127
126 225
18 117
12 111
32 131
1 100
59 158
27 126
32 131
133 232
44 143
48 147
152 251
33 132
195 294
32 131
34 133
171 270
93 192
107 206
162 261
0 99
70 169
166 265
178 277
105 204
178 277
24 123
55 154
147 246
164 263
39 138
31 130
85 184
158 257
38 137
79 178
46 145
168 267
124 223
89 188
146 245
146 245
120 219
16 115
68 167
196 295
168 267
141 240
179 278
2 101
95 194
103 202
86 185
105 204
142 241
79 178
103 202
69 168
35 134
115 214
160 259
138 237
129 228
76 175
115 214
58 157
153 252
129 228
73 172
183 282
139 238
71 170
24 123
156 255
179 278
102 201
86 185
70 169
194 293
149 248
19 118
193 292
130 229
40 139
152 251
189 288
63 162
88 187
165 264
71 170
69 168
118 217
79 178
17 116
100 199
67 166
188 287
105 204
15 114
32 131
97 196
15 114
116 215
61 160
42 141
163 262
103 202
57 156
132 231
196 295
157 256
117 216
176 275
40 139
7 106
138 237
193 292
145 244
145 244
182 281
2 101
112 211
72 171
126 225
50 149
166 265
164 263
145 244
24 123
82 181
135 234
26 125
46 145
53 152
7 106
11 110
20 119
79 178
36 135
11 110
14 113
143 242
193 292
1 100
154 253
153 252
0 99
44 143
76 175
155 254
37 136
62 161
163 262
39 138
18 117
18 117
50 149
7 106
194 293
75 174
187 286
46 145
188 287
178 277
164 263
166 265
186 285
14 113
153 252
8 107
11 110
155 254
177 276
146 245
71 170
104 203
52 151
85 184
24 123
183 282
170 269
38 137
92 191
178 277
178 277
82 181
170 269
75 174
72 171
102 201
82 181
44 143
26 125
36 135
172 271
173 272
43 142
193 292
146 245
71 170
185 284
176 275
176 275
54 153
37 136
62 161
174 273
6 105
131 230
72 171
74 173
159 258
132 231
33 132
158 257
175 274
53 152
81 180
190 289
10 109
34 133
97 196
150 249
157 256
96 195
68 167
37 136
104 203
188 287
27 126
49 148
93 192
138 237
149 248
57 156
158 257
137 236
41 140
166 265
20 119
83 182
197 296
89 188
117 216
47 146
29 128
46 145
157 256
73 172
22 121
157 256
149 248
16 115
29 128
173 272
45 144
35 134
148 247
151 250
83 182
152 251
38 137
55 154
44 143
161 260
188 287
108 207
154 253
15 114
156 255
54 153
87 186
31 130
130 229
77 176
24 123
5 104
8 107
23 122
139 238
91 190
127 226
45 144
95 194
46 145
25 124
87 186
149 248
116 215
53 152
27 126
66 165
191 290
5 104
182 281
191 290
14 113
156 255
2 101
79 178
32 131
54 153
157 256
90 189
185 284
15 114
170 269
11 110
177 276
180 279
1 100
55 154
145 244
151 250
40 139
42 141
107 206
190 289
128 227
13 112
126 225
24 123
21 120
178 277
90 189
138 237
177 276
37 136
90 189
159 258
158 257
8 107
66 165
27 126
118 217
76 175
141 240
79 178
55 154
165 264
108 207
129 228
186 285
143 242
3 102
98 197
147 246
196 295
156 255
186 285
125 224
145 244
102 201
4 103
66 165
139 238
153 252
144 243
122 221
131 230
196 295
108 207
20 119
56 155
196 295
110 209
121 220
100 199
168 267
180 279
3 102
119 218
16 115
10 109
48 147
8 107
146 245
181 280
44 143
92 191
84 183
28 127
78 177
9 108
69 168
63 162
169 268
148 247
174 273
131 230
120 219
121 220
84 183
168 267
9 108
129 228
144 243
160 259
195 294
13 112
123 222
178 277
52 151
174 273
123 222
190 289
79 178
24 123
152 251
196 295
181 280
161 260
181 280
126 225
118 217
143 242
130 229
143 242
78 177
177 276
44 143
118 217
196 295
77 176
130 229
159 258
156 255
89 188
183 282
43 142
66 165
31 130
70 169
166 265
7 106
172 271
81 180
150 249
129 228
90 189
86 185
4 103
73 172
83 182
32 131
150 249
172 271
184 283
163 262
38 137
95 194
54 153
70 169
47 146
15 114
40 139
68 167
143 242
84 183
70 169
187 286
29 128
19 118
59 158
1 100
39 138
92 191
81 180
47 146
101 200
65 164
183 282
121 220
25 124
29 128
26 125
75 174
90 189
187 286
126 225
5 104
79 178
85 184
193 292
171 270
59 158
68 167
113 212
188 287
136 235
156 255
90 189
68 167
140 239
129 228
165 264
108 207
46 145
8 107
174 273
100 199
175 274
193 292
5 104
50 149
22 121
115 214
71 170
118 217
2 101
130 229
163 262
177 276
77 176
180 279
21 120
35 134
37 136
76 175
111 210
88 187
42 141
137 236
91 190
147 246
23 122
57 156
117 216
128 227
118 217
115 214
31 130
151 250
168 267
172 271
95 194
185 284
181 280
72 171
78 177
189 288
80 179
132 231
164 263
137 236
128 227
77 176
173 272
96 195
139 238
60 159
4 103
53 152
88 187
140 239
156 255
79 178
82 181
97 196
30 129
70 169
13 112
106 205
17 116
117 216
147 246
126 225
171 270
20 119
101 200
13 112
167 266
133 232
30 129
56 155
153 252
82 181
7 106
5 104
99 198
23 122
179 278
15 114
67 166
94 193
129 228
159 258
144 243
103 202
56 155
165 264
41 140
24 123
176 275
109 208
96 195
58 157
105 204
167 266
69 168
169 268
100 199
127 226
52 151
39 138
40 139
133 232
40 139
148 247
130 229
18 117
185 284
189 288
40 139
2 101
160 259
148 247
74 173
170 269
53 152
87 186
15 114
148 247
131 230
108 207
89 188
40 139
150 249
116 215
196 295
84 183
45 144
195 294
179 278
115 214
56 155
48 147
25 124
62 161
5 104
2 101
150 249
28 127
117 216
113 212
54 153
168 267
152 251
193 292
46 145
181 280
147 246
164 263
36 135
125 224
125 224
22 121
161 260
71 170
122 221
32 131
127 226
88 187
80 179
81 180
23 122
157 256
128 227
96 195
141 240
125 224
145 244
21 120
165 264
162 261
29 128
178 277
158 257
53 152
80 179
92 191
26 125
96 195
107 206
13 112
80 179
186 285
151 250
176 275
133 232
189 288
94 193
117 216
153 252
114 213
130 229
57 156
113 212
149 248
148 247
100 199
15 114
117 216
67 166
187 286
118 217
59 158
156 255
148 247
66 165
142 241
130 229
13 112
166 265
38 137
75 174
72 171
153 252
176 275
153 252
31 130
160 259
107 206
137 236
160 259
72 171
71 170
189 288
84 183
119 218
70 169
79 178
108 207
19 118
48 147
71 170
119 218
55 154
149 248
192 291
7 106
140 239
63 162
47 146
72 171
20 119
172 271
47 146
161 260
184 283
166 265
138 237
156 255
13 112
171 270
136 235
148 247
11 110
53 152
179 278
93 192
124 223
7 106
90 189
183 282
139 238
132 231
24 123
182 281
137 236
168 267
164 263
28 127
103 202
71 170
195 294
18 117
33 132
157 256
100 199
94 193
136 235
100 199
58 157
1 100
119 218
62 161
106 205
97 196
158 257
48 147
15 114
148 247
25 124
20 119
106 205
180 279
162 261
159 258
16 115
13 112
152 251
4 103
181 280
6 105
162 261
112 211
74 173
89 188
165 264
120 219
44 143
85 184
75 174
180 279
196 295
79 178
160 259
174 273
97 196
118 217
134 233
71 170
145 244
18 117
158 257
68 167
97 196
144 243
45 144
120 219
147 246
166 265
124 223
179 278
16 115
192 291
156 255
161 260
89 188
127 226
96 195
53 152
111 210
32 131
108 207
134 233
44 143
116 215
85 184
121 220
105 204
123 222
181 280
52 151
84 183
134 233
59 158
148 247
105 204
47 146
22 121
146 245
43 142
181 280
150 249
53 152
57 156
126 225
89 188
176 275
136 235
30 129
104 203
26 125
24 123
130 229
69 168
24 123
169 268
60 159
43 142
153 252
152 251
111 210
1 100
37 136
146 245
53 152
106 205
104 203
120 219
16 115
144 243
26 125
65 164
159 258
63 162
46 145
117 216
1 100
106 205
37 136
101 200
77 176
2 101
96 195
119 218
50 149
108 207
76 175
143 242
169 268
71 170
130 229
178 277
30 129
126 225
119 218
146 245
57 156
156 255
68 167
47 146
144 243
133 232
40 139
21 120
24 123
187 286
97 196
114 213
158 257
165 264
137 236
15 114
24 123
138 237
116 215
163 262
152 251
43 142
107 206
139 238
31 130
61 160
100 199
76 175
46 145
73 172
15 114
184 283
96 195
2 101
120 219
3 102
123 222
129 228
194 293
119 218
66 165
106 205
92 191
158 257
73 172
9 108
147 246
151 250
195 294
106 205
24 123
67 166
53 152
163 262
183 282
136 235
67 166
63 162
42 141
106 205
152 251
154 253
84 183
157 256
31 130
85 184
143 242
81 180
40 139
38 137
181 280
194 293
196 295
45 144
109 208
105 204
60 159
160 259
69 168
74 173
142 241
171 270
35 134
0 99
21 120
154 253
23 122
116 215
65 164
98 197
49 148
87 186
34 133
49 148
81 180
94 193
116 215
144 243
138 237
3 102
70 169
109 208
143 242
47 146
92 191
172 271
1 100
23 122
51 150
141 240
143 242
58 157
26 125
138 237
193 292
129 228
187 286
52 151
107 206
68 167
30 129
193 292
181 280
54 153
141 240
141 240
21 120
158 257
82 181
40 139
21 120
91 190
97 196
63 162
193 292
16 115
149 248
196 295
40 139
157 256
14 113
17 116
90 189
142 241
57 156
105 204
180 279
176 275
76 175
26 125
109 208
75 174
58 157
109 208
122 221
37 136
174 273
51 150
42 141
11 110
30 129
112 211
196 295
139 238
186 285
79 178
90 189
8 107
166 265
129 228
28 127
64 163
144 243
181 280
29 128
58 157
175 274
99 198
30 129
73 172
165 264
185 284
98 197
73 172
10 109
106 205
167 266
120 219
70 169
16 115
166 265
180 279
75 174
129 228
0 99
50 149
69 168
116 215
96 195
134 233
95 194
4 103
189 288
58 157
75 174
144 243
189 288
10 109
79 178
103 202
119 218
182 281
7 106
23 122
49 148
147 246
143 242
3 102
13 112
83 182
76 175
15 114
2 101
100 199
127 226
56 155
48 147
39 138
171 270
19 118
66 165
59 158
121 220
165 264
75 174
46 145
59 158
161 260
126 225
101 200
185 284
76 175
39 138
122 221
75 174
115 214
97 196
74 173
124 223
39 138
145 244
76 175
36 135
19 118
142 241
169 268
14 113
17 116
75 174
119 218
42 141
180 279
167 266
68 167
3 102
81 180
133 232
175 274
73 172
86 185
30 129
13 112
13 112
142 241
147 246
180 279
182 281
13 112
119 218
195 294
46 145
28 127
168 267
0 99
160 259
79 178
175 274
109 208
8 107
187 286
78 177
91 190
98 197
111 210
108 207
195 294
105 204
57 156
114 213
53 152
14 113
180 279
19 118
6 105
59 158
41 140
50 149
74 173
98 197
76 175
65 164
116 215
143 242
10 109
194 293
193 292
57 156
176 275
68 167
30 129
192 291
167 266
142 241
127 226
128 227
176 275
106 205
118 217
102 201
129 228
14 113
12 111
75 174
42 141
21 120
196 295
177 276
82 181
65 164
65 164
64 163
38 137
164 263
126 225
2 101
49 148
139 238
9 108
125 224
43 142
169 268
22 121
100 199
21 120
176 275
186 285
184 283
152 251
170 269
41 140
100 199
131 230
46 145
99 198
124 223
168 267
39 138
168 267
140 239
142 241
14 113
54 153
28 127
154 253
138 237
106 205
82 181
103 202
41 140
159 258
146 245
126 225
152 251
40 139
52 151
166 265
86 185
191 290
60 159
193 292
89 188
45 144
28 127
46 145
135 234
55 154
166 265
167 266
10 109
142 241
20 119
34 133
35 134
137 236
98 197
178 277
72 171
84 183
173 272
69 168
69 168
40 139
154 253
55 154
73 172
74 173
57 156
28 127
148 247
197 296
54 153
52 151
94 193
2 101
78 177
78 177
39 138
96 195
130 229
161 260
41 140
27 126
14 113
27 126
42 141
96 195
114 213
74 173
55 154
103 202
163 262
161 260
82 181
144 243
103 202
151 250
44 143
34 133
104 203
186 285
60 159
117 216
1 100
75 174
28 127
177 276
169 268
38 137
5 104
158 257
88 187
117 216
192 291
160 259
169 268
74 173
84 183
158 257
111 210
140 239
33 132
70 169
10 109
134 233
95 194
179 278
29 128
157 256
175 274
66 165
12 111
31 130
155 254
62 161
118 217
37 136
46 145
11 110
74 173
92 191
173 272
71 170
156 255
160 259
166 265
168 267
174 273
2 101
161 260
23 122
81 180
137 236
157 256
117 216
95 194
107 206
140 239
108 207
170 269
140 239
173 272
151 250
123 222
45 144
131 230
47 146
143 242
27 126
39 138
169 268
10 109
23 122
75 174
139 238
167 266
192 291
50 149
192 291
192 291
115 214
101 200
154 253
188 287
143 242
2 101
62 161
66 165
26 125
156 255
67 166
126 225
61 160
187 286
95 194
37 136
107 206
174 273
3 102
144 243
20 119
164 263
68 167
15 114
86 185
1 100
134 233
40 139
32 131
50 149
111 210
73 172
167 266
104 203
14 113
51 150
23 122
154 253
128 227
191 290
195 294
169 268
13 112
105 204
123 222
191 290
35 134
69 168
60 159
70 169
186 285
155 254
58 157
178 277
142 241
165 264
134 233
102 201
39 138
111 210
92 191
146 245
62 161
141 240
148 247
79 178
61 160
99 198
93 192
170 269
9 108
70 169
32 131
21 120
103 202
56 155
35 134
165 264
78 177
149 248
152 251
19 118
46 145
95 194
4 103
77 176
13 112
119 218
69 168
116 215
100 199
12 111
185 284
96 195
56 155
59 158
14 113
73 172
183 282
183 282
189 288
123 222
18 117
54 153
80 179
115 214
36 135
52 151
63 162
149 248
182 281
99 198
68 167
71 170
129 228
194 293
33 132
47 146
81 180
76 175
15 114
103 202
10 109
136 235
147 246
100 199
142 241
130 229
96 195
113 212
126 225
154 253
55 154
106 205
17 116
135 234
154 253
76 175
77 176
173 272
132 231
166 265
14 113
6 105
6 105
31 130
123 222
170 269
60 159
147 246
142 241
160 259
48 147
47 146
41 140
90 189
86 185
84 183
126 225
54 153
131 230
173 272
84 183
194 293
33 132
32 131
14 113
134 233
152 251
80 179
6 105
27 126
53 152
181 280
136 235
76 175
18 117
12 111
64 163
192 291
122 221
94 193
31 130
86 185
47 146
27 126
159 258
164 263
57 156
14 113
116 215
127 226
26 125
55 154
136 235
42 141
74 173
89 188
173 272
24 123
91 190
152 251
135 234
100 199
172 271
57 156
189 288
90 189
168 267
189 288
170 269
190 289
162 261
42 141
136 235
128 227
184 283
109 208
170 269
167 266
129 228
10 109
75 174
155 254
5 104
61 160
9 108
71 170
128 227
129 228
58 157
95 194
38 137
117 216
20 119
50 149
69 168
152 251
28 127
19 118
95 194
157 256
159 258
12 111
56 155
59 158
109 208
111 210
190 289
80 179
137 236
106 205
137 236
111 210
13 112
35 134
88 187
63 162
33 132
164 263
31 130
99 198
89 188
56 155
16 115
35 134
30 129
161 260
16 115
147 246
36 135
104 203
2 101
78 177
142 241
60 159
173 272
162 261
64 163
34 133
27 126
152 251
31 130
8 107
109 208
46 145
29 128
190 289
96 195
24 123
127 226
2 101
194 293
27 126
101 200
124 223
23 122
121 220
130 229
84 183
177 276
79 178
110 209
2 101
33 132
9 108
78 177
166 265
105 204
182 281
30 129
61 160
125 224
176 275
89 188
107 206
6 105
11 110
115 214
164 263
78 177
68 167
140 239
92 191
141 240
49 148
127 226
96 195
36 135
31 130
185 284
77 176
173 272
32 131
76 175
135 234
194 293
65 164
32 131
185 284
97 196
73 172
81 180
0 99
23 122
83 182
21 120
90 189
182 281
68 167
33 132
11 110
11 110
148 247
9 108
122 221
175 274
169 268
57 156
34 133
141 240
16 115
32 131
57 156
108 207
156 255
76 175
133 232
180 279
155 254
168 267
105 204
15 114
94 193
188 287
6 105
96 195
38 137
82 181
108 207
59 158
15 114
0 99
154 253
145 244
123 222
77 176
81 180
2 101
41 140
152 251
35 134
157 256
117 216
115 214
107 206
105 204
146 245
94 193
33 132
33 132
137 236
157 256
68 167
43 142
179 278
65 164
54 153
37 136
109 208
177 276
138 237
113 212
159 258
154 253
75 174
90 189
42 141
35 134
102 201
124 223
124 223
21 120
131 230
52 151
153 252
35 134
126 225
174 273
168 267
125 224
88 187
128 227
162 261
9 108
136 235
179 278
28 127
179 278
191 290
60 159
52 151
89 188
154 253
115 214
4 103
20 119
193 292
1 100
119 218
143 242
135 234
146 245
102 201
13 112
100 199
35 134
73 172
30 129
167 266
56 155
12 111
41 140
105 204
141 240
49 148
123 222
89 188
1 100
179 278
93 192
89 188
156 255
173 272
192 291
41 140
28 127
188 287
83 182
43 142
29 128
91 190
178 277
150 249
25 124
150 249
21 120
15 114
137 236
158 257
11 110
64 163
170 269
111 210
78 177
82 181
136 235
151 250
132 231
1 100
129 228
197 296
44 143
117 216
4 103
183 282
47 146
167 266
49 148
59 158
146 245
103 202
197 296
62 161
168 267
153 252
197 296
15 114
175 274
82 181
65 164
191 290
153 252
159 258
139 238
63 162
163 262
172 271
86 185
73 172
123 222
53 152
90 189
63 162
60 159
60 159
147 246
38 137
166 265
185 284
159 258
72 171
182 281
53 152
40 139
87 186
171 270
185 284
139 238
188 287
138 237
151 250
183 282
99 198
30 129
79 178
33 132
8 107
151 250
75 174
185 284
192 291
66 165
117 216
73 172
93 192
6 105
132 231
158 257
161 260
143 242
109 208
43 142
192 291
48 147
128 227
62 161
151 250
177 276
106 205
115 214
9 108
52 151
137 236
138 237
182 281
146 245
156 255
22 121
191 290
33 132
19 118
129 228
25 124
142 241
11 110
36 135
98 197
30 129
193 292
24 123
78 177
95 194
188 287
184 283
23 122
129 228
83 182
133 232
161 260
109 208
103 202
31 130
148 247
155 254
81 180
92 191
33 132
145 244
163 262
4 103
164 263
88 187
65 164
11 110
121 220
56 155
46 145
144 243
102 201
90 189
168 267
141 240
56 155
59 158
13 112
170 269
44 143
66 165
168 267
133 232
146 245
131 230
123 222
182 281
189 288
59 158
105 204
86 185
61 160
168 267
97 196
6 105
12 111
62 161
178 277
108 207
80 179
74 173
108 207
117 216
187 286
103 202
95 194
128 227
112 211
84 183
59 158
59 158
90 189
95 194
32 131
108 207
1 100
132 231
84 183
35 134
81 180
33 132
27 126
169 268
42 141
87 186
36 135
169 268
48 147
151 250
172 271
144 243
113 212
143 242
20 119
5 104
21 120
89 188
103 202
44 143
83 182
64 163
132 231
100 199
24 123
77 176
115 214
95 194
97 196
69 168
189 288
120 219
6 105
94 193
102 201
118 217
41 140
74 173
30 129
182 281
139 238
17 116
94 193
57 156
83 182
3 102
86 185
14 113
183 282
61 160
103 202
92 191
6 105
45 144
160 259
105 204
110 209
80 179
147 246
26 125
119 218
97 196
33 132
26 125
3 102
49 148
151 250
69 168
171 270
125 224
112 211
90 189
124 223
155 254
127 226
104 203
174 273
98 197
2 101
63 162
133 232
133 232
189 288
165 264
84 183
129 228
120 219
170 269
149 248
125 224
145 244
110 209
131 230
196 295
61 160
16 115
37 136
6 105
106 205
92 191
63 162
11 110
100 199
56 155
185 284
99 198
101 200
88 187
15 114
127 226
153 252
1 100
115 214
119 218
176 275
97 196
177 276
162 261
0 99
183 282
171 270
79 178
98 197
160 259
193 292
148 247
93 192
106 205
10 109
31 130
71 170
29 128
32 131
134 233
112 211
27 126
9 108
29 128
176 275
134 233
25 124
103 202
58 157
5 104
94 193
89 188
154 253
81 180
191 290
30 129
116 215
55 154
1 100
157 256
100 199
121 220
136 235
136 235
58 157
72 171
106 205
178 277
187 286
95 194
155 254
165 264
35 134
168 267
27 126
65 164
6 105
151 250
112 211
121 220
149 248
115 214
109 208
167 266
50 149
37 136
84 183
92 191
103 202
118 217
63 162
7 106
124 223
128 227
120 219
20 119
155 254
15;156504
80 179
185 284
17 116
86 185
88 187
45 144
136 235
23 122
78 177
191 290
149 248
132 231
107 206
118 217
88 187
187 286
151 250
189 288
85 184
72 171
145 244
154 253
92 191
95 194
73 172
103 202
67 166
10 109
73 172
20 119
169 268
86 185
108 207
25 124
70 169
50 149
71 170
108 207
80 179
24 123
40 139
175 274
170 269
1 100
167 266
130 229
46 145
180 279
100 199
130 229
79 178
140 239
18 117
148 247
79 178
23 122
149 248
158 257
122 221
111 210
70 169
142 241
87 186
119 218
2 101
140 239
116 215
101 200
33 132
32 131
23 122
98 197
121 220
23 122
53 152
43 142
104 203
141 240
100 199
105 204
73 172
23 122
173 272
177 276
172 271
148 247
60 159
133 232
184 283
176 275
163 262
145 244
44 143
58 157
84 183
191 290
159 258
117 216
40 139
164 263
68 167
6 105
196 295
50 149
150 249
111 210
4 103
89 188
119 218
136 235
23 122
70 169
51 150
123 222
112 211
104 203
126 225
143 242
190 289
7 106
148 247
93 192
138 237
86 185
45 144
162 261
167 266
178 277
164 263
172 271
188 287
113 212
46 145
146 245
8 107
194 293
139 238
47 146
191 290
182 281
119 218
167 266
34 133
120 219
38 137
66 165
152 251
56 155
118 217
73 172
67 166
187 286
45 144
115 214
143 242
32 131
171 270
140 239
71 170
178 277
164 263
183 282
25 124
119 218
93 192
120 219
136 235
80 179
88 187
40 139
133 232
52 151
103 202
178 277
30 129
135 234
145 244
89 188
184 283
147 246
106 205
171 270
55 154
147 246
42 141
29 128
122 221
27 126
109 208
7 106
94 193
134 233
177 276
192 291
67 166
32 131
40 139
135 234
90 189
159 258
64 163
138 237
174 273
83 182
166 265
128 227
20 119
179 278
54 153
12 111
171 270
28 127
51 150
152 251
155 254
26 125
154 253
106 205
187 286
125 224
178 277
35 134
132 231
172 271
184 283
132 231
43 142
47 146
188 287
74 173
174 273
129 228
28 127
159 258
88 187
32 131
175 274
33 132
1 100
96 195
94 193
86 185
56 155
154 253
34 133
161 260
111 210
113 212
26 125
47 146
47 146
168 267
67 166
106 205
8 107
94 193
81 180
103 202
76 175
78 177
69 168
121 220
180 279
164 263
88 187
25 124
140 239
159 258
158 257
22 121
97 196
187 286
145 244
7 106
97 196
17 116
151 250
26 125
8 107
170 269
104 203
67 166
51 150
84 183
1 100
36 135
105 204
24 123
74 173
143 242
79 178
11 110
119 218
12 111
40 139
56 155
47 146
21 120
39 138
98 197
2 101
151 250
93 192
87 186
52 151
193 292
124 223
181 280
143 242
118 217
122 221
53 152
41 140
106 205
111 210
134 233
180 279
82 181
116 215
0 99
178 277
7 106
112 211
117 216
41 140
49 148
23 122
42 141
156 255
93 192
135 234
184 283
25 124
33 132
127 226
110 209
22 121
2 101
116 215
108 207
22 121
90 189
182 281
49 148
133 232
64 163
191 290
138 237
92 191
175 274
95 194
166 265
193 292
89 188
126 225
152 251
106 205
14 113
172 271
54 153
88 187
5 104
46 145
170 269
27 126
196 295
183 282
186 285
62 161
84 183
183 282
155 254
29 128
100 199
67 166
22 121
41 140
54 153
1 100
98 197
27 126
170 269
58 157
36 135
80 179
11 110
91 190
16 115
98 197
50 149
167 266
52 151
174 273
163 262
13 112
145 244
136 235
126 225
58 157
134 233
147 246
112 211
109 208
78 177
189 288
48 147
65 164
78 177
55 154
123 222
16 115
169 268
108 207
144 243
122 221
98 197
5 104
119 218
144 243
19 118
154 253
197 296
119 218
160 259
76 175
37 136
71 170
190 289
34 133
139 238
119 218
155 254
194 293
184 283
161 260
101 200
151 250
4 103
10 109
150 249
95 194
94 193
85 184
77 176
9 108
137 236
49 148
118 217
123 222
135 234
114 213
189 288
32 131
145 244
163 262
109 208
185 284
36 135
77 176
46 145
11 110
27 126
10 109
60 159
7 106
89 188
141 240
158 257
82 181
137 236
184 283
35 134
106 205
10 109
68 167
114 213
184 283
95 194
193 292
9 108
122 221
128 227
71 170
174 273
12 111
25 124
142 241
6 105
98 197
37 136
167 266
52 151
20 119
128 227
37 136
22 121
7 106
37 136
99 198
186 285
170 269
103 202
62 161
88 187
61 160
197 296
123 222
108 207
56 155
176 275
163 262
152 251
172 271
74 173
57 156
47 146
145 244
193 292
120 219
77 176
19 118
75 174
78 177
96 195
115 214
61 160
16 115
138 237
48 147
148 247
89 188
15 114
1 100
188 287
27 126
41 140
47 146
195 294
5 104
66 165
176 275
147 246
51 150
61 160
125 224
11 110
30 129
82 181
27 126
35 134
186 285
136 235
113 212
179 278
44 143
55 154
172 271
156 255
52 151
68 167
29 128
13 112
176 275
137 236
79 178
166 265
122 221
142 241
23 122
123 222
132 231
137 236
70 169
15 114
93 192
38 137
45 144
193 292
78 177
147 246
9 108
23 122
10 109
151 250
121 220
81 180
94 193
162 261
42 141
134 233
171 270
191 290
100 199
17 116
92 191
155 254
52 151
192 291
100 199
81 180
184 283
35 134
187 286
161 260
166 265
107 206
169 268
130 229
149 248
189 288
99 198
124 223
5 104
38 137
37 136
178 277
128 227
40 139
23 122
113 212
110 209
189 288
159 258
126 225
53 152
103 202
50 149
38 137
93 192
120 219
114 213
66 165
123 222
7 106
7 106
53 152
109 208
90 189
16 115
67 166
179 278
24 123
187 286
29 128
174 273
194 293
150 249
162 261
47 146
38 137
169 268
172 271
194 293
194 293
55 154
140 239
30 129
83 182
63 162
18 117
72 171
59 158
64 163
142 241
170 269
81 180
56 155
13 112
7 106
3 102
63 162
99 198
126 225
84 183
126 225
150 249
106 205
125 224
80 179
121 220
53 152
190 289
193 292
94 193
76 175
126 225
5 104
91 190
25 124
161 260
107 206
167 266
184 283
132 231
82 181
80 179
169 268
177 276
128 227
103 202
69 168
108 207
132 231
16 115
119 218
89 188
128 227
123 222
51 150
104 203
55 154
155 254
86 185
152 251
162 261
195 294
58 157
174 273
66 165
133 232
106 205
63 162
18 117
9 108
166 265
138 237
68 167
39 138
157 256
187 286
77 176
78 177
133 232
133 232
160 259
159 258
2 101
197 296
86 185
48 147
23 122
36 135
62 161
176 275
152 251
34 133
35 134
55 154
111 210
2 101
120 219
156 255
182 281
152 251
24 123
116 215
9 108
92 191
185 284
153 252
157 256
137 236
1 100
10 109
104 203
189 288
164 263
109 208
121 220
149 248
101 200
128 227
132 231
169 268
23 122
130 229
107 206
118 217
100 199
78 177
12 111
47 146
122 221
147 246
147 246
100 199
114 213
10 109
192 291
47 146
83 182
14 113
197 296
164 263
184 283
96 195
3 102
132 231
33 132
178 277
9 108
55 154
17 116
120 219
75 174
158 257
141 240
97 196
79 178
19 118
123 222
153 252
156 255
100 199
148 247
125 224
52 151
177 276
127 226
136 235
58 157
110 209
38 137
142 241
159 258
54 153
170 269
55 154
185 284
48 147
144 243
108 207
147 246
78 177
125 224
185 284
29 128
31 130
139 238
168 267
74 173
67 166
152 251
51 150
10 109
102 201
95 194
9 108
104 203
92 191
41 140
109 208
86 185
17 116
190 289
183 282
167 266
152 251
190 289
13 112
85 184
183 282
196 295
93 192
196 295
102 201
62 161
129 228
69 168
161 260
1 100
116 215
84 183
9 108
144 243
149 248
161 260
190 289
38 137
166 265
11 110
63 162
171 270
21 120
54 153
183 282
49 148
169 268
187 286
54 153
15 114
189 288
190 289
19 118
22 121
177 276
125 224
32 131
85 184
118 217
177 276
147 246
57 156
39 138
52 151
114 213
167 266
5 104
99 198
101 200
155 254
147 246
97 196
85 184
65 164
97 196
118 217
136 235
175 274
175 274
144 243
154 253
125 224
23 122
11 110
111 210
43 142
190 289
131 230
90 189
100 199
105 204
66 165
16 115
72 171
133 232
184 283
82 181
19 118
10 109
194 293
2 101
32 131
71 170
171 270
186 285
48 147
103 202
175 274
153 252
26 125
55 154
126 225
82 181
162 261
8 107
191 290
22 121
185 284
135 234
49 148
37 136
140 239
124 223
78 177
71 170
126 225
61 160
175 274
14 113
142 241
36 135
3 102
19 118
12 111
48 147
150 249
72 171
73 172
112 211
49 148
89 188
5 104
80 179
51 150
64 163
192 291
138 237
111 210
193 292
193 292
78 177
115 214
100 199
166 265
123 222
104 203
54 153
171 270
195 294
94 193
8 107
113 212
63 162
153 252
162 261
76 175
196 295
197 296
4 103
85 184
116 215
32 131
148 247
34 133
98 197
83 182
37 136
167 266
11 110
121 220
101 200
196 295
72 171
114 213
119 218
169 268
159 258
25 124
100 199
192 291
70 169
46 145
164 263
179 278
197 296
135 234
77 176
186 285
118 217
6 105
151 250
41 140
122 221
14 113
196 295
5 104
104 203
40 139
195 294
19 118
168 267
68 167
74 173
51 150
184 283
45 144
169 268
178 277
36 135
119 218
63 162
72 171
49 148
48 147
192 291
141 240
106 205
151 250
81 180
65 164
17 116
42 141
120 219
108 207
17 116
139 238
111 210
135 234
155 254
9 108
133 232
163 262
90 189
146 245
164 263
94 193
119 218
37 136
44 143
50 149
178 277
126 225
52 151
41 140
171 270
121 220
137 236
84 183
24 123
130 229
11 110
24 123
5 104
117 216
97 196
0 99
27 126
71 170
142 241
52 151
46 145
45 144
114 213
148 247
82 181
182 281
45 144
80 179
138 237
39 138
58 157
97 196
125 224
148 247
121 220
122 221
33 132
53 152
187 286
93 192
147 246
160 259
40 139
86 185
27 126
19 118
161 260
164 263
168 267
52 151
192 291
51 150
150 249
196 295
67 166
147 246
126 225
148 247
68 167
130 229
17 116
25 124
51 150
122 221
135 234
120 219
135 234
154 253
43 142
64 163
188 287
172 271
173 272
151 250
95 194
177 276
142 241
69 168
42 141
138 237
145 244
125 224
1 100
165 264
90 189
75 174
188 287
149 248
108 207
86 185
64 163
101 200
149 248
148 247
22 121
79 178
172 271
78 177
87 186
139 238
175 274
105 204
109 208
92 191
37 136
54 153
113 212
150 249
71 170
68 167
194 293
92 191
28 127
52 151
53 152
132 231
196 295
102 201
122 221
76 175
0 99
17 116
108 207
50 149
127 226
187 286
92 191
73 172
128 227
129 228
61 160
71 170
79 178
74 173
126 225
8 107
92 191
110 209
111 210
126 225
103 202
52 151
119 218
64 163
29 128
5 104
132 231
14 113
129 228
138 237
98 197
91 190
66 165
95 194
59 158
16 115
109 208
174 273
161 260
85 184
150 249
182 281
48 147
38 137
46 145
89 188
13 112
183 282
142 241
83 182
129 228
193 292
137 236
4 103
66 165
162 261
22 121
5 104
81 180
143 242
106 205
155 254
102 201
22 121
1 100
92 191
40 139
65 164
86 185
152 251
136 235
173 272
120 219
37 136
34 133
103 202
78 177
121 220
58 157
38 137
135 234
106 205
143 242
153 252
129 228
40 139
75 174
73 172
105 204
36 135
180 279
22 121
62 161
158 257
31 130
35 134
78 177
3 102
187 286
175 274
160 259
187 286
165 264
117 216
4 103
14 113
15 114
163 262
187 286
64 163
102 201
160 259
111 210
75 174
75 174
114 213
179 278
13 112
31 130
135 234
181 280
137 236
43 142
166 265
55 154
192 291
104 203
37 136
49 148
119 218
180 279
195 294
120 219
173 272
136 235
15 114
157 256
92 191
41 140
142 241
131 230
7 106
19 118
99 198
143 242
72 171
62 161
50 149
15 114
193 292
125 224
71 170
137 236
17 116
107 206
52 151
77 176
93 192
147 246
10 109
166 265
139 238
59 158
45 144
55 154
120 219
72 171
44 143
58 157
93 192
104 203
24 123
133 232
142 241
172 271
22 121
83 182
33 132
81 180
59 158
170 269
175 274
61 160
69 168
175 274
79 178
10 109
147 246
66 165
29 128
117 216
28 127
76 175
59 158
51 150
136 235
110 209
129 228
170 269
158 257
23 122
139 238
85 184
62 161
96 195
23 122
21 120
189 288
145 244
157 256
50 149
197 296
115 214
17 116
190 289
163 262
145 244
175 274
112 211
5 104
136 235
173 272
166 265
132 231
138 237
34 133
195 294
4 103
168 267
170 269
114 213
182 281
94 193
84 183
8 107
18 117
126 225
56 155
141 240
32 131
74 173
115 214
156 255
90 189
119 218
96 195
75 174
38 137
130 229
49 148
89 188
37 136
190 289
131 230
95 194
156 255
6 105
113 212
120 219
55 154
160 259
12 111
124 223
82 181
79 178
17 116
108 207
23 122
69 168
195 294
137 236
4 103
112 211
116 215
133 232
174 273
175 274
191 290
112 211
89 188
196 295
24 123
41 140
58 157
25 124
174 273
23 122
139 238
38 137
188 287
139 238
75 174
21 120
144 243
158 257
16 115
96 195
41 140
189 288
120 219
66 165
144 243
80 179
190 289
106 205
157 256
39 138
167 266
188 287
15 114
14 113
102 201
117 216
139 238
116 215
177 276
163 262
23 122
80 179
3 102
178 277
138 237
188 287
10 109
7 106
3 102
52 151
176 275
53 152
82 181
24 123
163 262
2 101
115 214
158 257
51 150
189 288
37 136
184 283
129 228
179 278
43 142
189 288
185 284
163 262
164 263
157 256
69 168
124 223
126 225
55 154
26 125
131 230
143 242
54 153
166 265
168 267
117 216
27 126
162 261
130 229
143 242
181 280
62 161
191 290
119 218
154 253
171 270
107 206
22 121
26 125
171 270
86 185
110 209
169 268
81 180
83 182
188 287
121 220
174 273
166 265
118 217
7 106
149 248
185 284
31 130
142 241
62 161
156 255
91 190
17 116
183 282
194 293
90 189
49 148
103 202
161 260
33 132
30 129
65 164
41 140
139 238
59 158
114 213
23 122
7 106
193 292
55 154
14 113
56 155
125 224
173 272
75 174
155 254
87 186
160 259
40 139
120 219
131 230
147 246
196 295
185 284
87 186
24 123
40 139
167 266
151 250
196 295
34 133
150 249
195 294
155 254
110 209
109 208
140 239
182 281
134 233
35 134
52 151
197 296
68 167
143 242
16 115
109 208
79 178
11 110
0 99
3 102
115 214
90 189
176 275
32 131
57 156
188 287
64 163
67 166
61 160
194 293
101 200
191 290
5 104
4 103
102 201
188 287
159 258
90 189
47 146
125 224
137 236
113 212
161 260
185 284
197 296
100 199
91 190
53 152
152 251
51 150
31 130
22 121
14 113
30 129
58 157
86 185
136 235
79 178
154 253
138 237
141 240
5 104
193 292
69 168
33 132
143 242
133 232
176 275
142 241
71 170
60 159
166 265
176 275
19 118
172 271
32 131
170 269
1 100
160 259
43 142
54 153
121 220
125 224
50 149
132 231
103 202
35 134
180 279
141 240
152 251
116 215
96 195
116 215
180 279
180 279
136 235
19 118
122 221
96 195
129 228
133 232
36 135
144 243
65 164
173 272
174 273
23 122
54 153
168 267
123 222
59 158
55 154
119 218
95 194
92 191
173 272
145 244
148 247
109 208
174 273
44 143
24 123
24 123
120 219
67 166
4 103
10 109
21 120
55 154
89 188
19 118
166 265
177 276
153 252
182 281
59 158
189 288
157 256
180 279
183 282
19 118
189 288
45 144
13 112
18 117
190 289
166 265
26 125
91 190
118 217
80 179
18 117
169 268
46 145
57 156
22 121
152 251
176 275
13 112
169 268
161 260
196 295
51 150
51 150
50 149
9 108
11 110
172 271
191 290
175 274
189 288
127 226
54 153
155 254
131 230
22 121
131 230
187 286
164 263
75 174
15 114
189 288
81 180
75 174
9 108
90 189
164 263
73 172
152 251
38 137
79 178
160 259
30 129
165 264
153 252
43 142
152 251
131 230
37 136
143 242
143 242
166 265
154 253
95 194
1 100
144 243
92 191
10 109
70 169
124 223
92 191
190 289
152 251
77 176
104 203
192 291
168 267
44 143
170 269
23 122
152 251
165 264
41 140
27 126
189 288
150 249
152 251
173 272
104 203
58 157
21 120
72 171
180 279
121 220
110 209
97 196
0 99
107 206
18 117
31 130
114 213
27 126
182 281
54 153
188 287
19 118
112 211
78 177
175 274
183 282
148 247
68 167
138 237
43 142
17 116
24 123
115 214
195 294
146 245
19 118
4 103
41 140
77 176
90 189
156 255
141 240
127 226
134 233
11 110
170 269
70 169
67 166
153 252
11 110
57 156
126 225
14 113
136 235
186 285
47 146
12 111
186 285
164 263
73 172
158 257
128 227
34 133
73 172
145 244
122 221
82 181
190 289
106 205
69 168
99 198
100 199
114 213
74 173
141 240
112 211
184 283
26 125
89 188
60 159
144 243
43 142
9 108
176 275
185 284
124 223
69 168
96 195
176 275
141 240
83 182
87 186
42 141
70 169
78 177
20 119
156 255
95 194
112 211
55 154
167 266
149 248
127 226
158 257
142 241
117 216
143 242
3 102
183 282
172 271
189 288
43 142
177 276
59 158
146 245
114 213
11 110
178 277
142 241
32 131
115 214
77 176
12 111
136 235
129 228
110 209
49 148
139 238
106 205
117 216
66 165
42 141
151 250
154 253
158 257
62 161
140 239
5 104
99 198
75 174
33 132
47 146
110 209
58 157
31 130
187 286
35 134
1 100
123 222
191 290
150 249
17 116
104 203
190 289
35 134
182 281
89 188
122 221
95 194
192 291
181 280
116 215
137 236
183 282
1 100
166 265
59 158
118 217
166 265
27 126
161 260
184 283
185 284
59 158
8 107
62 161
132 231
60 159
157 256
5 104
113 212
111 210
32 131
12 111
147 246
106 205
67 166
173 272
42 141
92 191
165 264
32 131
30 129
87 186
56 155
49 148
54 153
118 217
79 178
112 211
176 275
32 131
63 162
53 152
154 253
155 254
137 236
46 145
75 174
188 287
42 141
18 117
121 220
60 159
111 210
44 143
179 278
104 203
110 209
82 181
155 254
62 161
89 188
158 257
77 176
29 128
168 267
54 153
71 170
66 165
49 148
104 203
86 185
174 273
128 227
71 170
193 292
89 188
116 215
31 130
32 131
32 131
78 177
135 234
112 211
119 218
172 271
158 257
188 287
174 273
147 246
18 117
29 128
153 252
23 122
49 148
106 205
35 134
3 102
95 194
197 296
54 153
130 229
139 238
28 127
70 169
58 157
80 179
97 196
68 167
116 215
190 289
28 127
55 154
162 261
124 223
81 180
109 208
76 175
104 203
194 293
107 206
178 277
194 293
97 196
40 139
81 180
19 118
167 266
127 226
83 182
159 258
72 171
135 234
44 143
127 226
144 243
110 209
187 286
139 238
134 233
107 206
88 187
159 258
19 118
168 267
107 206
74 173
190 289
63 162
137 236
43 142
26 125
169 268
67 166
6 105
53 152
136 235
8 107
92 191
109 208
37 136
189 288
196 295
166 265
102 201
178 277
122 221
141 240
8 107
38 137
109 208
163 262
172 271
89 188
130 229
57 156
11 110
108 207
43 142
137 236
30 129
181 280
93 192
128 227
38 137
147 246
47 146
131 230
155 254
60 159
28 127
97 196
131 230
115 214
186 285
12 111
119 218
157 256
34 133
188 287
52 151
3 102
14 113
184 283
65 164
13 112
159 258
73 172
190 289
87 186
98 197
115 214
114 213
30 129
98 197
70 169
176 275
66 165
38 137
165 264
0 99
91 190
156 255
102 201
94 193
132 231
36 135
155 254
195 294
15 114
150 249
92 191
90 189
165 264
70 169
165 264
69 168
50 149
145 244
15 114
85 184
120 219
14 113
3 102
7 106
174 273
109 208
62 161
117 216
167 266
8 107
121 220
115 214
147 246
186 285
151 250
177 276
48 147
75 174
158 257
54 153
138 237
35 134
147 246
124 223
20 119
46 145
136 235
164 263
45 144
181 280
164 263
17 116
131 230
148 247
133 232
163 262
47 146
153 252
173 272
36 135
127 226
72 171
131 230
166 265
41 140
26 125
139 238
99 198
15 114
138 237
197 296
51 150
164 263
43 142
2 101
92 191
113 212
187 286
119 218
86 185
139 238
29 128
60 159
78 177
156 255
186 285
22 121
145 244
36 135
116 215
36 135
15 114
134 233
80 179
30 129
108 207
62 161
93 192
178 277
44 143
144 243
192 291
12 111
152 251
91 190
82 181
165 264
151 250
39 138
193 292
32 131
44 143
96 195
64 163
109 208
57 156
129 228
89 188
80 179
106 205
157 256
121 220
7 106
192 291
197 296
75 174
120 219
191 290
66 165
125 224
131 230
168 267
195 294
133 232
71 170
38 137
51 150
130 229
58 157
118 217
196 295
58 157
12 111
57 156
73 172
107 206
117 216
174 273
173 272
2 101
112 211
120 219
132 231
149 248
196 295
182 281
89 188
30 129
16 115
154 253
23 122
19 118
68 167
165 264
125 224
91 190
122 221
59 158
36 135
141 240
2 101
148 247
155 254
111 210
113 212
93 192
116 215
125 224
62 161
34 133
155 254
77 176
33 132
55 154
51 150
58 157
14 113
75 174
127 226
191 290
57 156
49 148
178 277
172 271
49 148
12 111
65 164
14 113
187 286
28 127
97 196
44 143
46 145
98 197
116 215
153 252
152 251
133 232
35 134
1 100
52 151
116 215
97 196
160 259
193 292
4 103
109 208
64 163
17 116
55 154
114 213
50 149
62 161
77 176
100 199
100 199
35 134
111 210
33 132
123 222
150 249
30 129
95 194
16 115
152 251
149 248
108 207
178 277
195 294
50 149
81 180
86 185
68 167
91 190
64 163
169 268
147 246
85 184
4 103
17 116
10 109
99 198
76 175
111 210
3 102
44 143
138 237
62 161
31 130
88 187
158 257
70 169
165 264
23 122
181 280
172 271
56 155
180 279
186 285
145 244
85 184
42 141
26 125
105 204
176 275
151 250
194 293
176 275
23 122
87 186
10 109
27 126
124 223
76 175
100 199
55 154
9 108
184 283
119 218
100 199
146 245
36 135
30 129
37 136
15 114
84 183
190 289
27 126
193 292
179 278
4 103
90 189
57 156
59 158
154 253
7 106
123 222
82 181
62 161
91 190
175 274
82 181
149 248
36 135
18 117
28 127
3 102
24 123
136 235
114 213
40 139
10 109
174 273
80 179
181 280
117 216
70 169
49 148
159 258
80 179
91 190
31 130
48 147
147 246
48 147
168 267
106 205
111 210
190 289
141 240
154 253
148 247
67 166
70 169
13 112
21 120
4 103
169 268
128 227
4 103
10 109
38 137
167 266
131 230
103 202
19 118
156 255
16 115
179 278
159 258
47 146
110 209
102 201
170 269
100 199
189 288
139 238
10 109
54 153
102 201
167 266
128 227
61 160
139 238
156 255
183 282
110 209
140 239
167 266
62 161
66 165
163 262
75 174
79 178
99 198
160 259
67 166
194 293
141 240
137 236
142 241
80 179
193 292
103 202
125 224
168 267
97 196
154 253
193 292
163 262
113 212
44 143
99 198
26 125
129 228
79 178
160 259
87 186
81 180
142 241
52 151
118 217
23 122
188 287
183 282
135 234
129 228
45 144
23 122
168 267
153 252
102 201
161 260
25 124
52 151
192 291
176 275
71 170
121 220
62 161
3 102
187 286
103 202
24 123
187 286
81 180
23 122
171 270
18 117
39 138
19 118
37 136
57 156
191 290
12 111
190 289
11 110
70 169
131 230
156 255
82 181
0 99
66 165
24 123
39 138
166 265
39 138
135 234
31 130
123 222
134 233
193 292
111 210
178 277
127 226
140 239
9 108
66 165
82 181
130 229
90 189
133 232
96 195
3 102
66 165
15 114
134 233
41 140
174 273
93 192
95 194
186 285
85 184
96 195
147 246
48 147
169 268
136 235
78 177
99 198
35 134
52 151
110 209
188 287
23 122
187 286
12 111
127 226
13 112
11 110
164 263
108 207
10 109
38 137
196 295
125 224
36 135
119 218
63 162
74 173
88 187
181 280
78 177
159 258
105 204
1 100
181 280
36 135
65 164
69 168
164 263
138 237
163 262
30 129
10 109
139 238
66 165
64 163
99 198
180 279
128 227
28 127
147 246
118 217
155 254
182 281
73 172
106 205
36 135
124 223
20 119
31 130
27 126
18 117
92 191
0 99
62 161
150 249
10 109
18 117
41 140
74 173
32 131
3 102
197 296
93 192
164 263
2 101
50 149
117 216
20 119
5 104
117 216
88 187
184 283
40 139
135 234
131 230
54 153
34 133
113 212
169 268
159 258
60 159
89 188
84 183
25 124
178 277
184 283
192 291
126 225
119 218
14 113
85 184
131 230
121 220
144 243
45 144
15 114
121 220
74 173
93 192
75 174
184 283
71 170
158 257
81 180
116 215
63 162
196 295
167 266
49 148
134 233
182 281
13 112
115 214
98 197
189 288
64 163
48 147
108 207
155 254
193 292
129 228
136 235
102 201
56 155
102 201
145 244
115 214
22 121
91 190
113 212
182 281
96 195
19 118
3 102
75 174
121 220
86 185
171 270
160 259
8 107
121 220
39 138
26 125
97 196
147 246
98 197
15 114
54 153
74 173
20 119
176 275
178 277
123 222
49 148
157 256
133 232
127 226
44 143
17 116
8 107
40 139
104 203
149 248
120 219
82 181
21 120
162 261
72 171
68 167
143 242
16 115
33 132
39 138
74 173
75 174
94 193
171 270
1 100
18 117
135 234
62 161
94 193
72 171
101 200
164 263
40 139
77 176
128 227
0 99
196 295
48 147
104 203
124 223
182 281
141 240
25 124
41 140
12 111
4 103
89 188
179 278
65 164
60 159
19 118
182 281
182 281
169 268
86 185
72 171
191 290
67 166
167 266
99 198
188 287
75 174
89 188
101 200
125 224
190 289
151 250
28 127
149 248
37 136
131 230
8 107
187 286
33 132
25 124
133 232
111 210
174 273
107 206
83 182
27 126
180 279
73 172
69 168
101 200
102 201
48 147
90 189
193 292
101 200
172 271
77 176
16 115
157 256
43 142
33 132
92 191
94 193
84 183
1 100
125 224
65 164
108 207
142 241
155 254
29 128
38 137
174 273
91 190
94 193
142 241
166 265
114 213
50 149
143 242
197 296
43 142
26 125
167 266
93 192
11 110
53 152
195 294
21 120
177 276
91 190
9 108
82 181
126 225
74 173
88 187
138 237
61 160
31 130
134 233
44 143
167 266
150 249
177 276
114 213
105 204
133 232
0 99
181 280
27 126
154 253
37 136
58 157
59 158
117 216
76 175
196 295
117 216
57 156
53 152
16 115
173 272
28 127
24 123
178 277
18 117
5 104
75 174
69 168
158 257
110 209
126 225
22 121
179 278
143 242
31 130
14 113
179 278
159 258
87 186
53 152
183 282
110 209
134 233
176 275
13 112
133 232
32 131
86 185
153 252
177 276
192 291
175 274
193 292
102 201
165 264
192 291
23 122
13 112
92 191
135 234
81 180
176 275
138 237
3 102
95 194
73 172
44 143
145 244
173 272
93 192
132 231
186 285
183 282
12 111
181 280
118 217
14 113
52 151
119 218
25 124
36 135
125 224
30 129
85 184
15 114
63 162
93 192
38 137
18 117
160 259
173 272
174 273
81 180
57 156
3 102
98 197
74 173
3 102
8 107
13 112
9 108
140 239
133 232
51 150
106 205
122 221
144 243
104 203
29 128
56 155
147 246
193 292
77 176
185 284
152 251
23 122
58 157
12 111
114 213
68 167
24 123
28 127
36 135
118 217
188 287
100 199
57 156
132 231
55 154
148 247
32 131
123 222
83 182
121 220
123 222
39 138
100 199
2 101
65 164
185 284
167 266
4 103
55 154
109 208
115 214
84 183
184 283
24 123
65 164
104 203
108 207
76 175
85 184
168 267
49 148
149 248
190 289
83 182
188 287
97 196
53 152
183 282
50 149
174 273
117 216
40 139
15 114
63 162
47 146
17 116
92 191
83 182
161 260
13 112
146 245
139 238
101 200
120 219
127 226
153 252
86 185
147 246
174 273
39 138
60 159
182 281
60 159
56 155
67 166
61 160
142 241
32 131
132 231
151 250
140 239
161 260
52 151
34 133
184 283
115 214
71 170
127 226
133 232
165 264
195 294
156 255
132 231
116 215
196 295
189 288
2 101
161 260
50 149
162 261
176 275
71 170
149 248
41 140
70 169
32 131
194 293
120 219
14 113
135 234
183 282
124 223
72 171
169 268
93 192
75 174
139 238
148 247
119 218
174 273
93 192
100 199
51 150
168 267
126 225
131 230
108 207
168 267
92 191
128 227
118 217
110 209
58 157
71 170
56 155
85 184
59 158
104 203
175 274
92 191
7 106
95 194
83 182
160 259
180 279
173 272
35 134
53 152
175 274
37 136
197 296
167 266
53 152
95 194
31 130
104 203
69 168
111 210
39 138
107 206
197 296
107 206
83 182
25 124
111 210
16 115
146 245
80 179
26 125
37 136
10 109
14 113
108 207
97 196
104 203
1 100
49 148
125 224
31 130
54 153
4 103
181 280
175 274
95 194
166 265
2 101
59 158
137 236
100 199
17 116
31 130
24 123
86 185
177 276
95 194
109 208
155 254
36 135
80 179
69 168
142 241
162 261
27 126
193 292
152 251
135 234
139 238
117 216
83 182
25 124
196 295
70 169
169 268
31 130
186 285
90 189
108 207
33 132
129 228
150 249
156 255
119 218
17 116
197 296
24 123
64 163
183 282
41 140
190 289
82 181
99 198
62 161
112 211
170 269
164 263
63 162
63 162
188 287
177 276
187 286
190 289
131 230
59 158
133 232
148 247
53 152
62 161
165 264
42 141
179 278
2 101
58 157
152 251
157 256
7 106
93 192
104 203
187 286
116 215
42 141
187 286
71 170
120 219
77 176
124 223
61 160
98 197
24 123
141 240
189 288
48 147
138 237
42 141
10 109
169 268
195 294
44 143
31 130
6 105
95 194
106 205
112 211
183 282
20 119
89 188
98 197
23 122
81 180
134 233
81 180
6 105
149 248
110 209
134 233
195 294
22 121
197 296
129 228
70 169
60 159
97 196
175 274
121 220
137 236
126 225
140 239
160 259
154 253
161 260
21 120
17 116
171 270
151 250
78 177
90 189
96 195
137 236
38 137
66 165
196 295
83 182
52 151
189 288
85 184
155 254
9 108
169 268
42 141
125 224
131 230
66 165
68 167
81 180
179 278
49 148
13 112
182 281
181 280
21 120
140 239
147 246
98 197
188 287
49 148
13 112
107 206
154 253
5 104
138 237
87 186
61 160
40 139
76 175
75 174
87 186
77 176
34 133
148 247
18 117
39 138
73 172
87 186
55 154
3 102
143 242
45 144
49 148
32 131
4 103
185 284
112 211
146 245
35 134
110 209
69 168
110 209
166 265
27 126
31 130
31 130
76 175
114 213
195 294
74 173
20 119
34 133
170 269
58 157
109 208
31 130
193 292
172 271
59 158
106 205
186 285
166 265
31 130
109 208
82 181
45 144
169 268
112 211
20 119
122 221
21 120
165 264
135 234
12 111
136 235
92 191
85 184
41 140
118 217
32 131
42 141
148 247
58 157
151 250
88 187
147 246
157 256
100 199
13 112
159 258
190 289
2 101
71 170
176 275
103 202
63 162
72 171
54 153
168 267
94 193
105 204
6 105
108 207
30 129
116 215
51 150
121 220
47 146
90 189
81 180
167 266
95 194
28 127
64 163
88 187
176 275
40 139
130 229
185 284
167 266
20 119
109 208
20 119
144 243
126 225
196 295
102 201
50 149
59 158
178 277
37 136
155 254
98 197
25 124
156 255
124 223
185 284
148 247
119 218
14 113
127 226
112 211
157 256
185 284
6 105
133 232
53 152
148 247
31 130
43 142
113 212
26 125
56 155
124 223
77 176
184 283
118 217
117 216
45 144
80 179
34 133
16 115
67 166
66 165
139 238
15 114
83 182
101 200
148 247
49 148
46 145
58 157
86 185
161 260
191 290
164 263
81 180
22 121
180 279
7 106
186 285
67 166
188 287
118 217
13 112
67 166
31 130
177 276
144 243
60 159
36 135
88 187
144 243
52 151
169 268
175 274
196 295
172 271
76 175
172 271
154 253
128 227
142 241
62 161
23 122
93 192
48 147
164 263
4 103
65 164
91 190
2 101
147 246
116 215
95 194
65 164
165 264
189 288
195 294
20 119
3 102
19 118
3 102
6 105
17 116
162 261
74 173
197 296
68 167
134 233
64 163
68 167
137 236
116 215
39 138
97 196
46 145
121 220
49 148
144 243
40 139
80 179
89 188
7 106
106 205
48 147
115 214
107 206
118 217
51 150
126 225
12 111
176 275
42 141
9 108
67 166
25 124
101 200
76 175
30 129
45 144
76 175
76 175
136 235
157 256
12 111
135 234
197 296
132 231
1 100
89 188
166 265
6 105
197 296
7 106
6 105
60 159
47 146
100 199
112 211
97 196
4 103
18 117
23 122
19 118
88 187
169 268
59 158
6 105
116 215
52 151
49 148
187 286
162 261
167 266
138 237
177 276
114 213
46 145
127 226
165 264
131 230
57 156
83 182
49 148
56 155
50 149
197 296
79 178
52 151
13 112
171 270
99 198
40 139
13 112
124 223
153 252
128 227
59 158
137 236
146 245
61 160
157 256
53 152
171 270
103 202
42 141
107 206
47 146
157 256
7 106
123 222
78 177
124 223
148 247
51 150
37 136
197 296
92 191
37 136
176 275
20 119
152 251
146 245
72 171
8 107
173 272
2 101
191 290
141 240
25 124
163 262
116 215
67 166
101 200
175 274
59 158
196 295
24 123
32 131
136 235
195 294
20 119
11 110
121 220
196 295
191 290
64 163
56 155
180 279
91 190
9 108
117 216
67 166
65 164
140 239
4 103
61 160
89 188
70 169
45 144
150 249
70 169
168 267
48 147
192 291
131 230
144 243
132 231
68 167
129 228
40 139
61 160
119 218
52 151
188 287
171 270
124 223
185 284
87 186
8 107
69 168
5 104
92 191
18 117
101 200
155 254
62 161
165 264
127 226
28 127
104 203
173 272
81 180
84 183
86 185
89 188
18 117
140 239
101 200
153 252
90 189
167 266
95 194
14 113
62 161
23 122
132 231
121 220
4 103
99 198
67 166
76 175
179 278
126 225
126 225
63 162
61 160
127 226
83 182
59 158
83 182
156 255
190 289
108 207
152 251
73 172
31 130
128 227
5 104
130 229
101 200
137 236
156 255
161 260
102 201
98 197
55 154
35 134
20 119
45 144
152 251
12 111
87 186
66 165
155 254
113 212
126 225
93 192
86 185
115 214
72 171
93 192
149 248
67 166
84 183
80 179
81 180
170 269
194 293
168 267
74 173
22 121
177 276
60 159
23 122
96 195
162 261
60 159
58 157
52 151
126 225
72 171
136 235
158 257
139 238
76 175
62 161
178 277
22 121
106 205
146 245
124 223
191 290
110 209
116 215
171 270
107 206
122 221
156 255
173 272
6 105
165 264
27 126
5 104
100 199
176 275
123 222
94 193
141 240
116 215
188 287
162 261
129 228
5 104
47 146
197 296
139 238
138 237
193 292
78 177
29 128
116 215
24 123
126 225
16 115
123 222
108 207
76 175
26 125
85 184
114 213
180 279
39 138
109 208
122 221
59 158
57 156
124 223
99 198
133 232
21 120
106 205
155 254
126 225
103 202
94 193
19 118
53 152
133 232
78 177
97 196
87 186
60 159
67 166
105 204
185 284
38 137
104 203
143 242
92 191
67 166
158 257
57 156
96 195
60 159
49 148
13 112
81 180
33 132
151 250
175 274
7 106
67 166
118 217
28 127
167 266
132 231
85 184
11 110
46 145
14 113
120 219
147 246
108 207
144 243
136 235
48 147
78 177
130 229
143 242
129 228
122 221
194 293
146 245
15 114
126 225
9 108
139 238
59 158
132 231
165 264
22 121
148 247
31 130
54 153
52 151
118 217
47 146
113 212
67 166
70 169
114 213
138 237
0 99
14 113
161 260
54 153
117 216
159 258
133 232
131 230
47 146
107 206
133 232
70 169
48 147
100 199
85 184
98 197
194 293
88 187
21 120
126 225
72 171
140 239
31 130
122 221
74 173
188 287
74 173
18 117
70 169
23 122
16 115
68 167
155 254
173 272
133 232
89 188
40 139
85 184
175 274
147 246
187 286
63 162
180 279
149 248
107 206
88 187
134 233
56 155
124 223
27 126
161 260
141 240
132 231
187 286
45 144
69 168
134 233
95 194
171 270
42 141
129 228
12 111
72 171
195 294
107 206
177 276
174 273
80 179
69 168
73 172
96 195
37 136
37 136
77 176
149 248
39 138
91 190
153 252
86 185
78 177
79 178
45 144
163 262
84 183
187 286
22 121
65 164
171 270
171 270
149 248
96 195
10 109
64 163
79 178
43 142
33 132
170 269
70 169
37 136
58 157
173 272
140 239
130 229
41 140
68 167
139 238
48 147
178 277
107 206
130 229
165 264
76 175
3 102
179 278
91 190
185 284
43 142
51 150
99 198
66 165
37 136
75 174
129 228
85 184
137 236
146 245
37 136
154 253
192 291
23 122
142 241
128 227
158 257
19 118
70 169
142 241
78 177
165 264
46 145
164 263
6 105
25 124
45 144
54 153
180 279
176 275
132 231
191 290
163 262
12 111
124 223
47 146
138 237
180 279
16 115
142 241
57 156
4 103
117 216
111 210
100 199
158 257
55 154
14 113
7 106
135 234
137 236
20 119
143 242
189 288
138 237
45 144
37 136
137 236
134 233
103 202
193 292
39 138
69 168
196 295
18 117
137 236
30 129
16 115
121 220
126 225
168 267
176 275
191 290
130 229
178 277
19 118
77 176
125 224
113 212
144 243
137 236
171 270
177 276
167 266
153 252
158 257
168 267
57 156
140 239
21 120
92 191
192 291
83 182
191 290
90 189
112 211
24 123
1 100
141 240
181 280
64 163
98 197
24 123
77 176
190 289
53 152
25 124
18 117
26 125
187 286
23 122
81 180
24 123
125 224
185 284
93 192
184 283
147 246
183 282
130 229
146 245
170 269
142 241
101 200
118 217
154 253
57 156
58 157
119 218
20 119
153 252
114 213
60 159
123 222
150 249
128 227
71 170
156 255
13 112
10 109
16 115
184 283
102 201
86 185
124 223
39 138
157 256
24 123
36 135
50 149
181 280
89 188
185 284
22 121
87 186
1 100
135 234
113 212
41 140
47 146
108 207
107 206
7 106
76 175
77 176
116 215
162 261
163 262
56 155
127 226
32 131
125 224
68 167
93 192
47 146
106 205
8 107
24 123
0 99
123 222
81 180
179 278
184 283
167 266
8 107
27 126
43 142
96 195
166 265
105 204
63 162
190 289
135 234
48 147
125 224
164 263
7 106
123 222
111 210
47 146
119 218
184 283
111 210
181 280
160 259
130 229
177 276
8 107
176 275
149 248
163 262
28 127
60 159
94 193
126 225
130 229
158 257
96 195
161 260
11 110
45 144
47 146
129 228
77 176
141 240
46 145
93 192
102 201
133 232
113 212
5 104
94 193
81 180
175 274
106 205
30 129
63 162
74 173
108 207
103 202
35 134
132 231
75 174
85 184
172 271
119 218
61 160
180 279
171 270
192 291
121 220
105 204
77 176
190 289
194 293
195 294
77 176
99 198
88 187
49 148
32 131
79 178
96 195
13 112
60 159
50 149
104 203
80 179
36 135
39 138
158 257
11 110
109 208
3 102
95 194
71 170
167 266
127 226
75 174
75 174
54 153
35 134
63 162
38 137
42 141
77 176
12 111
35 134
104 203
58 157
153 252
49 148
91 190
40 139
120 219
73 172
86 185
33 132
183 282
47 146
121 220
2 101
159 258
129 228
189 288
38 137
63 162
12 111
179 278
132 231
141 240
184 283
93 192
141 240
133 232
92 191
16 115
99 198
90 189
161 260
87 186
142 241
179 278
172 271
132 231
58 157
170 269
98 197
98 197
138 237
14 113
2 101
131 230
173 272
89 188
173 272
187 286
78 177
169 268
87 186
116 215
146 245
76 175
95 194
34 133
154 253
136 235
133 232
132 231
122 221
169 268
141 240
157 256
132 231
154 253
93 192
94 193
143 242
1 100
158 257
142 241
142 241
38 137
59 158
186 285
59 158
44 143
180 279
196 295
127 226
109 208
20 119
5 104
113 212
52 151
123 222
188 287
179 278
174 273
197 296
186 285
13 112
166 265
10 109
44 143
19 118
158 257
32 131
101 200
121 220
115 214
126 225
99 198
134 233
135 234
84 183
89 188
38 137
83 182
125 224
106 205
174 273
114 213
156 255
192 291
86 185
176 275
83 182
165 264
30 129
89 188
60 159
3 102
96 195
195 294
34 133
11 110
58 157
178 277
162 261
54 153
139 238
191 290
145 244
24 123
68 167
123 222
147 246
89 188
49 148
177 276
118 217
158 257
87 186
96 195
18 117
97 196
154 253
176 275
169 268
10 109
25 124
141 240
153 252
118 217
5 104
27 126
123 222
189 288
20 119
178 277
111 210
144 243
80 179
46 145
65 164
93 192
161 260
176 275
43 142
141 240
138 237
26 125
148 247
26 125
95 194
139 238
146 245
99 198
164 263
69 168
30 129
117 216
187 286
79 178
195 294
41 140
163 262
81 180
60 159
64 163
36 135
0 99
16 115
7 106
7 106
79 178
31 130
33 132
80 179
118 217
182 281
24 123
65 164
6 105
69 168
0 99
33 132
98 197
148 247
12 111
93 192
197 296
101 200
182 281
10 109
111 210
135 234
115 214
184 283
57 156
129 228
42 141
126 225
142 241
152 251
124 223
21 120
107 206
177 276
81 180
109 208
82 181
154 253
29 128
147 246
24 123
42 141
4 103
38 137
27 126
87 186
137 236
91 190
116 215
101 200
103 202
107 206
37 136
20 119
66 165
48 147
38 137
17 116
166 265
102 201
1 100
48 147
133 232
163 262
56 155
179 278
116 215
48 147
164 263
49 148
24 123
169 268
65 164
102 201
64 163
141 240
26 125
153 252
147 246
24 123
59 158
125 224
74 173
96 195
23 122
128 227
45 144
63 162
125 224
69 168
117 216
81 180
49 148
156 255
110 209
98 197
156 255
84 183
121 220
182 281
60 159
115 214
44 143
106 205
89 188
92 191
57 156
52 151
159 258
180 279
161 260
76 175
111 210
187 286
110 209
18 117
144 243
107 206
79 178
170 269
27 126
55 154
78 177
154 253
170 269
117 216
28 127
147 246
76 175
190 289
50 149
90 189
89 188
98 197
194 293
19 118
31 130
174 273
187 286
115 214
61 160
71 170
78 177
165 264
170 269
161 260
14 113
151 250
162 261
10 109
119 218
104 203
111 210
100 199
37 136
26 125
189 288
118 217
141 240
56 155
131 230
95 194
44 143
137 236
195 294
176 275
118 217
75 174
111 210
195 294
81 180
93 192
84 183
179 278
93 192
93 192
118 217
50 149
32 131
128 227
58 157
184 283
137 236
55 154
189 288
16 115
80 179
49 148
129 228
173 272
168 267
12 111
19 118
36 135
9 108
110 209
167 266
124 223
158 257
185 284
139 238
111 210
171 270
29 128
36 135
136 235
45 144
163 262
125 224
97 196
159 258
18 117
37 136
103 202
65 164
116 215
136 235
22 121
178 277
66 165
169 268
148 247
188 287
197 296
70 169
116 215
91 190
24 123
191 290
5 104
166 265
128 227
183 282
63 162
32 131
72 171
61 160
169 268
159 258
167 266
58 157
119 218
27 126
4 103
176 275
185 284
181 280
159 258
77 176
23 122
187 286
111 210
136 235
2 101
122 221
59 158
174 273
75 174
190 289
161 260
162 261
97 196
8 107
89 188
44 143
197 296
96 195
121 220
157 256
183 282
88 187
166 265
38 137
14 113
38 137
94 193
163 262
29 128
174 273
8 107
179 278
177 276
195 294
176 275
192 291
124 223
91 190
84 183
146 245
92 191
60 159
42 141
3 102
161 260
20 119
41 140
98 197
50 149
176 275
100 199
191 290
175 274
188 287
62 161
181 280
192 291
130 229
20 119
114 213
153 252
11 110
29 128
145 244
186 285
120 219
95 194
144 243
98 197
158 257
137 236
101 200
139 238
150 249
114 213
75 174
55 154
168 267
173 272
125 224
89 188
107 206
114 213
99 198
75 174
21 120
175 274
195 294
157 256
127 226
30 129
45 144
67 166
170 269
16 115
85 184
196 295
53 152
121 220
14 113
66 165
49 148
129 228
49 148
95 194
0 99
94 193
116 215
39 138
146 245
186 285
61 160
31 130
146 245
76 175
145 244
183 282
94 193
126 225
77 176
125 224
52 151
143 242
127 226
136 235
157 256
129 228
98 197
111 210
58 157
88 187
179 278
184 283
80 179
149 248
191 290
74 173
137 236
136 235
76 175
187 286
19 118
119 218
115 214
78 177
130 229
134 233
55 154
6 105
9 108
151 250
158 257
107 206
94 193
20 119
62 161
130 229
161 260
90 189
154 253
129 228
24 123
78 177
118 217
37 136
78 177
71 170
80 179
44 143
123 222
95 194
100 199
157 256
91 190
11 110
175 274
66 165
19 118
124 223
175 274
72 171
96 195
160 259
118 217
151 250
122 221
179 278
8 107
28 127
16 115
132 231
40 139
54 153
48 147
4 103
69 168
177 276
136 235
163 262
160 259
177 276
36 135
21 120
180 279
149 248
194 293
46 145
80 179
54 153
55 154
150 249
110 209
177 276
77 176
135 234
13 112
92 191
31 130
133 232
114 213
101 200
95 194
69 168
178 277
192 291
155 254
21 120
78 177
121 220
1 100
82 181
146 245
129 228
176 275
126 225
65 164
2 101
56 155
61 160
112 211
8 107
25 124
169 268
5 104
101 200
5 104
72 171
129 228
59 158
163 262
33 132
91 190
181 280
131 230
27 126
148 247
170 269
3 102
194 293
99 198
83 182
5 104
196 295
71 170
144 243
124 223
111 210
114 213
162 261
143 242
68 167
24 123
5 104
130 229
94 193
187 286
150 249
148 247
96 195
191 290
96 195
172 271
12 111
68 167
4 103
58 157
136 235
5 104
55 154
68 167
42 141
137 236
61 160
193 292
16 115
86 185
162 261
136 235
107 206
188 287
165 264
189 288
71 170
106 205
105 204
181 280
44 143
112 211
77 176
39 138
32 131
41 140
186 285
27 126
28 127
155 254
179 278
46 145
42 141
32 131
72 171
193 292
47 146
24 123
160 259
117 216
138 237
78 177
94 193
168 267
108 207
190 289
25 124
154 253
118 217
182 281
16 115
167 266
88 187
107 206
68 167
186 285
122 221
191 290
95 194
33 132
92 191
134 233
135 234
49 148
41 140
85 184
178 277
63 162
155 254
139 238
100 199
195 294
115 214
173 272
187 286
86 185
110 209
6 105
33 132
172 271
191 290
189 288
22 121
35 134
114 213
122 221
7 106
174 273
88 187
129 228
60 159
28 127
143 242
75 174
112 211
185 284
61 160
56 155
178 277
74 173
169 268
167 266
36 135
144 243
30 129
66 165
82 181
95 194
129 228
114 213
118 217
27 126
109 208
175 274
14 113
94 193
42 141
80 179
78 177
134 233
0 99
3 102
119 218
150 249
114 213
166 265
41 140
50 149
131 230
122 221
123 222
12 111
142 241
152 251
80 179
121 220
49 148
196 295
58 157
131 230
136 235
38 137
63 162
133 232
20 119
134 233
34 133
76 175
176 275
163 262
183 282
33 132
87 186
159 258
187 286
113 212
30 129
135 234
68 167
89 188
126 225
66 165
81 180
3 102
164 263
49 148
125 224
191 290
159 258
41 140
10 109
160 259
100 199
78 177
112 211
24 123
40 139
151 250
41 140
121 220
86 185
167 266
7 106
149 248
143 242
77 176
154 253
16 115
119 218
5 104
193 292
191 290
81 180
4 103
147 246
141 240
53 152
38 137
46 145
112 211
34 133
52 151
109 208
181 280
132 231
32 131
9 108
167 266
42 141
118 217
41 140
46 145
92 191
134 233
32 131
169 268
193 292
26 125
73 172
115 214
88 187
178 277
88 187
18 117
17 116
118 217
182 281
195 294
35 134
121 220
179 278
144 243
46 145
49 148
76 175
153 252
134 233
128 227
13 112
127 226
154 253
51 150
175 274
4 103
145 244
1 100
134 233
97 196
101 200
24 123
106 205
4 103
48 147
141 240
116 215
69 168
34 133
90 189
129 228
73 172
24 123
130 229
1 100
73 172
62 161
20 119
96 195
104 203
40 139
148 247
153 252
111 210
155 254
170 269
121 220
123 222
171 270
91 190
119 218
182 281
43 142
124 223
145 244
162 261
1 100
8 107
160 259
45 144
184 283
33 132
111 210
116 215
104 203
176 275
109 208
184 283
16 115
70 169
105 204
50 149
135 234
132 231
59 158
82 181
103 202
136 235
167 266
128 227
72 171
15 114
69 168
99 198
42 141
139 238
82 181
192 291
76 175
177 276
107 206
133 232
28 127
93 192
109 208
111 210
138 237
149 248
137 236
164 263
49 148
83 182
197 296
183 282
126 225
180 279
53 152
109 208
89 188
125 224
17 116
0 99
69 168
189 288
188 287
186 285
125 224
9 108
12 111
155 254
117 216
124 223
2 101
172 271
180 279
190 289
144 243
138 237
38 137
162 261
172 271
4 103
143 242
163 262
6 105
75 174
2 101
157 256
81 180
154 253
50 149
0 99
156 255
116 215
177 276
169 268
188 287
48 147
65 164
19 118
181 280
103 202
89 188
96 195
90 189
84 183
97 196
97 196
27 126
51 150
21 120
196 295
178 277
101 200
10 109
109 208
132 231
9 108
13 112
8 107
24 123
131 230
128 227
60 159
157 256
168 267
80 179
172 271
16 115
167 266
40 139
191 290
107 206
63 162
101 200
165 264
100 199
82 181
44 143
0 99
43 142
3 102
114 213
105 204
118 217
19 118
156 255
57 156
163 262
88 187
160 259
48 147
161 260
111 210
33 132
42 141
189 288
175 274
48 147
31 130
115 214
103 202
45 144
152 251
185 284
178 277
112 211
110 209
16 115
103 202
11 110
92 191
72 171
149 248
91 190
109 208
101 200
4 103
27 126
194 293
87 186
101 200
128 227
29 128
30 129
169 268
38 137
136 235
107 206
59 158
119 218
160 259
175 274
17 116
160 259
73 172
177 276
57 156
11 110
10 109
103 202
35 134
159 258
125 224
98 197
8 107
180 279
47 146
5 104
36 135
63 162
185 284
83 182
2 101
95 194
170 269
179 278
121 220
121 220
32 131
175 274
155 254
41 140
95 194
118 217
85 184
73 172
38 137
172 271
54 153
155 254
192 291
112 211
75 174
23 122
156 255
62 161
6 105
103 202
4 103
80 179
145 244
57 156
63 162
172 271
17 116
16 115
37 136
12 111
72 171
16 115
69 168
57 156
31 130
169 268
193 292
126 225
68 167
51 150
30 129
65 164
142 241
193 292
123 222
37 136
131 230
6 105
15 114
33 132
45 144
86 185
121 220
141 240
25 124
111 210
101 200
141 240
160 259
125 224
91 190
89 188
109 208
178 277
187 286
152 251
92 191
73 172
96 195
17 116
151 250
36 135
189 288
52 151
138 237
163 262
87 186
4 103
89 188
63 162
62 161
70 169
95 194
1 100
180 279
116 215
80 179
195 294
182 281
50 149
104 203
104 203
197 296
154 253
58 157
154 253
33 132
26 125
63 162
4 103
113 212
145 244
2 101
190 289
121 220
0 99
120 219
139 238
11 110
130 229
130 229
165 264
41 140
179 278
72 171
39 138
128 227
108 207
64 163
56 155
142 241
138 237
108 207
34 133
119 218
93 192
33 132
172 271
189 288
143 242
31 130
172 271
127 226
150 249
33 132
104 203
169 268
108 207
3 102
181 280
142 241
157 256
122 221
37 136
29 128
182 281
35 134
145 244
107 206
43 142
21 120
77 176
79 178
164 263
150 249
80 179
46 145
141 240
155 254
196 295
3 102
16 115
137 236
32 131
40 139
108 207
194 293
82 181
125 224
71 170
111 210
78 177
187 286
94 193
161 260
76 175
190 289
97 196
116 215
53 152
31 130
136 235
120 219
133 232
112 211
116 215
8 107
182 281
113 212
190 289
25 124
137 236
75 174
75 174
47 146
128 227
181 280
20 119
181 280
100 199
38 137
161 260
141 240
190 289
15 114
193 292
22 121
82 181
32 131
21 120
13 112
56 155
75 174
5 104
19 118
166 265
10 109
155 254
158 257
67 166
3 102
10 109
66 165
73 172
177 276
3 102
120 219
124 223
137 236
171 270
178 277
177 276
98 197
164 263
38 137
188 287
194 293
190 289
134 233
53 152
123 222
79 178
61 160
58 157
166 265
70 169
26 125
21 120
196 295
78 177
109 208
194 293
148 247
104 203
150 249
58 157
163 262
166 265
87 186
163 262
139 238
183 282
133 232
127 226
194 293
133 232
134 233
122 221
129 228
47 146
95 194
143 242
111 210
165 264
8 107
117 216
120 219
193 292
25 124
3 102
175 274
35 134
194 293
77 176
121 220
77 176
135 234
77 176
196 295
86 185
119 218
19 118
171 270
184 283
84 183
178 277
144 243
6 105
157 256
151 250
191 290
64 163
58 157
192 291
114 213
150 249
42 141
12 111
95 194
90 189
130 229
169 268
71 170
153 252
26 125
64 163
28 127
130 229
178 277
150 249
38 137
165 264
122 221
1 100
145 244
141 240
5 104
16 115
189 288
61 160
112 211
96 195
113 212
15 114
98 197
66 165
136 235
2 101
85 184
178 277
166 265
111 210
139 238
180 279
34 133
89 188
63 162
11 110
67 166
48 147
64 163
126 225
173 272
177 276
195 294
68 167
169 268
20 119
92 191
20 119
144 243
121 220
25 124
24 123
124 223
112 211
27 126
96 195
39 138
103 202
156 255
80 179
61 160
182 281
155 254
170 269
110 209
96 195
69 168
187 286
151 250
139 238
105 204
65 164
48 147
141 240
191 290
22 121
113 212
37 136
9 108
108 207
67 166
117 216
18 117
191 290
75 174
132 231
71 170
35 134
190 289
161 260
49 148
13 112
178 277
165 264
154 253
93 192
56 155
146 245
33 132
99 198
168 267
53 152
160 259
24 123
163 262
8 107
165 264
135 234
134 233
24 123
134 233
52 151
169 268
101 200
49 148
37 136
47 146
80 179
158 257
138 237
75 174
14 113
8 107
130 229
8 107
127 226
190 289
46 145
129 228
69 168
71 170
93 192
172 271
149 248
104 203
108 207
12 111
90 189
58 157
164 263
5 104
11 110
49 148
8 107
40 139
81 180
120 219
191 290
135 234
178 277
63 162
166 265
51 150
101 200
89 188
99 198
195 294
116 215
134 233
25 124
183 282
102 201
9 108
153 252
158 257
88 187
190 289
83 182
30 129
192 291
194 293
86 185
103 202
125 224
105 204
111 210
135 234
120 219
92 191
91 190
170 269
0 99
66 165
58 157
82 181
175 274
35 134
70 169
159 258
18 117
135 234
100 199
138 237
50 149
89 188
182 281
26 125
120 219
119 218
172 271
92 191
26 125
81 180
184 283
189 288
190 289
31 130
137 236
116 215
73 172
171 270
58 157
38 137
20 119
178 277
190 289
167 266
23 122
190 289
108 207
182 281
175 274
166 265
11 110
53 152
177 276
191 290
117 216
43 142
154 253
183 282
184 283
75 174
36 135
121 220
169 268
78 177
11 110
127 226
194 293
3 102
38 137
56 155
3 102
32 131
143 242
126 225
144 243
145 244
72 171
29 128
113 212
168 267
112 211
61 160
82 181
25 124
148 247
3 102
11 110
165 264
93 192
160 259
126 225
37 136
7 106
64 163
90 189
90 189
104 203
23 122
74 173
85 184
197 296
167 266
26 125
69 168
11 110
104 203
98 197
84 183
1 100
168 267
59 158
194 293
125 224
34 133
91 190
151 250
197 296
79 178
37 136
160 259
109 208
169 268
176 275
29 128
53 152
133 232
51 150
40 139
91 190
131 230
131 230
148 247
137 236
19 118
156 255
59 158
28 127
28 127
171 270
10 109
190 289
181 280
148 247
94 193
36 135
44 143
43 142
193 292
164 263
197 296
152 251
155 254
52 151
41 140
105 204
108 207
81 180
99 198
49 148
195 294
45 144
144 243
23 122
89 188
186 285
69 168
197 296
104 203
51 150
119 218
102 201
97 196
63 162
63 162
34 133
160 259
65 164
195 294
60 159
42 141
155 254
62 161
82 181
1 100
193 292
177 276
127 226
154 253
159 258
27 126
83 182
58 157
85 184
141 240
65 164
50 149
122 221
21 120
126 225
119 218
141 240
1 100
68 167
144 243
30 129
164 263
184 283
34 133
135 234
183 282
191 290
22 121
158 257
142 241
52 151
94 193
106 205
79 178
66 165
185 284
105 204
52 151
79 178
38 137
75 174
142 241
51 150
163 262
12 111
180 279
99 198
69 168
20 119
124 223
147 246
47 146
102 201
170 269
176 275
173 272
33 132
100 199
82 181
68 167
33 132
82 181
66 165
127 226
122 221
126 225
36 135
62 161
117 216
55 154
3 102
164 263
170 269
138 237
154 253
81 180
23 122
42 141
45 144
22 121
196 295
2 101
66 165
26 125
133 232
2 101
163 262
166 265
33 132
131 230
179 278
183 282
195 294
17 116
167 266
113 212
73 172
156 255
176 275
27 126
33 132
15 114
105 204
189 288
170 269
16 115
97 196
191 290
145 244
48 147
121 220
178 277
32 131
138 237
133 232
29 128
192 291
99 198
114 213
129 228
135 234
28 127
24 123
88 187
21 120
27 126
163 262
9 108
127 226
103 202
151 250
74 173
89 188
16 115
121 220
55 154
89 188
41 140
139 238
134 233
108 207
89 188
49 148
97 196
168 267
58 157
142 241
62 161
53 152
66 165
15 114
21 120
177 276
74 173
100 199
191 290
79 178
152 251
36 135
121 220
184 283
49 148
25 124
163 262
65 164
107 206
93 192
85 184
151 250
53 152
4 103
185 284
167 266
117 216
33 132
129 228
188 287
99 198
121 220
105 204
17 116
74 173
110 209
145 244
107 206
66 165
164 263
183 282
33 132
10 109
87 186
22 121
62 161
152 251
112 211
105 204
33 132
12 111
33 132
176 275
132 231
119 218
107 206
15 114
117 216
176 275
145 244
194 293
118 217
196 295
185 284
55 154
81 180
118 217
174 273
188 287
5 104
152 251
155 254
70 169
130 229
135 234
35 134
104 203
174 273
53 152
149 248
173 272
1 100
159 258
38 137
33 132
6 105
77 176
109 208
75 174
58 157
95 194
102 201
137 236
72 171
53 152
124 223
152 251
163 262
187 286
178 277
180 279
78 177
46 145
23 122
116 215
149 248
118 217
172 271
83 182
130 229
134 233
39 138
42 141
176 275
120 219
117 216
112 211
9 108
51 150
71 170
83 182
47 146
180 279
122 221
22 121
133 232
190 289
62 161
14 113
106 205
97 196
81 180
5 104
52 151
115 214
161 260
17 116
3 102
7 106
196 295
69 168
86 185
159 258
83 182
20 119
51 150
151 250
174 273
140 239
47 146
121 220
142 241
158 257
23 122
49 148
80 179
97 196
27 126
185 284
175 274
133 232
98 197
6 105
34 133
18 117
158 257
106 205
13 112
47 146
71 170
14 113
152 251
194 293
109 208
74 173
91 190
161 260
141 240
136 235
130 229
115 214
40 139
30 129
93 192
141 240
42 141
84 183
25 124
124 223
15 114
28 127
124 223
148 247
100 199
131 230
128 227
92 191
20 119
39 138
146 245
64 163
62 161
142 241
13 112
170 269
139 238
127 226
0 99
56 155
61 160
49 148
23 122
45 144
124 223
150 249
35 134
123 222
127 226
40 139
71 170
41 140
128 227
68 167
192 291
96 195
150 249
163 262
143 242
91 190
30 129
126 225
34 133
35 134
11 110
163 262
148 247
45 144
66 165
10 109
7 106
105 204
106 205
177 276
185 284
90 189
25 124
85 184
52 151
125 224
180 279
61 160
175 274
100 199
87 186
88 187
159 258
34 133
32 131
193 292
143 242
130 229
88 187
126 225
101 200
141 240
184 283
160 259
54 153
33 132
171 270
143 242
139 238
106 205
189 288
21 120
62 161
129 228
112 211
96 195
173 272
74 173
25 124
21 120
61 160
28 127
11 110
109 208
33 132
134 233
93 192
36 135
47 146
145 244
104 203
88 187
40 139
89 188
129 228
40 139
119 218
143 242
114 213
23 122
121 220
61 160
69 168
57 156
88 187
38 137
139 238
166 265
104 203
190 289
35 134
46 145
135 234
193 292
166 265
68 167
60 159
95 194
136 235
82 181
122 221
123 222
166 265
60 159
3 102
153 252
4 103
155 254
159 258
186 285
70 169
165 264
69 168
197 296
19 118
192 291
144 243
85 184
53 152
125 224
149 248
6 105
149 248
162 261
88 187
196 295
20 119
126 225
123 222
65 164
184 283
89 188
12 111
168 267
27 126
84 183
181 280
172 271
197 296
43 142
39 138
153 252
7 106
22 121
165 264
116 215
61 160
13 112
131 230
16 115
190 289
97 196
12 111
146 245
20 119
32 131
22 121
121 220
145 244
88 187
143 242
41 140
11 110
151 250
174 273
30 129
68 167
77 176
29 128
63 162
134 233
98 197
38 137
126 225
181 280
175 274
47 146
36 135
193 292
135 234
184 283
79 178
167 266
60 159
176 275
171 270
166 265
6 105
63 162
79 178
106 205
181 280
177 276
63 162
44 143
143 242
40 139
13 112
129 228
24 123
125 224
28 127
86 185
84 183
110 209
192 291
164 263
94 193
172 271
82 181
112 211
183 282
116 215
78 177
75 174
103 202
118 217
20 119
100 199
54 153
23 122
182 281
138 237
64 163
43 142
51 150
49 148
54 153
110 209
197 296
11 110
131 230
121 220
149 248
27 126
98 197
78 177
124 223
34 133
189 288
1 100
150 249
165 264
169 268
153 252
60 159
161 260
139 238
175 274
153 252
25 124
77 176
155 254
158 257
85 184
68 167
57 156
7 106
82 181
82 181
139 238
112 211
105 204
139 238
98 197
3 102
53 152
66 165
64 163
105 204
159 258
195 294
123 222
13 112
196 295
22 121
94 193
148 247
37 136
118 217
160 259
91 190
175 274
26 125
75 174
51 150
34 133
78 177
78 177
88 187
186 285
104 203
74 173
104 203
145 244
73 172
24 123
89 188
103 202
32 131
194 293
23 122
167 266
61 160
196 295
181 280
66 165
114 213
60 159
63 162
152 251
157 256
129 228
93 192
171 270
76 175
78 177
67 166
171 270
90 189
21 120
170 269
97 196
115 214
142 241
24 123
59 158
187 286
182 281
56 155
180 279
145 244
79 178
190 289
20 119
110 209
185 284
134 233
93 192
48 147
62 161
87 186
96 195
126 225
93 192
18 117
60 159
88 187
22 121
69 168
81 180
137 236
50 149
90 189
159 258
185 284
77 176
178 277
169 268
134 233
176 275
45 144
52 151
176 275
176 275
187 286
19 118
195 294
180 279
4 103
86 185
183 282
94 193
62 161
194 293
195 294
108 207
163 262
88 187
36 135
57 156
104 203
60 159
13 112
173 272
106 205
41 140
77 176
180 279
95 194
69 168
24 123
47 146
84 183
12 111
18 117
67 166
68 167
30 129
97 196
71 170
89 188
169 268
34 133
23 122
188 287
62 161
104 203
135 234
184 283
19 118
152 251
26 125
124 223
183 282
106 205
121 220
88 187
21 120
91 190
130 229
188 287
53 152
29 128
81 180
41 140
3 102
22 121
184 283
59 158
83 182
90 189
16 115
45 144
125 224
43 142
92 191
170 269
2 101
190 289
189 288
44 143
31 130
105 204
72 171
183 282
78 177
112 211
13 112
80 179
162 261
121 220
96 195
56 155
179 278
141 240
193 292
5 104
63 162
158 257
98 197
133 232
101 200
175 274
146 245
100 199
51 150
39 138
188 287
5 104
194 293
45 144
91 190
165 264
32 131
122 221
89 188
186 285
129 228
80 179
127 226
16 115
72 171
141 240
69 168
193 292
44 143
7 106
94 193
130 229
92 191
19 118
80 179
50 149
64 163
132 231
138 237
18 117
169 268
69 168
171 270
164 263
7 106
31 130
57 156
54 153
165 264
13 112
73 172
193 292
8 107
135 234
16 115
106 205
21 120
60 159
10 109
13 112
13 112
154 253
191 290
18 117
2 101
28 127
70 169
28 127
155 254
118 217
13 112
55 154
192 291
44 143
176 275
86 185
68 167
174 273
85 184
126 225
30 129
122 221
73 172
128 227
56 155
187 286
2 101
182 281
69 168
125 224
26 125
152 251
96 195
26 125
122 221
13 112
88 187
17 116
58 157
49 148
66 165
132 231
39 138
129 228
69 168
137 236
181 280
113 212
168 267
195 294
113 212
41 140
192 291
78 177
153 252
42 141
119 218
151 250
188 287
61 160
182 281
137 236
197 296
182 281
152 251
75 174
42 141
195 294
117 216
156 255
6 105
47 146
50 149
189 288
23 122
109 208
11 110
27 126
156 255
195 294
88 187
27 126
162 261
57 156
156 255
58 157
89 188
14 113
125 224
165 264
158 257
21 120
62 161
24 123
84 183
137 236
123 222
126 225
125 224
68 167
134 233
124 223
128 227
58 157
188 287
129 228
79 178
43 142
162 261
76 175
183 282
154 253
70 169
55 154
180 279
11 110
100 199
43 142
18 117
106 205
195 294
180 279
53 152
23 122
28 127
31 130
127 226
167 266
73 172
6 105
92 191
28 127
129 228
7 106
78 177
190 289
79 178
195 294
170 269
88 187
117 216
15 114
114 213
46 145
74 173
93 192
37 136
177 276
135 234
184 283
53 152
87 186
151 250
166 265
79 178
161 260
28 127
54 153
11 110
87 186
194 293
160 259
111 210
53 152
123 222
105 204
77 176
71 170
9 108
111 210
124 223
15 114
106 205
131 230
69 168
112 211
163 262
161 260
161 260
58 157
131 230
66 165
58 157
103 202
16 115
119 218
125 224
145 244
190 289
134 233
178 277
145 244
157 256
181 280
69 168
23 122
194 293
92 191
28 127
161 260
17 116
101 200
45 144
9 108
138 237
31 130
103 202
66 165
112 211
79 178
97 196
131 230
24 123
57 156
33 132
14 113
17 116
18 117
129 228
60 159
63 162
21 120
52 151
152 251
77 176
163 262
197 296
26 125
128 227
176 275
68 167
170 269
167 266
175 274
11 110
120 219
114 213
114 213
77 176
53 152
129 228
35 134
114 213
175 274
114 213
9 108
27 126
95 194
23 122
131 230
81 180
62 161
111 210
189 288
57 156
86 185
177 276
13 112
94 193
86 185
33 132
5 104
39 138
170 269
149 248
117 216
20 119
65 164
50 149
12 111
46 145
17 116
156 255
47 146
186 285
7 106
107 206
60 159
56 155
21 120
62 161
123 222
3 102
8 107
180 279
164 263
10 109
40 139
90 189
118 217
26 125
95 194
62 161
13 112
75 174
47 146
10 109
148 247
1 100
89 188
13 112
188 287
184 283
130 229
91 190
192 291
154 253
183 282
13 112
197 296
87 186
138 237
24 123
92 191
189 288
191 290
53 152
7 106
168 267
33 132
78 177
122 221
41 140
19 118
95 194
155 254
109 208
156 255
133 232
69 168
126 225
184 283
3 102
37 136
118 217
81 180
88 187
74 173
132 231
169 268
175 274
74 173
115 214
56 155
197 296
48 147
184 283
167 266
159 258
7 106
135 234
196 295
20 119
37 136
77 176
28 127
166 265
29 128
31 130
117 216
1 100
98 197
89 188
34 133
106 205
73 172
176 275
187 286
96 195
13 112
175 274
128 227
131 230
20 119
53 152
114 213
81 180
135 234
41 140
124 223
19 118
132 231
197 296
46 145
106 205
104 203
156 255
31 130
115 214
6 105
147 246
29 128
40 139
181 280
197 296
163 262
115 214
127 226
147 246
127 226
119 218
184 283
45 144
86 185
90 189
196 295
106 205
25 124
85 184
148 247
124 223
107 206
178 277
14 113
157 256
148 247
160 259
91 190
82 181
62 161
105 204
129 228
166 265
9 108
116 215
50 149
67 166
52 151
163 262
61 160
59 158
165 264
83 182
60 159
96 195
195 294
133 232
82 181
92 191
116 215
130 229
95 194
134 233
148 247
103 202
35 134
184 283
102 201
33 132
44 143
94 193
15 114
72 171
128 227
2 101
14 113
99 198
66 165
139 238
143 242
165 264
4 103
145 244
72 171
110 209
20 119
110 209
123 222
164 263
106 205
131 230
189 288
73 172
114 213
101 200
130 229
154 253
63 162
143 242
167 266
42 141
81 180
181 280
180 279
142 241
171 270
70 169
65 164
54 153
56 155
46 145
177 276
160 259
61 160
108 207
128 227
180 279
143 242
13 112
169 268
150 249
92 191
41 140
82 181
133 232
128 227
116 215
69 168
120 219
22 121
72 171
27 126
164 263
151 250
57 156
62 161
115 214
117 216
94 193
120 219
31 130
135 234
175 274
62 161
159 258
53 152
63 162
15 114
53 152
61 160
192 291
172 271
18 117
1 100
160 259
126 225
68 167
145 244
118 217
21 120
16;156504
76 175
118 217
109 208
44 143
91 190
170 269
172 271
149 248
166 265
63 162
194 293
47 146
81 180
15 114
95 194
91 190
176 275
127 226
188 287
132 231
195 294
168 267
0 99
100 199
165 264
131 230
186 285
90 189
166 265
104 203
154 253
66 165
159 258
118 217
12 111
123 222
52 151
4 103
124 223
174 273
47 146
76 175
128 227
21 120
130 229
7 106
91 190
36 135
181 280
59 158
50 149
74 173
181 280
48 147
1 100
122 221
150 249
24 123
40 139
9 108
175 274
123 222
186 285
146 245
51 150
3 102
127 226
154 253
134 233
79 178
44 143
122 221
157 256
19 118
47 146
101 200
7 106
26 125
109 208
18 117
44 143
47 146
85 184
93 192
184 283
153 252
127 226
113 212
165 264
112 211
144 243
118 217
89 188
179 278
9 108
5 104
182 281
35 134
148 247
184 283
146 245
29 128
61 160
93 192
170 269
101 200
191 290
124 223
29 128
133 232
119 218
0 99
195 294
111 210
58 157
64 163
89 188
182 281
14 113
28 127
93 192
197 296
57 156
178 277
156 255
161 260
165 264
10 109
92 191
132 231
170 269
10 109
173 272
186 285
98 197
182 281
88 187
131 230
157 256
22 121
188 287
180 279
40 139
59 158
102 201
8 107
196 295
87 186
72 171
142 241
176 275
71 170
87 186
42 141
24 123
19 118
116 215
7 106
62 161
69 168
44 143
144 243
181 280
16 115
64 163
148 247
22 121
176 275
30 129
172 271
168 267
88 187
34 133
29 128
124 223
177 276
80 179
176 275
142 241
34 133
37 136
47 146
165 264
111 210
77 176
14 113
11 110
6 105
156 255
172 271
6 105
141 240
47 146
53 152
186 285
68 167
87 186
51 150
80 179
181 280
77 176
187 286
81 180
153 252
54 153
34 133
67 166
130 229
78 177
95 194
142 241
55 154
170 269
147 246
46 145
133 232
188 287
116 215
65 164
99 198
135 234
4 103
119 218
187 286
164 263
128 227
65 164
105 204
28 127
141 240
67 166
143 242
139 238
133 232
46 145
25 124
9 108
188 287
70 169
12 111
133 232
172 271
111 210
42 141
145 244
58 157
94 193
26 125
117 216
82 181
182 281
92 191
49 148
165 264
116 215
59 158
81 180
95 194
90 189
92 191
187 286
97 196
192 291
16 115
186 285
44 143
44 143
107 206
22 121
177 276
44 143
80 179
39 138
63 162
18 117
189 288
163 262
145 244
30 129
168 267
48 147
50 149
123 222
47 146
9 108
14 113
108 207
10 109
108 207
154 253
102 201
160 259
128 227
97 196
8 107
89 188
185 284
41 140
1 100
53 152
54 153
73 172
46 145
147 246
193 292
34 133
148 247
160 259
119 218
114 213
127 226
94 193
143 242
25 124
76 175
115 214
166 265
122 221
110 209
158 257
174 273
107 206
196 295
151 250
36 135
178 277
154 253
86 185
0 99
116 215
189 288
169 268
159 258
87 186
54 153
63 162
63 162
175 274
7 106
15 114
165 264
41 140
6 105
86 185
62 161
77 176
123 222
51 150
28 127
172 271
3 102
53 152
123 222
150 249
188 287
153 252
60 159
18 117
108 207
26 125
192 291
7 106
79 178
31 130
181 280
29 128
14 113
194 293
47 146
187 286
57 156
194 293
30 129
145 244
117 216
164 263
140 239
101 200
80 179
140 239
22 121
72 171
28 127
20 119
30 129
119 218
129 228
25 124
35 134
53 152
101 200
136 235
99 198
102 201
36 135
103 202
25 124
93 192
103 202
103 202
167 266
71 170
12 111
117 216
110 209
42 141
187 286
19 118
176 275
79 178
14 113
98 197
120 219
134 233
44 143
15 114
184 283
191 290
29 128
74 173
161 260
0 99
48 147
48 147
194 293
103 202
28 127
178 277
56 155
98 197
77 176
111 210
78 177
193 292
127 226
12 111
31 130
88 187
62 161
48 147
117 216
104 203
63 162
138 237
148 247
24 123
159 258
113 212
142 241
185 284
34 133
4 103
161 260
142 241
166 265
45 144
84 183
19 118
116 215
109 208
10 109
133 232
166 265
108 207
52 151
127 226
143 242
92 191
125 224
138 237
96 195
4 103
174 273
57 156
106 205
33 132
164 263
32 131
144 243
4 103
15 114
42 141
71 170
14 113
91 190
27 126
91 190
51 150
170 269
11 110
164 263
59 158
138 237
76 175
62 161
144 243
180 279
154 253
11 110
131 230
78 177
156 255
131 230
74 173
73 172
164 263
137 236
88 187
117 216
77 176
20 119
96 195
108 207
3 102
189 288
196 295
39 138
58 157
113 212
86 185
140 239
155 254
93 192
132 231
113 212
147 246
118 217
14 113
41 140
46 145
197 296
44 143
143 242
134 233
132 231
20 119
18 117
3 102
74 173
134 233
120 219
174 273
19 118
38 137
60 159
152 251
154 253
112 211
38 137
10 109
54 153
118 217
158 257
131 230
84 183
54 153
79 178
6 105
136 235
21 120
196 295
135 234
143 242
60 159
91 190
72 171
126 225
72 171
158 257
68 167
116 215
18 117
8 107
48 147
158 257
59 158
46 145
7 106
158 257
48 147
114 213
190 289
157 256
146 245
156 255
183 282
43 142
143 242
164 263
21 120
79 178
101 200
108 207
42 141
188 287
151 250
171 270
117 216
19 118
55 154
110 209
182 281
7 106
126 225
143 242
32 131
102 201
29 128
63 162
166 265
77 176
100 199
169 268
60 159
118 217
141 240
136 235
121 220
97 196
57 156
158 257
173 272
149 248
36 135
65 164
111 210
196 295
41 140
48 147
165 264
165 264
96 195
133 232
93 192
72 171
100 199
112 211
38 137
62 161
52 151
174 273
195 294
138 237
6 105
182 281
9 108
76 175
169 268
173 272
182 281
2 101
26 125
92 191
57 156
171 270
0 99
103 202
47 146
150 249
115 214
122 221
77 176
57 156
14 113
181 280
191 290
126 225
25 124
63 162
9 108
82 181
23 122
124 223
62 161
193 292
78 177
152 251
4 103
128 227
152 251
192 291
141 240
6 105
34 133
148 247
174 273
161 260
35 134
13 112
88 187
84 183
167 266
161 260
103 202
31 130
85 184
131 230
67 166
123 222
51 150
97 196
40 139
29 128
195 294
126 225
9 108
167 266
135 234
105 204
165 264
3 102
154 253
154 253
102 201
21 120
87 186
161 260
182 281
87 186
102 201
105 204
89 188
94 193
11 110
4 103
92 191
17 116
164 263
185 284
61 160
186 285
23 122
42 141
172 271
51 150
131 230
80 179
109 208
106 205
62 161
42 141
6 105
147 246
91 190
94 193
98 197
76 175
126 225
101 200
39 138
142 241
113 212
36 135
144 243
120 219
124 223
120 219
136 235
194 293
17 116
129 228
122 221
44 143
10 109
125 224
164 263
54 153
175 274
84 183
169 268
23 122
109 208
118 217
45 144
120 219
75 174
112 211
180 279
151 250
168 267
102 201
176 275
66 165
156 255
88 187
12 111
99 198
148 247
191 290
141 240
56 155
84 183
98 197
163 262
111 210
141 240
14 113
167 266
54 153
57 156
3 102
56 155
149 248
142 241
161 260
6 105
74 173
171 270
36 135
135 234
54 153
150 249
188 287
107 206
15 114
91 190
45 144
86 185
9 108
45 144
135 234
10 109
157 256
3 102
24 123
75 174
64 163
36 135
173 272
125 224
119 218
154 253
28 127
158 257
190 289
144 243
104 203
152 251
158 257
144 243
139 238
61 160
21 120
106 205
88 187
170 269
155 254
157 256
116 215
78 177
158 257
191 290
13 112
72 171
188 287
135 234
33 132
60 159
27 126
89 188
188 287
116 215
86 185
4 103
87 186
96 195
111 210
155 254
57 156
20 119
178 277
191 290
92 191
91 190
158 257
44 143
183 282
167 266
147 246
62 161
26 125
44 143
103 202
180 279
122 221
173 272
162 261
152 251
184 283
135 234
147 246
110 209
182 281
80 179
23 122
140 239
67 166
73 172
56 155
123 222
60 159
157 256
96 195
27 126
97 196
132 231
17 116
158 257
178 277
123 222
96 195
138 237
29 128
112 211
82 181
75 174
194 293
36 135
11 110
45 144
140 239
160 259
77 176
188 287
157 256
61 160
5 104
120 219
82 181
129 228
82 181
36 135
101 200
54 153
167 266
132 231
84 183
132 231
70 169
87 186
15 114
193 292
6 105
68 167
115 214
95 194
81 180
171 270
0 99
187 286
73 172
10 109
65 164
163 262
38 137
89 188
44 143
19 118
155 254
73 172
128 227
26 125
191 290
167 266
169 268
36 135
178 277
126 225
147 246
58 157
183 282
196 295
173 272
110 209
72 171
161 260
21 120
120 219
15 114
86 185
162 261
131 230
70 169
99 198
117 216
26 125
140 239
65 164
18 117
102 201
85 184
93 192
98 197
70 169
110 209
63 162
153 252
102 201
154 253
123 222
152 251
66 165
178 277
146 245
193 292
1 100
120 219
65 164
36 135
146 245
71 170
29 128
88 187
135 234
73 172
196 295
3 102
52 151
15 114
170 269
50 149
174 273
105 204
74 173
121 220
2 101
180 279
155 254
82 181
149 248
53 152
76 175
169 268
180 279
74 173
155 254
76 175
38 137
34 133
123 222
83 182
158 257
166 265
131 230
120 219
52 151
157 256
24 123
93 192
194 293
49 148
63 162
3 102
90 189
77 176
153 252
151 250
3 102
31 130
35 134
150 249
55 154
101 200
9 108
171 270
16 115
30 129
45 144
72 171
155 254
166 265
106 205
83 182
34 133
196 295
149 248
130 229
39 138
44 143
130 229
7 106
45 144
140 239
186 285
186 285
72 171
142 241
17 116
65 164
31 130
30 129
66 165
70 169
121 220
74 173
69 168
155 254
5 104
10 109
174 273
123 222
101 200
16 115
18 117
71 170
0 99
95 194
73 172
96 195
123 222
134 233
72 171
22 121
71 170
187 286
83 182
64 163
105 204
10 109
64 163
69 168
57 156
53 152
130 229
102 201
109 208
92 191
67 166
123 222
95 194
176 275
165 264
100 199
53 152
146 245
160 259
117 216
25 124
39 138
194 293
120 219
142 241
104 203
46 145
170 269
159 258
64 163
124 223
30 129
82 181
35 134
67 166
162 261
120 219
3 102
17 116
26 125
113 212
197 296
56 155
19 118
63 162
70 169
100 199
171 270
181 280
192 291
158 257
192 291
92 191
175 274
25 124
76 175
163 262
33 132
120 219
124 223
126 225
33 132
147 246
10 109
78 177
87 186
36 135
130 229
195 294
188 287
184 283
127 226
128 227
20 119
104 203
39 138
123 222
96 195
52 151
172 271
183 282
114 213
52 151
127 226
14 113
57 156
13 112
97 196
107 206
154 253
154 253
154 253
93 192
48 147
61 160
152 251
38 137
85 184
75 174
123 222
143 242
32 131
174 273
122 221
31 130
191 290
32 131
88 187
181 280
174 273
31 130
133 232
32 131
45 144
81 180
156 255
115 214
51 150
166 265
4 103
42 141
112 211
78 177
140 239
117 216
36 135
70 169
10 109
166 265
6 105
163 262
180 279
29 128
72 171
71 170
78 177
104 203
19 118
111 210
69 168
127 226
37 136
18 117
2 101
39 138
166 265
166 265
104 203
186 285
103 202
166 265
84 183
175 274
117 216
5 104
177 276
20 119
191 290
164 263
75 174
32 131
191 290
177 276
80 179
121 220
159 258
170 269
121 220
77 176
84 183
41 140
10 109
23 122
121 220
123 222
52 151
53 152
172 271
133 232
110 209
57 156
71 170
94 193
10 109
173 272
94 193
105 204
80 179
59 158
47 146
164 263
14 113
116 215
117 216
128 227
58 157
163 262
121 220
153 252
48 147
186 285
123 222
182 281
65 164
51 150
119 218
47 146
40 139
30 129
5 104
172 271
124 223
150 249
181 280
47 146
69 168
7 106
100 199
109 208
108 207
134 233
13 112
98 197
28 127
163 262
65 164
197 296
110 209
72 171
51 150
87 186
73 172
182 281
126 225
51 150
190 289
35 134
131 230
67 166
78 177
165 264
167 266
96 195
185 284
38 137
73 172
29 128
176 275
0 99
125 224
144 243
12 111
15 114
146 245
154 253
130 229
15 114
1 100
75 174
126 225
63 162
110 209
19 118
19 118
82 181
192 291
175 274
91 190
50 149
32 131
97 196
46 145
1 100
69 168
106 205
114 213
56 155
90 189
1 100
0 99
154 253
92 191
196 295
54 153
21 120
137 236
19 118
39 138
191 290
48 147
139 238
58 157
82 181
49 148
53 152
84 183
58 157
185 284
15 114
34 133
129 228
127 226
117 216
147 246
94 193
112 211
149 248
109 208
140 239
181 280
42 141
28 127
166 265
92 191
122 221
179 278
93 192
62 161
188 287
53 152
69 168
12 111
108 207
25 124
108 207
16 115
170 269
83 182
160 259
22 121
95 194
69 168
147 246
162 261
78 177
69 168
14 113
133 232
112 211
171 270
16 115
172 271
28 127
47 146
22 121
117 216
44 143
115 214
121 220
169 268
8 107
61 160
68 167
34 133
66 165
105 204
110 209
96 195
155 254
174 273
189 288
48 147
49 148
186 285
158 257
82 181
20 119
6 105
75 174
151 250
170 269
145 244
20 119
104 203
20 119
140 239
151 250
162 261
48 147
189 288
28 127
165 264
32 131
177 276
113 212
3 102
87 186
49 148
51 150
181 280
116 215
15 114
42 141
0 99
45 144
183 282
21 120
194 293
40 139
92 191
116 215
60 159
192 291
102 201
105 204
26 125
69 168
101 200
170 269
126 225
33 132
140 239
14 113
114 213
122 221
82 181
175 274
59 158
143 242
15 114
29 128
87 186
166 265
80 179
127 226
67 166
146 245
147 246
42 141
181 280
189 288
53 152
85 184
41 140
192 291
63 162
4 103
86 185
16 115
119 218
164 263
173 272
56 155
21 120
80 179
6 105
181 280
129 228
50 149
168 267
100 199
172 271
68 167
85 184
129 228
175 274
152 251
116 215
135 234
69 168
91 190
179 278
30 129
88 187
91 190
39 138
3 102
67 166
146 245
143 242
145 244
17 116
101 200
57 156
24 123
99 198
154 253
173 272
102 201
118 217
165 264
49 148
40 139
71 170
19 118
73 172
52 151
74 173
190 289
26 125
92 191
178 277
79 178
60 159
163 262
26 125
76 175
107 206
38 137
180 279
80 179
38 137
35 134
135 234
117 216
196 295
115 214
33 132
171 270
195 294
116 215
83 182
154 253
56 155
133 232
123 222
9 108
67 166
50 149
155 254
88 187
128 227
106 205
171 270
104 203
58 157
8 107
188 287
79 178
49 148
117 216
3 102
62 161
50 149
3 102
196 295
170 269
159 258
20 119
113 212
66 165
168 267
60 159
131 230
153 252
127 226
42 141
104 203
60 159
135 234
121 220
142 241
103 202
140 239
136 235
5 104
88 187
115 214
109 208
43 142
18 117
158 257
130 229
44 143
179 278
74 173
79 178
61 160
41 140
142 241
22 121
10 109
70 169
54 153
162 261
85 184
105 204
24 123
106 205
88 187
41 140
155 254
12 111
26 125
116 215
146 245
94 193
68 167
158 257
56 155
86 185
149 248
104 203
13 112
31 130
12 111
141 240
152 251
4 103
196 295
45 144
59 158
149 248
45 144
19 118
81 180
131 230
75 174
41 140
9 108
153 252
18 117
196 295
146 245
124 223
39 138
135 234
189 288
131 230
183 282
142 241
70 169
188 287
58 157
190 289
27 126
178 277
164 263
152 251
192 291
106 205
27 126
176 275
3 102
194 293
125 224
24 123
169 268
45 144
9 108
60 159
40 139
76 175
21 120
62 161
166 265
156 255
36 135
2 101
43 142
117 216
79 178
138 237
157 256
125 224
179 278
66 165
48 147
50 149
63 162
103 202
92 191
197 296
124 223
6 105
92 191
122 221
138 237
68 167
24 123
85 184
163 262
175 274
127 226
29 128
63 162
37 136
135 234
172 271
12 111
140 239
158 257
160 259
2 101
34 133
123 222
63 162
163 262
157 256
86 185
127 226
27 126
38 137
153 252
79 178
13 112
187 286
55 154
15 114
21 120
154 253
12 111
154 253
96 195
161 260
169 268
11 110
41 140
175 274
130 229
46 145
29 128
183 282
138 237
96 195
8 107
92 191
28 127
26 125
136 235
88 187
33 132
38 137
45 144
17 116
56 155
39 138
151 250
187 286
21 120
3 102
51 150
184 283
116 215
66 165
46 145
104 203
137 236
115 214
165 264
93 192
53 152
58 157
21 120
140 239
99 198
121 220
155 254
67 166
111 210
7 106
154 253
53 152
135 234
63 162
20 119
1 100
105 204
90 189
186 285
144 243
32 131
103 202
54 153
109 208
146 245
82 181
95 194
163 262
15 114
119 218
126 225
1 100
62 161
118 217
184 283
132 231
17 116
14 113
136 235
18 117
33 132
142 241
11 110
95 194
147 246
135 234
48 147
47 146
9 108
11 110
80 179
113 212
63 162
86 185
90 189
159 258
133 232
106 205
46 145
80 179
100 199
31 130
69 168
56 155
196 295
89 188
27 126
72 171
70 169
103 202
45 144
21 120
105 204
197 296
169 268
123 222
91 190
155 254
124 223
9 108
55 154
150 249
113 212
135 234
61 160
93 192
32 131
1 100
103 202
175 274
14 113
185 284
38 137
163 262
120 219
169 268
5 104
75 174
118 217
146 245
39 138
106 205
37 136
79 178
19 118
68 167
148 247
42 141
185 284
185 284
68 167
40 139
76 175
100 199
165 264
96 195
6 105
78 177
20 119
1 100
101 200
14 113
85 184
163 262
115 214
121 220
84 183
149 248
107 206
53 152
112 211
129 228
150 249
153 252
192 291
97 196
114 213
143 242
95 194
82 181
175 274
153 252
58 157
140 239
177 276
187 286
174 273
150 249
53 152
173 272
60 159
189 288
196 295
38 137
75 174
124 223
87 186
2 101
33 132
102 201
64 163
173 272
11 110
96 195
116 215
154 253
136 235
94 193
114 213
53 152
131 230
13 112
70 169
139 238
136 235
112 211
22 121
2 101
21 120
170 269
94 193
159 258
75 174
141 240
153 252
105 204
147 246
100 199
127 226
69 168
10 109
103 202
73 172
8 107
130 229
138 237
46 145
118 217
152 251
114 213
33 132
120 219
179 278
118 217
161 260
183 282
125 224
101 200
73 172
88 187
75 174
164 263
82 181
19 118
30 129
164 263
152 251
135 234
110 209
133 232
154 253
92 191
118 217
145 244
90 189
20 119
42 141
33 132
80 179
193 292
154 253
97 196
26 125
46 145
188 287
68 167
2 101
11 110
87 186
146 245
126 225
26 125
137 236
153 252
75 174
60 159
7 106
19 118
183 282
87 186
114 213
127 226
136 235
184 283
75 174
82 181
55 154
139 238
85 184
18 117
123 222
37 136
61 160
189 288
192 291
48 147
193 292
57 156
156 255
71 170
18 117
89 188
149 248
135 234
125 224
167 266
67 166
141 240
49 148
31 130
75 174
21 120
110 209
109 208
51 150
186 285
123 222
179 278
30 129
49 148
119 218
81 180
89 188
106 205
168 267
116 215
31 130
175 274
0 99
59 158
85 184
184 283
106 205
188 287
136 235
1 100
157 256
144 243
88 187
2 101
138 237
115 214
31 130
134 233
161 260
141 240
94 193
133 232
32 131
10 109
134 233
183 282
120 219
130 229
48 147
62 161
64 163
109 208
158 257
74 173
105 204
42 141
57 156
146 245
195 294
153 252
176 275
158 257
143 242
36 135
27 126
56 155
144 243
190 289
72 171
142 241
153 252
101 200
1 100
183 282
154 253
193 292
73 172
113 212
69 168
85 184
152 251
114 213
6 105
66 165
0 99
65 164
37 136
185 284
65 164
77 176
44 143
67 166
154 253
7 106
167 266
109 208
186 285
43 142
18 117
85 184
12 111
23 122
185 284
125 224
191 290
106 205
46 145
114 213
193 292
179 278
138 237
172 271
122 221
21 120
97 196
187 286
36 135
119 218
27 126
32 131
61 160
39 138
114 213
113 212
146 245
43 142
179 278
43 142
142 241
87 186
99 198
160 259
98 197
71 170
173 272
94 193
76 175
76 175
14 113
16 115
135 234
121 220
134 233
139 238
172 271
195 294
20 119
38 137
78 177
133 232
58 157
94 193
63 162
8 107
49 148
117 216
55 154
105 204
37 136
148 247
187 286
50 149
11 110
45 144
128 227
46 145
0 99
75 174
98 197
128 227
47 146
97 196
195 294
117 216
150 249
56 155
28 127
40 139
103 202
197 296
170 269
158 257
175 274
156 255
195 294
122 221
194 293
119 218
137 236
17 116
62 161
60 159
45 144
162 261
193 292
178 277
22 121
125 224
111 210
91 190
24 123
194 293
70 169
60 159
100 199
73 172
38 137
139 238
164 263
80 179
139 238
73 172
90 189
54 153
80 179
53 152
161 260
99 198
88 187
176 275
164 263
88 187
3 102
177 276
29 128
151 250
14 113
44 143
179 278
34 133
92 191
142 241
71 170
21 120
95 194
88 187
134 233
21 120
179 278
130 229
13 112
150 249
54 153
73 172
187 286
58 157
28 127
103 202
15 114
130 229
166 265
36 135
176 275
57 156
53 152
20 119
186 285
63 162
58 157
131 230
32 131
139 238
125 224
5 104
28 127
108 207
173 272
78 177
189 288
122 221
10 109
46 145
115 214
151 250
72 171
166 265
48 147
10 109
66 165
169 268
26 125
6 105
168 267
147 246
62 161
150 249
196 295
189 288
71 170
100 199
99 198
113 212
127 226
34 133
178 277
39 138
55 154
14 113
150 249
97 196
151 250
94 193
138 237
33 132
113 212
63 162
32 131
60 159
182 281
54 153
131 230
3 102
30 129
96 195
37 136
86 185
98 197
178 277
77 176
77 176
151 250
8 107
16 115
116 215
122 221
157 256
79 178
179 278
41 140
50 149
36 135
174 273
73 172
125 224
158 257
2 101
144 243
107 206
17 116
32 131
126 225
24 123
47 146
50 149
70 169
57 156
97 196
104 203
133 232
195 294
36 135
188 287
16 115
121 220
21 120
35 134
135 234
131 230
106 205
61 160
111 210
135 234
74 173
66 165
133 232
94 193
30 129
157 256
13 112
129 228
49 148
136 235
175 274
17 116
55 154
99 198
49 148
29 128
112 211
38 137
112 211
37 136
65 164
132 231
126 225
79 178
7 106
32 131
43 142
69 168
126 225
152 251
53 152
90 189
43 142
192 291
118 217
190 289
70 169
17 116
72 171
91 190
140 239
106 205
177 276
43 142
145 244
89 188
117 216
89 188
28 127
22 121
89 188
103 202
163 262
119 218
196 295
102 201
2 101
142 241
22 121
48 147
6 105
171 270
148 247
166 265
144 243
39 138
166 265
71 170
155 254
23 122
29 128
35 134
181 280
85 184
105 204
95 194
165 264
167 266
138 237
60 159
193 292
129 228
68 167
65 164
135 234
38 137
51 150
170 269
82 181
2 101
190 289
123 222
16 115
101 200
57 156
28 127
152 251
121 220
105 204
63 162
82 181
151 250
107 206
109 208
152 251
151 250
126 225
74 173
114 213
161 260
167 266
189 288
42 141
116 215
11 110
112 211
168 267
56 155
74 173
137 236
153 252
7 106
20 119
119 218
21 120
77 176
77 176
130 229
134 233
30 129
148 247
103 202
195 294
110 209
17 116
138 237
124 223
20 119
42 141
171 270
26 125
45 144
59 158
51 150
136 235
13 112
84 183
179 278
154 253
155 254
95 194
1 100
13 112
128 227
175 274
37 136
46 145
8 107
19 118
105 204
169 268
42 141
73 172
150 249
191 290
177 276
107 206
169 268
113 212
22 121
125 224
14 113
62 161
55 154
146 245
59 158
80 179
130 229
19 118
152 251
144 243
148 247
152 251
75 174
89 188
93 192
157 256
189 288
175 274
174 273
69 168
53 152
51 150
35 134
191 290
46 145
33 132
187 286
182 281
181 280
6 105
82 181
29 128
191 290
138 237
80 179
167 266
77 176
25 124
75 174
58 157
52 151
60 159
78 177
39 138
194 293
103 202
174 273
127 226
46 145
138 237
152 251
132 231
34 133
35 134
74 173
135 234
58 157
186 285
107 206
143 242
122 221
20 119
60 159
20 119
99 198
157 256
155 254
157 256
53 152
9 108
173 272
165 264
142 241
48 147
74 173
197 296
187 286
88 187
148 247
101 200
152 251
164 263
156 255
179 278
5 104
24 123
70 169
16 115
38 137
68 167
94 193
147 246
69 168
20 119
65 164
161 260
36 135
143 242
16 115
185 284
64 163
144 243
56 155
19 118
119 218
149 248
20 119
79 178
83 182
14 113
129 228
83 182
146 245
139 238
11 110
179 278
166 265
68 167
65 164
122 221
169 268
90 189
89 188
10 109
21 120
4 103
77 176
166 265
32 131
104 203
69 168
103 202
60 159
108 207
104 203
111 210
25 124
22 121
176 275
65 164
121 220
62 161
90 189
114 213
129 228
24 123
98 197
5 104
155 254
68 167
110 209
116 215
20 119
187 286
36 135
114 213
197 296
94 193
52 151
135 234
74 173
113 212
14 113
84 183
135 234
182 281
11 110
174 273
196 295
126 225
84 183
48 147
92 191
157 256
25 124
131 230
135 234
79 178
80 179
151 250
4 103
52 151
144 243
71 170
194 293
128 227
153 252
174 273
116 215
123 222
76 175
124 223
9 108
1 100
192 291
110 209
8 107
174 273
163 262
132 231
190 289
10 109
89 188
165 264
10 109
4 103
36 135
126 225
29 128
22 121
36 135
153 252
137 236
98 197
188 287
98 197
68 167
190 289
31 130
98 197
185 284
28 127
149 248
75 174
28 127
7 106
73 172
153 252
68 167
21 120
7 106
82 181
36 135
190 289
44 143
163 262
187 286
106 205
194 293
82 181
122 221
70 169
82 181
51 150
162 261
86 185
166 265
132 231
80 179
140 239
110 209
116 215
139 238
34 133
185 284
141 240
21 120
124 223
71 170
95 194
72 171
118 217
197 296
62 161
150 249
48 147
7 106
181 280
49 148
88 187
82 181
49 148
193 292
122 221
6 105
127 226
14 113
36 135
77 176
123 222
30 129
115 214
86 185
75 174
64 163
85 184
172 271
125 224
98 197
101 200
161 260
148 247
147 246
46 145
81 180
52 151
139 238
51 150
106 205
17 116
99 198
173 272
30 129
37 136
118 217
135 234
97 196
124 223
23 122
77 176
103 202
187 286
83 182
26 125
0 99
77 176
174 273
19 118
124 223
69 168
197 296
72 171
52 151
164 263
191 290
54 153
58 157
148 247
177 276
98 197
71 170
48 147
99 198
68 167
5 104
156 255
115 214
0 99
176 275
85 184
165 264
7 106
166 265
130 229
132 231
131 230
58 157
141 240
123 222
149 248
102 201
25 124
187 286
33 132
38 137
129 228
14 113
61 160
66 165
79 178
196 295
195 294
99 198
48 147
42 141
106 205
175 274
102 201
106 205
138 237
19 118
177 276
108 207
27 126
25 124
30 129
20 119
78 177
186 285
128 227
122 221
75 174
180 279
52 151
69 168
33 132
113 212
171 270
44 143
28 127
39 138
137 236
150 249
160 259
103 202
190 289
66 165
113 212
70 169
64 163
129 228
2 101
136 235
80 179
138 237
26 125
10 109
151 250
141 240
129 228
129 228
16 115
105 204
125 224
58 157
67 166
103 202
114 213
108 207
10 109
35 134
23 122
162 261
103 202
91 190
18 117
49 148
150 249
154 253
184 283
18 117
63 162
140 239
17 116
10 109
81 180
12 111
197 296
72 171
140 239
103 202
188 287
97 196
191 290
18 117
111 210
133 232
5 104
52 151
31 130
88 187
135 234
101 200
118 217
103 202
141 240
116 215
134 233
14 113
40 139
173 272
160 259
132 231
33 132
119 218
165 264
143 242
105 204
95 194
53 152
147 246
94 193
146 245
159 258
9 108
104 203
11 110
50 149
135 234
155 254
39 138
83 182
182 281
99 198
61 160
171 270
173 272
108 207
117 216
79 178
52 151
104 203
177 276
176 275
88 187
147 246
131 230
145 244
191 290
101 200
64 163
5 104
90 189
13 112
112 211
187 286
5 104
31 130
195 294
0 99
185 284
159 258
104 203
151 250
65 164
20 119
149 248
107 206
192 291
143 242
96 195
16 115
118 217
157 256
19 118
31 130
110 209
106 205
6 105
160 259
142 241
7 106
167 266
107 206
195 294
90 189
68 167
124 223
76 175
169 268
25 124
62 161
176 275
62 161
183 282
34 133
120 219
190 289
101 200
59 158
132 231
106 205
69 168
98 197
40 139
25 124
15 114
144 243
93 192
51 150
33 132
2 101
78 177
80 179
117 216
183 282
188 287
111 210
139 238
94 193
17 116
47 146
180 279
153 252
121 220
132 231
86 185
154 253
32 131
10 109
177 276
59 158
144 243
189 288
94 193
72 171
135 234
64 163
51 150
196 295
24 123
146 245
114 213
192 291
108 207
80 179
10 109
10 109
84 183
174 273
63 162
133 232
25 124
107 206
129 228
106 205
146 245
126 225
50 149
170 269
94 193
9 108
56 155
189 288
25 124
179 278
137 236
104 203
164 263
145 244
32 131
183 282
175 274
59 158
78 177
121 220
44 143
145 244
155 254
100 199
188 287
42 141
147 246
86 185
12 111
59 158
30 129
116 215
3 102
72 171
112 211
89 188
139 238
112 211
191 290
56 155
40 139
15 114
26 125
93 192
48 147
24 123
162 261
141 240
24 123
121 220
14 113
59 158
178 277
112 211
42 141
145 244
177 276
107 206
107 206
3 102
2 101
38 137
39 138
37 136
87 186
35 134
143 242
11 110
156 255
117 216
139 238
139 238
172 271
109 208
153 252
82 181
99 198
122 221
180 279
137 236
19 118
160 259
81 180
162 261
65 164
98 197
54 153
38 137
104 203
61 160
86 185
68 167
38 137
92 191
42 141
28 127
146 245
92 191
47 146
68 167
30 129
73 172
157 256
22 121
6 105
63 162
194 293
144 243
49 148
45 144
160 259
196 295
145 244
45 144
179 278
64 163
154 253
62 161
154 253
31 130
129 228
9 108
43 142
137 236
92 191
98 197
82 181
160 259
149 248
136 235
179 278
21 120
144 243
182 281
45 144
84 183
56 155
92 191
150 249
170 269
28 127
107 206
116 215
113 212
54 153
105 204
135 234
65 164
44 143
150 249
120 219
116 215
105 204
88 187
135 234
85 184
11 110
84 183
147 246
136 235
170 269
83 182
109 208
62 161
0 99
94 193
190 289
144 243
104 203
117 216
54 153
143 242
156 255
2 101
92 191
192 291
74 173
155 254
57 156
90 189
22 121
72 171
187 286
146 245
126 225
127 226
65 164
124 223
9 108
70 169
20 119
192 291
104 203
103 202
51 150
40 139
76 175
162 261
8 107
196 295
114 213
180 279
34 133
0 99
23 122
128 227
9 108
24 123
171 270
59 158
71 170
169 268
140 239
156 255
14 113
43 142
11 110
149 248
67 166
195 294
164 263
54 153
100 199
31 130
128 227
154 253
62 161
174 273
142 241
115 214
187 286
19 118
151 250
54 153
124 223
148 247
151 250
95 194
112 211
127 226
120 219
64 163
51 150
55 154
29 128
68 167
36 135
78 177
121 220
13 112
77 176
122 221
37 136
157 256
28 127
5 104
151 250
16 115
10 109
79 178
47 146
2 101
44 143
68 167
101 200
90 189
73 172
189 288
175 274
172 271
46 145
138 237
37 136
45 144
163 262
132 231
92 191
94 193
192 291
185 284
127 226
5 104
70 169
47 146
179 278
61 160
63 162
27 126
45 144
37 136
136 235
20 119
191 290
152 251
37 136
131 230
197 296
46 145
26 125
0 99
152 251
112 211
137 236
12 111
105 204
178 277
180 279
147 246
118 217
175 274
169 268
92 191
105 204
178 277
108 207
20 119
93 192
182 281
54 153
29 128
4 103
67 166
35 134
151 250
176 275
3 102
48 147
24 123
178 277
184 283
142 241
60 159
71 170
81 180
169 268
79 178
157 256
75 174
5 104
168 267
165 264
6 105
25 124
130 229
144 243
137 236
83 182
129 228
138 237
54 153
90 189
110 209
39 138
42 141
169 268
137 236
173 272
58 157
48 147
9 108
112 211
136 235
18 117
63 162
62 161
8 107
173 272
4 103
51 150
122 221
76 175
176 275
185 284
22 121
43 142
139 238
186 285
25 124
163 262
152 251
181 280
131 230
149 248
134 233
53 152
37 136
174 273
196 295
112 211
123 222
122 221
11 110
124 223
106 205
94 193
125 224
8 107
177 276
142 241
8 107
166 265
8 107
9 108
32 131
98 197
160 259
63 162
146 245
70 169
3 102
123 222
189 288
171 270
38 137
56 155
158 257
62 161
94 193
153 252
35 134
6 105
137 236
7 106
152 251
7 106
70 169
45 144
155 254
51 150
137 236
158 257
152 251
12 111
181 280
33 132
195 294
125 224
128 227
25 124
124 223
193 292
13 112
108 207
107 206
132 231
142 241
177 276
41 140
158 257
184 283
124 223
8 107
173 272
53 152
48 147
63 162
91 190
131 230
158 257
57 156
96 195
62 161
51 150
179 278
129 228
171 270
150 249
8 107
48 147
192 291
144 243
86 185
67 166
140 239
14 113
89 188
121 220
134 233
122 221
193 292
49 148
149 248
145 244
26 125
18 117
2 101
162 261
22 121
84 183
150 249
52 151
174 273
54 153
102 201
75 174
175 274
151 250
7 106
72 171
22 121
137 236
58 157
167 266
92 191
57 156
177 276
33 132
169 268
157 256
92 191
8 107
53 152
115 214
159 258
191 290
152 251
107 206
166 265
138 237
36 135
137 236
20 119
181 280
58 157
144 243
185 284
50 149
99 198
182 281
123 222
7 106
178 277
117 216
94 193
126 225
55 154
164 263
154 253
25 124
125 224
40 139
166 265
75 174
179 278
47 146
87 186
98 197
93 192
70 169
36 135
181 280
164 263
4 103
165 264
6 105
15 114
43 142
28 127
117 216
55 154
179 278
180 279
139 238
187 286
121 220
97 196
147 246
41 140
91 190
10 109
124 223
188 287
36 135
189 288
116 215
79 178
186 285
81 180
142 241
58 157
193 292
114 213
50 149
192 291
148 247
163 262
141 240
37 136
192 291
19 118
187 286
162 261
45 144
138 237
67 166
61 160
67 166
83 182
84 183
137 236
15 114
82 181
10 109
133 232
109 208
7 106
98 197
10 109
120 219
163 262
70 169
181 280
115 214
105 204
114 213
78 177
81 180
98 197
51 150
133 232
66 165
102 201
10 109
115 214
92 191
134 233
69 168
130 229
89 188
101 200
91 190
79 178
68 167
35 134
105 204
18 117
52 151
122 221
188 287
41 140
84 183
28 127
95 194
13 112
100 199
152 251
122 221
170 269
48 147
161 260
61 160
0 99
95 194
81 180
126 225
97 196
125 224
78 177
174 273
116 215
56 155
181 280
145 244
130 229
168 267
34 133
157 256
143 242
126 225
40 139
190 289
157 256
42 141
31 130
117 216
169 268
163 262
39 138
112 211
8 107
115 214
65 164
85 184
180 279
118 217
51 150
187 286
82 181
197 296
132 231
62 161
187 286
164 263
125 224
52 151
108 207
175 274
69 168
91 190
21 120
139 238
86 185
154 253
68 167
158 257
103 202
16 115
148 247
85 184
176 275
66 165
100 199
111 210
150 249
78 177
71 170
91 190
76 175
151 250
11 110
138 237
13 112
74 173
106 205
141 240
114 213
28 127
42 141
25 124
119 218
51 150
189 288
196 295
189 288
68 167
186 285
3 102
135 234
176 275
87 186
105 204
74 173
144 243
71 170
27 126
35 134
177 276
69 168
177 276
128 227
71 170
76 175
42 141
196 295
161 260
90 189
176 275
115 214
95 194
167 266
25 124
77 176
62 161
70 169
36 135
188 287
136 235
104 203
80 179
159 258
90 189
182 281
168 267
179 278
86 185
132 231
6 105
102 201
7 106
94 193
12 111
97 196
88 187
25 124
141 240
171 270
195 294
56 155
8 107
139 238
88 187
186 285
38 137
112 211
99 198
11 110
4 103
23 122
109 208
92 191
135 234
63 162
51 150
113 212
186 285
15 114
127 226
3 102
4 103
137 236
67 166
79 178
159 258
7 106
1 100
9 108
189 288
8 107
11 110
134 233
139 238
23 122
17 116
85 184
141 240
133 232
110 209
54 153
59 158
176 275
196 295
45 144
56 155
65 164
9 108
85 184
67 166
126 225
36 135
183 282
123 222
130 229
197 296
41 140
114 213
31 130
95 194
18 117
85 184
17 116
177 276
161 260
44 143
98 197
67 166
12 111
181 280
196 295
50 149
30 129
186 285
161 260
184 283
75 174
6 105
89 188
130 229
86 185
6 105
129 228
138 237
56 155
111 210
53 152
21 120
62 161
111 210
145 244
42 141
191 290
57 156
113 212
133 232
69 168
142 241
88 187
129 228
66 165
31 130
101 200
78 177
30 129
158 257
165 264
185 284
11 110
3 102
115 214
97 196
47 146
15 114
125 224
172 271
34 133
114 213
197 296
93 192
104 203
194 293
138 237
78 177
48 147
99 198
22 121
100 199
131 230
162 261
133 232
192 291
39 138
123 222
10 109
56 155
147 246
72 171
103 202
8 107
82 181
57 156
47 146
106 205
87 186
184 283
148 247
58 157
138 237
42 141
77 176
56 155
91 190
109 208
30 129
42 141
90 189
19 118
147 246
115 214
158 257
72 171
74 173
149 248
160 259
154 253
78 177
85 184
113 212
115 214
147 246
161 260
184 283
142 241
21 120
27 126
19 118
19 118
29 128
55 154
64 163
81 180
167 266
140 239
118 217
143 242
54 153
186 285
64 163
142 241
146 245
162 261
97 196
4 103
189 288
153 252
100 199
185 284
137 236
148 247
160 259
55 154
155 254
174 273
159 258
64 163
58 157
88 187
105 204
192 291
101 200
48 147
140 239
174 273
104 203
129 228
8 107
4 103
118 217
160 259
3 102
53 152
43 142
194 293
140 239
163 262
47 146
121 220
140 239
80 179
14 113
89 188
37 136
0 99
138 237
161 260
115 214
185 284
175 274
149 248
25 124
80 179
116 215
50 149
185 284
64 163
59 158
66 165
27 126
3 102
133 232
91 190
51 150
9 108
99 198
16 115
64 163
57 156
79 178
154 253
11 110
103 202
167 266
78 177
39 138
53 152
79 178
115 214
70 169
146 245
60 159
2 101
56 155
16 115
101 200
11 110
106 205
34 133
94 193
44 143
192 291
76 175
29 128
156 255
171 270
97 196
55 154
10 109
163 262
47 146
99 198
119 218
35 134
36 135
52 151
6 105
5 104
38 137
145 244
42 141
93 192
26 125
197 296
56 155
4 103
73 172
31 130
77 176
42 141
187 286
186 285
106 205
53 152
162 261
22 121
102 201
10 109
8 107
120 219
3 102
39 138
112 211
24 123
102 201
177 276
19 118
143 242
143 242
84 183
137 236
60 159
82 181
5 104
104 203
182 281
58 157
162 261
159 258
161 260
31 130
117 216
103 202
93 192
56 155
84 183
177 276
79 178
183 282
22 121
178 277
150 249
108 207
1 100
34 133
95 194
106 205
125 224
118 217
14 113
3 102
106 205
79 178
154 253
63 162
97 196
47 146
191 290
173 272
134 233
29 128
138 237
98 197
197 296
15 114
149 248
148 247
67 166
30 129
68 167
128 227
189 288
85 184
81 180
43 142
17 116
135 234
46 145
120 219
156 255
139 238
15 114
79 178
47 146
138 237
14 113
19 118
129 228
145 244
148 247
25 124
95 194
195 294
152 251
128 227
133 232
142 241
40 139
39 138
192 291
175 274
165 264
197 296
12 111
102 201
194 293
79 178
174 273
30 129
146 245
56 155
138 237
106 205
197 296
89 188
47 146
124 223
165 264
179 278
124 223
112 211
170 269
68 167
44 143
168 267
143 242
99 198
0 99
197 296
67 166
126 225
122 221
74 173
52 151
131 230
113 212
35 134
60 159
106 205
137 236
66 165
129 228
120 219
172 271
50 149
40 139
18 117
116 215
84 183
39 138
115 214
136 235
81 180
189 288
143 242
163 262
121 220
84 183
197 296
139 238
82 181
58 157
140 239
77 176
125 224
146 245
109 208
119 218
21 120
111 210
127 226
121 220
140 239
117 216
183 282
24 123
195 294
154 253
55 154
91 190
138 237
64 163
55 154
156 255
51 150
169 268
98 197
129 228
189 288
89 188
92 191
93 192
148 247
116 215
184 283
48 147
169 268
194 293
171 270
97 196
125 224
124 223
39 138
109 208
134 233
55 154
122 221
59 158
155 254
193 292
177 276
24 123
181 280
167 266
160 259
110 209
63 162
133 232
12 111
173 272
94 193
147 246
126 225
117 216
125 224
173 272
103 202
156 255
141 240
195 294
89 188
118 217
155 254
184 283
136 235
24 123
76 175
83 182
52 151
85 184
31 130
12 111
192 291
20 119
88 187
177 276
195 294
52 151
189 288
35 134
173 272
94 193
58 157
102 201
94 193
54 153
105 204
177 276
3 102
171 270
168 267
34 133
51 150
101 200
189 288
93 192
87 186
55 154
113 212
32 131
31 130
92 191
190 289
77 176
127 226
133 232
20 119
57 156
144 243
115 214
172 271
175 274
135 234
177 276
179 278
19 118
82 181
112 211
143 242
127 226
26 125
39 138
9 108
22 121
120 219
186 285
166 265
149 248
15 114
27 126
84 183
115 214
185 284
126 225
107 206
60 159
24 123
171 270
185 284
90 189
152 251
14 113
47 146
163 262
178 277
170 269
123 222
54 153
154 253
150 249
80 179
134 233
196 295
137 236
24 123
37 136
63 162
176 275
62 161
6 105
123 222
62 161
147 246
97 196
132 231
64 163
160 259
6 105
119 218
149 248
67 166
14 113
77 176
115 214
179 278
5 104
193 292
195 294
15 114
21 120
22 121
147 246
8 107
158 257
65 164
92 191
154 253
146 245
113 212
85 184
22 121
17 116
116 215
142 241
69 168
115 214
20 119
153 252
65 164
142 241
160 259
136 235
143 242
129 228
123 222
176 275
196 295
24 123
46 145
34 133
13 112
2 101
119 218
18 117
168 267
84 183
158 257
8 107
77 176
133 232
184 283
54 153
147 246
82 181
56 155
103 202
167 266
35 134
80 179
59 158
172 271
77 176
111 210
52 151
74 173
66 165
138 237
96 195
62 161
174 273
41 140
64 163
46 145
8 107
113 212
30 129
136 235
68 167
20 119
1 100
63 162
3 102
19 118
15 114
64 163
93 192
49 148
36 135
82 181
116 215
60 159
63 162
59 158
80 179
94 193
107 206
6 105
96 195
189 288
195 294
70 169
36 135
0 99
74 173
99 198
74 173
25 124
139 238
195 294
11 110
90 189
150 249
28 127
119 218
32 131
113 212
186 285
31 130
172 271
192 291
103 202
42 141
154 253
124 223
112 211
194 293
81 180
47 146
67 166
75 174
115 214
156 255
157 256
86 185
81 180
75 174
142 241
87 186
123 222
43 142
152 251
114 213
78 177
151 250
83 182
164 263
33 132
23 122
22 121
42 141
88 187
47 146
148 247
126 225
180 279
52 151
102 201
190 289
95 194
32 131
71 170
71 170
28 127
128 227
122 221
93 192
42 141
11 110
68 167
150 249
189 288
63 162
180 279
140 239
85 184
1 100
94 193
72 171
195 294
111 210
113 212
122 221
33 132
6 105
150 249
89 188
128 227
74 173
187 286
31 130
184 283
10 109
176 275
100 199
124 223
36 135
188 287
183 282
43 142
153 252
90 189
168 267
6 105
157 256
161 260
57 156
185 284
50 149
106 205
32 131
76 175
129 228
112 211
34 133
60 159
135 234
115 214
65 164
19 118
102 201
167 266
8 107
111 210
187 286
39 138
164 263
96 195
83 182
15 114
193 292
132 231
55 154
131 230
21 120
162 261
4 103
129 228
111 210
17 116
94 193
192 291
7 106
169 268
8 107
147 246
31 130
119 218
41 140
173 272
107 206
173 272
122 221
179 278
156 255
76 175
172 271
152 251
64 163
173 272
130 229
120 219
155 254
20 119
138 237
163 262
27 126
170 269
149 248
125 224
90 189
34 133
46 145
73 172
154 253
194 293
93 192
162 261
19 118
104 203
47 146
30 129
61 160
185 284
33 132
133 232
189 288
194 293
195 294
2 101
29 128
0 99
109 208
83 182
50 149
64 163
52 151
174 273
154 253
35 134
116 215
18 117
149 248
5 104
132 231
91 190
171 270
155 254
38 137
171 270
16 115
17 116
98 197
31 130
18 117
51 150
64 163
82 181
186 285
99 198
97 196
72 171
10 109
178 277
162 261
108 207
64 163
88 187
66 165
191 290
71 170
121 220
135 234
142 241
186 285
106 205
110 209
24 123
192 291
108 207
175 274
185 284
136 235
155 254
149 248
35 134
126 225
53 152
143 242
124 223
75 174
163 262
86 185
60 159
46 145
137 236
109 208
129 228
151 250
12 111
153 252
4 103
58 157
127 226
120 219
92 191
114 213
157 256
139 238
97 196
137 236
179 278
139 238
61 160
138 237
75 174
143 242
52 151
68 167
93 192
57 156
114 213
171 270
59 158
195 294
160 259
54 153
153 252
134 233
101 200
80 179
11 110
51 150
39 138
11 110
139 238
153 252
150 249
124 223
189 288
73 172
49 148
55 154
7 106
97 196
10 109
119 218
55 154
124 223
190 289
65 164
147 246
30 129
88 187
1 100
173 272
181 280
82 181
184 283
122 221
65 164
74 173
93 192
130 229
142 241
143 242
60 159
32 131
7 106
112 211
180 279
147 246
177 276
4 103
138 237
40 139
84 183
135 234
178 277
10 109
197 296
71 170
61 160
89 188
51 150
142 241
29 128
112 211
113 212
148 247
99 198
196 295
3 102
23 122
163 262
102 201
159 258
122 221
182 281
189 288
154 253
95 194
192 291
147 246
4 103
97 196
21 120
39 138
64 163
22 121
168 267
35 134
145 244
148 247
66 165
86 185
65 164
11 110
104 203
7 106
53 152
93 192
20 119
19 118
12 111
0 99
18 117
121 220
67 166
87 186
189 288
3 102
59 158
185 284
113 212
88 187
40 139
35 134
186 285
189 288
99 198
90 189
54 153
6 105
133 232
125 224
148 247
15 114
107 206
106 205
100 199
173 272
91 190
56 155
92 191
163 262
144 243
107 206
135 234
87 186
137 236
150 249
185 284
94 193
133 232
139 238
113 212
54 153
72 171
117 216
104 203
7 106
36 135
102 201
183 282
190 289
40 139
195 294
33 132
159 258
35 134
91 190
100 199
170 269
77 176
2 101
10 109
71 170
43 142
14 113
16 115
30 129
179 278
3 102
88 187
173 272
67 166
69 168
100 199
49 148
136 235
64 163
65 164
98 197
184 283
165 264
11 110
93 192
31 130
180 279
153 252
90 189
70 169
191 290
174 273
21 120
106 205
162 261
98 197
46 145
57 156
2 101
164 263
19 118
31 130
13 112
94 193
104 203
46 145
70 169
65 164
55 154
101 200
130 229
18 117
64 163
68 167
164 263
54 153
49 148
154 253
29 128
126 225
88 187
18 117
65 164
60 159
20 119
27 126
189 288
69 168
157 256
135 234
88 187
165 264
10 109
0 99
136 235
127 226
41 140
70 169
192 291
154 253
15 114
150 249
84 183
44 143
167 266
159 258
138 237
128 227
166 265
40 139
25 124
83 182
73 172
34 133
139 238
74 173
9 108
1 100
41 140
88 187
69 168
17 116
51 150
176 275
78 177
196 295
112 211
183 282
133 232
74 173
20 119
99 198
175 274
145 244
164 263
155 254
110 209
29 128
46 145
11 110
72 171
3 102
134 233
146 245
174 273
138 237
174 273
180 279
59 158
125 224
174 273
80 179
104 203
66 165
114 213
134 233
42 141
64 163
57 156
189 288
33 132
131 230
49 148
182 281
0 99
73 172
95 194
91 190
98 197
179 278
38 137
14 113
10 109
146 245
120 219
42 141
49 148
12 111
33 132
139 238
104 203
70 169
125 224
26 125
133 232
188 287
134 233
11 110
54 153
26 125
7 106
135 234
66 165
103 202
11 110
2 101
27 126
79 178
41 140
85 184
169 268
68 167
152 251
60 159
79 178
99 198
85 184
80 179
0 99
66 165
20 119
195 294
7 106
124 223
3 102
168 267
68 167
173 272
143 242
46 145
25 124
32 131
175 274
34 133
193 292
106 205
98 197
122 221
58 157
192 291
137 236
56 155
4 103
44 143
113 212
130 229
19 118
154 253
96 195
120 219
9 108
50 149
163 262
36 135
100 199
38 137
114 213
41 140
54 153
166 265
161 260
87 186
59 158
150 249
141 240
29 128
184 283
47 146
153 252
154 253
125 224
104 203
39 138
106 205
94 193
140 239
31 130
25 124
189 288
117 216
53 152
36 135
90 189
151 250
197 296
98 197
144 243
39 138
137 236
78 177
112 211
103 202
64 163
161 260
123 222
192 291
32 131
5 104
13 112
82 181
22 121
149 248
174 273
10 109
106 205
177 276
23 122
132 231
134 233
1 100
78 177
178 277
127 226
177 276
60 159
113 212
59 158
10 109
167 266
147 246
144 243
22 121
8 107
150 249
79 178
59 158
88 187
123 222
113 212
162 261
0 99
111 210
171 270
172 271
110 209
125 224
46 145
152 251
9 108
90 189
124 223
88 187
38 137
32 131
157 256
105 204
38 137
49 148
14 113
186 285
196 295
25 124
11 110
3 102
25 124
151 250
168 267
100 199
107 206
146 245
60 159
119 218
156 255
154 253
1 100
103 202
154 253
118 217
140 239
58 157
196 295
177 276
164 263
156 255
167 266
143 242
71 170
166 265
56 155
9 108
155 254
106 205
16 115
196 295
132 231
127 226
58 157
156 255
20 119
160 259
174 273
184 283
104 203
168 267
105 204
191 290
54 153
107 206
37 136
192 291
147 246
131 230
56 155
79 178
151 250
113 212
179 278
49 148
103 202
193 292
98 197
171 270
69 168
194 293
30 129
165 264
21 120
179 278
15 114
168 267
155 254
169 268
106 205
96 195
167 266
58 157
20 119
55 154
134 233
5 104
176 275
19 118
110 209
37 136
72 171
143 242
182 281
156 255
64 163
85 184
117 216
179 278
156 255
98 197
174 273
64 163
82 181
192 291
143 242
60 159
155 254
176 275
58 157
66 165
92 191
55 154
2 101
61 160
92 191
1 100
150 249
121 220
183 282
12 111
133 232
173 272
179 278
42 141
137 236
87 186
78 177
112 211
184 283
13 112
25 124
11 110
112 211
59 158
80 179
89 188
46 145
128 227
12 111
58 157
140 239
176 275
74 173
164 263
153 252
47 146
28 127
166 265
52 151
189 288
57 156
102 201
90 189
37 136
165 264
12 111
109 208
5 104
182 281
139 238
43 142
64 163
58 157
32 131
128 227
115 214
2 101
76 175
27 126
144 243
99 198
131 230
9 108
160 259
7 106
4 103
27 126
68 167
119 218
119 218
13 112
60 159
98 197
111 210
0 99
155 254
119 218
114 213
187 286
145 244
82 181
65 164
137 236
111 210
0 99
160 259
35 134
178 277
28 127
26 125
31 130
77 176
157 256
125 224
87 186
34 133
24 123
113 212
189 288
94 193
18 117
92 191
95 194
12 111
8 107
86 185
30 129
24 123
28 127
195 294
139 238
7 106
189 288
59 158
152 251
63 162
195 294
30 129
88 187
143 242
71 170
124 223
86 185
25 124
170 269
56 155
71 170
185 284
21 120
46 145
182 281
185 284
142 241
133 232
43 142
152 251
104 203
85 184
111 210
163 262
24 123
174 273
147 246
27 126
97 196
153 252
109 208
80 179
140 239
65 164
42 141
3 102
3 102
160 259
19 118
28 127
22 121
187 286
82 181
184 283
86 185
95 194
196 295
152 251
58 157
174 273
160 259
145 244
75 174
104 203
187 286
187 286
169 268
75 174
62 161
99 198
6 105
58 157
124 223
39 138
157 256
46 145
193 292
128 227
151 250
13 112
6 105
127 226
76 175
108 207
101 200
185 284
74 173
71 170
151 250
42 141
24 123
2 101
59 158
174 273
89 188
119 218
108 207
52 151
87 186
128 227
11 110
117 216
158 257
51 150
107 206
103 202
192 291
138 237
0 99
153 252
57 156
183 282
168 267
6 105
183 282
179 278
15 114
119 218
166 265
153 252
109 208
121 220
93 192
17 116
44 143
12 111
80 179
3 102
83 182
28 127
151 250
2 101
31 130
51 150
20 119
83 182
174 273
149 248
28 127
18 117
138 237
65 164
114 213
173 272
34 133
8 107
37 136
119 218
59 158
182 281
155 254
95 194
45 144
194 293
124 223
84 183
139 238
194 293
151 250
133 232
158 257
73 172
140 239
110 209
121 220
2 101
195 294
74 173
131 230
147 246
108 207
77 176
129 228
194 293
163 262
175 274
97 196
133 232
147 246
23 122
58 157
87 186
59 158
89 188
133 232
110 209
25 124
122 221
152 251
112 211
131 230
178 277
134 233
93 192
116 215
167 266
16 115
115 214
77 176
194 293
188 287
106 205
153 252
192 291
140 239
124 223
135 234
90 189
180 279
180 279
181 280
176 275
29 128
98 197
5 104
183 282
101 200
168 267
72 171
60 159
1 100
13 112
9 108
130 229
99 198
56 155
127 226
130 229
34 133
96 195
119 218
46 145
35 134
65 164
80 179
26 125
87 186
49 148
34 133
17 116
51 150
191 290
184 283
81 180
153 252
34 133
51 150
124 223
185 284
129 228
143 242
168 267
78 177
7 106
162 261
103 202
18 117
53 152
24 123
137 236
188 287
53 152
45 144
79 178
71 170
197 296
144 243
133 232
183 282
7 106
138 237
133 232
143 242
76 175
162 261
182 281
128 227
110 209
73 172
11 110
104 203
171 270
46 145
84 183
127 226
52 151
0 99
55 154
122 221
129 228
150 249
159 258
51 150
157 256
32 131
106 205
143 242
24 123
82 181
97 196
39 138
51 150
3 102
61 160
94 193
112 211
133 232
70 169
79 178
162 261
70 169
89 188
97 196
93 192
140 239
165 264
40 139
106 205
182 281
7 106
32 131
195 294
67 166
170 269
31 130
58 157
127 226
50 149
186 285
8 107
96 195
26 125
8 107
126 225
179 278
11 110
3 102
89 188
40 139
143 242
130 229
142 241
24 123
25 124
193 292
9 108
116 215
197 296
133 232
142 241
78 177
194 293
174 273
140 239
5 104
157 256
120 219
126 225
65 164
141 240
38 137
151 250
189 288
156 255
92 191
194 293
16 115
28 127
146 245
166 265
193 292
49 148
162 261
49 148
1 100
4 103
110 209
148 247
178 277
166 265
75 174
81 180
181 280
183 282
1 100
2 101
69 168
58 157
24 123
111 210
31 130
8 107
40 139
27 126
116 215
197 296
6 105
28 127
103 202
46 145
87 186
195 294
171 270
101 200
77 176
57 156
114 213
131 230
28 127
197 296
35 134
90 189
196 295
132 231
28 127
141 240
6 105
3 102
134 233
162 261
195 294
182 281
54 153
113 212
165 264
50 149
59 158
47 146
1 100
151 250
168 267
12 111
134 233
153 252
84 183
122 221
49 148
14 113
116 215
46 145
112 211
97 196
143 242
192 291
109 208
194 293
72 171
53 152
41 140
80 179
107 206
63 162
95 194
10 109
135 234
162 261
180 279
75 174
39 138
29 128
63 162
136 235
161 260
28 127
57 156
181 280
22 121
130 229
49 148
120 219
182 281
111 210
101 200
75 174
126 225
98 197
135 234
164 263
42 141
60 159
119 218
56 155
97 196
188 287
28 127
86 185
104 203
85 184
106 205
64 163
163 262
58 157
118 217
89 188
180 279
52 151
19 118
95 194
28 127
147 246
28 127
144 243
48 147
187 286
88 187
162 261
134 233
170 269
182 281
195 294
35 134
162 261
39 138
128 227
118 217
172 271
22 121
175 274
105 204
142 241
32 131
41 140
149 248
5 104
95 194
70 169
149 248
170 269
102 201
42 141
19 118
74 173
38 137
160 259
177 276
176 275
143 242
13 112
37 136
61 160
49 148
61 160
108 207
25 124
43 142
58 157
8 107
69 168
19 118
173 272
126 225
76 175
6 105
171 270
31 130
118 217
132 231
55 154
164 263
155 254
24 123
195 294
156 255
64 163
159 258
25 124
152 251
167 266
45 144
163 262
1 100
125 224
161 260
129 228
33 132
14 113
79 178
195 294
41 140
11 110
4 103
40 139
162 261
24 123
148 247
37 136
126 225
155 254
87 186
189 288
166 265
107 206
112 211
115 214
77 176
74 173
119 218
101 200
126 225
183 282
30 129
98 197
13 112
56 155
83 182
50 149
71 170
132 231
95 194
114 213
125 224
155 254
83 182
177 276
197 296
143 242
175 274
197 296
83 182
77 176
188 287
58 157
28 127
197 296
100 199
50 149
58 157
103 202
164 263
89 188
165 264
105 204
6 105
175 274
197 296
63 162
4 103
93 192
78 177
123 222
191 290
63 162
40 139
66 165
50 149
130 229
131 230
118 217
102 201
123 222
167 266
69 168
177 276
148 247
158 257
173 272
101 200
12 111
137 236
167 266
12 111
23 122
7 106
48 147
193 292
99 198
60 159
158 257
142 241
19 118
73 172
53 152
80 179
169 268
139 238
21 120
74 173
173 272
161 260
5 104
101 200
51 150
177 276
167 266
142 241
53 152
102 201
104 203
51 150
126 225
112 211
140 239
159 258
134 233
120 219
147 246
115 214
170 269
37 136
128 227
181 280
133 232
188 287
137 236
120 219
99 198
127 226
45 144
36 135
137 236
184 283
28 127
171 270
63 162
136 235
92 191
70 169
42 141
95 194
172 271
80 179
169 268
178 277
59 158
126 225
182 281
113 212
120 219
105 204
40 139
194 293
44 143
48 147
175 274
139 238
90 189
178 277
82 181
141 240
145 244
152 251
83 182
183 282
133 232
62 161
179 278
145 244
13 112
103 202
72 171
183 282
70 169
69 168
125 224
8 107
186 285
138 237
9 108
58 157
117 216
15 114
30 129
45 144
159 258
118 217
10 109
12 111
6 105
40 139
67 166
102 201
182 281
93 192
150 249
20 119
88 187
93 192
177 276
108 207
10 109
83 182
75 174
148 247
114 213
164 263
160 259
99 198
48 147
130 229
172 271
2 101
113 212
3 102
173 272
53 152
89 188
64 163
54 153
196 295
37 136
155 254
59 158
144 243
162 261
52 151
160 259
17 116
163 262
18 117
1 100
75 174
48 147
33 132
81 180
113 212
22 121
95 194
63 162
137 236
171 270
41 140
72 171
163 262
150 249
124 223
85 184
73 172
114 213
189 288
17 116
154 253
84 183
50 149
32 131
88 187
192 291
20 119
116 215
165 264
76 175
36 135
73 172
88 187
46 145
10 109
35 134
114 213
69 168
189 288
25 124
187 286
52 151
172 271
179 278
22 121
180 279
45 144
163 262
24 123
48 147
90 189
173 272
74 173
51 150
196 295
68 167
94 193
170 269
171 270
108 207
176 275
12 111
135 234
24 123
142 241
44 143
154 253
47 146
177 276
165 264
33 132
152 251
3 102
93 192
124 223
111 210
53 152
147 246
183 282
71 170
74 173
3 102
145 244
104 203
81 180
83 182
70 169
158 257
156 255
10 109
66 165
39 138
104 203
112 211
116 215
100 199
20 119
22 121
109 208
154 253
48 147
180 279
126 225
122 221
123 222
134 233
16 115
118 217
18 117
191 290
133 232
66 165
133 232
150 249
70 169
139 238
196 295
37 136
120 219
168 267
92 191
45 144
93 192
55 154
166 265
61 160
28 127
2 101
64 163
44 143
167 266
191 290
167 266
23 122
155 254
85 184
184 283
18 117
104 203
51 150
188 287
191 290
74 173
166 265
113 212
55 154
87 186
29 128
167 266
105 204
35 134
107 206
98 197
136 235
158 257
45 144
152 251
184 283
52 151
192 291
102 201
18 117
82 181
35 134
11 110
176 275
89 188
102 201
78 177
66 165
2 101
97 196
193 292
96 195
117 216
191 290
32 131
130 229
89 188
5 104
18 117
98 197
49 148
134 233
89 188
3 102
151 250
143 242
20 119
56 155
152 251
83 182
11 110
185 284
5 104
17 116
162 261
10 109
141 240
6 105
63 162
66 165
147 246
15 114
146 245
161 260
48 147
68 167
25 124
185 284
88 187
117 216
147 246
64 163
34 133
20 119
15 114
182 281
64 163
36 135
75 174
94 193
23 122
68 167
181 280
21 120
142 241
177 276
135 234
62 161
45 144
182 281
180 279
65 164
146 245
2 101
138 237
133 232
105 204
135 234
119 218
180 279
28 127
12 111
146 245
183 282
4 103
137 236
187 286
168 267
26 125
134 233
67 166
152 251
99 198
196 295
37 136
166 265
113 212
4 103
97 196
57 156
183 282
48 147
79 178
137 236
125 224
171 270
97 196
186 285
124 223
51 150
160 259
21 120
41 140
77 176
72 171
151 250
42 141
85 184
69 168
171 270
81 180
151 250
135 234
61 160
47 146
171 270
135 234
172 271
53 152
82 181
130 229
80 179
188 287
79 178
97 196
140 239
20 119
151 250
145 244
77 176
11 110
106 205
159 258
69 168
10 109
63 162
10 109
151 250
17 116
183 282
181 280
137 236
81 180
28 127
195 294
168 267
146 245
186 285
97 196
89 188
180 279
151 250
152 251
3 102
98 197
32 131
146 245
178 277
140 239
31 130
104 203
181 280
129 228
108 207
78 177
84 183
132 231
128 227
183 282
33 132
138 237
116 215
163 262
28 127
179 278
70 169
150 249
134 233
93 192
68 167
44 143
104 203
23 122
55 154
151 250
154 253
78 177
84 183
174 273
98 197
151 250
147 246
146 245
111 210
133 232
139 238
136 235
26 125
56 155
60 159
35 134
108 207
87 186
51 150
141 240
83 182
15 114
164 263
155 254
93 192
33 132
147 246
164 263
26 125
0 99
144 243
125 224
66 165
42 141
2 101
99 198
123 222
94 193
141 240
6 105
88 187
142 241
155 254
72 171
197 296
127 226
163 262
29 128
82 181
16 115
160 259
186 285
13 112
134 233
115 214
149 248
66 165
86 185
152 251
62 161
102 201
159 258
103 202
92 191
145 244
19 118
160 259
85 184
64 163
36 135
75 174
66 165
94 193
80 179
185 284
154 253
188 287
179 278
91 190
31 130
38 137
73 172
166 265
4 103
181 280
193 292
45 144
67 166
10 109
47 146
177 276
37 136
186 285
22 121
64 163
118 217
173 272
60 159
122 221
144 243
176 275
79 178
196 295
92 191
17 116
146 245
19 118
148 247
181 280
154 253
136 235
54 153
127 226
142 241
11 110
6 105
91 190
118 217
169 268
73 172
34 133
77 176
105 204
162 261
47 146
98 197
72 171
90 189
155 254
91 190
77 176
88 187
89 188
152 251
187 286
16 115
185 284
97 196
52 151
13 112
161 260
13 112
69 168
111 210
170 269
83 182
150 249
75 174
162 261
170 269
74 173
167 266
133 232
67 166
52 151
68 167
70 169
107 206
58 157
42 141
139 238
5 104
9 108
5 104
40 139
44 143
75 174
171 270
1 100
92 191
183 282
163 262
102 201
172 271
175 274
60 159
48 147
113 212
101 200
96 195
149 248
109 208
160 259
147 246
40 139
83 182
171 270
25 124
72 171
107 206
196 295
115 214
149 248
6 105
69 168
168 267
87 186
175 274
106 205
85 184
6 105
139 238
71 170
71 170
196 295
25 124
175 274
13 112
167 266
147 246
11 110
97 196
106 205
9 108
29 128
144 243
88 187
77 176
152 251
71 170
5 104
63 162
43 142
80 179
2 101
37 136
62 161
122 221
109 208
177 276
108 207
0 99
169 268
161 260
32 131
24 123
43 142
54 153
24 123
190 289
57 156
0 99
83 182
51 150
183 282
33 132
137 236
132 231
113 212
14 113
37 136
99 198
194 293
74 173
187 286
133 232
78 177
36 135
13 112
154 253
52 151
61 160
49 148
30 129
76 175
167 266
13 112
96 195
184 283
112 211
37 136
80 179
38 137
28 127
23 122
141 240
154 253
28 127
127 226
89 188
167 266
93 192
31 130
54 153
197 296
185 284
115 214
113 212
116 215
116 215
102 201
39 138
148 247
30 129
170 269
14 113
137 236
70 169
102 201
49 148
119 218
161 260
57 156
14 113
114 213
164 263
53 152
81 180
94 193
32 131
14 113
11 110
42 141
191 290
165 264
109 208
177 276
101 200
53 152
150 249
28 127
179 278
118 217
38 137
56 155
119 218
183 282
108 207
8 107
3 102
37 136
80 179
165 264
50 149
71 170
0 99
178 277
153 252
68 167
47 146
0 99
6 105
94 193
195 294
0 99
170 269
29 128
180 279
142 241
119 218
51 150
21 120
129 228
160 259
102 201
197 296
182 281
105 204
88 187
133 232
135 234
117 216
52 151
127 226
196 295
156 255
194 293
44 143
43 142
128 227
190 289
89 188
23 122
26 125
174 273
69 168
149 248
110 209
30 129
133 232
115 214
10 109
29 128
106 205
15 114
39 138
14 113
43 142
70 169
145 244
47 146
58 157
159 258
137 236
133 232
2 101
106 205
56 155
105 204
125 224
187 286
125 224
130 229
34 133
79 178
172 271
72 171
164 263
188 287
73 172
188 287
47 146
17 116
69 168
97 196
185 284
97 196
62 161
93 192
168 267
59 158
70 169
153 252
4 103
160 259
128 227
53 152
42 141
39 138
28 127
156 255
192 291
77 176
62 161
4 103
163 262
91 190
39 138
196 295
75 174
134 233
162 261
88 187
128 227
79 178
149 248
158 257
158 257
101 200
128 227
2 101
57 156
84 183
140 239
185 284
183 282
57 156
17 116
175 274
56 155
149 248
32 131
26 125
23 122
110 209
171 270
39 138
158 257
35 134
82 181
22 121
189 288
196 295
163 262
36 135
22 121
152 251
109 208
2 101
182 281
81 180
139 238
163 262
119 218
77 176
80 179
164 263
76 175
72 171
83 182
11 110
149 248
97 196
34 133
7 106
173 272
7 106
153 252
2 101
170 269
8 107
172 271
99 198
55 154
30 129
103 202
196 295
42 141
65 164
21 120
81 180
40 139
172 271
132 231
149 248
4 103
9 108
73 172
169 268
81 180
152 251
88 187
173 272
95 194
112 211
83 182
11 110
45 144
130 229
42 141
51 150
192 291
128 227
93 192
25 124
120 219
180 279
89 188
189 288
112 211
128 227
45 144
173 272
2 101
192 291
133 232
71 170
130 229
173 272
98 197
42 141
5 104
172 271
7 106
67 166
149 248
193 292
135 234
29 128
14 113
59 158
165 264
138 237
1 100
193 292
134 233
178 277
74 173
168 267
14 113
140 239
48 147
41 140
66 165
125 224
36 135
133 232
133 232
42 141
40 139
172 271
75 174
93 192
2 101
76 175
31 130
34 133
0 99
94 193
107 206
60 159
64 163
9 108
19 118
138 237
119 218
190 289
6 105
95 194
64 163
87 186
174 273
120 219
80 179
17 116
172 271
26 125
30 129
104 203
64 163
158 257
6 105
95 194
124 223
157 256
148 247
155 254
174 273
95 194
91 190
110 209
167 266
150 249
137 236
110 209
86 185
180 279
142 241
89 188
135 234
97 196
180 279
136 235
131 230
134 233
149 248
188 287
165 264
105 204
3 102
155 254
59 158
81 180
156 255
168 267
44 143
137 236
98 197
8 107
96 195
153 252
194 293
145 244
186 285
126 225
140 239
174 273
44 143
126 225
73 172
114 213
112 211
148 247
105 204
35 134
91 190
148 247
83 182
144 243
145 244
127 226
18 117
170 269
165 264
45 144
93 192
194 293
20 119
99 198
169 268
60 159
71 170
10 109
144 243
188 287
22 121
78 177
77 176
157 256
140 239
55 154
192 291
58 157
177 276
189 288
32 131
47 146
172 271
94 193
71 170
94 193
109 208
38 137
54 153
120 219
60 159
188 287
120 219
100 199
194 293
168 267
168 267
112 211
82 181
147 246
177 276
17;156504
150 249
46 145
52 151
76 175
10 109
86 185
97 196
68 167
82 181
144 243
122 221
155 254
53 152
193 292
9 108
168 267
92 191
75 174
45 144
31 130
82 181
81 180
154 253
196 295
113 212
130 229
118 217
185 284
159 258
180 279
155 254
109 208
192 291
182 281
155 254
15 114
87 186
8 107
182 281
93 192
63 162
162 261
43 142
170 269
162 261
17 116
29 128
146 245
65 164
160 259
128 227
106 205
195 294
86 185
127 226
128 227
28 127
184 283
76 175
144 243
121 220
34 133
178 277
74 173
173 272
178 277
132 231
25 124
35 134
59 158
2 101
133 232
99 198
135 234
5 104
27 126
12 111
107 206
145 244
91 190
41 140
15 114
36 135
75 174
91 190
170 269
143 242
151 250
38 137
98 197
0 99
2 101
93 192
172 271
13 112
33 132
42 141
70 169
191 290
147 246
91 190
112 211
23 122
27 126
70 169
150 249
149 248
78 177
67 166
68 167
180 279
0 99
147 246
107 206
94 193
142 241
123 222
123 222
109 208
197 296
37 136
29 128
33 132
157 256
152 251
126 225
99 198
77 176
126 225
194 293
101 200
138 237
143 242
135 234
168 267
169 268
107 206
14 113
169 268
98 197
178 277
138 237
176 275
36 135
161 260
169 268
103 202
19 118
143 242
73 172
184 283
119 218
87 186
142 241
79 178
20 119
79 178
154 253
115 214
72 171
42 141
54 153
141 240
170 269
122 221
174 273
124 223
115 214
138 237
26 125
49 148
146 245
143 242
21 120
91 190
116 215
113 212
33 132
30 129
126 225
72 171
47 146
94 193
19 118
80 179
122 221
87 186
58 157
5 104
50 149
120 219
126 225
174 273
30 129
88 187
197 296
85 184
159 258
85 184
184 283
17 116
87 186
185 284
80 179
193 292
122 221
95 194
153 252
85 184
29 128
1 100
159 258
166 265
150 249
47 146
160 259
83 182
24 123
127 226
122 221
82 181
17 116
190 289
149 248
66 165
1 100
148 247
120 219
21 120
107 206
68 167
47 146
156 255
112 211
162 261
88 187
121 220
88 187
176 275
123 222
84 183
90 189
99 198
194 293
68 167
36 135
157 256
168 267
21 120
138 237
61 160
77 176
30 129
158 257
155 254
76 175
144 243
165 264
119 218
120 219
10 109
73 172
116 215
125 224
49 148
17 116
65 164
20 119
168 267
181 280
4 103
141 240
109 208
159 258
123 222
21 120
158 257
2 101
181 280
104 203
155 254
145 244
134 233
66 165
115 214
124 223
26 125
146 245
84 183
89 188
58 157
72 171
50 149
64 163
90 189
86 185
163 262
129 228
31 130
79 178
194 293
124 223
123 222
145 244
18 117
76 175
101 200
39 138
49 148
118 217
45 144
138 237
130 229
194 293
178 277
157 256
64 163
88 187
183 282
69 168
38 137
118 217
140 239
175 274
45 144
8 107
12 111
79 178
40 139
164 263
112 211
2 101
48 147
31 130
142 241
143 242
23 122
114 213
168 267
139 238
6 105
161 260
71 170
37 136
143 242
135 234
33 132
143 242
69 168
94 193
22 121
151 250
14 113
74 173
114 213
143 242
133 232
15 114
31 130
17 116
108 207
162 261
166 265
65 164
62 161
33 132
51 150
2 101
32 131
167 266
33 132
49 148
34 133
141 240
196 295
133 232
110 209
25 124
110 209
117 216
131 230
155 254
147 246
186 285
174 273
4 103
164 263
149 248
94 193
12 111
174 273
156 255
132 231
175 274
18 117
72 171
101 200
189 288
53 152
180 279
9 108
47 146
76 175
44 143
23 122
82 181
123 222
10 109
106 205
38 137
152 251
121 220
145 244
99 198
29 128
126 225
127 226
180 279
77 176
132 231
65 164
84 183
177 276
137 236
0 99
148 247
84 183
60 159
112 211
160 259
101 200
163 262
20 119
175 274
185 284
124 223
180 279
124 223
178 277
29 128
136 235
127 226
44 143
108 207
14 113
37 136
91 190
66 165
110 209
27 126
159 258
150 249
134 233
8 107
59 158
96 195
140 239
145 244
20 119
23 122
116 215
5 104
28 127
139 238
10 109
182 281
157 256
119 218
100 199
97 196
69 168
126 225
150 249
168 267
123 222
167 266
186 285
81 180
142 241
71 170
34 133
15 114
109 208
79 178
75 174
91 190
61 160
151 250
189 288
114 213
99 198
59 158
173 272
63 162
155 254
65 164
187 286
77 176
109 208
107 206
158 257
85 184
125 224
177 276
36 135
99 198
146 245
34 133
132 231
152 251
116 215
85 184
10 109
160 259
107 206
69 168
145 244
85 184
177 276
125 224
43 142
36 135
34 133
191 290
82 181
95 194
69 168
189 288
189 288
130 229
180 279
21 120
115 214
8 107
96 195
76 175
124 223
97 196
101 200
118 217
107 206
78 177
97 196
62 161
51 150
151 250
191 290
34 133
105 204
95 194
68 167
6 105
101 200
65 164
2 101
134 233
169 268
17 116
154 253
182 281
38 137
126 225
192 291
155 254
115 214
105 204
69 168
52 151
13 112
75 174
125 224
123 222
186 285
107 206
1 100
127 226
78 177
181 280
104 203
152 251
140 239
40 139
89 188
144 243
113 212
161 260
16 115
15 114
177 276
131 230
16 115
101 200
113 212
29 128
156 255
53 152
174 273
103 202
66 165
159 258
1 100
185 284
193 292
49 148
184 283
62 161
29 128
35 134
154 253
165 264
132 231
2 101
22 121
56 155
103 202
77 176
9 108
107 206
101 200
30 129
78 177
163 262
2 101
187 286
11 110
100 199
136 235
119 218
107 206
92 191
157 256
98 197
196 295
79 178
23 122
4 103
172 271
158 257
163 262
188 287
172 271
148 247
34 133
85 184
144 243
179 278
169 268
60 159
178 277
166 265
77 176
12 111
28 127
104 203
6 105
87 186
188 287
45 144
187 286
127 226
55 154
34 133
146 245
129 228
132 231
30 129
32 131
99 198
141 240
59 158
40 139
176 275
84 183
57 156
19 118
74 173
194 293
14 113
44 143
99 198
69 168
8 107
92 191
180 279
48 147
125 224
8 107
90 189
140 239
61 160
100 199
196 295
181 280
11 110
113 212
109 208
76 175
153 252
21 120
29 128
40 139
10 109
76 175
195 294
177 276
30 129
100 199
56 155
58 157
47 146
25 124
181 280
142 241
3 102
196 295
186 285
53 152
144 243
145 244
143 242
46 145
100 199
144 243
150 249
163 262
186 285
66 165
28 127
104 203
63 162
90 189
172 271
144 243
168 267
5 104
152 251
35 134
188 287
194 293
180 279
51 150
188 287
8 107
137 236
175 274
3 102
73 172
35 134
191 290
91 190
183 282
54 153
87 186
102 201
109 208
121 220
70 169
38 137
32 131
47 146
155 254
23 122
42 141
188 287
111 210
64 163
152 251
164 263
77 176
158 257
20 119
156 255
59 158
142 241
144 243
65 164
54 153
114 213
101 200
116 215
90 189
196 295
56 155
76 175
97 196
81 180
55 154
30 129
147 246
14 113
174 273
73 172
108 207
161 260
187 286
21 120
118 217
137 236
184 283
129 228
143 242
176 275
8 107
173 272
113 212
172 271
2 101
7 106
181 280
79 178
65 164
135 234
108 207
184 283
154 253
182 281
15 114
147 246
42 141
7 106
108 207
121 220
32 131
28 127
84 183
30 129
143 242
139 238
10 109
70 169
16 115
106 205
197 296
75 174
48 147
125 224
25 124
177 276
155 254
80 179
2 101
44 143
194 293
37 136
100 199
172 271
98 197
81 180
19 118
110 209
53 152
170 269
28 127
24 123
129 228
88 187
44 143
35 134
134 233
41 140
101 200
58 157
190 289
30 129
24 123
65 164
43 142
46 145
43 142
75 174
87 186
72 171
178 277
147 246
98 197
22 121
155 254
145 244
28 127
33 132
37 136
33 132
163 262
21 120
113 212
127 226
99 198
23 122
191 290
91 190
84 183
4 103
5 104
91 190
130 229
63 162
29 128
158 257
66 165
169 268
122 221
59 158
156 255
27 126
56 155
117 216
111 210
95 194
47 146
35 134
27 126
101 200
64 163
173 272
41 140
71 170
12 111
34 133
99 198
46 145
91 190
160 259
186 285
88 187
24 123
150 249
55 154
95 194
53 152
108 207
105 204
63 162
10 109
32 131
106 205
169 268
2 101
159 258
177 276
92 191
50 149
80 179
0 99
87 186
128 227
156 255
142 241
161 260
179 278
192 291
65 164
197 296
96 195
2 101
161 260
48 147
70 169
17 116
107 206
76 175
105 204
13 112
41 140
112 211
116 215
116 215
181 280
173 272
156 255
8 107
175 274
3 102
107 206
152 251
157 256
184 283
140 239
86 185
145 244
144 243
79 178
2 101
39 138
58 157
62 161
105 204
68 167
27 126
87 186
92 191
176 275
63 162
130 229
147 246
62 161
33 132
99 198
147 246
194 293
188 287
136 235
31 130
146 245
46 145
7 106
15 114
128 227
84 183
118 217
71 170
27 126
48 147
18 117
45 144
147 246
80 179
133 232
132 231
109 208
127 226
109 208
3 102
41 140
42 141
92 191
44 143
79 178
122 221
184 283
68 167
51 150
43 142
117 216
109 208
35 134
115 214
156 255
123 222
32 131
144 243
65 164
89 188
142 241
197 296
19 118
168 267
182 281
117 216
86 185
60 159
30 129
181 280
188 287
49 148
172 271
87 186
186 285
193 292
121 220
185 284
107 206
70 169
195 294
91 190
60 159
138 237
102 201
73 172
117 216
167 266
174 273
27 126
19 118
26 125
178 277
46 145
95 194
104 203
119 218
123 222
72 171
193 292
106 205
132 231
77 176
106 205
194 293
128 227
47 146
63 162
12 111
119 218
96 195
63 162
122 221
56 155
193 292
39 138
117 216
183 282
68 167
113 212
140 239
47 146
195 294
134 233
184 283
167 266
118 217
168 267
117 216
11 110
85 184
53 152
39 138
17 116
179 278
149 248
178 277
142 241
139 238
30 129
15 114
167 266
37 136
32 131
170 269
138 237
45 144
153 252
38 137
30 129
60 159
84 183
186 285
60 159
125 224
70 169
114 213
155 254
95 194
181 280
66 165
101 200
102 201
14 113
151 250
156 255
147 246
25 124
89 188
132 231
46 145
3 102
100 199
38 137
151 250
108 207
66 165
57 156
121 220
60 159
119 218
163 262
60 159
11 110
91 190
17 116
51 150
177 276
102 201
167 266
146 245
78 177
106 205
63 162
109 208
136 235
109 208
157 256
170 269
136 235
27 126
193 292
62 161
88 187
15 114
43 142
42 141
65 164
58 157
92 191
112 211
121 220
176 275
165 264
137 236
188 287
80 179
11 110
117 216
64 163
61 160
137 236
158 257
136 235
165 264
70 169
67 166
185 284
163 262
105 204
128 227
85 184
83 182
79 178
36 135
64 163
169 268
60 159
60 159
188 287
108 207
109 208
56 155
74 173
100 199
196 295
151 250
106 205
86 185
18 117
85 184
116 215
65 164
150 249
177 276
172 271
23 122
5 104
41 140
44 143
84 183
65 164
137 236
73 172
66 165
175 274
180 279
127 226
50 149
133 232
175 274
142 241
60 159
95 194
101 200
57 156
111 210
123 222
84 183
29 128
15 114
141 240
75 174
101 200
99 198
53 152
98 197
35 134
150 249
171 270
59 158
138 237
139 238
119 218
103 202
135 234
17 116
152 251
194 293
75 174
43 142
52 151
180 279
117 216
181 280
168 267
188 287
93 192
136 235
34 133
7 106
152 251
36 135
41 140
161 260
122 221
77 176
163 262
164 263
127 226
117 216
141 240
90 189
47 146
144 243
35 134
71 170
125 224
92 191
37 136
92 191
119 218
32 131
119 218
93 192
111 210
172 271
76 175
2 101
185 284
20 119
18 117
3 102
81 180
5 104
101 200
28 127
101 200
167 266
45 144
68 167
30 129
105 204
64 163
79 178
163 262
65 164
106 205
56 155
58 157
149 248
74 173
148 247
43 142
148 247
126 225
128 227
106 205
36 135
25 124
119 218
141 240
168 267
159 258
14 113
193 292
27 126
81 180
95 194
82 181
174 273
61 160
3 102
124 223
47 146
41 140
118 217
181 280
47 146
64 163
16 115
190 289
137 236
134 233
153 252
116 215
195 294
11 110
123 222
61 160
195 294
67 166
54 153
17 116
80 179
143 242
22 121
183 282
73 172
10 109
2 101
172 271
106 205
150 249
119 218
106 205
29 128
137 236
32 131
195 294
193 292
44 143
0 99
137 236
159 258
6 105
48 147
44 143
114 213
194 293
179 278
137 236
125 224
190 289
114 213
125 224
24 123
148 247
64 163
29 128
116 215
97 196
172 271
66 165
53 152
106 205
72 171
154 253
98 197
62 161
82 181
119 218
155 254
138 237
192 291
35 134
110 209
93 192
64 163
183 282
187 286
152 251
153 252
174 273
9 108
148 247
77 176
76 175
185 284
95 194
177 276
161 260
81 180
60 159
75 174
139 238
176 275
125 224
103 202
49 148
0 99
8 107
119 218
90 189
12 111
119 218
138 237
167 266
69 168
197 296
108 207
132 231
157 256
109 208
105 204
181 280
180 279
176 275
167 266
155 254
29 128
194 293
176 275
21 120
131 230
160 259
154 253
27 126
22 121
130 229
115 214
151 250
94 193
104 203
19 118
133 232
124 223
120 219
142 241
50 149
137 236
12 111
46 145
35 134
55 154
51 150
8 107
0 99
27 126
58 157
99 198
16 115
75 174
91 190
162 261
39 138
117 216
186 285
49 148
114 213
195 294
104 203
36 135
96 195
88 187
178 277
196 295
182 281
113 212
53 152
80 179
68 167
53 152
55 154
138 237
2 101
75 174
112 211
150 249
106 205
76 175
55 154
59 158
24 123
19 118
60 159
69 168
175 274
155 254
150 249
73 172
195 294
76 175
6 105
173 272
41 140
122 221
89 188
189 288
21 120
116 215
191 290
77 176
69 168
171 270
16 115
67 166
94 193
67 166
125 224
10 109
51 150
46 145
88 187
23 122
170 269
116 215
7 106
15 114
116 215
66 165
86 185
136 235
118 217
64 163
99 198
6 105
59 158
113 212
69 168
52 151
165 264
192 291
35 134
14 113
91 190
4 103
17 116
71 170
165 264
4 103
175 274
29 128
41 140
163 262
64 163
121 220
88 187
89 188
23 122
155 254
149 248
15 114
62 161
106 205
174 273
180 279
34 133
111 210
115 214
140 239
97 196
5 104
83 182
166 265
145 244
185 284
43 142
190 289
107 206
45 144
1 100
181 280
107 206
65 164
122 221
159 258
149 248
128 227
3 102
143 242
42 141
154 253
163 262
151 250
186 285
89 188
181 280
80 179
74 173
110 209
126 225
101 200
43 142
63 162
165 264
0 99
106 205
157 256
11 110
138 237
104 203
41 140
184 283
161 260
62 161
4 103
132 231
137 236
145 244
119 218
179 278
117 216
87 186
65 164
87 186
180 279
75 174
53 152
45 144
153 252
147 246
174 273
159 258
179 278
84 183
133 232
48 147
132 231
185 284
55 154
7 106
62 161
94 193
96 195
159 258
58 157
68 167
167 266
173 272
130 229
135 234
83 182
4 103
138 237
168 267
5 104
68 167
1 100
19 118
94 193
120 219
39 138
197 296
0 99
16 115
130 229
94 193
137 236
26 125
177 276
55 154
105 204
33 132
188 287
195 294
163 262
50 149
78 177
134 233
192 291
11 110
61 160
30 129
192 291
184 283
9 108
124 223
179 278
80 179
59 158
55 154
15 114
157 256
123 222
111 210
105 204
36 135
122 221
188 287
173 272
32 131
52 151
112 211
82 181
152 251
127 226
185 284
195 294
111 210
116 215
126 225
44 143
188 287
16 115
88 187
185 284
101 200
108 207
55 154
43 142
36 135
187 286
52 151
196 295
24 123
129 228
76 175
56 155
163 262
3 102
107 206
187 286
77 176
87 186
16 115
131 230
182 281
142 241
197 296
186 285
151 250
146 245
42 141
143 242
160 259
75 174
43 142
164 263
92 191
55 154
110 209
56 155
172 271
89 188
129 228
193 292
128 227
174 273
16 115
95 194
50 149
182 281
157 256
176 275
117 216
152 251
138 237
76 175
79 178
100 199
59 158
129 228
82 181
23 122
5 104
127 226
13 112
108 207
99 198
196 295
47 146
71 170
142 241
83 182
48 147
173 272
94 193
22 121
69 168
139 238
123 222
114 213
29 128
109 208
26 125
173 272
1 100
36 135
117 216
7 106
138 237
168 267
85 184
2 101
95 194
19 118
3 102
148 247
97 196
168 267
156 255
110 209
188 287
97 196
127 226
166 265
42 141
123 222
110 209
70 169
71 170
143 242
94 193
139 238
190 289
106 205
197 296
196 295
114 213
51 150
88 187
37 136
26 125
127 226
44 143
47 146
33 132
38 137
85 184
194 293
97 196
0 99
144 243
105 204
4 103
179 278
15 114
112 211
142 241
161 260
33 132
172 271
185 284
110 209
15 114
123 222
179 278
65 164
140 239
170 269
52 151
107 206
76 175
36 135
109 208
52 151
36 135
134 233
114 213
12 111
18 117
165 264
122 221
6 105
42 141
32 131
180 279
112 211
124 223
46 145
32 131
31 130
141 240
90 189
114 213
71 170
19 118
152 251
100 199
11 110
89 188
163 262
42 141
60 159
136 235
167 266
10 109
90 189
181 280
185 284
151 250
79 178
148 247
5 104
120 219
36 135
141 240
38 137
13 112
32 131
84 183
167 266
58 157
119 218
121 220
88 187
163 262
101 200
105 204
93 192
185 284
51 150
23 122
82 181
100 199
124 223
87 186
38 137
70 169
136 235
76 175
46 145
47 146
105 204
77 176
167 266
103 202
81 180
103 202
124 223
11 110
62 161
116 215
88 187
27 126
34 133
37 136
156 255
117 216
136 235
23 122
139 238
8 107
67 166
122 221
56 155
88 187
148 247
56 155
154 253
13 112
164 263
55 154
122 221
47 146
63 162
20 119
166 265
53 152
161 260
65 164
153 252
119 218
22 121
165 264
119 218
124 223
73 172
178 277
181 280
45 144
0 99
195 294
162 261
103 202
50 149
108 207
113 212
31 130
24 123
41 140
171 270
179 278
9 108
109 208
10 109
93 192
160 259
111 210
34 133
48 147
46 145
148 247
140 239
95 194
62 161
132 231
34 133
10 109
67 166
163 262
92 191
14 113
56 155
110 209
181 280
168 267
132 231
144 243
155 254
76 175
91 190
135 234
93 192
0 99
29 128
163 262
31 130
94 193
115 214
85 184
145 244
127 226
53 152
140 239
92 191
49 148
10 109
181 280
12 111
125 224
67 166
58 157
127 226
39 138
96 195
64 163
8 107
182 281
56 155
48 147
93 192
131 230
27 126
107 206
28 127
64 163
152 251
5 104
2 101
68 167
1 100
128 227
20 119
86 185
157 256
9 108
10 109
183 282
103 202
105 204
46 145
88 187
171 270
49 148
183 282
104 203
123 222
0 99
32 131
8 107
172 271
194 293
79 178
134 233
80 179
135 234
6 105
87 186
148 247
99 198
90 189
170 269
36 135
69 168
94 193
39 138
195 294
158 257
116 215
27 126
19 118
150 249
90 189
102 201
189 288
28 127
66 165
54 153
6 105
195 294
116 215
101 200
143 242
108 207
113 212
135 234
56 155
1 100
98 197
107 206
73 172
14 113
46 145
148 247
85 184
76 175
158 257
42 141
37 136
104 203
147 246
169 268
82 181
10 109
145 244
135 234
189 288
37 136
137 236
25 124
10 109
128 227
155 254
68 167
111 210
84 183
73 172
57 156
12 111
32 131
190 289
57 156
77 176
44 143
147 246
32 131
192 291
28 127
31 130
145 244
63 162
183 282
105 204
83 182
58 157
109 208
194 293
152 251
64 163
132 231
99 198
136 235
114 213
138 237
74 173
117 216
191 290
13 112
163 262
26 125
43 142
40 139
39 138
38 137
37 136
83 182
84 183
112 211
1 100
140 239
195 294
176 275
0 99
86 185
7 106
77 176
161 260
24 123
164 263
128 227
73 172
101 200
49 148
34 133
62 161
121 220
28 127
193 292
137 236
171 270
29 128
107 206
5 104
156 255
135 234
170 269
12 111
73 172
35 134
13 112
139 238
77 176
123 222
130 229
154 253
45 144
49 148
31 130
189 288
189 288
171 270
5 104
22 121
114 213
46 145
135 234
173 272
29 128
46 145
49 148
38 137
38 137
128 227
47 146
180 279
59 158
165 264
10 109
197 296
36 135
52 151
113 212
72 171
155 254
76 175
118 217
66 165
40 139
173 272
138 237
163 262
74 173
9 108
82 181
33 132
173 272
119 218
17 116
40 139
160 259
159 258
151 250
67 166
151 250
151 250
179 278
147 246
32 131
48 147
149 248
11 110
141 240
185 284
52 151
15 114
70 169
97 196
80 179
72 171
140 239
37 136
51 150
105 204
50 149
180 279
41 140
66 165
44 143
54 153
63 162
53 152
135 234
185 284
173 272
153 252
185 284
19 118
29 128
96 195
3 102
180 279
170 269
189 288
39 138
159 258
133 232
75 174
77 176
74 173
120 219
0 99
137 236
3 102
123 222
174 273
168 267
127 226
6 105
147 246
145 244
92 191
161 260
18 117
157 256
25 124
159 258
77 176
129 228
99 198
146 245
121 220
166 265
170 269
121 220
78 177
86 185
89 188
134 233
26 125
113 212
51 150
66 165
88 187
74 173
138 237
125 224
130 229
140 239
26 125
163 262
52 151
164 263
25 124
55 154
33 132
37 136
127 226
78 177
78 177
55 154
39 138
49 148
59 158
22 121
127 226
48 147
169 268
96 195
132 231
61 160
4 103
121 220
56 155
157 256
195 294
53 152
6 105
28 127
188 287
152 251
7 106
126 225
152 251
153 252
39 138
120 219
149 248
11 110
17 116
179 278
49 148
180 279
14 113
148 247
163 262
139 238
57 156
36 135
107 206
15 114
133 232
22 121
3 102
82 181
162 261
145 244
69 168
71 170
125 224
165 264
159 258
127 226
20 119
4 103
123 222
173 272
63 162
101 200
72 171
191 290
1 100
13 112
187 286
81 180
193 292
85 184
32 131
77 176
53 152
177 276
80 179
153 252
113 212
53 152
66 165
14 113
84 183
170 269
106 205
149 248
127 226
160 259
32 131
90 189
68 167
179 278
175 274
46 145
98 197
137 236
170 269
91 190
13 112
184 283
30 129
173 272
166 265
166 265
148 247
66 165
88 187
109 208
128 227
147 246
143 242
28 127
135 234
169 268
131 230
148 247
34 133
111 210
13 112
186 285
88 187
53 152
165 264
59 158
115 214
105 204
49 148
23 122
49 148
74 173
104 203
74 173
135 234
141 240
116 215
108 207
87 186
149 248
111 210
186 285
141 240
27 126
145 244
75 174
88 187
168 267
17 116
187 286
172 271
185 284
138 237
118 217
120 219
101 200
15 114
3 102
25 124
69 168
24 123
156 255
98 197
25 124
171 270
125 224
74 173
180 279
145 244
73 172
56 155
10 109
181 280
179 278
69 168
15 114
142 241
9 108
128 227
79 178
93 192
8 107
186 285
9 108
68 167
126 225
120 219
157 256
31 130
7 106
44 143
97 196
75 174
94 193
111 210
159 258
52 151
147 246
178 277
26 125
139 238
58 157
173 272
181 280
42 141
96 195
88 187
124 223
120 219
9 108
35 134
53 152
121 220
76 175
97 196
143 242
13 112
74 173
57 156
179 278
123 222
173 272
148 247
91 190
10 109
195 294
75 174
189 288
179 278
189 288
161 260
17 116
179 278
151 250
163 262
120 219
69 168
3 102
170 269
118 217
90 189
110 209
116 215
51 150
17 116
49 148
186 285
83 182
16 115
153 252
28 127
146 245
65 164
23 122
177 276
124 223
130 229
14 113
138 237
46 145
111 210
130 229
93 192
32 131
38 137
54 153
125 224
142 241
35 134
78 177
195 294
80 179
24 123
145 244
192 291
158 257
192 291
185 284
183 282
176 275
161 260
12 111
89 188
17 116
133 232
37 136
15 114
1 100
26 125
46 145
171 270
99 198
51 150
111 210
168 267
35 134
124 223
104 203
11 110
156 255
139 238
175 274
97 196
43 142
49 148
70 169
93 192
77 176
127 226
120 219
191 290
171 270
62 161
167 266
176 275
71 170
50 149
102 201
39 138
82 181
193 292
97 196
79 178
30 129
188 287
179 278
169 268
121 220
141 240
128 227
83 182
104 203
127 226
40 139
133 232
155 254
173 272
159 258
35 134
98 197
5 104
190 289
71 170
27 126
141 240
5 104
4 103
126 225
11 110
4 103
146 245
14 113
17 116
173 272
196 295
23 122
7 106
113 212
136 235
184 283
155 254
12 111
4 103
87 186
57 156
2 101
43 142
111 210
12 111
2 101
11 110
65 164
8 107
155 254
28 127
112 211
4 103
192 291
53 152
85 184
102 201
116 215
25 124
89 188
185 284
45 144
68 167
121 220
147 246
174 273
178 277
185 284
60 159
183 282
1 100
77 176
66 165
151 250
44 143
30 129
52 151
76 175
54 153
64 163
20 119
131 230
158 257
195 294
7 106
69 168
158 257
78 177
9 108
125 224
178 277
86 185
163 262
140 239
109 208
157 256
180 279
49 148
22 121
111 210
141 240
179 278
150 249
4 103
60 159
134 233
139 238
110 209
101 200
114 213
154 253
1 100
47 146
85 184
177 276
134 233
157 256
31 130
86 185
81 180
159 258
45 144
141 240
14 113
109 208
197 296
174 273
49 148
113 212
194 293
133 232
97 196
93 192
74 173
42 141
176 275
171 270
58 157
78 177
28 127
84 183
1 100
124 223
72 171
5 104
138 237
135 234
119 218
123 222
75 174
11 110
165 264
3 102
98 197
0 99
114 213
43 142
125 224
37 136
21 120
68 167
95 194
156 255
103 202
137 236
112 211
43 142
185 284
90 189
71 170
49 148
30 129
106 205
102 201
171 270
188 287
58 157
139 238
19 118
165 264
155 254
42 141
148 247
161 260
18 117
91 190
172 271
39 138
169 268
150 249
50 149
11 110
52 151
174 273
161 260
6 105
30 129
167 266
142 241
116 215
130 229
159 258
186 285
3 102
93 192
39 138
59 158
88 187
135 234
172 271
146 245
144 243
197 296
5 104
193 292
91 190
78 177
69 168
123 222
3 102
12 111
168 267
109 208
10 109
62 161
178 277
70 169
73 172
151 250
30 129
110 209
46 145
164 263
113 212
152 251
108 207
132 231
35 134
153 252
127 226
197 296
96 195
83 182
175 274
62 161
14 113
106 205
128 227
25 124
67 166
148 247
9 108
88 187
187 286
195 294
102 201
95 194
144 243
135 234
53 152
57 156
0 99
32 131
176 275
84 183
143 242
56 155
10 109
189 288
45 144
117 216
136 235
185 284
6 105
194 293
134 233
135 234
120 219
57 156
168 267
138 237
114 213
64 163
158 257
118 217
43 142
154 253
0 99
183 282
126 225
124 223
185 284
31 130
153 252
168 267
13 112
138 237
146 245
80 179
177 276
30 129
94 193
95 194
99 198
140 239
144 243
109 208
68 167
69 168
2 101
3 102
61 160
91 190
22 121
178 277
21 120
149 248
188 287
165 264
63 162
144 243
67 166
5 104
130 229
188 287
148 247
128 227
187 286
144 243
188 287
155 254
83 182
44 143
77 176
104 203
4 103
130 229
155 254
172 271
127 226
190 289
95 194
149 248
88 187
7 106
108 207
184 283
51 150
26 125
171 270
89 188
154 253
98 197
139 238
177 276
35 134
114 213
153 252
86 185
185 284
70 169
174 273
125 224
49 148
60 159
179 278
189 288
129 228
117 216
10 109
8 107
18 117
7 106
66 165
131 230
187 286
101 200
127 226
186 285
35 134
76 175
101 200
55 154
158 257
5 104
75 174
0 99
14 113
19 118
134 233
170 269
56 155
178 277
32 131
22 121
7 106
16 115
182 281
11 110
114 213
177 276
114 213
22 121
11 110
107 206
21 120
162 261
109 208
162 261
149 248
104 203
59 158
52 151
70 169
134 233
104 203
173 272
114 213
71 170
126 225
155 254
29 128
4 103
50 149
19 118
31 130
164 263
187 286
79 178
81 180
31 130
110 209
16 115
173 272
127 226
58 157
174 273
21 120
100 199
52 151
66 165
107 206
153 252
89 188
46 145
103 202
73 172
111 210
180 279
55 154
61 160
90 189
3 102
49 148
97 196
171 270
31 130
82 181
102 201
69 168
39 138
188 287
25 124
33 132
53 152
10 109
150 249
118 217
192 291
165 264
31 130
32 131
48 147
160 259
174 273
38 137
70 169
11 110
55 154
105 204
22 121
156 255
10 109
45 144
152 251
125 224
71 170
115 214
117 216
134 233
133 232
105 204
20 119
109 208
9 108
153 252
85 184
9 108
139 238
184 283
133 232
124 223
115 214
58 157
64 163
0 99
179 278
140 239
180 279
113 212
118 217
11 110
170 269
99 198
90 189
34 133
61 160
99 198
184 283
78 177
33 132
132 231
31 130
137 236
23 122
104 203
107 206
92 191
193 292
10 109
95 194
75 174
165 264
166 265
38 137
29 128
143 242
110 209
156 255
34 133
112 211
34 133
149 248
21 120
71 170
137 236
60 159
192 291
75 174
184 283
170 269
36 135
153 252
81 180
195 294
73 172
145 244
28 127
66 165
183 282
155 254
112 211
162 261
133 232
64 163
138 237
141 240
172 271
185 284
94 193
184 283
28 127
145 244
48 147
5 104
12 111
95 194
153 252
100 199
169 268
14 113
26 125
104 203
27 126
193 292
191 290
152 251
96 195
99 198
77 176
137 236
28 127
110 209
119 218
77 176
102 201
87 186
4 103
12 111
40 139
43 142
69 168
184 283
197 296
136 235
38 137
47 146
182 281
11 110
28 127
20 119
102 201
190 289
148 247
181 280
54 153
35 134
183 282
62 161
27 126
151 250
182 281
176 275
163 262
127 226
116 215
19 118
92 191
51 150
152 251
41 140
4 103
140 239
56 155
138 237
144 243
126 225
69 168
87 186
61 160
9 108
26 125
69 168
18 117
108 207
26 125
37 136
75 174
148 247
117 216
0 99
131 230
158 257
59 158
177 276
147 246
173 272
59 158
145 244
46 145
69 168
61 160
96 195
189 288
28 127
110 209
22 121
41 140
134 233
106 205
23 122
158 257
102 201
106 205
79 178
176 275
149 248
91 190
141 240
157 256
52 151
109 208
23 122
25 124
87 186
96 195
101 200
37 136
161 260
6 105
58 157
128 227
174 273
126 225
145 244
27 126
92 191
83 182
120 219
150 249
85 184
66 165
97 196
112 211
18 117
104 203
193 292
134 233
64 163
14 113
48 147
150 249
1 100
65 164
15 114
6 105
22 121
94 193
81 180
149 248
156 255
57 156
105 204
26 125
104 203
162 261
168 267
143 242
25 124
165 264
138 237
196 295
189 288
34 133
120 219
146 245
96 195
43 142
89 188
181 280
53 152
65 164
135 234
161 260
135 234
176 275
50 149
191 290
132 231
69 168
19 118
15 114
164 263
196 295
78 177
88 187
196 295
140 239
115 214
178 277
30 129
105 204
117 216
108 207
57 156
113 212
110 209
130 229
178 277
48 147
9 108
92 191
114 213
68 167
77 176
20 119
6 105
45 144
48 147
176 275
164 263
24 123
136 235
157 256
13 112
74 173
158 257
189 288
69 168
181 280
147 246
113 212
164 263
6 105
155 254
67 166
111 210
38 137
9 108
158 257
7 106
176 275
149 248
67 166
74 173
158 257
125 224
89 188
96 195
50 149
163 262
28 127
69 168
65 164
129 228
118 217
63 162
172 271
149 248
25 124
98 197
92 191
116 215
126 225
137 236
17 116
53 152
63 162
57 156
82 181
59 158
187 286
24 123
161 260
177 276
74 173
75 174
41 140
155 254
18 117
104 203
150 249
81 180
27 126
191 290
114 213
11 110
3 102
121 220
140 239
114 213
116 215
33 132
137 236
75 174
65 164
110 209
12 111
69 168
118 217
29 128
30 129
112 211
41 140
160 259
133 232
179 278
77 176
46 145
164 263
97 196
38 137
28 127
152 251
174 273
182 281
5 104
98 197
40 139
116 215
144 243
39 138
102 201
77 176
138 237
0 99
61 160
106 205
5 104
120 219
53 152
136 235
93 192
90 189
197 296
97 196
163 262
42 141
169 268
158 257
123 222
35 134
181 280
125 224
92 191
24 123
15 114
103 202
136 235
40 139
93 192
121 220
60 159
78 177
158 257
109 208
190 289
8 107
56 155
71 170
129 228
58 157
59 158
158 257
132 231
155 254
136 235
109 208
138 237
181 280
119 218
97 196
22 121
189 288
58 157
87 186
16 115
61 160
41 140
130 229
27 126
2 101
189 288
152 251
0 99
26 125
50 149
167 266
167 266
28 127
116 215
190 289
119 218
60 159
65 164
192 291
191 290
163 262
27 126
172 271
43 142
12 111
20 119
43 142
59 158
146 245
28 127
139 238
30 129
101 200
93 192
113 212
20 119
10 109
163 262
156 255
87 186
192 291
187 286
77 176
145 244
3 102
162 261
181 280
195 294
97 196
172 271
139 238
6 105
104 203
104 203
135 234
61 160
88 187
138 237
134 233
123 222
72 171
159 258
191 290
16 115
14 113
126 225
21 120
156 255
96 195
190 289
124 223
114 213
65 164
118 217
185 284
116 215
186 285
147 246
6 105
67 166
30 129
184 283
182 281
40 139
178 277
44 143
81 180
167 266
183 282
160 259
167 266
90 189
127 226
87 186
60 159
124 223
133 232
194 293
157 256
137 236
32 131
176 275
138 237
72 171
27 126
174 273
67 166
165 264
4 103
100 199
188 287
151 250
171 270
50 149
76 175
138 237
120 219
103 202
122 221
116 215
178 277
140 239
12 111
91 190
180 279
36 135
157 256
34 133
37 136
174 273
169 268
64 163
9 108
56 155
21 120
87 186
69 168
158 257
116 215
29 128
164 263
37 136
84 183
135 234
72 171
86 185
141 240
182 281
64 163
138 237
151 250
104 203
168 267
58 157
81 180
77 176
113 212
93 192
8 107
191 290
89 188
67 166
71 170
61 160
194 293
46 145
161 260
57 156
14 113
6 105
29 128
21 120
20 119
144 243
62 161
63 162
80 179
113 212
9 108
175 274
175 274
91 190
119 218
143 242
52 151
19 118
174 273
137 236
48 147
178 277
13 112
86 185
124 223
74 173
169 268
63 162
108 207
81 180
49 148
149 248
196 295
32 131
128 227
179 278
68 167
190 289
130 229
113 212
135 234
37 136
192 291
7 106
37 136
8 107
33 132
109 208
99 198
47 146
197 296
57 156
155 254
17 116
24 123
141 240
85 184
192 291
28 127
95 194
13 112
33 132
90 189
149 248
118 217
140 239
39 138
124 223
56 155
96 195
60 159
57 156
117 216
147 246
72 171
170 269
59 158
168 267
2 101
99 198
71 170
77 176
7 106
127 226
1 100
131 230
117 216
156 255
137 236
19 118
149 248
153 252
0 99
63 162
177 276
16 115
28 127
72 171
4 103
175 274
86 185
122 221
113 212
128 227
54 153
102 201
22 121
189 288
186 285
106 205
100 199
150 249
126 225
48 147
75 174
81 180
188 287
3 102
61 160
21 120
85 184
162 261
103 202
46 145
39 138
143 242
51 150
93 192
0 99
107 206
55 154
165 264
170 269
121 220
83 182
10 109
51 150
107 206
134 233
95 194
175 274
113 212
78 177
137 236
197 296
49 148
83 182
74 173
113 212
9 108
94 193
132 231
150 249
128 227
179 278
170 269
197 296
195 294
83 182
92 191
80 179
97 196
69 168
26 125
186 285
53 152
139 238
118 217
75 174
29 128
70 169
77 176
22 121
197 296
106 205
48 147
84 183
92 191
177 276
158 257
18 117
186 285
74 173
161 260
149 248
48 147
178 277
21 120
152 251
31 130
30 129
61 160
70 169
40 139
162 261
34 133
146 245
69 168
195 294
180 279
128 227
61 160
37 136
0 99
91 190
153 252
50 149
2 101
115 214
151 250
41 140
140 239
154 253
0 99
133 232
27 126
118 217
32 131
2 101
142 241
142 241
22 121
152 251
160 259
173 272
2 101
126 225
26 125
57 156
123 222
193 292
192 291
158 257
147 246
73 172
80 179
53 152
40 139
123 222
63 162
43 142
103 202
158 257
136 235
54 153
80 179
10 109
139 238
68 167
175 274
20 119
20 119
64 163
32 131
118 217
122 221
28 127
109 208
99 198
19 118
31 130
89 188
158 257
89 188
151 250
120 219
63 162
178 277
71 170
81 180
148 247
38 137
41 140
14 113
5 104
169 268
158 257
45 144
91 190
8 107
134 233
74 173
93 192
120 219
97 196
185 284
44 143
99 198
40 139
93 192
175 274
74 173
119 218
75 174
94 193
57 156
122 221
52 151
137 236
2 101
32 131
122 221
85 184
108 207
106 205
81 180
172 271
77 176
136 235
155 254
96 195
86 185
73 172
158 257
41 140
106 205
152 251
2 101
3 102
71 170
152 251
195 294
117 216
117 216
133 232
74 173
188 287
37 136
101 200
47 146
148 247
188 287
23 122
90 189
62 161
68 167
90 189
102 201
109 208
158 257
0 99
124 223
111 210
41 140
86 185
102 201
136 235
11 110
86 185
191 290
146 245
109 208
20 119
153 252
196 295
165 264
61 160
93 192
126 225
75 174
40 139
67 166
51 150
180 279
145 244
82 181
167 266
4 103
5 104
157 256
155 254
114 213
133 232
98 197
128 227
182 281
54 153
38 137
177 276
168 267
142 241
38 137
153 252
24 123
149 248
48 147
149 248
111 210
119 218
0 99
58 157
7 106
58 157
104 203
34 133
111 210
10 109
102 201
39 138
89 188
136 235
140 239
15 114
128 227
138 237
197 296
137 236
38 137
113 212
182 281
178 277
96 195
53 152
116 215
158 257
12 111
185 284
94 193
180 279
163 262
49 148
23 122
53 152
126 225
67 166
48 147
44 143
159 258
101 200
49 148
95 194
89 188
98 197
111 210
96 195
178 277
3 102
5 104
106 205
116 215
66 165
79 178
25 124
39 138
66 165
66 165
99 198
188 287
62 161
81 180
177 276
100 199
118 217
101 200
94 193
90 189
148 247
197 296
101 200
115 214
42 141
144 243
194 293
157 256
71 170
98 197
64 163
38 137
52 151
166 265
114 213
183 282
126 225
71 170
133 232
12 111
99 198
35 134
65 164
124 223
102 201
147 246
64 163
187 286
24 123
53 152
103 202
138 237
153 252
161 260
30 129
143 242
87 186
4 103
137 236
89 188
193 292
10 109
67 166
46 145
65 164
132 231
193 292
78 177
57 156
54 153
51 150
21 120
129 228
89 188
49 148
37 136
104 203
153 252
116 215
124 223
82 181
18 117
118 217
143 242
86 185
108 207
55 154
69 168
14 113
112 211
29 128
165 264
63 162
175 274
23 122
4 103
49 148
154 253
41 140
107 206
160 259
41 140
123 222
38 137
107 206
122 221
71 170
179 278
133 232
5 104
58 157
4 103
157 256
13 112
43 142
39 138
164 263
113 212
91 190
175 274
151 250
38 137
77 176
135 234
158 257
89 188
8 107
64 163
81 180
55 154
88 187
1 100
79 178
21 120
13 112
84 183
97 196
177 276
129 228
43 142
66 165
12 111
167 266
114 213
128 227
122 221
178 277
49 148
140 239
197 296
15 114
132 231
182 281
159 258
35 134
121 220
179 278
139 238
11 110
79 178
104 203
131 230
133 232
110 209
69 168
66 165
167 266
12 111
174 273
78 177
193 292
74 173
139 238
2 101
128 227
45 144
12 111
169 268
166 265
38 137
40 139
78 177
189 288
174 273
57 156
56 155
72 171
7 106
158 257
30 129
171 270
80 179
56 155
93 192
123 222
88 187
100 199
172 271
187 286
55 154
190 289
89 188
126 225
18 117
1 100
193 292
35 134
16 115
191 290
171 270
93 192
64 163
183 282
81 180
163 262
169 268
78 177
162 261
20 119
26 125
189 288
74 173
175 274
149 248
194 293
107 206
23 122
194 293
18 117
91 190
130 229
120 219
104 203
32 131
34 133
116 215
94 193
166 265
166 265
114 213
158 257
99 198
18 117
5 104
7 106
146 245
67 166
142 241
173 272
146 245
152 251
53 152
35 134
160 259
13 112
108 207
61 160
193 292
3 102
185 284
100 199
108 207
123 222
73 172
191 290
122 221
134 233
50 149
131 230
166 265
16 115
110 209
42 141
21 120
133 232
68 167
161 260
39 138
29 128
150 249
167 266
155 254
38 137
162 261
193 292
153 252
60 159
29 128
70 169
94 193
97 196
196 295
77 176
142 241
38 137
7 106
80 179
90 189
192 291
59 158
175 274
18 117
195 294
48 147
20 119
96 195
32 131
186 285
0 99
63 162
37 136
185 284
31 130
15 114
6 105
170 269
165 264
140 239
165 264
113 212
43 142
162 261
97 196
135 234
78 177
8 107
129 228
47 146
104 203
118 217
66 165
140 239
143 242
139 238
113 212
52 151
20 119
94 193
61 160
182 281
28 127
104 203
183 282
136 235
163 262
96 195
193 292
81 180
124 223
79 178
148 247
128 227
86 185
57 156
85 184
24 123
131 230
39 138
121 220
125 224
97 196
28 127
116 215
122 221
99 198
162 261
74 173
187 286
12 111
101 200
50 149
7 106
91 190
173 272
17 116
190 289
57 156
49 148
42 141
64 163
171 270
29 128
151 250
43 142
124 223
34 133
104 203
133 232
181 280
86 185
37 136
195 294
161 260
197 296
51 150
155 254
156 255
153 252
119 218
65 164
75 174
44 143
72 171
181 280
4 103
16 115
81 180
190 289
34 133
18 117
102 201
95 194
171 270
60 159
156 255
116 215
31 130
54 153
94 193
191 290
119 218
69 168
87 186
69 168
57 156
13 112
107 206
186 285
94 193
44 143
82 181
55 154
95 194
8 107
109 208
110 209
174 273
14 113
76 175
104 203
14 113
183 282
165 264
105 204
20 119
176 275
100 199
121 220
124 223
61 160
79 178
150 249
145 244
197 296
135 234
150 249
62 161
172 271
110 209
92 191
128 227
71 170
141 240
23 122
136 235
124 223
53 152
2 101
119 218
101 200
7 106
62 161
163 262
167 266
197 296
77 176
164 263
166 265
47 146
177 276
85 184
11 110
106 205
81 180
72 171
104 203
95 194
0 99
178 277
185 284
180 279
138 237
196 295
85 184
18 117
63 162
81 180
190 289
19 118
119 218
7 106
130 229
72 171
173 272
82 181
118 217
65 164
174 273
173 272
62 161
80 179
99 198
150 249
5 104
159 258
50 149
34 133
12 111
72 171
98 197
114 213
178 277
190 289
86 185
120 219
99 198
140 239
55 154
74 173
63 162
18 117
189 288
99 198
20 119
189 288
88 187
169 268
158 257
103 202
75 174
114 213
2 101
4 103
161 260
43 142
174 273
185 284
148 247
169 268
142 241
168 267
14 113
66 165
115 214
104 203
166 265
39 138
49 148
94 193
24 123
12 111
110 209
75 174
112 211
81 180
113 212
153 252
69 168
84 183
148 247
64 163
106 205
54 153
2 101
5 104
44 143
129 228
194 293
84 183
145 244
190 289
66 165
4 103
27 126
33 132
158 257
60 159
126 225
58 157
148 247
186 285
124 223
144 243
190 289
50 149
51 150
59 158
162 261
186 285
48 147
181 280
44 143
56 155
2 101
4 103
163 262
73 172
132 231
180 279
84 183
79 178
182 281
40 139
32 131
185 284
65 164
45 144
87 186
44 143
166 265
139 238
31 130
42 141
40 139
69 168
69 168
139 238
8 107
71 170
53 152
35 134
114 213
29 128
17 116
114 213
2 101
7 106
35 134
85 184
30 129
101 200
144 243
52 151
106 205
4 103
26 125
70 169
91 190
122 221
151 250
179 278
73 172
127 226
90 189
19 118
176 275
29 128
105 204
160 259
147 246
197 296
19 118
102 201
51 150
180 279
37 136
23 122
112 211
10 109
21 120
58 157
95 194
28 127
123 222
163 262
177 276
49 148
75 174
26 125
164 263
59 158
140 239
62 161
161 260
36 135
4 103
46 145
49 148
91 190
88 187
11 110
2 101
116 215
48 147
150 249
0 99
69 168
39 138
9 108
162 261
9 108
125 224
80 179
25 124
14 113
34 133
55 154
89 188
183 282
48 147
50 149
25 124
102 201
165 264
96 195
103 202
82 181
34 133
69 168
170 269
164 263
73 172
1 100
167 266
194 293
147 246
107 206
158 257
156 255
112 211
82 181
30 129
9 108
85 184
60 159
143 242
195 294
195 294
175 274
63 162
150 249
63 162
57 156
58 157
42 141
152 251
73 172
36 135
128 227
117 216
188 287
142 241
194 293
57 156
170 269
76 175
96 195
36 135
154 253
171 270
159 258
185 284
124 223
121 220
153 252
17 116
171 270
20 119
147 246
165 264
47 146
152 251
64 163
34 133
31 130
58 157
50 149
46 145
34 133
116 215
62 161
99 198
55 154
138 237
101 200
194 293
25 124
75 174
80 179
100 199
155 254
119 218
171 270
82 181
98 197
167 266
143 242
176 275
116 215
161 260
109 208
49 148
187 286
77 176
66 165
146 245
67 166
156 255
95 194
197 296
80 179
192 291
42 141
188 287
160 259
152 251
117 216
54 153
7 106
147 246
62 161
5 104
182 281
163 262
102 201
167 266
56 155
65 164
190 289
139 238
66 165
132 231
12 111
109 208
113 212
155 254
9 108
25 124
74 173
54 153
22 121
101 200
36 135
33 132
178 277
120 219
185 284
28 127
14 113
38 137
26 125
92 191
101 200
44 143
149 248
120 219
158 257
135 234
71 170
102 201
69 168
18 117
53 152
111 210
156 255
131 230
96 195
50 149
37 136
127 226
122 221
79 178
42 141
5 104
171 270
122 221
169 268
27 126
156 255
90 189
58 157
26 125
168 267
190 289
91 190
179 278
113 212
22 121
124 223
70 169
20 119
177 276
39 138
47 146
102 201
30 129
98 197
138 237
195 294
5 104
15 114
8 107
65 164
66 165
71 170
112 211
12 111
144 243
19 118
135 234
31 130
42 141
185 284
96 195
156 255
160 259
110 209
93 192
169 268
151 250
44 143
90 189
12 111
68 167
97 196
136 235
43 142
64 163
13 112
118 217
141 240
166 265
174 273
17 116
98 197
68 167
56 155
98 197
110 209
13 112
193 292
19 118
94 193
18 117
67 166
130 229
130 229
84 183
128 227
174 273
68 167
9 108
193 292
171 270
68 167
47 146
111 210
137 236
19 118
81 180
173 272
66 165
114 213
45 144
102 201
31 130
97 196
129 228
62 161
86 185
144 243
150 249
41 140
119 218
34 133
122 221
64 163
69 168
77 176
145 244
154 253
128 227
136 235
120 219
40 139
43 142
175 274
95 194
53 152
197 296
74 173
43 142
138 237
55 154
130 229
74 173
134 233
107 206
134 233
142 241
147 246
106 205
176 275
79 178
15 114
179 278
74 173
124 223
72 171
155 254
146 245
42 141
134 233
107 206
138 237
125 224
143 242
63 162
111 210
83 182
89 188
117 216
131 230
60 159
196 295
112 211
5 104
183 282
128 227
137 236
118 217
77 176
5 104
5 104
30 129
159 258
37 136
17 116
120 219
48 147
105 204
137 236
189 288
152 251
32 131
131 230
111 210
23 122
51 150
43 142
156 255
77 176
112 211
110 209
86 185
122 221
116 215
44 143
133 232
165 264
94 193
80 179
81 180
36 135
55 154
162 261
6 105
111 210
134 233
159 258
25 124
197 296
129 228
187 286
120 219
24 123
76 175
14 113
130 229
164 263
55 154
173 272
121 220
105 204
42 141
85 184
83 182
73 172
32 131
122 221
168 267
165 264
129 228
85 184
158 257
122 221
191 290
8 107
166 265
18 117
141 240
52 151
3 102
191 290
161 260
193 292
196 295
169 268
194 293
113 212
72 171
155 254
26 125
177 276
189 288
44 143
104 203
99 198
30 129
164 263
99 198
47 146
180 279
120 219
47 146
88 187
38 137
74 173
100 199
167 266
182 281
13 112
138 237
77 176
58 157
44 143
162 261
83 182
176 275
138 237
18 117
148 247
73 172
190 289
61 160
24 123
48 147
102 201
126 225
150 249
11 110
116 215
117 216
56 155
157 256
65 164
0 99
106 205
163 262
121 220
58 157
0 99
168 267
170 269
188 287
137 236
109 208
125 224
133 232
14 113
16 115
137 236
115 214
126 225
38 137
160 259
123 222
56 155
148 247
86 185
80 179
50 149
35 134
177 276
26 125
33 132
142 241
174 273
193 292
105 204
124 223
122 221
96 195
194 293
58 157
13 112
141 240
102 201
147 246
138 237
21 120
71 170
72 171
173 272
190 289
93 192
61 160
39 138
157 256
118 217
189 288
174 273
75 174
7 106
133 232
113 212
0 99
93 192
23 122
90 189
66 165
11 110
127 226
74 173
134 233
128 227
6 105
56 155
76 175
179 278
24 123
45 144
196 295
196 295
31 130
188 287
177 276
125 224
2 101
195 294
156 255
157 256
21 120
60 159
186 285
81 180
41 140
22 121
82 181
120 219
40 139
169 268
87 186
38 137
110 209
14 113
80 179
128 227
78 177
186 285
79 178
14 113
51 150
150 249
175 274
98 197
189 288
62 161
97 196
158 257
53 152
149 248
138 237
67 166
175 274
88 187
166 265
71 170
46 145
1 100
70 169
34 133
117 216
144 243
60 159
83 182
29 128
150 249
97 196
80 179
154 253
86 185
146 245
20 119
109 208
77 176
193 292
180 279
111 210
102 201
28 127
3 102
141 240
168 267
100 199
158 257
161 260
75 174
58 157
151 250
90 189
122 221
106 205
105 204
5 104
38 137
189 288
121 220
149 248
189 288
131 230
93 192
132 231
87 186
145 244
146 245
192 291
66 165
46 145
35 134
142 241
58 157
168 267
64 163
132 231
191 290
133 232
197 296
44 143
150 249
122 221
117 216
126 225
194 293
40 139
143 242
31 130
189 288
132 231
140 239
23 122
49 148
10 109
159 258
5 104
180 279
46 145
68 167
170 269
7 106
9 108
1 100
108 207
65 164
41 140
20 119
156 255
88 187
21 120
11 110
95 194
2 101
51 150
108 207
41 140
102 201
35 134
52 151
73 172
35 134
2 101
6 105
16 115
7 106
134 233
162 261
11 110
3 102
45 144
146 245
50 149
10 109
154 253
68 167
67 166
24 123
121 220
6 105
182 281
65 164
81 180
102 201
61 160
35 134
180 279
15 114
83 182
49 148
124 223
160 259
21 120
73 172
146 245
43 142
69 168
72 171
79 178
140 239
26 125
68 167
8 107
38 137
142 241
133 232
130 229
71 170
143 242
162 261
22 121
80 179
91 190
63 162
192 291
67 166
186 285
55 154
150 249
117 216
168 267
176 275
29 128
131 230
83 182
140 239
168 267
151 250
108 207
49 148
71 170
33 132
58 157
116 215
25 124
78 177
82 181
87 186
107 206
128 227
41 140
135 234
78 177
54 153
81 180
172 271
65 164
70 169
23 122
107 206
112 211
101 200
23 122
195 294
134 233
173 272
105 204
78 177
151 250
112 211
180 279
128 227
46 145
15 114
83 182
120 219
113 212
153 252
137 236
74 173
102 201
125 224
66 165
143 242
182 281
193 292
79 178
14 113
134 233
15 114
37 136
80 179
122 221
67 166
83 182
78 177
80 179
38 137
154 253
115 214
1 100
35 134
26 125
165 264
146 245
8 107
71 170
87 186
9 108
40 139
0 99
131 230
110 209
17 116
28 127
72 171
173 272
194 293
38 137
24 123
112 211
110 209
72 171
14 113
81 180
124 223
21 120
70 169
42 141
167 266
163 262
147 246
100 199
52 151
56 155
142 241
71 170
74 173
175 274
91 190
153 252
136 235
139 238
126 225
10 109
29 128
193 292
39 138
148 247
119 218
81 180
43 142
58 157
15 114
103 202
30 129
101 200
194 293
181 280
82 181
161 260
14 113
32 131
31 130
42 141
88 187
24 123
86 185
87 186
40 139
188 287
171 270
194 293
53 152
75 174
68 167
113 212
10 109
116 215
116 215
135 234
75 174
32 131
98 197
14 113
82 181
118 217
194 293
6 105
55 154
184 283
21 120
2 101
65 164
11 110
79 178
80 179
124 223
9 108
162 261
60 159
142 241
135 234
148 247
107 206
70 169
117 216
114 213
140 239
167 266
114 213
64 163
28 127
7 106
58 157
51 150
86 185
23 122
153 252
143 242
192 291
182 281
60 159
182 281
146 245
67 166
84 183
42 141
29 128
143 242
109 208
54 153
175 274
177 276
0 99
74 173
58 157
90 189
174 273
49 148
12 111
76 175
10 109
9 108
197 296
192 291
43 142
116 215
131 230
196 295
26 125
123 222
52 151
23 122
159 258
195 294
29 128
40 139
169 268
1 100
51 150
19 118
43 142
119 218
53 152
12 111
91 190
174 273
132 231
4 103
101 200
20 119
72 171
108 207
116 215
139 238
136 235
20 119
144 243
110 209
18 117
32 131
14 113
194 293
24 123
45 144
113 212
126 225
1 100
17 116
130 229
47 146
58 157
147 246
135 234
185 284
132 231
141 240
153 252
88 187
137 236
72 171
81 180
184 283
87 186
49 148
78 177
160 259
159 258
154 253
86 185
75 174
175 274
113 212
51 150
77 176
20 119
15 114
179 278
73 172
159 258
151 250
189 288
185 284
131 230
77 176
42 141
117 216
82 181
124 223
92 191
74 173
137 236
79 178
192 291
146 245
196 295
170 269
184 283
184 283
80 179
187 286
22 121
38 137
142 241
142 241
172 271
8 107
185 284
29 128
34 133
112 211
108 207
51 150
20 119
39 138
128 227
162 261
44 143
51 150
88 187
57 156
60 159
78 177
192 291
63 162
147 246
168 267
191 290
21 120
42 141
66 165
125 224
24 123
10 109
169 268
144 243
10 109
14 113
6 105
195 294
175 274
171 270
132 231
40 139
38 137
35 134
100 199
77 176
174 273
166 265
31 130
122 221
25 124
130 229
47 146
98 197
134 233
55 154
143 242
9 108
23 122
179 278
100 199
34 133
0 99
161 260
142 241
28 127
170 269
82 181
172 271
190 289
62 161
196 295
144 243
18 117
183 282
185 284
75 174
129 228
117 216
174 273
132 231
165 264
24 123
36 135
15 114
82 181
101 200
11 110
41 140
58 157
30 129
178 277
85 184
0 99
24 123
50 149
175 274
130 229
87 186
122 221
68 167
190 289
142 241
75 174
122 221
115 214
84 183
68 167
10 109
129 228
125 224
116 215
189 288
161 260
182 281
37 136
23 122
192 291
84 183
12 111
185 284
131 230
106 205
160 259
195 294
186 285
119 218
101 200
95 194
153 252
157 256
176 275
111 210
163 262
64 163
86 185
117 216
49 148
70 169
134 233
191 290
187 286
41 140
7 106
30 129
191 290
178 277
100 199
12 111
1 100
101 200
84 183
136 235
100 199
10 109
130 229
33 132
37 136
186 285
52 151
172 271
109 208
176 275
75 174
164 263
60 159
7 106
150 249
112 211
52 151
25 124
175 274
189 288
81 180
52 151
168 267
107 206
163 262
140 239
143 242
47 146
6 105
184 283
141 240
9 108
150 249
173 272
126 225
120 219
35 134
19 118
192 291
64 163
0 99
64 163
28 127
4 103
66 165
127 226
20 119
32 131
147 246
25 124
56 155
181 280
52 151
181 280
176 275
67 166
151 250
65 164
189 288
191 290
38 137
51 150
59 158
87 186
17 116
93 192
91 190
131 230
51 150
94 193
43 142
27 126
55 154
23 122
132 231
144 243
6 105
123 222
171 270
140 239
103 202
99 198
144 243
73 172
32 131
42 141
9 108
85 184
95 194
73 172
74 173
139 238
66 165
185 284
185 284
32 131
180 279
174 273
170 269
192 291
139 238
19 118
35 134
31 130
0 99
115 214
142 241
173 272
146 245
51 150
9 108
89 188
83 182
111 210
83 182
4 103
101 200
66 165
83 182
128 227
59 158
68 167
26 125
144 243
122 221
3 102
95 194
131 230
25 124
48 147
66 165
141 240
178 277
163 262
9 108
68 167
30 129
165 264
29 128
172 271
109 208
21 120
78 177
96 195
51 150
175 274
34 133
111 210
58 157
133 232
180 279
73 172
8 107
138 237
149 248
111 210
138 237
83 182
26 125
90 189
104 203
59 158
9 108
182 281
108 207
81 180
158 257
146 245
159 258
192 291
107 206
5 104
186 285
144 243
21 120
87 186
95 194
81 180
95 194
78 177
12 111
137 236
144 243
39 138
2 101
16 115
192 291
98 197
169 268
67 166
28 127
45 144
42 141
135 234
160 259
61 160
13 112
179 278
34 133
182 281
90 189
172 271
150 249
100 199
120 219
135 234
11 110
128 227
153 252
175 274
7 106
130 229
3 102
192 291
86 185
30 129
33 132
45 144
5 104
76 175
178 277
197 296
110 209
189 288
189 288
54 153
189 288
119 218
99 198
31 130
195 294
16 115
186 285
92 191
146 245
127 226
192 291
120 219
132 231
173 272
95 194
168 267
134 233
59 158
52 151
88 187
3 102
116 215
163 262
66 165
132 231
45 144
58 157
177 276
108 207
182 281
71 170
23 122
66 165
135 234
68 167
54 153
154 253
130 229
45 144
18 117
155 254
47 146
10 109
71 170
156 255
140 239
131 230
112 211
128 227
190 289
148 247
192 291
22 121
187 286
3 102
34 133
172 271
52 151
158 257
1 100
42 141
39 138
162 261
151 250
31 130
87 186
52 151
84 183
172 271
193 292
175 274
119 218
113 212
117 216
107 206
30 129
30 129
168 267
150 249
78 177
64 163
78 177
52 151
180 279
28 127
25 124
190 289
93 192
142 241
110 209
101 200
45 144
173 272
100 199
154 253
44 143
122 221
169 268
76 175
69 168
147 246
175 274
69 168
125 224
68 167
171 270
131 230
56 155
66 165
184 283
145 244
9 108
109 208
152 251
58 157
52 151
79 178
197 296
86 185
97 196
83 182
19 118
106 205
110 209
1 100
166 265
33 132
151 250
23 122
80 179
88 187
2 101
156 255
165 264
42 141
15 114
141 240
117 216
19 118
188 287
147 246
147 246
104 203
155 254
79 178
185 284
89 188
69 168
29 128
58 157
139 238
49 148
183 282
21 120
46 145
157 256
9 108
180 279
146 245
63 162
74 173
132 231
196 295
182 281
97 196
161 260
51 150
136 235
51 150
107 206
169 268
173 272
160 259
57 156
122 221
26 125
4 103
148 247
122 221
150 249
157 256
8 107
89 188
52 151
28 127
158 257
185 284
28 127
40 139
98 197
46 145
167 266
102 201
91 190
139 238
8 107
129 228
14 113
172 271
39 138
185 284
118 217
80 179
99 198
190 289
58 157
72 171
129 228
13 112
160 259
146 245
151 250
31 130
150 249
155 254
153 252
111 210
30 129
181 280
46 145
91 190
144 243
11 110
96 195
151 250
106 205
65 164
132 231
52 151
33 132
120 219
189 288
12 111
67 166
86 185
61 160
83 182
197 296
77 176
123 222
122 221
133 232
168 267
165 264
39 138
137 236
131 230
18 117
143 242
128 227
39 138
29 128
99 198
92 191
143 242
72 171
188 287
74 173
74 173
46 145
160 259
139 238
75 174
86 185
45 144
71 170
33 132
21 120
113 212
126 225
14 113
99 198
186 285
168 267
51 150
143 242
32 131
153 252
0 99
186 285
50 149
175 274
122 221
175 274
131 230
142 241
85 184
60 159
85 184
177 276
134 233
167 266
70 169
129 228
146 245
80 179
177 276
193 292
164 263
184 283
49 148
195 294
97 196
18 117
120 219
12 111
192 291
155 254
12 111
157 256
68 167
45 144
21 120
152 251
53 152
55 154
66 165
59 158
50 149
35 134
35 134
139 238
181 280
45 144
76 175
33 132
178 277
183 282
153 252
146 245
184 283
155 254
162 261
107 206
15 114
75 174
184 283
145 244
31 130
17 116
12 111
39 138
18 117
56 155
18 117
162 261
105 204
183 282
63 162
35 134
101 200
30 129
27 126
169 268
16 115
80 179
126 225
103 202
38 137
32 131
89 188
56 155
48 147
44 143
2 101
63 162
56 155
193 292
89 188
164 263
124 223
60 159
97 196
168 267
5 104
24 123
142 241
71 170
42 141
129 228
55 154
145 244
56 155
18 117
108 207
191 290
29 128
112 211
72 171
18 117
31 130
108 207
86 185
45 144
127 226
7 106
141 240
131 230
150 249
137 236
188 287
153 252
59 158
23 122
41 140
15 114
80 179
197 296
143 242
155 254
107 206
103 202
67 166
37 136
112 211
116 215
63 162
142 241
4 103
12 111
74 173
13 112
95 194
58 157
87 186
14 113
153 252
67 166
49 148
82 181
109 208
5 104
1 100
68 167
123 222
34 133
158 257
126 225
55 154
52 151
150 249
167 266
68 167
146 245
171 270
197 296
140 239
60 159
167 266
79 178
181 280
168 267
77 176
4 103
76 175
77 176
64 163
11 110
162 261
117 216
25 124
90 189
144 243
168 267
141 240
43 142
11 110
144 243
157 256
193 292
22 121
195 294
29 128
189 288
164 263
63 162
183 282
147 246
37 136
19 118
153 252
171 270
190 289
13 112
46 145
150 249
17 116
52 151
165 264
140 239
35 134
129 228
6 105
195 294
113 212
134 233
34 133
42 141
194 293
164 263
90 189
48 147
3 102
158 257
181 280
160 259
116 215
131 230
9 108
18 117
130 229
100 199
14 113
82 181
149 248
111 210
59 158
191 290
63 162
21 120
105 204
39 138
140 239
118 217
152 251
179 278
185 284
187 286
45 144
184 283
138 237
99 198
41 140
141 240
31 130
179 278
129 228
114 213
60 159
81 180
188 287
113 212
107 206
34 133
115 214
152 251
68 167
171 270
139 238
92 191
82 181
126 225
161 260
134 233
131 230
4 103
70 169
25 124
53 152
184 283
5 104
48 147
106 205
168 267
147 246
132 231
11 110
98 197
49 148
3 102
103 202
41 140
176 275
76 175
162 261
181 280
150 249
84 183
18 117
190 289
108 207
152 251
162 261
138 237
130 229
136 235
197 296
50 149
151 250
167 266
190 289
172 271
42 141
157 256
40 139
104 203
54 153
29 128
144 243
156 255
34 133
189 288
25 124
190 289
173 272
63 162
72 171
183 282
50 149
36 135
184 283
24 123
27 126
112 211
167 266
187 286
10 109
11 110
17 116
173 272
73 172
192 291
28 127
28 127
131 230
124 223
22 121
151 250
153 252
159 258
46 145
118 217
78 177
66 165
187 286
41 140
48 147
25 124
145 244
16 115
178 277
67 166
117 216
117 216
139 238
22 121
11 110
135 234
167 266
100 199
102 201
85 184
53 152
186 285
122 221
116 215
112 211
79 178
102 201
110 209
57 156
84 183
178 277
171 270
7 106
118 217
86 185
19 118
115 214
134 233
39 138
51 150
157 256
131 230
171 270
161 260
57 156
26 125
174 273
57 156
89 188
16 115
116 215
117 216
157 256
134 233
22 121
172 271
91 190
98 197
121 220
34 133
59 158
175 274
30 129
190 289
41 140
1 100
84 183
173 272
45 144
196 295
189 288
169 268
122 221
66 165
113 212
124 223
83 182
33 132
89 188
79 178
19 118
89 188
74 173
8 107
89 188
185 284
133 232
152 251
78 177
33 132
115 214
59 158
43 142
178 277
102 201
64 163
29 128
86 185
188 287
3 102
54 153
160 259
174 273
32 131
114 213
158 257
73 172
132 231
112 211
165 264
161 260
68 167
88 187
69 168
58 157
87 186
111 210
90 189
133 232
70 169
39 138
88 187
164 263
183 282
113 212
6 105
151 250
119 218
149 248
23 122
25 124
137 236
119 218
106 205
190 289
189 288
51 150
20 119
167 266
85 184
63 162
129 228
3 102
195 294
31 130
7 106
82 181
171 270
148 247
49 148
51 150
22 121
37 136
132 231
26 125
87 186
125 224
113 212
69 168
122 221
186 285
21 120
104 203
88 187
30 129
102 201
3 102
76 175
94 193
175 274
128 227
51 150
17 116
130 229
161 260
30 129
99 198
172 271
38 137
178 277
73 172
93 192
64 163
95 194
184 283
69 168
190 289
93 192
162 261
47 146
125 224
79 178
74 173
15 114
169 268
92 191
154 253
2 101
154 253
145 244
66 165
33 132
85 184
82 181
132 231
18 117
61 160
87 186
67 166
121 220
15 114
136 235
31 130
143 242
166 265
51 150
109 208
64 163
190 289
75 174
140 239
152 251
161 260
44 143
96 195
47 146
49 148
147 246
25 124
63 162
146 245
80 179
118 217
186 285
152 251
132 231
171 270
11 110
2 101
165 264
105 204
6 105
38 137
121 220
123 222
165 264
50 149
132 231
183 282
165 264
29 128
8 107
81 180
117 216
179 278
19 118
197 296
131 230
48 147
49 148
102 201
33 132
67 166
172 271
81 180
4 103
147 246
154 253
157 256
37 136
165 264
95 194
46 145
45 144
134 233
49 148
115 214
112 211
54 153
21 120
22 121
127 226
66 165
148 247
43 142
55 154
108 207
26 125
62 161
23 122
105 204
5 104
175 274
185 284
69 168
110 209
178 277
138 237
61 160
185 284
72 171
68 167
74 173
134 233
94 193
168 267
106 205
178 277
37 136
1 100
69 168
20 119
148 247
70 169
17 116
30 129
56 155
84 183
15 114
75 174
193 292
115 214
155 254
139 238
30 129
26 125
28 127
27 126
21 120
99 198
20 119
88 187
78 177
91 190
91 190
75 174
192 291
74 173
60 159
77 176
86 185
106 205
155 254
131 230
41 140
161 260
115 214
117 216
38 137
43 142
161 260
188 287
37 136
151 250
139 238
110 209
41 140
111 210
129 228
81 180
140 239
62 161
124 223
148 247
10 109
185 284
26 125
125 224
118 217
146 245
16 115
110 209
95 194
15 114
177 276
24 123
134 233
27 126
54 153
112 211
190 289
14 113
141 240
165 264
76 175
124 223
110 209
75 174
104 203
113 212
185 284
172 271
5 104
90 189
190 289
6 105
167 266
63 162
142 241
120 219
166 265
3 102
187 286
134 233
173 272
33 132
134 233
115 214
73 172
152 251
185 284
62 161
26 125
139 238
100 199
32 131
114 213
45 144
177 276
151 250
12 111
1 100
194 293
30 129
91 190
82 181
85 184
18 117
104 203
162 261
157 256
11 110
26 125
81 180
113 212
74 173
93 192
85 184
196 295
136 235
195 294
29 128
119 218
62 161
45 144
69 168
6 105
33 132
163 262
116 215
79 178
161 260
170 269
95 194
73 172
51 150
59 158
122 221
77 176
100 199
179 278
180 279
114 213
121 220
108 207
71 170
79 178
109 208
133 232
164 263
156 255
80 179
67 166
0 99
81 180
153 252
163 262
161 260
178 277
100 199
143 242
145 244
83 182
57 156
142 241
106 205
166 265
174 273
133 232
5 104
111 210
81 180
162 261
49 148
148 247
1 100
180 279
27 126
152 251
24 123
163 262
100 199
53 152
5 104
39 138
29 128
135 234
173 272
161 260
173 272
33 132
138 237
150 249
22 121
107 206
39 138
71 170
61 160
27 126
197 296
117 216
186 285
75 174
18 117
166 265
196 295
13 112
50 149
23 122
172 271
84 183
134 233
41 140
6 105
8 107
190 289
69 168
194 293
9 108
21 120
4 103
77 176
105 204
75 174
81 180
103 202
103 202
170 269
116 215
64 163
127 226
48 147
82 181
127 226
125 224
101 200
94 193
123 222
128 227
2 101
38 137
53 152
144 243
62 161
46 145
147 246
133 232
24 123
33 132
131 230
56 155
154 253
163 262
158 257
60 159
94 193
138 237
164 263
79 178
138 237
146 245
107 206
130 229
92 191
119 218
71 170
10 109
33 132
140 239
181 280
68 167
194 293
2 101
27 126
161 260
27 126
28 127
140 239
186 285
102 201
133 232
144 243
187 286
189 288
154 253
47 146
26 125
3 102
161 260
127 226
137 236
11 110
32 131
13 112
2 101
90 189
100 199
149 248
100 199
64 163
191 290
174 273
1 100
69 168
162 261
0 99
108 207
60 159
143 242
185 284
113 212
76 175
7 106
78 177
163 262
126 225
99 198
134 233
109 208
18 117
38 137
19 118
111 210
70 169
36 135
110 209
122 221
161 260
84 183
130 229
3 102
114 213
124 223
194 293
105 204
60 159
56 155
124 223
77 176
196 295
196 295
102 201
1 100
6 105
121 220
130 229
139 238
56 155
94 193
171 270
129 228
178 277
177 276
189 288
137 236
71 170
70 169
86 185
12 111
56 155
19 118
29 128
29 128
14 113
30 129
191 290
140 239
24 123
23 122
185 284
60 159
158 257
95 194
176 275
74 173
18;156504
37 136
114 213
85 184
189 288
83 182
126 225
97 196
120 219
74 173
137 236
135 234
14 113
185 284
4 103
67 166
77 176
2 101
58 157
106 205
96 195
116 215
138 237
74 173
118 217
169 268
115 214
28 127
83 182
25 124
128 227
130 229
59 158
104 203
70 169
60 159
8 107
40 139
97 196
10 109
43 142
137 236
130 229
190 289
90 189
90 189
88 187
147 246
187 286
12 111
59 158
36 135
101 200
71 170
179 278
134 233
88 187
142 241
126 225
108 207
117 216
19 118
148 247
85 184
115 214
125 224
128 227
66 165
5 104
145 244
47 146
135 234
129 228
78 177
3 102
192 291
186 285
150 249
94 193
26 125
108 207
39 138
55 154
58 157
169 268
187 286
28 127
164 263
103 202
134 233
129 228
164 263
79 178
95 194
27 126
114 213
56 155
113 212
97 196
37 136
96 195
76 175
114 213
151 250
165 264
110 209
34 133
129 228
119 218
129 228
163 262
39 138
134 233
9 108
167 266
177 276
170 269
41 140
170 269
97 196
12 111
129 228
123 222
61 160
63 162
178 277
143 242
159 258
36 135
63 162
65 164
132 231
10 109
56 155
126 225
80 179
27 126
54 153
2 101
170 269
37 136
193 292
150 249
104 203
139 238
118 217
138 237
128 227
36 135
98 197
184 283
88 187
177 276
58 157
62 161
150 249
112 211
188 287
179 278
90 189
106 205
174 273
190 289
86 185
6 105
38 137
32 131
17 116
25 124
92 191
116 215
2 101
167 266
34 133
63 162
83 182
172 271
57 156
91 190
16 115
86 185
188 287
143 242
166 265
169 268
12 111
47 146
135 234
2 101
128 227
185 284
190 289
177 276
37 136
95 194
167 266
77 176
193 292
69 168
192 291
20 119
124 223
161 260
71 170
109 208
10 109
62 161
3 102
143 242
127 226
152 251
156 255
30 129
123 222
71 170
46 145
164 263
46 145
39 138
190 289
196 295
103 202
122 221
163 262
54 153
103 202
38 137
87 186
97 196
21 120
145 244
1 100
70 169
89 188
152 251
154 253
117 216
9 108
124 223
17 116
37 136
9 108
144 243
40 139
178 277
152 251
123 222
7 106
97 196
135 234
95 194
94 193
77 176
82 181
68 167
137 236
64 163
100 199
196 295
152 251
104 203
111 210
34 133
33 132
1 100
59 158
64 163
7 106
143 242
95 194
79 178
13 112
196 295
130 229
43 142
6 105
99 198
155 254
127 226
41 140
177 276
124 223
45 144
98 197
31 130
69 168
93 192
185 284
82 181
109 208
79 178
176 275
109 208
80 179
26 125
88 187
156 255
5 104
74 173
38 137
146 245
96 195
187 286
51 150
145 244
38 137
111 210
24 123
156 255
150 249
104 203
190 289
142 241
130 229
5 104
153 252
78 177
168 267
135 234
143 242
90 189
36 135
84 183
99 198
160 259
191 290
71 170
78 177
35 134
44 143
127 226
22 121
126 225
187 286
20 119
64 163
22 121
64 163
50 149
168 267
117 216
59 158
190 289
48 147
91 190
43 142
159 258
187 286
9 108
162 261
29 128
68 167
104 203
143 242
92 191
179 278
26 125
185 284
83 182
4 103
54 153
137 236
141 240
123 222
59 158
39 138
83 182
90 189
117 216
45 144
87 186
139 238
131 230
38 137
17 116
53 152
105 204
54 153
47 146
153 252
48 147
31 130
21 120
100 199
134 233
14 113
31 130
47 146
74 173
75 174
90 189
82 181
181 280
173 272
100 199
73 172
174 273
43 142
47 146
142 241
70 169
115 214
30 129
189 288
158 257
176 275
42 141
117 216
17 116
151 250
75 174
177 276
187 286
28 127
86 185
78 177
144 243
4 103
114 213
38 137
138 237
18 117
45 144
125 224
34 133
146 245
120 219
141 240
181 280
69 168
73 172
120 219
149 248
163 262
150 249
53 152
102 201
76 175
127 226
178 277
182 281
97 196
166 265
65 164
181 280
66 165
11 110
105 204
75 174
172 271
92 191
36 135
62 161
78 177
151 250
36 135
110 209
81 180
113 212
79 178
122 221
87 186
54 153
162 261
103 202
66 165
121 220
83 182
154 253
173 272
170 269
143 242
112 211
69 168
32 131
150 249
152 251
151 250
197 296
145 244
83 182
127 226
21 120
133 232
70 169
20 119
121 220
74 173
68 167
1 100
6 105
40 139
9 108
96 195
177 276
160 259
75 174
192 291
32 131
54 153
169 268
186 285
86 185
181 280
126 225
110 209
110 209
195 294
70 169
109 208
181 280
93 192
25 124
191 290
104 203
21 120
182 281
65 164
188 287
3 102
0 99
96 195
54 153
20 119
134 233
102 201
94 193
30 129
17 116
95 194
153 252
28 127
83 182
114 213
73 172
52 151
187 286
54 153
141 240
184 283
41 140
40 139
89 188
74 173
35 134
16 115
101 200
125 224
129 228
163 262
117 216
10 109
46 145
114 213
17 116
116 215
109 208
27 126
43 142
4 103
114 213
65 164
16 115
102 201
129 228
85 184
30 129
112 211
13 112
99 198
138 237
69 168
4 103
155 254
10 109
177 276
26 125
68 167
97 196
165 264
73 172
52 151
130 229
60 159
58 157
77 176
191 290
64 163
69 168
164 263
193 292
80 179
2 101
163 262
170 269
18 117
28 127
34 133
131 230
109 208
98 197
18 117
75 174
101 200
7 106
137 236
97 196
60 159
132 231
152 251
105 204
193 292
110 209
77 176
110 209
162 261
0 99
165 264
99 198
116 215
109 208
38 137
151 250
18 117
122 221
197 296
83 182
150 249
25 124
43 142
72 171
118 217
158 257
77 176
20 119
156 255
137 236
61 160
166 265
102 201
12 111
30 129
106 205
153 252
196 295
54 153
91 190
91 190
49 148
135 234
21 120
153 252
103 202
81 180
144 243
191 290
72 171
76 175
98 197
31 130
164 263
156 255
152 251
71 170
133 232
68 167
58 157
64 163
60 159
109 208
138 237
92 191
61 160
133 232
126 225
61 160
112 211
6 105
71 170
121 220
134 233
26 125
56 155
136 235
76 175
58 157
137 236
107 206
53 152
30 129
108 207
63 162
8 107
82 181
44 143
15 114
192 291
170 269
95 194
68 167
29 128
67 166
10 109
13 112
170 269
184 283
100 199
73 172
123 222
10 109
93 192
45 144
131 230
182 281
169 268
16 115
165 264
23 122
80 179
30 129
84 183
27 126
179 278
18 117
112 211
169 268
104 203
75 174
69 168
120 219
20 119
35 134
69 168
41 140
164 263
98 197
94 193
182 281
35 134
178 277
173 272
152 251
192 291
170 269
132 231
158 257
197 296
132 231
43 142
19 118
56 155
0 99
132 231
140 239
31 130
156 255
46 145
196 295
147 246
49 148
0 99
52 151
175 274
7 106
175 274
41 140
122 221
148 247
142 241
168 267
87 186
95 194
145 244
76 175
38 137
182 281
166 265
150 249
90 189
74 173
33 132
102 201
91 190
67 166
139 238
119 218
156 255
124 223
129 228
26 125
90 189
144 243
68 167
58 157
80 179
7 106
132 231
160 259
52 151
164 263
106 205
58 157
27 126
121 220
95 194
29 128
18 117
52 151
182 281
33 132
110 209
111 210
36 135
172 271
78 177
128 227
152 251
7 106
131 230
9 108
61 160
4 103
3 102
174 273
113 212
14 113
37 136
136 235
153 252
152 251
117 216
113 212
139 238
10 109
100 199
80 179
111 210
75 174
24 123
50 149
16 115
62 161
1 100
57 156
31 130
188 287
168 267
194 293
185 284
169 268
132 231
172 271
175 274
103 202
156 255
144 243
104 203
140 239
185 284
35 134
146 245
196 295
177 276
119 218
7 106
128 227
80 179
16 115
30 129
184 283
164 263
160 259
72 171
155 254
153 252
10 109
64 163
43 142
83 182
38 137
144 243
116 215
97 196
22 121
158 257
185 284
4 103
85 184
80 179
23 122
36 135
15 114
77 176
133 232
10 109
181 280
149 248
113 212
159 258
134 233
20 119
99 198
125 224
61 160
5 104
108 207
177 276
35 134
93 192
142 241
54 153
161 260
99 198
74 173
169 268
120 219
194 293
167 266
133 232
69 168
190 289
156 255
74 173
63 162
62 161
176 275
189 288
182 281
91 190
82 181
44 143
124 223
184 283
53 152
52 151
183 282
197 296
168 267
36 135
102 201
170 269
62 161
122 221
151 250
31 130
51 150
100 199
72 171
44 143
155 254
60 159
120 219
82 181
183 282
174 273
35 134
128 227
51 150
24 123
147 246
45 144
57 156
118 217
128 227
154 253
119 218
193 292
61 160
41 140
151 250
151 250
118 217
174 273
10 109
182 281
10 109
194 293
72 171
141 240
85 184
40 139
16 115
147 246
55 154
93 192
140 239
81 180
197 296
2 101
11 110
138 237
55 154
148 247
75 174
52 151
166 265
56 155
35 134
88 187
97 196
98 197
176 275
78 177
37 136
122 221
78 177
39 138
76 175
131 230
126 225
143 242
118 217
160 259
122 221
133 232
6 105
3 102
111 210
27 126
30 129
126 225
72 171
111 210
32 131
11 110
64 163
149 248
107 206
155 254
84 183
183 282
155 254
24 123
55 154
117 216
171 270
130 229
149 248
88 187
97 196
188 287
28 127
52 151
63 162
14 113
22 121
115 214
84 183
150 249
82 181
96 195
167 266
77 176
133 232
77 176
144 243
78 177
18 117
105 204
192 291
38 137
91 190
163 262
36 135
23 122
134 233
189 288
91 190
14 113
40 139
134 233
33 132
43 142
103 202
155 254
89 188
37 136
87 186
20 119
104 203
154 253
115 214
90 189
22 121
132 231
154 253
122 221
117 216
88 187
164 263
12 111
77 176
0 99
2 101
137 236
130 229
109 208
38 137
68 167
109 208
48 147
119 218
21 120
87 186
166 265
32 131
46 145
124 223
91 190
186 285
150 249
145 244
27 126
178 277
187 286
168 267
75 174
171 270
192 291
126 225
127 226
48 147
91 190
65 164
181 280
16 115
12 111
49 148
72 171
143 242
95 194
69 168
99 198
60 159
111 210
170 269
91 190
24 123
172 271
53 152
20 119
62 161
17 116
161 260
174 273
48 147
63 162
101 200
126 225
37 136
161 260
167 266
63 162
188 287
6 105
44 143
78 177
172 271
188 287
160 259
62 161
49 148
11 110
166 265
138 237
192 291
37 136
164 263
44 143
53 152
180 279
91 190
89 188
180 279
73 172
50 149
136 235
109 208
191 290
127 226
26 125
196 295
154 253
114 213
69 168
138 237
124 223
68 167
126 225
113 212
75 174
62 161
23 122
84 183
57 156
36 135
99 198
98 197
141 240
132 231
143 242
139 238
110 209
75 174
113 212
185 284
18 117
174 273
182 281
58 157
90 189
8 107
11 110
63 162
157 256
172 271
125 224
136 235
75 174
50 149
21 120
185 284
108 207
20 119
33 132
4 103
140 239
143 242
19 118
59 158
25 124
5 104
11 110
20 119
90 189
144 243
166 265
29 128
35 134
184 283
39 138
184 283
190 289
18 117
174 273
5 104
192 291
155 254
30 129
27 126
190 289
112 211
39 138
44 143
87 186
132 231
81 180
74 173
27 126
62 161
110 209
56 155
36 135
23 122
174 273
135 234
113 212
61 160
184 283
14 113
3 102
33 132
105 204
62 161
151 250
15 114
88 187
147 246
139 238
156 255
96 195
120 219
112 211
120 219
92 191
186 285
83 182
103 202
146 245
7 106
122 221
20 119
186 285
2 101
155 254
156 255
48 147
91 190
180 279
191 290
75 174
54 153
12 111
116 215
61 160
183 282
191 290
176 275
35 134
27 126
46 145
94 193
56 155
108 207
150 249
35 134
183 282
115 214
76 175
195 294
12 111
173 272
81 180
72 171
151 250
161 260
60 159
143 242
131 230
101 200
162 261
149 248
118 217
153 252
192 291
29 128
107 206
177 276
59 158
108 207
127 226
31 130
11 110
147 246
34 133
184 283
60 159
133 232
131 230
107 206
89 188
30 129
111 210
111 210
54 153
0 99
145 244
49 148
48 147
124 223
30 129
143 242
147 246
64 163
115 214
59 158
66 165
92 191
120 219
192 291
187 286
96 195
53 152
77 176
7 106
98 197
186 285
182 281
57 156
48 147
163 262
113 212
8 107
168 267
153 252
16 115
153 252
118 217
115 214
169 268
114 213
90 189
121 220
82 181
156 255
165 264
6 105
64 163
88 187
75 174
64 163
126 225
85 184
182 281
196 295
18 117
191 290
187 286
99 198
87 186
128 227
148 247
47 146
107 206
167 266
105 204
157 256
7 106
59 158
72 171
72 171
56 155
168 267
149 248
15 114
30 129
195 294
38 137
30 129
40 139
161 260
140 239
51 150
26 125
13 112
49 148
178 277
176 275
194 293
15 114
183 282
194 293
145 244
132 231
9 108
192 291
183 282
170 269
177 276
19 118
74 173
101 200
60 159
135 234
21 120
40 139
62 161
34 133
152 251
112 211
84 183
195 294
161 260
115 214
74 173
151 250
52 151
169 268
180 279
161 260
174 273
161 260
122 221
129 228
42 141
84 183
133 232
25 124
74 173
90 189
130 229
166 265
125 224
87 186
98 197
95 194
150 249
15 114
71 170
38 137
176 275
110 209
128 227
36 135
71 170
35 134
26 125
177 276
91 190
168 267
28 127
62 161
189 288
126 225
182 281
0 99
62 161
22 121
42 141
196 295
93 192
121 220
117 216
97 196
51 150
22 121
35 134
21 120
117 216
2 101
78 177
30 129
160 259
66 165
194 293
197 296
78 177
177 276
82 181
190 289
50 149
150 249
74 173
184 283
187 286
196 295
194 293
98 197
86 185
25 124
16 115
145 244
151 250
83 182
41 140
53 152
189 288
158 257
48 147
17 116
2 101
175 274
121 220
15 114
186 285
116 215
14 113
174 273
144 243
173 272
45 144
139 238
111 210
141 240
114 213
91 190
26 125
126 225
143 242
112 211
54 153
120 219
61 160
140 239
167 266
63 162
13 112
156 255
112 211
72 171
28 127
183 282
38 137
48 147
188 287
126 225
40 139
142 241
119 218
69 168
189 288
34 133
188 287
166 265
51 150
50 149
183 282
155 254
151 250
182 281
15 114
103 202
177 276
156 255
15 114
157 256
153 252
90 189
160 259
50 149
172 271
183 282
80 179
39 138
45 144
158 257
55 154
77 176
119 218
83 182
57 156
20 119
164 263
149 248
115 214
32 131
18 117
12 111
144 243
1 100
113 212
148 247
152 251
157 256
51 150
71 170
24 123
125 224
65 164
68 167
70 169
123 222
37 136
82 181
142 241
125 224
86 185
129 228
143 242
151 250
47 146
144 243
9 108
95 194
151 250
51 150
122 221
120 219
116 215
125 224
21 120
195 294
2 101
105 204
46 145
122 221
171 270
60 159
142 241
116 215
113 212
143 242
134 233
181 280
48 147
139 238
190 289
170 269
87 186
147 246
26 125
160 259
30 129
167 266
7 106
109 208
27 126
70 169
186 285
151 250
71 170
74 173
183 282
99 198
153 252
127 226
91 190
21 120
19 118
141 240
81 180
44 143
3 102
86 185
108 207
126 225
22 121
8 107
79 178
181 280
22 121
196 295
1 100
187 286
58 157
46 145
46 145
4 103
189 288
106 205
9 108
24 123
99 198
144 243
144 243
67 166
133 232
151 250
143 242
183 282
194 293
119 218
154 253
166 265
158 257
63 162
47 146
84 183
131 230
148 247
134 233
188 287
173 272
84 183
93 192
143 242
16 115
134 233
9 108
123 222
195 294
165 264
7 106
147 246
89 188
146 245
139 238
110 209
158 257
134 233
61 160
47 146
69 168
2 101
189 288
175 274
121 220
46 145
112 211
19 118
142 241
94 193
44 143
194 293
52 151
8 107
189 288
183 282
11 110
185 284
183 282
61 160
6 105
91 190
125 224
59 158
61 160
136 235
49 148
117 216
129 228
32 131
45 144
9 108
55 154
68 167
88 187
144 243
87 186
119 218
140 239
27 126
189 288
144 243
160 259
50 149
181 280
116 215
12 111
140 239
81 180
129 228
178 277
118 217
23 122
109 208
136 235
34 133
84 183
90 189
149 248
186 285
8 107
134 233
104 203
194 293
94 193
54 153
190 289
192 291
158 257
180 279
122 221
67 166
68 167
120 219
30 129
92 191
27 126
64 163
120 219
156 255
122 221
82 181
103 202
38 137
164 263
2 101
115 214
67 166
133 232
96 195
54 153
50 149
120 219
106 205
195 294
42 141
125 224
191 290
124 223
79 178
53 152
161 260
145 244
103 202
170 269
11 110
167 266
48 147
158 257
47 146
83 182
8 107
174 273
6 105
153 252
87 186
180 279
4 103
111 210
8 107
184 283
63 162
185 284
21 120
61 160
42 141
62 161
56 155
194 293
23 122
132 231
194 293
145 244
34 133
34 133
31 130
152 251
32 131
28 127
120 219
93 192
123 222
154 253
123 222
125 224
74 173
30 129
164 263
107 206
128 227
47 146
195 294
28 127
96 195
0 99
103 202
159 258
117 216
109 208
176 275
157 256
183 282
68 167
145 244
60 159
47 146
28 127
141 240
97 196
48 147
108 207
26 125
0 99
22 121
152 251
141 240
79 178
167 266
21 120
64 163
189 288
13 112
187 286
64 163
82 181
46 145
94 193
140 239
137 236
31 130
131 230
169 268
85 184
74 173
132 231
109 208
68 167
161 260
38 137
71 170
32 131
68 167
160 259
68 167
114 213
158 257
24 123
74 173
164 263
138 237
110 209
185 284
71 170
155 254
143 242
88 187
79 178
188 287
38 137
99 198
40 139
192 291
61 160
185 284
108 207
171 270
25 124
153 252
116 215
100 199
183 282
58 157
91 190
162 261
144 243
131 230
182 281
55 154
172 271
36 135
162 261
10 109
13 112
116 215
98 197
130 229
158 257
99 198
157 256
31 130
119 218
120 219
76 175
114 213
29 128
190 289
88 187
84 183
171 270
54 153
76 175
124 223
130 229
88 187
54 153
182 281
181 280
155 254
44 143
151 250
71 170
91 190
138 237
11 110
167 266
118 217
196 295
44 143
2 101
13 112
172 271
49 148
168 267
105 204
110 209
134 233
116 215
67 166
133 232
122 221
81 180
133 232
168 267
26 125
189 288
177 276
45 144
170 269
193 292
119 218
114 213
151 250
142 241
44 143
11 110
154 253
31 130
55 154
161 260
174 273
74 173
99 198
15 114
65 164
38 137
177 276
74 173
149 248
154 253
155 254
4 103
177 276
52 151
62 161
172 271
11 110
34 133
162 261
66 165
78 177
9 108
178 277
133 232
144 243
125 224
91 190
186 285
11 110
160 259
29 128
168 267
65 164
128 227
195 294
51 150
51 150
112 211
12 111
0 99
97 196
46 145
113 212
15 114
168 267
123 222
173 272
177 276
34 133
90 189
58 157
172 271
33 132
92 191
116 215
89 188
58 157
145 244
185 284
166 265
50 149
154 253
175 274
81 180
190 289
11 110
20 119
24 123
6 105
164 263
155 254
51 150
92 191
4 103
120 219
25 124
103 202
126 225
128 227
158 257
94 193
173 272
57 156
82 181
143 242
60 159
169 268
61 160
73 172
68 167
4 103
142 241
85 184
9 108
91 190
169 268
99 198
109 208
96 195
89 188
123 222
96 195
35 134
156 255
93 192
43 142
62 161
104 203
195 294
137 236
138 237
120 219
26 125
87 186
17 116
150 249
140 239
192 291
174 273
171 270
45 144
76 175
13 112
113 212
24 123
18 117
52 151
187 286
22 121
2 101
137 236
22 121
104 203
43 142
75 174
45 144
129 228
110 209
110 209
159 258
156 255
109 208
83 182
55 154
135 234
78 177
109 208
150 249
176 275
108 207
148 247
149 248
1 100
44 143
4 103
37 136
27 126
15 114
17 116
117 216
5 104
99 198
26 125
70 169
190 289
75 174
139 238
134 233
65 164
64 163
86 185
170 269
110 209
65 164
120 219
45 144
119 218
31 130
183 282
125 224
11 110
24 123
114 213
64 163
170 269
160 259
31 130
157 256
22 121
103 202
65 164
186 285
101 200
161 260
43 142
121 220
49 148
146 245
24 123
87 186
67 166
74 173
130 229
137 236
34 133
79 178
138 237
132 231
77 176
154 253
75 174
51 150
37 136
183 282
138 237
89 188
163 262
152 251
93 192
7 106
167 266
17 116
69 168
87 186
139 238
3 102
90 189
6 105
184 283
112 211
114 213
190 289
195 294
120 219
65 164
98 197
113 212
78 177
51 150
167 266
175 274
11 110
155 254
180 279
84 183
123 222
164 263
142 241
24 123
94 193
171 270
178 277
192 291
38 137
172 271
49 148
31 130
40 139
110 209
39 138
105 204
33 132
20 119
195 294
46 145
156 255
2 101
131 230
123 222
145 244
177 276
175 274
157 256
181 280
184 283
57 156
71 170
149 248
35 134
155 254
114 213
50 149
98 197
135 234
104 203
107 206
165 264
9 108
111 210
83 182
195 294
191 290
168 267
15 114
25 124
136 235
111 210
194 293
87 186
27 126
27 126
64 163
107 206
27 126
195 294
103 202
133 232
9 108
178 277
174 273
111 210
181 280
71 170
45 144
91 190
93 192
116 215
175 274
134 233
128 227
170 269
112 211
65 164
130 229
165 264
109 208
156 255
180 279
24 123
65 164
115 214
84 183
125 224
88 187
48 147
79 178
71 170
70 169
136 235
148 247
181 280
134 233
1 100
14 113
31 130
93 192
15 114
170 269
1 100
133 232
83 182
61 160
57 156
193 292
140 239
196 295
69 168
127 226
126 225
165 264
45 144
155 254
44 143
133 232
186 285
163 262
180 279
5 104
18 117
81 180
152 251
147 246
22 121
10 109
153 252
93 192
151 250
26 125
33 132
62 161
46 145
175 274
101 200
147 246
96 195
137 236
176 275
68 167
103 202
160 259
86 185
2 101
0 99
19 118
188 287
6 105
188 287
187 286
5 104
144 243
28 127
106 205
60 159
160 259
50 149
71 170
35 134
145 244
68 167
193 292
45 144
27 126
112 211
174 273
104 203
152 251
13 112
70 169
87 186
168 267
183 282
51 150
106 205
95 194
118 217
113 212
89 188
57 156
26 125
8 107
65 164
8 107
153 252
18 117
77 176
135 234
127 226
48 147
53 152
82 181
9 108
90 189
91 190
127 226
3 102
100 199
153 252
89 188
109 208
140 239
127 226
127 226
1 100
72 171
130 229
59 158
147 246
46 145
158 257
25 124
29 128
165 264
146 245
187 286
149 248
68 167
19 118
33 132
74 173
107 206
154 253
184 283
84 183
71 170
31 130
30 129
174 273
100 199
53 152
142 241
27 126
15 114
92 191
73 172
5 104
181 280
186 285
5 104
44 143
148 247
88 187
61 160
112 211
193 292
11 110
54 153
125 224
108 207
193 292
57 156
24 123
165 264
25 124
109 208
67 166
98 197
9 108
116 215
11 110
64 163
159 258
94 193
167 266
111 210
17 116
45 144
12 111
19 118
144 243
138 237
0 99
22 121
147 246
173 272
100 199
137 236
18 117
112 211
88 187
46 145
119 218
48 147
45 144
12 111
39 138
165 264
136 235
119 218
146 245
138 237
112 211
139 238
92 191
97 196
192 291
56 155
2 101
41 140
146 245
164 263
138 237
5 104
32 131
86 185
6 105
161 260
48 147
27 126
31 130
191 290
194 293
26 125
117 216
175 274
29 128
67 166
47 146
105 204
117 216
101 200
126 225
193 292
95 194
120 219
58 157
160 259
75 174
16 115
63 162
39 138
150 249
134 233
66 165
81 180
163 262
178 277
130 229
112 211
37 136
107 206
109 208
65 164
99 198
111 210
90 189
158 257
130 229
5 104
111 210
108 207
197 296
14 113
180 279
161 260
72 171
170 269
132 231
152 251
36 135
188 287
106 205
190 289
79 178
139 238
3 102
168 267
24 123
81 180
67 166
195 294
108 207
1 100
190 289
94 193
137 236
97 196
65 164
34 133
149 248
69 168
133 232
149 248
156 255
101 200
176 275
143 242
138 237
173 272
59 158
110 209
159 258
61 160
51 150
184 283
45 144
135 234
160 259
128 227
35 134
98 197
115 214
181 280
176 275
176 275
10 109
136 235
79 178
164 263
107 206
20 119
142 241
174 273
110 209
9 108
172 271
107 206
127 226
61 160
106 205
130 229
15 114
174 273
121 220
183 282
185 284
58 157
27 126
136 235
143 242
112 211
172 271
191 290
180 279
145 244
37 136
46 145
142 241
49 148
103 202
123 222
110 209
122 221
98 197
106 205
12 111
154 253
67 166
0 99
24 123
110 209
98 197
82 181
40 139
188 287
159 258
8 107
14 113
130 229
114 213
10 109
164 263
178 277
112 211
120 219
122 221
14 113
139 238
9 108
118 217
81 180
144 243
97 196
2 101
1 100
1 100
3 102
88 187
57 156
151 250
93 192
96 195
143 242
104 203
34 133
51 150
94 193
166 265
170 269
64 163
12 111
65 164
70 169
57 156
118 217
197 296
140 239
130 229
125 224
143 242
142 241
196 295
190 289
42 141
140 239
156 255
125 224
47 146
170 269
145 244
7 106
15 114
99 198
63 162
120 219
2 101
53 152
25 124
127 226
69 168
13 112
122 221
101 200
85 184
18 117
88 187
141 240
44 143
133 232
28 127
93 192
157 256
56 155
69 168
136 235
191 290
103 202
89 188
10 109
13 112
135 234
46 145
23 122
163 262
32 131
193 292
80 179
153 252
125 224
15 114
64 163
101 200
75 174
153 252
30 129
41 140
88 187
4 103
112 211
171 270
132 231
84 183
125 224
97 196
145 244
188 287
179 278
112 211
121 220
26 125
75 174
70 169
23 122
34 133
61 160
21 120
26 125
114 213
146 245
111 210
161 260
84 183
51 150
96 195
40 139
170 269
102 201
40 139
67 166
134 233
66 165
117 216
58 157
191 290
168 267
42 141
125 224
48 147
3 102
149 248
131 230
63 162
51 150
50 149
193 292
81 180
100 199
117 216
49 148
12 111
141 240
18 117
34 133
195 294
178 277
161 260
154 253
85 184
113 212
148 247
170 269
81 180
52 151
4 103
111 210
164 263
109 208
4 103
113 212
15 114
171 270
24 123
134 233
13 112
55 154
71 170
17 116
40 139
67 166
11 110
110 209
101 200
23 122
112 211
92 191
173 272
148 247
142 241
79 178
49 148
13 112
177 276
60 159
85 184
129 228
23 122
37 136
13 112
131 230
7 106
128 227
36 135
24 123
112 211
47 146
26 125
169 268
68 167
100 199
121 220
193 292
170 269
34 133
176 275
117 216
51 150
96 195
163 262
67 166
59 158
118 217
69 168
85 184
175 274
70 169
82 181
188 287
100 199
90 189
12 111
88 187
187 286
129 228
188 287
161 260
11 110
175 274
138 237
70 169
75 174
0 99
67 166
115 214
30 129
117 216
135 234
39 138
16 115
47 146
180 279
2 101
180 279
25 124
61 160
107 206
1 100
130 229
185 284
156 255
55 154
70 169
66 165
109 208
27 126
182 281
137 236
170 269
66 165
70 169
19 118
131 230
38 137
154 253
5 104
184 283
93 192
192 291
0 99
185 284
79 178
99 198
8 107
135 234
75 174
181 280
107 206
75 174
59 158
85 184
72 171
68 167
32 131
120 219
171 270
197 296
46 145
17 116
48 147
96 195
25 124
194 293
145 244
92 191
12 111
139 238
147 246
110 209
124 223
121 220
134 233
79 178
176 275
42 141
135 234
89 188
114 213
101 200
79 178
66 165
102 201
49 148
193 292
103 202
9 108
88 187
21 120
159 258
120 219
174 273
83 182
77 176
183 282
160 259
117 216
32 131
62 161
126 225
79 178
40 139
147 246
49 148
119 218
114 213
126 225
140 239
160 259
115 214
173 272
36 135
55 154
54 153
174 273
173 272
1 100
51 150
35 134
101 200
31 130
154 253
6 105
117 216
161 260
119 218
129 228
105 204
152 251
99 198
76 175
166 265
112 211
113 212
128 227
65 164
168 267
184 283
43 142
64 163
169 268
28 127
161 260
57 156
80 179
77 176
74 173
167 266
156 255
124 223
164 263
139 238
126 225
107 206
17 116
170 269
31 130
107 206
160 259
67 166
138 237
8 107
18 117
129 228
48 147
127 226
150 249
181 280
72 171
125 224
167 266
144 243
121 220
72 171
122 221
58 157
197 296
102 201
130 229
142 241
6 105
8 107
124 223
54 153
30 129
20 119
187 286
176 275
101 200
108 207
61 160
177 276
66 165
128 227
166 265
1 100
130 229
167 266
71 170
36 135
20 119
10 109
151 250
4 103
125 224
24 123
136 235
120 219
101 200
130 229
80 179
63 162
104 203
162 261
156 255
91 190
156 255
76 175
47 146
141 240
86 185
96 195
115 214
93 192
119 218
48 147
148 247
51 150
69 168
163 262
83 182
184 283
39 138
45 144
173 272
23 122
67 166
3 102
140 239
193 292
70 169
129 228
117 216
118 217
164 263
68 167
69 168
150 249
9 108
94 193
49 148
151 250
92 191
191 290
46 145
191 290
165 264
103 202
135 234
86 185
188 287
164 263
160 259
194 293
109 208
154 253
110 209
178 277
93 192
108 207
183 282
178 277
28 127
122 221
89 188
61 160
158 257
82 181
16 115
8 107
131 230
98 197
33 132
194 293
52 151
35 134
177 276
35 134
50 149
109 208
5 104
56 155
108 207
84 183
41 140
64 163
64 163
16 115
28 127
110 209
76 175
76 175
97 196
151 250
150 249
48 147
81 180
110 209
130 229
78 177
191 290
18 117
144 243
45 144
186 285
50 149
44 143
83 182
11 110
152 251
38 137
20 119
86 185
45 144
183 282
51 150
191 290
64 163
25 124
132 231
147 246
56 155
121 220
191 290
127 226
43 142
79 178
197 296
93 192
197 296
12 111
189 288
107 206
92 191
146 245
146 245
175 274
116 215
70 169
156 255
132 231
186 285
166 265
146 245
134 233
120 219
1 100
114 213
173 272
104 203
196 295
185 284
5 104
150 249
7 106
162 261
44 143
46 145
118 217
67 166
67 166
93 192
19 118
192 291
47 146
77 176
71 170
5 104
66 165
27 126
7 106
104 203
28 127
28 127
19 118
14 113
180 279
52 151
8 107
157 256
102 201
117 216
100 199
117 216
100 199
73 172
161 260
97 196
108 207
193 292
59 158
3 102
128 227
196 295
63 162
160 259
133 232
0 99
45 144
84 183
120 219
135 234
25 124
59 158
40 139
105 204
143 242
62 161
30 129
68 167
144 243
187 286
163 262
145 244
116 215
121 220
78 177
102 201
8 107
151 250
58 157
2 101
167 266
39 138
100 199
17 116
171 270
110 209
179 278
164 263
155 254
176 275
193 292
167 266
79 178
28 127
129 228
190 289
20 119
143 242
63 162
151 250
62 161
190 289
176 275
18 117
61 160
185 284
83 182
11 110
159 258
149 248
60 159
125 224
134 233
175 274
134 233
69 168
54 153
107 206
147 246
194 293
151 250
125 224
110 209
141 240
31 130
114 213
64 163
155 254
115 214
78 177
6 105
15 114
37 136
42 141
156 255
101 200
24 123
88 187
19 118
2 101
183 282
37 136
131 230
147 246
141 240
134 233
143 242
121 220
19 118
25 124
167 266
73 172
35 134
65 164
52 151
141 240
79 178
151 250
195 294
122 221
143 242
89 188
173 272
4 103
140 239
75 174
183 282
38 137
169 268
4 103
104 203
43 142
150 249
137 236
2 101
61 160
144 243
146 245
142 241
27 126
75 174
142 241
121 220
114 213
71 170
189 288
152 251
3 102
79 178
129 228
47 146
64 163
24 123
2 101
169 268
8 107
90 189
78 177
83 182
85 184
150 249
87 186
117 216
193 292
31 130
51 150
102 201
151 250
72 171
48 147
41 140
19 118
52 151
159 258
101 200
101 200
121 220
115 214
149 248
149 248
49 148
115 214
35 134
167 266
76 175
175 274
16 115
30 129
190 289
174 273
145 244
36 135
40 139
43 142
44 143
51 150
90 189
137 236
83 182
197 296
31 130
85 184
141 240
59 158
185 284
19 118
15 114
49 148
57 156
25 124
118 217
64 163
135 234
23 122
157 256
33 132
119 218
43 142
96 195
160 259
109 208
75 174
122 221
137 236
142 241
145 244
155 254
128 227
94 193
138 237
169 268
68 167
67 166
122 221
172 271
149 248
157 256
161 260
195 294
194 293
70 169
104 203
76 175
65 164
35 134
63 162
67 166
108 207
138 237
11 110
100 199
92 191
142 241
31 130
123 222
124 223
76 175
30 129
65 164
151 250
51 150
76 175
44 143
191 290
197 296
106 205
62 161
55 154
84 183
185 284
90 189
76 175
163 262
42 141
172 271
22 121
139 238
75 174
123 222
0 99
107 206
47 146
173 272
58 157
45 144
162 261
115 214
43 142
191 290
112 211
84 183
103 202
190 289
105 204
68 167
181 280
17 116
179 278
45 144
116 215
2 101
178 277
179 278
107 206
82 181
153 252
25 124
140 239
183 282
156 255
107 206
186 285
102 201
56 155
194 293
14 113
124 223
189 288
26 125
184 283
163 262
114 213
152 251
191 290
147 246
7 106
140 239
55 154
38 137
11 110
133 232
119 218
93 192
191 290
53 152
102 201
115 214
47 146
46 145
157 256
156 255
59 158
111 210
94 193
111 210
70 169
183 282
33 132
119 218
144 243
96 195
150 249
23 122
34 133
149 248
105 204
180 279
70 169
2 101
91 190
190 289
144 243
178 277
142 241
197 296
20 119
181 280
66 165
188 287
39 138
173 272
177 276
71 170
0 99
5 104
18 117
45 144
143 242
176 275
155 254
105 204
7 106
113 212
117 216
88 187
0 99
148 247
59 158
5 104
67 166
51 150
45 144
60 159
176 275
44 143
191 290
77 176
35 134
159 258
130 229
98 197
156 255
52 151
157 256
155 254
65 164
25 124
62 161
1 100
108 207
113 212
81 180
99 198
78 177
147 246
35 134
132 231
121 220
98 197
166 265
92 191
194 293
108 207
104 203
196 295
92 191
104 203
143 242
71 170
103 202
74 173
184 283
87 186
166 265
71 170
5 104
135 234
106 205
64 163
144 243
57 156
40 139
81 180
105 204
89 188
187 286
135 234
176 275
11 110
178 277
176 275
136 235
87 186
108 207
185 284
61 160
3 102
143 242
146 245
124 223
47 146
13 112
37 136
35 134
37 136
144 243
11 110
158 257
71 170
95 194
111 210
146 245
165 264
70 169
1 100
96 195
67 166
12 111
137 236
169 268
79 178
62 161
195 294
14 113
118 217
156 255
14 113
75 174
34 133
108 207
149 248
91 190
126 225
30 129
71 170
23 122
117 216
98 197
147 246
151 250
34 133
127 226
108 207
64 163
142 241
12 111
49 148
89 188
111 210
146 245
112 211
12 111
176 275
37 136
137 236
21 120
139 238
163 262
77 176
85 184
21 120
191 290
127 226
100 199
132 231
173 272
163 262
151 250
166 265
147 246
129 228
107 206
20 119
1 100
193 292
147 246
86 185
185 284
141 240
115 214
59 158
142 241
62 161
172 271
151 250
8 107
172 271
21 120
143 242
12 111
121 220
184 283
108 207
14 113
171 270
142 241
127 226
112 211
28 127
118 217
150 249
43 142
45 144
5 104
121 220
60 159
112 211
22 121
119 218
71 170
187 286
98 197
9 108
176 275
104 203
2 101
132 231
129 228
81 180
163 262
44 143
37 136
4 103
21 120
17 116
99 198
107 206
102 201
38 137
105 204
11 110
143 242
140 239
28 127
21 120
123 222
58 157
58 157
21 120
113 212
82 181
91 190
111 210
104 203
114 213
89 188
102 201
50 149
27 126
69 168
30 129
134 233
193 292
185 284
112 211
144 243
19 118
193 292
141 240
24 123
177 276
33 132
82 181
51 150
130 229
38 137
20 119
25 124
191 290
147 246
134 233
126 225
6 105
57 156
132 231
184 283
192 291
70 169
44 143
25 124
116 215
113 212
63 162
132 231
127 226
157 256
40 139
119 218
180 279
134 233
34 133
30 129
60 159
42 141
38 137
196 295
185 284
24 123
114 213
39 138
98 197
147 246
14 113
178 277
92 191
8 107
93 192
143 242
16 115
160 259
188 287
101 200
90 189
81 180
70 169
103 202
148 247
185 284
52 151
11 110
34 133
98 197
4 103
11 110
80 179
91 190
111 210
76 175
174 273
82 181
139 238
87 186
186 285
75 174
91 190
131 230
115 214
93 192
118 217
129 228
189 288
170 269
1 100
167 266
106 205
93 192
138 237
53 152
177 276
69 168
148 247
63 162
189 288
85 184
32 131
2 101
5 104
180 279
31 130
5 104
149 248
44 143
196 295
159 258
4 103
173 272
190 289
162 261
181 280
130 229
39 138
83 182
167 266
107 206
177 276
188 287
187 286
125 224
78 177
82 181
38 137
162 261
149 248
115 214
5 104
24 123
124 223
58 157
23 122
190 289
8 107
159 258
31 130
111 210
1 100
116 215
132 231
133 232
99 198
55 154
45 144
51 150
29 128
147 246
45 144
110 209
32 131
128 227
26 125
31 130
186 285
168 267
113 212
115 214
130 229
149 248
129 228
5 104
74 173
68 167
100 199
29 128
132 231
82 181
82 181
175 274
3 102
64 163
29 128
152 251
78 177
69 168
124 223
25 124
167 266
76 175
114 213
151 250
96 195
94 193
120 219
147 246
114 213
90 189
159 258
186 285
141 240
63 162
193 292
14 113
194 293
109 208
46 145
125 224
165 264
4 103
182 281
194 293
4 103
7 106
12 111
98 197
170 269
60 159
67 166
155 254
164 263
134 233
95 194
186 285
76 175
195 294
53 152
192 291
87 186
108 207
173 272
112 211
184 283
28 127
82 181
59 158
153 252
169 268
1 100
63 162
62 161
8 107
119 218
154 253
123 222
34 133
15 114
65 164
189 288
148 247
4 103
197 296
163 262
137 236
193 292
183 282
44 143
121 220
64 163
171 270
178 277
18 117
106 205
171 270
161 260
7 106
25 124
170 269
3 102
78 177
34 133
90 189
137 236
11 110
156 255
79 178
186 285
9 108
149 248
65 164
128 227
104 203
183 282
163 262
187 286
11 110
161 260
59 158
126 225
174 273
190 289
42 141
42 141
25 124
135 234
163 262
171 270
42 141
21 120
122 221
15 114
97 196
110 209
17 116
97 196
127 226
71 170
26 125
67 166
146 245
127 226
134 233
180 279
142 241
153 252
53 152
62 161
99 198
56 155
14 113
17 116
142 241
141 240
197 296
142 241
49 148
10 109
93 192
122 221
121 220
27 126
160 259
149 248
177 276
100 199
125 224
91 190
137 236
172 271
152 251
118 217
195 294
156 255
115 214
12 111
108 207
79 178
165 264
64 163
148 247
183 282
14 113
63 162
106 205
100 199
84 183
104 203
7 106
182 281
6 105
32 131
172 271
180 279
139 238
118 217
194 293
66 165
13 112
40 139
2 101
95 194
114 213
98 197
87 186
180 279
119 218
101 200
5 104
6 105
41 140
176 275
58 157
138 237
178 277
130 229
40 139
27 126
135 234
4 103
124 223
5 104
19 118
18 117
142 241
22 121
8 107
22 121
185 284
171 270
34 133
21 120
80 179
38 137
44 143
117 216
66 165
105 204
168 267
183 282
137 236
44 143
145 244
136 235
153 252
31 130
119 218
158 257
147 246
112 211
20 119
27 126
67 166
121 220
161 260
117 216
11 110
73 172
163 262
101 200
20 119
163 262
77 176
58 157
96 195
114 213
57 156
57 156
197 296
41 140
165 264
77 176
58 157
32 131
30 129
184 283
83 182
137 236
125 224
66 165
13 112
38 137
119 218
155 254
73 172
48 147
121 220
49 148
64 163
97 196
158 257
7 106
110 209
190 289
40 139
184 283
124 223
87 186
63 162
31 130
46 145
7 106
163 262
51 150
36 135
45 144
55 154
193 292
28 127
146 245
192 291
119 218
64 163
25 124
195 294
184 283
87 186
33 132
132 231
76 175
94 193
193 292
118 217
32 131
144 243
48 147
21 120
171 270
113 212
34 133
61 160
100 199
156 255
157 256
195 294
169 268
128 227
191 290
69 168
33 132
180 279
19 118
137 236
75 174
111 210
23 122
185 284
180 279
40 139
89 188
95 194
155 254
162 261
72 171
75 174
19 118
0 99
33 132
127 226
130 229
86 185
161 260
86 185
124 223
68 167
67 166
118 217
174 273
72 171
40 139
162 261
160 259
44 143
195 294
15 114
144 243
146 245
94 193
149 248
132 231
13 112
163 262
68 167
53 152
81 180
165 264
191 290
15 114
129 228
53 152
17 116
168 267
192 291
35 134
195 294
179 278
44 143
65 164
113 212
50 149
56 155
192 291
157 256
64 163
34 133
122 221
165 264
173 272
90 189
147 246
100 199
115 214
17 116
111 210
178 277
147 246
46 145
124 223
20 119
61 160
33 132
185 284
50 149
144 243
112 211
55 154
189 288
139 238
86 185
167 266
196 295
6 105
26 125
114 213
79 178
125 224
175 274
153 252
107 206
25 124
39 138
196 295
94 193
104 203
47 146
8 107
84 183
44 143
143 242
22 121
183 282
37 136
173 272
6 105
125 224
166 265
12 111
8 107
102 201
58 157
138 237
145 244
103 202
170 269
104 203
57 156
162 261
108 207
192 291
159 258
11 110
11 110
38 137
170 269
149 248
34 133
149 248
110 209
174 273
26 125
120 219
25 124
48 147
30 129
185 284
45 144
196 295
153 252
97 196
42 141
12 111
105 204
152 251
158 257
69 168
43 142
116 215
113 212
134 233
38 137
194 293
69 168
35 134
74 173
193 292
119 218
177 276
8 107
178 277
72 171
168 267
177 276
120 219
110 209
158 257
71 170
88 187
181 280
146 245
184 283
163 262
88 187
33 132
130 229
176 275
177 276
186 285
61 160
112 211
13 112
95 194
15 114
182 281
127 226
184 283
118 217
123 222
153 252
99 198
103 202
136 235
74 173
51 150
12 111
151 250
1 100
176 275
91 190
74 173
75 174
132 231
166 265
77 176
6 105
167 266
13 112
45 144
45 144
14 113
94 193
197 296
140 239
33 132
44 143
79 178
37 136
135 234
158 257
23 122
152 251
162 261
66 165
49 148
43 142
26 125
134 233
42 141
53 152
144 243
2 101
16 115
182 281
66 165
23 122
94 193
92 191
188 287
122 221
88 187
177 276
182 281
30 129
93 192
178 277
83 182
60 159
6 105
62 161
45 144
197 296
45 144
67 166
72 171
56 155
128 227
181 280
24 123
8 107
6 105
84 183
54 153
148 247
120 219
187 286
119 218
94 193
130 229
76 175
84 183
87 186
97 196
127 226
45 144
149 248
0 99
59 158
182 281
114 213
11 110
25 124
34 133
69 168
143 242
69 168
52 151
11 110
106 205
67 166
63 162
53 152
1 100
50 149
40 139
67 166
45 144
33 132
103 202
115 214
196 295
8 107
14 113
18 117
21 120
158 257
49 148
75 174
194 293
36 135
118 217
192 291
188 287
173 272
135 234
64 163
102 201
148 247
186 285
65 164
138 237
74 173
79 178
152 251
60 159
47 146
38 137
76 175
39 138
81 180
119 218
133 232
71 170
131 230
164 263
57 156
110 209
47 146
86 185
187 286
38 137
66 165
123 222
138 237
145 244
35 134
22 121
20 119
140 239
71 170
30 129
177 276
16 115
49 148
142 241
132 231
16 115
31 130
196 295
1 100
46 145
121 220
112 211
184 283
101 200
88 187
179 278
180 279
31 130
95 194
61 160
92 191
84 183
134 233
48 147
154 253
184 283
159 258
89 188
113 212
58 157
87 186
71 170
10 109
92 191
40 139
12 111
77 176
37 136
133 232
171 270
23 122
93 192
121 220
127 226
188 287
149 248
12 111
154 253
83 182
142 241
192 291
42 141
28 127
169 268
166 265
110 209
176 275
29 128
49 148
32 131
114 213
1 100
49 148
109 208
188 287
170 269
179 278
180 279
99 198
65 164
41 140
126 225
126 225
178 277
172 271
67 166
173 272
130 229
52 151
98 197
77 176
85 184
3 102
91 190
144 243
165 264
70 169
192 291
24 123
8 107
106 205
102 201
70 169
89 188
184 283
106 205
27 126
74 173
58 157
55 154
38 137
145 244
98 197
1 100
111 210
53 152
158 257
93 192
186 285
9 108
64 163
81 180
28 127
125 224
166 265
3 102
114 213
164 263
176 275
7 106
115 214
33 132
196 295
164 263
181 280
37 136
55 154
18 117
20 119
8 107
92 191
66 165
99 198
59 158
41 140
98 197
195 294
45 144
20 119
127 226
176 275
21 120
145 244
193 292
51 150
42 141
91 190
88 187
132 231
69 168
162 261
193 292
32 131
183 282
51 150
19 118
65 164
63 162
128 227
22 121
16 115
95 194
92 191
154 253
10 109
157 256
117 216
134 233
81 180
51 150
162 261
193 292
102 201
9 108
166 265
148 247
137 236
36 135
153 252
192 291
45 144
45 144
187 286
154 253
81 180
169 268
137 236
163 262
80 179
75 174
63 162
8 107
14 113
8 107
131 230
61 160
22 121
25 124
176 275
13 112
196 295
92 191
169 268
73 172
197 296
51 150
22 121
43 142
10 109
18 117
134 233
28 127
186 285
111 210
168 267
7 106
3 102
81 180
99 198
71 170
69 168
37 136
111 210
36 135
41 140
108 207
136 235
179 278
22 121
118 217
152 251
133 232
101 200
68 167
73 172
178 277
138 237
141 240
171 270
42 141
185 284
26 125
77 176
192 291
184 283
86 185
185 284
115 214
54 153
10 109
111 210
147 246
173 272
29 128
39 138
14 113
190 289
172 271
106 205
75 174
138 237
123 222
146 245
114 213
183 282
70 169
4 103
53 152
140 239
168 267
54 153
28 127
64 163
9 108
196 295
113 212
187 286
175 274
0 99
164 263
157 256
56 155
169 268
140 239
14 113
196 295
62 161
91 190
150 249
182 281
86 185
80 179
185 284
158 257
101 200
78 177
124 223
18 117
34 133
163 262
176 275
19 118
113 212
195 294
165 264
146 245
60 159
94 193
194 293
184 283
93 192
150 249
5 104
171 270
37 136
27 126
143 242
129 228
133 232
129 228
91 190
46 145
63 162
47 146
17 116
35 134
0 99
165 264
112 211
32 131
92 191
58 157
48 147
72 171
188 287
197 296
124 223
44 143
29 128
113 212
170 269
22 121
28 127
10 109
16 115
108 207
143 242
24 123
80 179
7 106
38 137
76 175
24 123
94 193
28 127
105 204
71 170
38 137
90 189
140 239
82 181
159 258
97 196
154 253
140 239
97 196
38 137
94 193
62 161
185 284
99 198
46 145
14 113
60 159
12 111
56 155
147 246
57 156
145 244
49 148
24 123
19 118
193 292
135 234
169 268
96 195
160 259
161 260
32 131
83 182
148 247
95 194
47 146
66 165
178 277
130 229
0 99
178 277
86 185
117 216
124 223
63 162
30 129
28 127
0 99
89 188
159 258
157 256
138 237
116 215
90 189
188 287
148 247
18 117
182 281
125 224
22 121
110 209
82 181
152 251
83 182
93 192
43 142
55 154
153 252
38 137
121 220
167 266
189 288
100 199
25 124
76 175
159 258
164 263
197 296
39 138
183 282
72 171
31 130
34 133
7 106
138 237
87 186
59 158
33 132
109 208
144 243
190 289
9 108
69 168
2 101
22 121
119 218
72 171
67 166
132 231
28 127
88 187
155 254
197 296
184 283
40 139
33 132
197 296
13 112
130 229
160 259
5 104
167 266
71 170
128 227
151 250
136 235
112 211
145 244
179 278
161 260
128 227
17 116
139 238
76 175
112 211
148 247
21 120
85 184
3 102
75 174
153 252
37 136
30 129
50 149
167 266
99 198
75 174
72 171
145 244
106 205
122 221
3 102
185 284
142 241
53 152
88 187
168 267
43 142
196 295
93 192
137 236
148 247
53 152
161 260
129 228
26 125
166 265
44 143
164 263
155 254
48 147
52 151
79 178
51 150
29 128
20 119
177 276
13 112
149 248
27 126
125 224
27 126
138 237
44 143
13 112
180 279
61 160
117 216
191 290
22 121
0 99
99 198
153 252
194 293
186 285
143 242
79 178
171 270
191 290
58 157
67 166
42 141
187 286
73 172
102 201
79 178
96 195
179 278
75 174
167 266
143 242
111 210
51 150
170 269
23 122
75 174
122 221
113 212
72 171
194 293
24 123
162 261
108 207
1 100
6 105
124 223
190 289
84 183
154 253
171 270
137 236
177 276
32 131
170 269
66 165
126 225
47 146
97 196
90 189
182 281
31 130
181 280
163 262
3 102
179 278
66 165
82 181
106 205
192 291
45 144
89 188
6 105
137 236
106 205
143 242
55 154
196 295
104 203
119 218
180 279
115 214
135 234
140 239
159 258
64 163
2 101
144 243
22 121
77 176
60 159
119 218
184 283
19 118
16 115
24 123
162 261
46 145
89 188
133 232
58 157
137 236
5 104
115 214
169 268
110 209
56 155
100 199
192 291
0 99
52 151
35 134
136 235
56 155
104 203
63 162
79 178
183 282
142 241
45 144
108 207
112 211
129 228
33 132
151 250
90 189
111 210
85 184
34 133
93 192
75 174
114 213
120 219
90 189
171 270
172 271
71 170
154 253
82 181
147 246
189 288
181 280
1 100
66 165
80 179
75 174
16 115
155 254
43 142
77 176
184 283
181 280
73 172
124 223
70 169
94 193
65 164
175 274
165 264
13 112
59 158
69 168
113 212
23 122
105 204
95 194
67 166
184 283
139 238
107 206
145 244
187 286
150 249
123 222
60 159
89 188
84 183
76 175
111 210
99 198
17 116
68 167
118 217
78 177
17 116
63 162
80 179
74 173
38 137
110 209
85 184
86 185
170 269
113 212
124 223
135 234
127 226
111 210
103 202
169 268
33 132
90 189
186 285
194 293
119 218
71 170
105 204
131 230
23 122
92 191
55 154
60 159
44 143
152 251
159 258
61 160
18 117
170 269
166 265
67 166
6 105
108 207
164 263
64 163
45 144
150 249
54 153
69 168
53 152
161 260
34 133
102 201
139 238
184 283
39 138
91 190
25 124
116 215
122 221
81 180
43 142
188 287
111 210
155 254
115 214
120 219
28 127
77 176
140 239
45 144
41 140
27 126
8 107
58 157
14 113
144 243
196 295
28 127
181 280
183 282
54 153
42 141
18 117
39 138
39 138
59 158
100 199
8 107
15 114
173 272
25 124
120 219
4 103
135 234
72 171
130 229
62 161
72 171
33 132
167 266
65 164
127 226
68 167
45 144
114 213
14 113
187 286
130 229
107 206
171 270
95 194
11 110
22 121
148 247
137 236
82 181
153 252
45 144
22 121
190 289
124 223
127 226
40 139
60 159
97 196
172 271
114 213
194 293
176 275
97 196
37 136
101 200
135 234
112 211
59 158
154 253
112 211
113 212
67 166
95 194
189 288
162 261
5 104
111 210
0 99
164 263
111 210
33 132
42 141
37 136
100 199
101 200
60 159
177 276
119 218
46 145
187 286
116 215
188 287
40 139
124 223
138 237
111 210
174 273
12 111
101 200
19 118
4 103
20 119
39 138
87 186
36 135
104 203
0 99
6 105
16 115
109 208
52 151
18 117
94 193
27 126
12 111
159 258
94 193
107 206
111 210
186 285
62 161
36 135
184 283
3 102
183 282
60 159
53 152
158 257
6 105
180 279
165 264
83 182
1 100
27 126
30 129
70 169
165 264
64 163
195 294
101 200
50 149
189 288
197 296
182 281
85 184
148 247
184 283
136 235
72 171
25 124
132 231
82 181
73 172
193 292
135 234
64 163
136 235
77 176
29 128
107 206
115 214
127 226
163 262
196 295
49 148
141 240
164 263
185 284
102 201
93 192
16 115
54 153
78 177
195 294
163 262
93 192
99 198
181 280
61 160
175 274
55 154
131 230
101 200
29 128
79 178
175 274
129 228
174 273
170 269
158 257
195 294
78 177
151 250
81 180
62 161
193 292
58 157
142 241
180 279
183 282
8 107
167 266
39 138
10 109
1 100
184 283
112 211
27 126
17 116
143 242
194 293
161 260
79 178
118 217
127 226
102 201
2 101
18 117
39 138
70 169
87 186
53 152
88 187
166 265
100 199
11 110
52 151
141 240
185 284
40 139
46 145
18 117
120 219
160 259
42 141
120 219
148 247
23 122
154 253
51 150
92 191
171 270
128 227
174 273
36 135
4 103
13 112
72 171
147 246
82 181
143 242
65 164
114 213
174 273
124 223
26 125
123 222
156 255
141 240
189 288
103 202
117 216
144 243
175 274
54 153
8 107
93 192
66 165
93 192
10 109
172 271
53 152
175 274
143 242
161 260
31 130
93 192
144 243
58 157
172 271
78 177
5 104
187 286
160 259
48 147
110 209
185 284
24 123
173 272
90 189
172 271
90 189
104 203
175 274
52 151
4 103
160 259
1 100
17 116
178 277
135 234
171 270
37 136
172 271
133 232
91 190
192 291
6 105
183 282
83 182
8 107
86 185
168 267
122 221
8 107
170 269
143 242
5 104
6 105
119 218
69 168
44 143
5 104
158 257
158 257
195 294
177 276
128 227
81 180
152 251
176 275
29 128
119 218
96 195
134 233
139 238
57 156
78 177
38 137
113 212
47 146
196 295
123 222
90 189
119 218
39 138
26 125
179 278
9 108
196 295
101 200
99 198
98 197
140 239
93 192
137 236
8 107
128 227
159 258
2 101
51 150
103 202
65 164
100 199
35 134
158 257
147 246
170 269
42 141
184 283
59 158
180 279
84 183
195 294
133 232
121 220
195 294
117 216
152 251
112 211
143 242
145 244
94 193
27 126
16 115
127 226
153 252
132 231
147 246
28 127
176 275
101 200
65 164
123 222
74 173
193 292
108 207
75 174
176 275
146 245
65 164
130 229
65 164
158 257
137 236
159 258
152 251
191 290
154 253
29 128
24 123
155 254
195 294
197 296
41 140
71 170
127 226
41 140
63 162
113 212
83 182
1 100
23 122
95 194
4 103
192 291
163 262
127 226
186 285
62 161
65 164
33 132
187 286
84 183
69 168
193 292
112 211
130 229
107 206
162 261
57 156
60 159
64 163
107 206
123 222
167 266
25 124
102 201
23 122
177 276
149 248
18 117
129 228
13 112
77 176
119 218
54 153
31 130
62 161
117 216
188 287
125 224
170 269
88 187
169 268
54 153
22 121
79 178
159 258
104 203
190 289
10 109
180 279
139 238
159 258
83 182
12 111
37 136
97 196
13 112
41 140
97 196
42 141
134 233
2 101
84 183
162 261
163 262
85 184
78 177
122 221
177 276
94 193
73 172
81 180
30 129
74 173
174 273
70 169
164 263
63 162
136 235
96 195
195 294
53 152
113 212
30 129
136 235
95 194
114 213
22 121
167 266
157 256
57 156
113 212
103 202
183 282
90 189
73 172
192 291
112 211
98 197
168 267
154 253
88 187
30 129
157 256
175 274
126 225
89 188
153 252
12 111
115 214
174 273
120 219
173 272
107 206
185 284
67 166
179 278
101 200
57 156
42 141
45 144
29 128
43 142
7 106
17 116
69 168
119 218
153 252
59 158
47 146
73 172
91 190
17 116
170 269
106 205
35 134
13 112
154 253
101 200
83 182
66 165
4 103
41 140
155 254
123 222
28 127
90 189
148 247
193 292
167 266
197 296
138 237
75 174
82 181
138 237
162 261
32 131
189 288
154 253
161 260
146 245
182 281
165 264
116 215
84 183
32 131
162 261
116 215
18 117
100 199
187 286
88 187
37 136
60 159
69 168
142 241
55 154
90 189
24 123
9 108
36 135
168 267
143 242
63 162
185 284
161 260
120 219
65 164
96 195
118 217
191 290
75 174
87 186
85 184
28 127
109 208
23 122
56 155
196 295
103 202
1 100
28 127
190 289
4 103
54 153
22 121
152 251
146 245
46 145
77 176
123 222
150 249
116 215
109 208
26 125
36 135
103 202
80 179
153 252
54 153
192 291
26 125
126 225
148 247
10 109
50 149
105 204
194 293
166 265
129 228
70 169
70 169
79 178
123 222
68 167
170 269
159 258
184 283
165 264
68 167
181 280
171 270
22 121
44 143
158 257
117 216
159 258
26 125
47 146
24 123
77 176
84 183
182 281
155 254
118 217
6 105
59 158
53 152
82 181
35 134
131 230
3 102
184 283
83 182
160 259
161 260
38 137
45 144
30 129
65 164
140 239
173 272
167 266
50 149
65 164
107 206
120 219
26 125
2 101
164 263
69 168
108 207
72 171
11 110
20 119
141 240
191 290
120 219
121 220
184 283
19 118
15 114
15 114
122 221
74 173
111 210
126 225
140 239
167 266
70 169
119 218
182 281
196 295
77 176
70 169
184 283
144 243
174 273
21 120
78 177
171 270
36 135
33 132
170 269
80 179
99 198
196 295
134 233
182 281
139 238
14 113
136 235
114 213
95 194
144 243
3 102
142 241
196 295
22 121
88 187
134 233
136 235
37 136
78 177
146 245
109 208
69 168
91 190
85 184
64 163
73 172
57 156
61 160
88 187
174 273
24 123
169 268
116 215
21 120
153 252
195 294
39 138
154 253
47 146
143 242
62 161
63 162
15 114
27 126
192 291
78 177
144 243
197 296
192 291
74 173
170 269
53 152
98 197
88 187
174 273
168 267
194 293
96 195
31 130
49 148
59 158
48 147
106 205
22 121
121 220
191 290
73 172
8 107
165 264
39 138
183 282
135 234
172 271
164 263
56 155
136 235
38 137
1 100
48 147
110 209
13 112
115 214
58 157
133 232
106 205
91 190
65 164
23 122
97 196
95 194
197 296
195 294
164 263
31 130
109 208
14 113
56 155
115 214
185 284
152 251
38 137
93 192
85 184
56 155
157 256
51 150
75 174
118 217
143 242
33 132
91 190
106 205
60 159
145 244
22 121
26 125
139 238
95 194
196 295
93 192
96 195
167 266
178 277
120 219
9 108
17 116
15 114
101 200
106 205
161 260
67 166
58 157
111 210
39 138
145 244
141 240
101 200
53 152
39 138
24 123
189 288
121 220
84 183
124 223
138 237
148 247
18 117
196 295
65 164
102 201
85 184
188 287
143 242
65 164
160 259
2 101
41 140
100 199
178 277
38 137
76 175
50 149
188 287
132 231
135 234
73 172
189 288
102 201
107 206
102 201
134 233
27 126
22 121
109 208
158 257
100 199
170 269
177 276
129 228
115 214
135 234
17 116
61 160
23 122
36 135
83 182
94 193
167 266
19 118
43 142
36 135
120 219
27 126
197 296
36 135
124 223
102 201
146 245
175 274
40 139
187 286
18 117
26 125
72 171
130 229
197 296
100 199
82 181
45 144
62 161
171 270
193 292
74 173
70 169
156 255
167 266
20 119
133 232
82 181
70 169
87 186
98 197
100 199
110 209
153 252
60 159
47 146
165 264
189 288
185 284
86 185
4 103
184 283
90 189
172 271
108 207
195 294
150 249
169 268
154 253
62 161
34 133
116 215
76 175
28 127
188 287
68 167
87 186
81 180
48 147
117 216
30 129
145 244
103 202
89 188
100 199
102 201
51 150
14 113
64 163
58 157
163 262
152 251
192 291
123 222
161 260
46 145
114 213
79 178
71 170
138 237
118 217
59 158
60 159
132 231
35 134
116 215
44 143
166 265
38 137
28 127
16 115
50 149
171 270
159 258
171 270
112 211
48 147
197 296
140 239
73 172
166 265
146 245
35 134
164 263
67 166
21 120
28 127
197 296
145 244
51 150
13 112
137 236
169 268
107 206
65 164
103 202
178 277
165 264
177 276
188 287
195 294
138 237
121 220
190 289
115 214
50 149
20 119
85 184
65 164
126 225
22 121
102 201
194 293
122 221
52 151
159 258
151 250
45 144
180 279
169 268
79 178
162 261
175 274
91 190
104 203
189 288
14 113
128 227
195 294
57 156
144 243
72 171
28 127
149 248
99 198
140 239
83 182
55 154
158 257
90 189
176 275
18 117
143 242
75 174
4 103
128 227
4 103
44 143
161 260
17 116
159 258
52 151
111 210
143 242
130 229
104 203
22 121
135 234
185 284
70 169
73 172
156 255
26 125
160 259
0 99
86 185
160 259
158 257
49 148
164 263
183 282
117 216
43 142
164 263
26 125
91 190
129 228
177 276
145 244
80 179
164 263
136 235
183 282
139 238
19 118
32 131
119 218
156 255
100 199
184 283
187 286
40 139
62 161
93 192
6 105
191 290
182 281
34 133
143 242
110 209
70 169
31 130
44 143
90 189
139 238
64 163
91 190
87 186
24 123
76 175
140 239
62 161
39 138
45 144
37 136
114 213
106 205
81 180
77 176
133 232
163 262
40 139
183 282
142 241
194 293
60 159
19 118
87 186
93 192
67 166
178 277
184 283
155 254
61 160
40 139
2 101
65 164
170 269
83 182
64 163
35 134
52 151
133 232
170 269
169 268
85 184
121 220
191 290
102 201
79 178
43 142
139 238
34 133
15 114
26 125
86 185
98 197
5 104
194 293
22 121
91 190
70 169
9 108
76 175
117 216
0 99
122 221
171 270
109 208
67 166
96 195
50 149
115 214
41 140
46 145
61 160
107 206
177 276
122 221
29 128
65 164
171 270
171 270
75 174
71 170
46 145
185 284
100 199
81 180
77 176
105 204
149 248
96 195
170 269
4 103
156 255
101 200
35 134
62 161
57 156
8 107
185 284
53 152
51 150
28 127
48 147
96 195
102 201
98 197
197 296
95 194
19 118
6 105
71 170
8 107
37 136
18 117
191 290
94 193
110 209
39 138
63 162
147 246
40 139
97 196
165 264
90 189
39 138
165 264
35 134
22 121
187 286
107 206
75 174
135 234
178 277
79 178
92 191
14 113
123 222
191 290
141 240
27 126
158 257
127 226
41 140
136 235
31 130
85 184
18 117
88 187
119 218
139 238
69 168
123 222
101 200
88 187
20 119
135 234
188 287
149 248
37 136
195 294
194 293
161 260
36 135
8 107
36 135
155 254
80 179
123 222
148 247
130 229
132 231
91 190
144 243
174 273
77 176
191 290
146 245
175 274
43 142
138 237
156 255
111 210
71 170
48 147
120 219
45 144
68 167
33 132
129 228
92 191
12 111
160 259
190 289
31 130
182 281
47 146
187 286
132 231
177 276
128 227
153 252
6 105
167 266
42 141
86 185
175 274
18 117
132 231
66 165
11 110
25 124
60 159
20 119
36 135
148 247
78 177
9 108
131 230
2 101
172 271
27 126
99 198
197 296
13 112
10 109
112 211
147 246
123 222
169 268
56 155
71 170
47 146
183 282
110 209
64 163
9 108
30 129
167 266
156 255
90 189
156 255
165 264
23 122
118 217
179 278
165 264
125 224
73 172
88 187
85 184
18 117
6 105
125 224
134 233
51 150
61 160
149 248
39 138
128 227
71 170
81 180
191 290
32 131
15 114
113 212
25 124
104 203
52 151
152 251
102 201
5 104
184 283
126 225
15 114
142 241
113 212
40 139
154 253
94 193
162 261
61 160
85 184
11 110
38 137
92 191
7 106
81 180
114 213
159 258
182 281
132 231
96 195
185 284
93 192
24 123
177 276
8 107
112 211
97 196
64 163
184 283
188 287
194 293
106 205
193 292
142 241
60 159
171 270
92 191
141 240
153 252
103 202
171 270
128 227
191 290
181 280
32 131
8 107
114 213
14 113
188 287
127 226
23 122
117 216
44 143
95 194
41 140
85 184
1 100
169 268
57 156
192 291
10 109
164 263
91 190
145 244
79 178
143 242
32 131
185 284
118 217
7 106
151 250
124 223
154 253
116 215
5 104
174 273
156 255
152 251
191 290
18 117
109 208
78 177
3 102
31 130
75 174
142 241
7 106
109 208
90 189
181 280
10 109
71 170
138 237
44 143
133 232
63 162
50 149
146 245
27 126
43 142
175 274
140 239
119 218
126 225
40 139
159 258
101 200
35 134
29 128
48 147
196 295
190 289
164 263
64 163
96 195
129 228
12 111
81 180
109 208
25 124
39 138
33 132
137 236
109 208
74 173
195 294
112 211
155 254
88 187
116 215
107 206
106 205
84 183
64 163
69 168
26 125
59 158
142 241
66 165
45 144
47 146
142 241
100 199
96 195
54 153
82 181
186 285
128 227
114 213
196 295
2 101
146 245
70 169
109 208
193 292
191 290
180 279
59 158
178 277
93 192
42 141
132 231
177 276
63 162
144 243
86 185
133 232
24 123
113 212
148 247
14 113
140 239
137 236
128 227
168 267
103 202
65 164
82 181
30 129
155 254
99 198
105 204
20 119
13 112
114 213
34 133
44 143
94 193
9 108
93 192
152 251
76 175
65 164
136 235
47 146
181 280
122 221
129 228
130 229
37 136
0 99
4 103
51 150
95 194
128 227
75 174
89 188
45 144
16 115
191 290
125 224
137 236
44 143
118 217
99 198
117 216
86 185
117 216
4 103
149 248
164 263
138 237
130 229
40 139
147 246
18 117
30 129
154 253
85 184
58 157
123 222
153 252
122 221
192 291
133 232
159 258
106 205
99 198
169 268
66 165
106 205
149 248
114 213
190 289
13 112
164 263
124 223
63 162
46 145
71 170
76 175
154 253
142 241
33 132
179 278
95 194
87 186
99 198
42 141
121 220
101 200
153 252
131 230
142 241
147 246
62 161
121 220
106 205
58 157
112 211
64 163
122 221
19 118
65 164
148 247
183 282
116 215
2 101
103 202
63 162
153 252
172 271
180 279
17 116
112 211
186 285
78 177
158 257
92 191
73 172
101 200
87 186
68 167
6 105
96 195
15 114
4 103
107 206
50 149
27 126
195 294
55 154
123 222
35 134
102 201
127 226
115 214
116 215
67 166
69 168
189 288
127 226
123 222
78 177
46 145
196 295
30 129
168 267
100 199
129 228
119 218
33 132
189 288
77 176
27 126
128 227
32 131
45 144
32 131
102 201
1 100
189 288
51 150
51 150
1 100
11 110
187 286
10 109
131 230
88 187
92 191
57 156
12 111
23 122
77 176
114 213
40 139
47 146
89 188
96 195
62 161
13 112
106 205
190 289
81 180
19 118
102 201
7 106
123 222
3 102
168 267
33 132
191 290
87 186
177 276
19 118
54 153
93 192
49 148
8 107
168 267
181 280
71 170
46 145
146 245
110 209
54 153
59 158
53 152
170 269
151 250
98 197
19 118
132 231
74 173
105 204
47 146
173 272
191 290
173 272
102 201
125 224
156 255
66 165
59 158
55 154
176 275
89 188
150 249
66 165
86 185
126 225
46 145
23 122
174 273
96 195
178 277
42 141
23 122
85 184
4 103
107 206
51 150
31 130
41 140
87 186
93 192
142 241
2 101
1 100
22 121
53 152
158 257
141 240
48 147
15 114
144 243
120 219
132 231
21 120
119 218
1 100
119 218
62 161
68 167
196 295
103 202
196 295
192 291
93 192
104 203
189 288
174 273
64 163
177 276
147 246
126 225
51 150
113 212
79 178
102 201
70 169
167 266
170 269
89 188
77 176
40 139
182 281
157 256
80 179
66 165
44 143
142 241
103 202
27 126
47 146
130 229
121 220
97 196
182 281
138 237
145 244
65 164
111 210
114 213
123 222
100 199
102 201
75 174
162 261
28 127
66 165
146 245
153 252
13 112
79 178
30 129
90 189
102 201
174 273
127 226
53 152
143 242
152 251
116 215
79 178
168 267
19;156504
121 220
159 258
171 270
142 241
179 278
178 277
22 121
101 200
115 214
195 294
193 292
63 162
22 121
195 294
128 227
188 287
98 197
169 268
151 250
154 253
187 286
1 100
61 160
60 159
182 281
45 144
71 170
57 156
11 110
92 191
102 201
193 292
154 253
94 193
68 167
43 142
10 109
5 104
105 204
172 271
119 218
159 258
82 181
93 192
58 157
94 193
156 255
158 257
39 138
117 216
34 133
188 287
50 149
40 139
128 227
116 215
177 276
12 111
31 130
187 286
135 234
162 261
21 120
1 100
39 138
195 294
73 172
169 268
66 165
15 114
160 259
141 240
88 187
131 230
98 197
1 100
101 200
193 292
47 146
145 244
103 202
112 211
33 132
141 240
142 241
58 157
140 239
185 284
65 164
54 153
162 261
142 241
140 239
50 149
121 220
194 293
154 253
58 157
196 295
171 270
142 241
186 285
159 258
23 122
61 160
140 239
101 200
21 120
96 195
71 170
188 287
174 273
15 114
50 149
44 143
30 129
123 222
173 272
172 271
124 223
160 259
2 101
150 249
165 264
185 284
137 236
27 126
192 291
169 268
8 107
80 179
68 167
114 213
47 146
142 241
172 271
123 222
195 294
120 219
178 277
79 178
67 166
149 248
196 295
148 247
72 171
154 253
11 110
39 138
166 265
84 183
151 250
173 272
102 201
87 186
99 198
165 264
111 210
14 113
120 219
163 262
176 275
57 156
9 108
24 123
88 187
59 158
181 280
135 234
168 267
68 167
122 221
41 140
115 214
70 169
88 187
9 108
113 212
105 204
15 114
126 225
79 178
110 209
196 295
116 215
91 190
66 165
26 125
136 235
96 195
90 189
67 166
104 203
121 220
24 123
109 208
60 159
89 188
163 262
32 131
148 247
153 252
67 166
131 230
125 224
166 265
119 218
131 230
171 270
84 183
43 142
101 200
183 282
186 285
35 134
182 281
172 271
87 186
66 165
101 200
173 272
18 117
12 111
171 270
95 194
130 229
39 138
173 272
186 285
91 190
118 217
155 254
185 284
4 103
40 139
1 100
179 278
16 115
167 266
147 246
164 263
3 102
114 213
135 234
87 186
93 192
96 195
119 218
115 214
14 113
135 234
17 116
153 252
73 172
30 129
68 167
101 200
174 273
136 235
28 127
125 224
149 248
144 243
51 150
27 126
73 172
46 145
45 144
82 181
107 206
58 157
193 292
42 141
70 169
78 177
131 230
174 273
158 257
136 235
64 163
49 148
142 241
94 193
113 212
84 183
146 245
98 197
161 260
72 171
90 189
109 208
73 172
157 256
29 128
106 205
119 218
118 217
90 189
158 257
99 198
89 188
141 240
59 158
130 229
152 251
154 253
73 172
175 274
97 196
85 184
86 185
81 180
8 107
188 287
184 283
6 105
136 235
162 261
169 268
189 288
1 100
126 225
46 145
131 230
77 176
130 229
193 292
145 244
193 292
25 124
48 147
42 141
161 260
91 190
126 225
4 103
118 217
54 153
133 232
70 169
11 110
132 231
130 229
167 266
174 273
64 163
74 173
120 219
94 193
105 204
66 165
160 259
170 269
167 266
69 168
155 254
129 228
183 282
149 248
178 277
82 181
102 201
186 285
29 128
77 176
123 222
175 274
171 270
179 278
72 171
26 125
153 252
160 259
76 175
140 239
104 203
150 249
84 183
164 263
18 117
98 197
14 113
74 173
10 109
181 280
176 275
37 136
91 190
82 181
180 279
0 99
35 134
152 251
121 220
63 162
44 143
29 128
125 224
58 157
25 124
90 189
88 187
170 269
53 152
132 231
97 196
193 292
83 182
84 183
96 195
15 114
72 171
29 128
187 286
145 244
45 144
18 117
58 157
168 267
20 119
58 157
61 160
72 171
103 202
23 122
197 296
6 105
41 140
123 222
119 218
163 262
48 147
154 253
164 263
170 269
115 214
2 101
3 102
153 252
158 257
28 127
146 245
82 181
75 174
85 184
194 293
7 106
4 103
113 212
55 154
186 285
129 228
176 275
123 222
55 154
177 276
150 249
156 255
118 217
112 211
131 230
133 232
35 134
176 275
62 161
179 278
6 105
122 221
124 223
44 143
13 112
153 252
130 229
26 125
58 157
109 208
27 126
146 245
188 287
137 236
187 286
172 271
26 125
192 291
195 294
161 260
115 214
58 157
175 274
6 105
95 194
23 122
11 110
149 248
35 134
93 192
130 229
151 250
141 240
154 253
110 209
35 134
37 136
148 247
94 193
160 259
144 243
89 188
101 200
126 225
180 279
102 201
9 108
172 271
134 233
127 226
195 294
6 105
140 239
133 232
153 252
117 216
120 219
22 121
104 203
101 200
98 197
194 293
49 148
132 231
78 177
118 217
74 173
56 155
179 278
42 141
94 193
171 270
13 112
38 137
176 275
28 127
117 216
37 136
17 116
51 150
187 286
43 142
155 254
2 101
179 278
176 275
194 293
62 161
150 249
78 177
146 245
185 284
78 177
129 228
24 123
162 261
13 112
77 176
125 224
10 109
122 221
194 293
134 233
67 166
4 103
23 122
83 182
26 125
161 260
154 253
140 239
35 134
25 124
154 253
26 125
127 226
103 202
46 145
182 281
179 278
191 290
32 131
6 105
95 194
54 153
130 229
139 238
177 276
161 260
68 167
130 229
72 171
55 154
1 100
17 116
14 113
119 218
86 185
91 190
148 247
149 248
4 103
178 277
97 196
192 291
190 289
60 159
122 221
20 119
94 193
101 200
94 193
33 132
94 193
52 151
60 159
176 275
52 151
62 161
98 197
42 141
37 136
58 157
111 210
73 172
119 218
144 243
121 220
5 104
126 225
129 228
12 111
142 241
120 219
142 241
7 106
182 281
41 140
47 146
94 193
58 157
141 240
125 224
98 197
192 291
175 274
118 217
119 218
121 220
111 210
17 116
153 252
104 203
166 265
145 244
6 105
168 267
195 294
132 231
163 262
57 156
22 121
156 255
37 136
22 121
5 104
152 251
30 129
20 119
163 262
192 291
19 118
58 157
92 191
20 119
58 157
48 147
171 270
39 138
38 137
193 292
68 167
188 287
187 286
190 289
66 165
86 185
169 268
152 251
10 109
67 166
149 248
112 211
157 256
42 141
74 173
16 115
174 273
118 217
67 166
142 241
48 147
48 147
21 120
56 155
77 176
87 186
193 292
190 289
7 106
180 279
32 131
51 150
24 123
188 287
42 141
170 269
56 155
112 211
109 208
197 296
112 211
178 277
149 248
76 175
64 163
161 260
133 232
184 283
136 235
30 129
150 249
98 197
73 172
4 103
148 247
66 165
30 129
76 175
42 141
49 148
20 119
79 178
81 180
86 185
48 147
99 198
172 271
195 294
119 218
147 246
157 256
150 249
54 153
123 222
66 165
59 158
2 101
91 190
149 248
159 258
12 111
172 271
170 269
101 200
181 280
121 220
78 177
119 218
79 178
173 272
12 111
64 163
40 139
45 144
93 192
80 179
66 165
75 174
106 205
44 143
3 102
96 195
39 138
182 281
90 189
169 268
191 290
125 224
76 175
33 132
190 289
11 110
86 185
193 292
22 121
17 116
126 225
73 172
149 248
9 108
191 290
178 277
153 252
158 257
133 232
174 273
38 137
101 200
56 155
90 189
129 228
40 139
186 285
44 143
105 204
81 180
94 193
91 190
71 170
88 187
73 172
83 182
177 276
61 160
147 246
90 189
89 188
126 225
91 190
17 116
51 150
100 199
26 125
124 223
119 218
4 103
19 118
156 255
181 280
97 196
182 281
129 228
174 273
95 194
58 157
113 212
151 250
124 223
73 172
182 281
87 186
13 112
133 232
5 104
27 126
20 119
176 275
14 113
15 114
48 147
117 216
182 281
157 256
128 227
106 205
68 167
57 156
28 127
172 271
68 167
6 105
173 272
25 124
85 184
183 282
15 114
62 161
50 149
65 164
58 157
139 238
147 246
133 232
122 221
30 129
113 212
25 124
103 202
87 186
15 114
115 214
70 169
142 241
112 211
133 232
23 122
139 238
107 206
44 143
53 152
180 279
35 134
24 123
148 247
178 277
131 230
133 232
68 167
90 189
52 151
66 165
194 293
121 220
35 134
46 145
69 168
92 191
52 151
174 273
107 206
36 135
185 284
43 142
20 119
9 108
186 285
65 164
127 226
78 177
180 279
30 129
98 197
57 156
74 173
114 213
31 130
71 170
1 100
121 220
17 116
140 239
86 185
50 149
118 217
29 128
150 249
190 289
149 248
186 285
163 262
67 166
97 196
16 115
79 178
18 117
136 235
132 231
171 270
47 146
129 228
56 155
25 124
136 235
2 101
169 268
177 276
83 182
170 269
29 128
60 159
9 108
87 186
197 296
145 244
6 105
34 133
43 142
127 226
62 161
90 189
22 121
161 260
185 284
120 219
95 194
24 123
56 155
1 100
113 212
163 262
9 108
92 191
187 286
48 147
87 186
158 257
163 262
87 186
58 157
158 257
132 231
1 100
137 236
7 106
69 168
66 165
150 249
63 162
161 260
49 148
194 293
41 140
11 110
156 255
44 143
29 128
76 175
169 268
82 181
151 250
112 211
39 138
192 291
76 175
159 258
26 125
111 210
58 157
118 217
40 139
16 115
53 152
92 191
134 233
46 145
33 132
130 229
67 166
120 219
95 194
61 160
36 135
35 134
132 231
153 252
106 205
57 156
128 227
104 203
154 253
7 106
102 201
90 189
10 109
150 249
85 184
147 246
139 238
68 167
72 171
16 115
132 231
171 270
151 250
106 205
28 127
143 242
138 237
178 277
155 254
189 288
49 148
62 161
156 255
135 234
115 214
114 213
63 162
44 143
35 134
142 241
40 139
102 201
129 228
112 211
160 259
76 175
124 223
22 121
105 204
191 290
57 156
58 157
98 197
175 274
163 262
38 137
11 110
31 130
130 229
133 232
19 118
80 179
32 131
170 269
44 143
2 101
59 158
27 126
193 292
163 262
112 211
145 244
179 278
135 234
171 270
178 277
8 107
112 211
74 173
106 205
180 279
9 108
172 271
1 100
12 111
72 171
68 167
146 245
83 182
186 285
179 278
67 166
174 273
149 248
8 107
7 106
3 102
30 129
90 189
131 230
25 124
185 284
68 167
191 290
75 174
111 210
47 146
128 227
11 110
51 150
190 289
92 191
121 220
35 134
21 120
156 255
58 157
94 193
10 109
116 215
100 199
71 170
77 176
44 143
166 265
70 169
38 137
76 175
109 208
63 162
68 167
184 283
131 230
69 168
137 236
34 133
56 155
8 107
96 195
119 218
71 170
153 252
70 169
21 120
114 213
66 165
9 108
114 213
61 160
26 125
98 197
174 273
4 103
110 209
188 287
76 175
111 210
30 129
39 138
33 132
27 126
25 124
77 176
96 195
164 263
80 179
159 258
81 180
0 99
168 267
115 214
95 194
156 255
49 148
57 156
119 218
10 109
170 269
114 213
98 197
92 191
144 243
91 190
63 162
124 223
120 219
46 145
173 272
124 223
35 134
131 230
175 274
120 219
132 231
197 296
22 121
147 246
26 125
7 106
74 173
108 207
112 211
18 117
81 180
126 225
45 144
159 258
182 281
146 245
176 275
129 228
107 206
30 129
130 229
114 213
157 256
64 163
169 268
57 156
190 289
5 104
89 188
175 274
49 148
159 258
173 272
161 260
191 290
84 183
6 105
147 246
61 160
19 118
2 101
2 101
104 203
171 270
72 171
178 277
114 213
133 232
63 162
94 193
193 292
96 195
8 107
127 226
135 234
94 193
154 253
9 108
195 294
45 144
112 211
61 160
77 176
188 287
192 291
79 178
179 278
113 212
162 261
169 268
44 143
129 228
73 172
23 122
184 283
186 285
154 253
10 109
184 283
46 145
42 141
97 196
128 227
123 222
148 247
62 161
119 218
71 170
23 122
106 205
38 137
13 112
34 133
10 109
128 227
182 281
150 249
111 210
177 276
42 141
124 223
182 281
59 158
44 143
97 196
56 155
59 158
32 131
83 182
106 205
64 163
18 117
95 194
72 171
99 198
179 278
153 252
91 190
139 238
163 262
162 261
28 127
37 136
158 257
176 275
136 235
85 184
166 265
72 171
177 276
194 293
51 150
154 253
197 296
173 272
135 234
129 228
154 253
53 152
108 207
25 124
190 289
130 229
52 151
181 280
147 246
51 150
70 169
94 193
92 191
82 181
159 258
61 160
94 193
39 138
47 146
178 277
3 102
36 135
111 210
113 212
130 229
43 142
127 226
29 128
9 108
46 145
188 287
112 211
33 132
99 198
189 288
150 249
178 277
112 211
185 284
177 276
177 276
65 164
90 189
22 121
80 179
59 158
69 168
56 155
16 115
143 242
126 225
74 173
117 216
106 205
183 282
154 253
103 202
62 161
146 245
94 193
42 141
6 105
7 106
68 167
87 186
75 174
115 214
176 275
151 250
16 115
136 235
133 232
115 214
25 124
112 211
113 212
142 241
15 114
156 255
121 220
197 296
5 104
79 178
73 172
97 196
91 190
9 108
21 120
156 255
114 213
85 184
145 244
6 105
76 175
118 217
192 291
112 211
141 240
108 207
159 258
90 189
22 121
72 171
185 284
77 176
150 249
134 233
157 256
5 104
163 262
72 171
74 173
49 148
174 273
109 208
114 213
75 174
105 204
37 136
195 294
110 209
179 278
177 276
188 287
10 109
124 223
106 205
173 272
137 236
149 248
106 205
98 197
149 248
110 209
178 277
12 111
11 110
104 203
96 195
27 126
96 195
183 282
116 215
9 108
8 107
86 185
10 109
146 245
84 183
45 144
49 148
52 151
148 247
49 148
156 255
137 236
134 233
82 181
110 209
179 278
92 191
0 99
149 248
13 112
37 136
197 296
134 233
176 275
27 126
64 163
44 143
152 251
109 208
160 259
184 283
174 273
132 231
52 151
118 217
85 184
82 181
136 235
96 195
157 256
103 202
181 280
145 244
190 289
108 207
54 153
101 200
0 99
146 245
45 144
182 281
166 265
103 202
134 233
161 260
136 235
52 151
180 279
39 138
95 194
41 140
81 180
60 159
51 150
53 152
66 165
89 188
14 113
4 103
14 113
187 286
192 291
192 291
182 281
157 256
9 108
14 113
6 105
173 272
86 185
152 251
155 254
151 250
58 157
97 196
179 278
31 130
2 101
124 223
90 189
142 241
116 215
57 156
190 289
105 204
168 267
187 286
148 247
100 199
130 229
194 293
131 230
40 139
73 172
142 241
88 187
110 209
30 129
11 110
148 247
59 158
50 149
55 154
34 133
143 242
180 279
154 253
93 192
80 179
126 225
45 144
105 204
166 265
55 154
163 262
44 143
24 123
172 271
40 139
196 295
6 105
27 126
154 253
12 111
43 142
94 193
57 156
99 198
151 250
150 249
141 240
40 139
117 216
162 261
82 181
170 269
94 193
181 280
141 240
183 282
96 195
91 190
90 189
45 144
140 239
187 286
95 194
91 190
47 146
153 252
87 186
83 182
113 212
30 129
136 235
163 262
49 148
102 201
34 133
77 176
116 215
19 118
117 216
144 243
27 126
55 154
69 168
159 258
51 150
192 291
174 273
46 145
131 230
5 104
156 255
181 280
54 153
74 173
117 216
11 110
131 230
97 196
191 290
185 284
168 267
24 123
179 278
13 112
142 241
183 282
165 264
119 218
145 244
72 171
10 109
190 289
71 170
165 264
197 296
76 175
189 288
157 256
1 100
133 232
61 160
37 136
188 287
56 155
132 231
115 214
46 145
6 105
145 244
76 175
99 198
145 244
161 260
44 143
108 207
7 106
187 286
6 105
122 221
111 210
158 257
76 175
7 106
189 288
81 180
48 147
37 136
135 234
62 161
83 182
57 156
63 162
39 138
122 221
193 292
8 107
142 241
107 206
113 212
166 265
72 171
22 121
13 112
166 265
171 270
3 102
189 288
148 247
21 120
105 204
7 106
39 138
136 235
17 116
90 189
97 196
129 228
25 124
157 256
2 101
56 155
13 112
177 276
160 259
81 180
20 119
107 206
59 158
103 202
47 146
63 162
131 230
126 225
185 284
78 177
3 102
146 245
163 262
91 190
165 264
33 132
0 99
38 137
147 246
180 279
138 237
179 278
39 138
65 164
17 116
2 101
179 278
128 227
114 213
30 129
59 158
180 279
111 210
57 156
135 234
139 238
78 177
93 192
93 192
48 147
148 247
35 134
81 180
42 141
41 140
40 139
187 286
163 262
137 236
61 160
115 214
21 120
88 187
139 238
148 247
137 236
53 152
172 271
47 146
184 283
78 177
126 225
167 266
11 110
61 160
181 280
146 245
27 126
182 281
10 109
41 140
134 233
34 133
184 283
159 258
192 291
18 117
154 253
114 213
191 290
136 235
177 276
190 289
63 162
48 147
80 179
176 275
42 141
173 272
115 214
86 185
63 162
165 264
140 239
144 243
116 215
176 275
48 147
24 123
35 134
33 132
35 134
97 196
182 281
44 143
48 147
84 183
89 188
90 189
53 152
116 215
79 178
40 139
83 182
136 235
72 171
76 175
115 214
79 178
197 296
66 165
133 232
187 286
101 200
150 249
44 143
1 100
15 114
69 168
139 238
66 165
173 272
176 275
121 220
42 141
148 247
174 273
120 219
168 267
34 133
147 246
122 221
33 132
43 142
149 248
153 252
75 174
160 259
143 242
109 208
101 200
12 111
41 140
135 234
60 159
23 122
17 116
153 252
11 110
22 121
14 113
141 240
167 266
134 233
146 245
115 214
156 255
176 275
22 121
17 116
62 161
150 249
79 178
189 288
31 130
142 241
163 262
76 175
175 274
94 193
171 270
9 108
20 119
192 291
28 127
112 211
103 202
46 145
141 240
138 237
197 296
80 179
70 169
183 282
162 261
80 179
174 273
35 134
53 152
183 282
195 294
82 181
16 115
12 111
138 237
37 136
8 107
60 159
37 136
60 159
35 134
190 289
94 193
197 296
14 113
12 111
140 239
168 267
104 203
172 271
104 203
95 194
104 203
47 146
132 231
71 170
127 226
172 271
185 284
97 196
32 131
197 296
153 252
46 145
15 114
173 272
67 166
133 232
18 117
84 183
6 105
85 184
132 231
149 248
172 271
109 208
117 216
126 225
48 147
129 228
141 240
102 201
45 144
55 154
176 275
183 282
165 264
135 234
11 110
159 258
153 252
143 242
145 244
29 128
87 186
94 193
137 236
141 240
97 196
99 198
97 196
126 225
170 269
159 258
161 260
44 143
192 291
177 276
17 116
151 250
139 238
107 206
108 207
154 253
51 150
121 220
107 206
55 154
41 140
7 106
97 196
1 100
53 152
152 251
28 127
123 222
115 214
114 213
99 198
127 226
168 267
22 121
62 161
143 242
173 272
116 215
83 182
124 223
6 105
150 249
4 103
45 144
24 123
137 236
20 119
69 168
194 293
121 220
21 120
84 183
124 223
140 239
85 184
36 135
146 245
21 120
46 145
30 129
115 214
104 203
127 226
115 214
8 107
87 186
95 194
99 198
192 291
87 186
168 267
122 221
78 177
87 186
78 177
168 267
135 234
167 266
97 196
152 251
92 191
97 196
92 191
189 288
175 274
100 199
127 226
9 108
157 256
188 287
87 186
112 211
75 174
101 200
186 285
81 180
147 246
127 226
7 106
139 238
34 133
55 154
150 249
155 254
32 131
41 140
112 211
78 177
141 240
65 164
175 274
61 160
77 176
18 117
132 231
118 217
141 240
83 182
135 234
77 176
192 291
35 134
103 202
52 151
27 126
119 218
128 227
82 181
83 182
28 127
98 197
136 235
172 271
123 222
63 162
92 191
27 126
110 209
196 295
80 179
105 204
83 182
138 237
177 276
81 180
60 159
58 157
144 243
46 145
39 138
150 249
14 113
32 131
47 146
100 199
1 100
150 249
5 104
71 170
89 188
76 175
170 269
151 250
36 135
4 103
84 183
115 214
186 285
87 186
84 183
138 237
116 215
180 279
21 120
39 138
60 159
148 247
112 211
20 119
55 154
196 295
0 99
143 242
164 263
111 210
62 161
118 217
131 230
58 157
147 246
155 254
145 244
82 181
57 156
88 187
65 164
122 221
50 149
195 294
9 108
136 235
117 216
112 211
73 172
37 136
122 221
30 129
14 113
15 114
152 251
0 99
62 161
111 210
94 193
118 217
18 117
175 274
63 162
86 185
53 152
103 202
38 137
53 152
178 277
4 103
135 234
58 157
45 144
56 155
184 283
62 161
97 196
145 244
8 107
92 191
11 110
11 110
22 121
57 156
78 177
107 206
170 269
106 205
111 210
57 156
136 235
63 162
180 279
129 228
62 161
112 211
2 101
6 105
16 115
140 239
65 164
105 204
169 268
3 102
179 278
130 229
60 159
133 232
97 196
107 206
66 165
119 218
74 173
57 156
25 124
14 113
39 138
92 191
67 166
98 197
176 275
78 177
68 167
9 108
148 247
131 230
190 289
53 152
141 240
28 127
76 175
12 111
144 243
180 279
197 296
168 267
37 136
175 274
194 293
132 231
139 238
156 255
193 292
32 131
90 189
68 167
172 271
99 198
111 210
126 225
79 178
131 230
171 270
19 118
187 286
94 193
63 162
31 130
33 132
56 155
51 150
66 165
145 244
165 264
4 103
97 196
122 221
172 271
32 131
121 220
7 106
40 139
188 287
54 153
27 126
133 232
29 128
77 176
162 261
102 201
158 257
179 278
140 239
67 166
8 107
41 140
21 120
164 263
10 109
182 281
95 194
132 231
153 252
134 233
159 258
124 223
105 204
13 112
50 149
37 136
160 259
61 160
48 147
113 212
66 165
182 281
168 267
22 121
31 130
84 183
182 281
139 238
50 149
14 113
107 206
9 108
103 202
58 157
184 283
194 293
10 109
8 107
119 218
81 180
89 188
5 104
30 129
16 115
48 147
150 249
153 252
89 188
121 220
136 235
176 275
146 245
12 111
106 205
11 110
110 209
58 157
58 157
58 157
12 111
121 220
180 279
30 129
2 101
196 295
20 119
116 215
125 224
124 223
169 268
90 189
97 196
160 259
147 246
54 153
162 261
73 172
174 273
154 253
52 151
159 258
87 186
106 205
107 206
40 139
22 121
140 239
166 265
52 151
73 172
116 215
130 229
2 101
68 167
76 175
144 243
136 235
31 130
135 234
107 206
167 266
47 146
148 247
19 118
32 131
147 246
0 99
134 233
1 100
47 146
10 109
122 221
69 168
146 245
120 219
44 143
139 238
30 129
98 197
1 100
64 163
89 188
27 126
6 105
162 261
9 108
104 203
83 182
152 251
61 160
98 197
147 246
6 105
67 166
81 180
79 178
118 217
120 219
137 236
14 113
59 158
53 152
191 290
84 183
179 278
15 114
167 266
46 145
136 235
103 202
31 130
70 169
145 244
15 114
158 257
39 138
116 215
67 166
90 189
83 182
118 217
24 123
26 125
7 106
82 181
179 278
177 276
78 177
58 157
133 232
183 282
104 203
48 147
9 108
17 116
31 130
1 100
65 164
83 182
14 113
11 110
160 259
156 255
1 100
99 198
89 188
40 139
124 223
84 183
157 256
173 272
126 225
119 218
103 202
107 206
154 253
128 227
101 200
57 156
36 135
182 281
90 189
125 224
187 286
118 217
93 192
69 168
156 255
159 258
166 265
142 241
158 257
166 265
183 282
39 138
93 192
89 188
182 281
63 162
195 294
130 229
159 258
108 207
102 201
1 100
59 158
112 211
96 195
4 103
34 133
19 118
78 177
34 133
162 261
103 202
118 217
165 264
36 135
85 184
9 108
143 242
159 258
53 152
109 208
45 144
92 191
33 132
150 249
194 293
188 287
144 243
155 254
57 156
79 178
19 118
121 220
18 117
191 290
40 139
129 228
53 152
0 99
31 130
181 280
63 162
79 178
141 240
101 200
192 291
155 254
28 127
57 156
84 183
117 216
194 293
23 122
152 251
74 173
27 126
186 285
67 166
105 204
195 294
104 203
190 289
140 239
149 248
83 182
38 137
130 229
131 230
153 252
102 201
152 251
32 131
103 202
33 132
38 137
103 202
40 139
139 238
41 140
63 162
129 228
84 183
19 118
157 256
127 226
171 270
179 278
185 284
111 210
128 227
114 213
88 187
54 153
38 137
132 231
76 175
168 267
147 246
195 294
166 265
113 212
146 245
94 193
141 240
15 114
152 251
80 179
135 234
182 281
161 260
89 188
26 125
27 126
106 205
197 296
187 286
153 252
41 140
197 296
159 258
143 242
130 229
21 120
50 149
131 230
160 259
0 99
25 124
145 244
115 214
192 291
130 229
185 284
105 204
19 118
5 104
188 287
148 247
170 269
112 211
162 261
84 183
97 196
166 265
142 241
182 281
124 223
191 290
169 268
59 158
42 141
118 217
107 206
139 238
141 240
171 270
23 122
130 229
2 101
59 158
62 161
79 178
157 256
45 144
132 231
43 142
110 209
159 258
78 177
110 209
132 231
46 145
118 217
16 115
187 286
158 257
61 160
53 152
71 170
173 272
62 161
155 254
83 182
62 161
58 157
99 198
24 123
118 217
21 120
14 113
186 285
125 224
42 141
72 171
171 270
58 157
163 262
82 181
19 118
142 241
87 186
14 113
72 171
114 213
149 248
89 188
166 265
174 273
5 104
88 187
75 174
0 99
15 114
26 125
187 286
94 193
103 202
14 113
71 170
106 205
161 260
122 221
23 122
62 161
134 233
197 296
41 140
55 154
177 276
116 215
20 119
18 117
109 208
192 291
24 123
121 220
54 153
62 161
36 135
78 177
110 209
159 258
61 160
71 170
48 147
5 104
168 267
4 103
7 106
181 280
121 220
35 134
29 128
91 190
96 195
154 253
86 185
31 130
151 250
160 259
9 108
137 236
166 265
23 122
157 256
61 160
176 275
109 208
11 110
151 250
148 247
164 263
17 116
128 227
122 221
130 229
182 281
30 129
154 253
71 170
189 288
7 106
61 160
44 143
122 221
105 204
97 196
3 102
177 276
155 254
13 112
12 111
158 257
6 105
131 230
35 134
61 160
64 163
26 125
54 153
166 265
15 114
78 177
88 187
158 257
109 208
148 247
117 216
158 257
72 171
139 238
157 256
159 258
114 213
136 235
9 108
146 245
188 287
189 288
183 282
87 186
131 230
15 114
117 216
104 203
12 111
161 260
191 290
194 293
4 103
110 209
120 219
96 195
102 201
136 235
180 279
145 244
150 249
110 209
185 284
154 253
38 137
153 252
142 241
125 224
122 221
105 204
160 259
40 139
189 288
189 288
68 167
6 105
102 201
8 107
169 268
102 201
126 225
106 205
81 180
132 231
19 118
114 213
166 265
142 241
80 179
160 259
36 135
10 109
72 171
59 158
30 129
52 151
9 108
41 140
184 283
4 103
38 137
17 116
173 272
176 275
118 217
139 238
50 149
130 229
22 121
62 161
184 283
45 144
86 185
112 211
105 204
101 200
96 195
117 216
96 195
39 138
58 157
30 129
153 252
15 114
59 158
26 125
61 160
182 281
90 189
36 135
3 102
134 233
156 255
167 266
186 285
159 258
76 175
48 147
65 164
65 164
99 198
187 286
62 161
136 235
172 271
172 271
151 250
161 260
37 136
170 269
125 224
81 180
29 128
132 231
161 260
191 290
120 219
69 168
111 210
60 159
159 258
163 262
193 292
129 228
193 292
60 159
59 158
189 288
85 184
181 280
40 139
35 134
45 144
174 273
16 115
179 278
142 241
5 104
143 242
70 169
31 130
55 154
152 251
50 149
79 178
147 246
6 105
92 191
95 194
11 110
20 119
115 214
26 125
40 139
61 160
123 222
89 188
62 161
22 121
117 216
122 221
18 117
11 110
102 201
162 261
148 247
52 151
189 288
5 104
118 217
3 102
68 167
74 173
30 129
197 296
79 178
163 262
84 183
27 126
49 148
45 144
100 199
92 191
58 157
190 289
20 119
54 153
194 293
0 99
182 281
166 265
172 271
43 142
169 268
97 196
1 100
191 290
159 258
65 164
167 266
56 155
196 295
91 190
164 263
19 118
76 175
42 141
24 123
93 192
177 276
87 186
127 226
101 200
102 201
113 212
183 282
144 243
113 212
32 131
57 156
66 165
46 145
173 272
115 214
58 157
81 180
144 243
87 186
131 230
157 256
169 268
165 264
156 255
98 197
73 172
170 269
14 113
149 248
90 189
15 114
41 140
4 103
65 164
195 294
156 255
21 120
11 110
93 192
67 166
174 273
152 251
54 153
197 296
131 230
44 143
131 230
169 268
13 112
12 111
136 235
110 209
20 119
189 288
71 170
107 206
122 221
63 162
151 250
28 127
194 293
80 179
28 127
155 254
3 102
95 194
123 222
171 270
85 184
22 121
41 140
41 140
193 292
152 251
121 220
108 207
66 165
81 180
52 151
113 212
106 205
181 280
4 103
128 227
34 133
96 195
40 139
104 203
135 234
138 237
95 194
75 174
144 243
101 200
193 292
39 138
95 194
93 192
12 111
130 229
90 189
197 296
64 163
43 142
76 175
111 210
42 141
19 118
4 103
147 246
38 137
165 264
24 123
113 212
75 174
56 155
9 108
25 124
83 182
166 265
43 142
47 146
7 106
189 288
72 171
62 161
33 132
69 168
172 271
122 221
78 177
117 216
99 198
11 110
73 172
129 228
67 166
110 209
85 184
139 238
146 245
11 110
152 251
144 243
51 150
39 138
99 198
187 286
141 240
54 153
77 176
0 99
181 280
162 261
91 190
93 192
39 138
177 276
111 210
171 270
20 119
84 183
110 209
140 239
71 170
162 261
158 257
151 250
183 282
54 153
82 181
27 126
155 254
163 262
15 114
25 124
195 294
135 234
128 227
126 225
52 151
146 245
73 172
103 202
74 173
155 254
76 175
168 267
23 122
185 284
35 134
26 125
56 155
42 141
67 166
165 264
12 111
70 169
10 109
58 157
151 250
121 220
192 291
70 169
107 206
148 247
190 289
111 210
64 163
104 203
159 258
100 199
189 288
146 245
74 173
48 147
80 179
19 118
158 257
28 127
65 164
143 242
25 124
115 214
114 213
178 277
185 284
192 291
117 216
115 214
21 120
68 167
113 212
106 205
55 154
12 111
189 288
4 103
93 192
112 211
174 273
27 126
146 245
90 189
98 197
88 187
71 170
128 227
173 272
117 216
43 142
40 139
147 246
54 153
122 221
123 222
29 128
83 182
168 267
48 147
174 273
28 127
77 176
47 146
56 155
91 190
9 108
136 235
157 256
175 274
58 157
116 215
165 264
98 197
131 230
82 181
168 267
161 260
18 117
130 229
114 213
116 215
160 259
76 175
24 123
158 257
75 174
46 145
66 165
113 212
71 170
118 217
32 131
83 182
90 189
8 107
35 134
32 131
113 212
126 225
126 225
175 274
135 234
146 245
49 148
73 172
126 225
180 279
105 204
58 157
139 238
17 116
59 158
138 237
178 277
190 289
147 246
8 107
39 138
120 219
178 277
98 197
122 221
91 190
29 128
124 223
58 157
153 252
176 275
36 135
60 159
2 101
21 120
150 249
14 113
101 200
178 277
100 199
88 187
128 227
138 237
163 262
189 288
17 116
44 143
183 282
122 221
57 156
139 238
75 174
34 133
0 99
186 285
160 259
148 247
35 134
196 295
4 103
87 186
132 231
70 169
192 291
40 139
21 120
175 274
1 100
47 146
21 120
197 296
190 289
196 295
74 173
29 128
134 233
143 242
135 234
183 282
4 103
19 118
128 227
72 171
3 102
65 164
141 240
174 273
194 293
87 186
74 173
175 274
78 177
92 191
65 164
7 106
183 282
123 222
132 231
47 146
4 103
114 213
165 264
166 265
10 109
4 103
9 108
5 104
13 112
136 235
109 208
114 213
67 166
87 186
101 200
45 144
118 217
102 201
121 220
192 291
156 255
87 186
81 180
59 158
46 145
57 156
169 268
153 252
47 146
147 246
157 256
50 149
126 225
78 177
16 115
79 178
1 100
113 212
1 100
17 116
79 178
146 245
147 246
86 185
51 150
40 139
22 121
116 215
4 103
84 183
135 234
122 221
139 238
51 150
73 172
9 108
64 163
116 215
11 110
137 236
162 261
94 193
158 257
14 113
32 131
166 265
173 272
89 188
166 265
79 178
103 202
26 125
17 116
185 284
124 223
77 176
2 101
11 110
76 175
72 171
57 156
71 170
41 140
172 271
135 234
5 104
127 226
88 187
19 118
14 113
62 161
58 157
144 243
40 139
5 104
188 287
46 145
44 143
78 177
66 165
130 229
111 210
13 112
172 271
103 202
110 209
136 235
72 171
149 248
157 256
129 228
79 178
59 158
163 262
103 202
16 115
197 296
44 143
197 296
80 179
57 156
9 108
135 234
45 144
131 230
172 271
166 265
83 182
196 295
18 117
75 174
121 220
102 201
140 239
86 185
73 172
147 246
79 178
20 119
38 137
33 132
150 249
144 243
179 278
99 198
2 101
181 280
28 127
8 107
53 152
139 238
125 224
110 209
14 113
66 165
50 149
64 163
146 245
132 231
102 201
88 187
159 258
13 112
36 135
129 228
9 108
57 156
196 295
132 231
57 156
155 254
144 243
54 153
10 109
150 249
84 183
157 256
141 240
59 158
82 181
65 164
152 251
76 175
163 262
147 246
140 239
134 233
1 100
41 140
59 158
152 251
17 116
130 229
136 235
2 101
148 247
77 176
119 218
88 187
91 190
107 206
173 272
5 104
45 144
169 268
143 242
22 121
100 199
95 194
190 289
188 287
35 134
27 126
0 99
8 107
85 184
71 170
59 158
172 271
82 181
33 132
22 121
34 133
126 225
85 184
195 294
123 222
83 182
96 195
194 293
96 195
19 118
117 216
93 192
185 284
150 249
33 132
68 167
63 162
57 156
1 100
84 183
126 225
20 119
140 239
76 175
138 237
82 181
183 282
12 111
20 119
53 152
152 251
85 184
45 144
172 271
173 272
193 292
105 204
77 176
100 199
6 105
26 125
111 210
147 246
154 253
26 125
21 120
17 116
84 183
195 294
73 172
148 247
176 275
72 171
185 284
47 146
56 155
124 223
92 191
69 168
190 289
136 235
60 159
87 186
117 216
34 133
148 247
175 274
195 294
58 157
184 283
174 273
155 254
7 106
29 128
59 158
103 202
16 115
137 236
152 251
33 132
46 145
44 143
59 158
139 238
53 152
28 127
145 244
124 223
125 224
160 259
120 219
20 119
79 178
2 101
40 139
151 250
182 281
113 212
95 194
181 280
64 163
132 231
152 251
139 238
192 291
153 252
49 148
184 283
150 249
71 170
37 136
135 234
171 270
145 244
131 230
166 265
52 151
130 229
34 133
175 274
178 277
120 219
174 273
66 165
108 207
16 115
179 278
49 148
68 167
7 106
83 182
29 128
181 280
12 111
32 131
32 131
51 150
40 139
33 132
30 129
116 215
91 190
7 106
54 153
118 217
28 127
58 157
112 211
137 236
31 130
153 252
33 132
130 229
157 256
126 225
145 244
37 136
29 128
115 214
51 150
183 282
181 280
197 296
17 116
69 168
112 211
178 277
16 115
118 217
9 108
111 210
65 164
58 157
175 274
147 246
142 241
122 221
152 251
47 146
85 184
183 282
98 197
184 283
50 149
25 124
28 127
167 266
169 268
44 143
41 140
92 191
53 152
18 117
123 222
3 102
86 185
44 143
160 259
53 152
187 286
120 219
94 193
109 208
141 240
78 177
85 184
15 114
55 154
147 246
76 175
131 230
81 180
131 230
164 263
171 270
160 259
79 178
145 244
98 197
181 280
1 100
7 106
61 160
178 277
153 252
68 167
43 142
189 288
142 241
192 291
169 268
94 193
150 249
21 120
193 292
18 117
158 257
177 276
69 168
69 168
128 227
124 223
63 162
122 221
44 143
55 154
3 102
28 127
10 109
175 274
29 128
105 204
7 106
141 240
160 259
183 282
40 139
121 220
146 245
43 142
55 154
46 145
18 117
55 154
104 203
189 288
140 239
67 166
174 273
172 271
17 116
52 151
134 233
77 176
172 271
121 220
46 145
169 268
163 262
180 279
56 155
148 247
176 275
73 172
21 120
107 206
88 187
45 144
192 291
93 192
37 136
132 231
169 268
103 202
183 282
58 157
167 266
193 292
97 196
49 148
32 131
151 250
142 241
147 246
192 291
140 239
96 195
81 180
191 290
160 259
190 289
74 173
119 218
75 174
90 189
159 258
185 284
116 215
74 173
44 143
144 243
95 194
56 155
142 241
17 116
46 145
31 130
93 192
65 164
92 191
59 158
32 131
179 278
50 149
90 189
83 182
116 215
149 248
63 162
50 149
155 254
194 293
112 211
104 203
169 268
3 102
66 165
116 215
150 249
86 185
145 244
7 106
23 122
123 222
180 279
112 211
63 162
123 222
124 223
49 148
180 279
28 127
22 121
136 235
122 221
115 214
185 284
73 172
73 172
108 207
191 290
110 209
84 183
50 149
26 125
74 173
141 240
137 236
170 269
121 220
194 293
100 199
197 296
40 139
114 213
196 295
95 194
77 176
129 228
10 109
116 215
150 249
138 237
183 282
34 133
114 213
166 265
171 270
3 102
133 232
30 129
87 186
98 197
57 156
2 101
24 123
72 171
28 127
68 167
21 120
152 251
15 114
72 171
24 123
175 274
112 211
108 207
53 152
148 247
163 262
196 295
182 281
63 162
56 155
54 153
120 219
4 103
90 189
93 192
160 259
80 179
149 248
178 277
155 254
49 148
91 190
87 186
182 281
10 109
167 266
66 165
165 264
168 267
71 170
91 190
89 188
74 173
114 213
20 119
126 225
80 179
178 277
91 190
164 263
89 188
140 239
112 211
134 233
183 282
44 143
181 280
6 105
165 264
9 108
103 202
11 110
102 201
59 158
111 210
36 135
154 253
43 142
59 158
50 149
5 104
93 192
46 145
78 177
118 217
172 271
59 158
57 156
177 276
44 143
108 207
142 241
69 168
137 236
57 156
17 116
27 126
169 268
60 159
178 277
74 173
45 144
191 290
36 135
64 163
151 250
74 173
115 214
172 271
131 230
24 123
196 295
35 134
99 198
147 246
145 244
193 292
22 121
106 205
22 121
44 143
184 283
114 213
92 191
77 176
100 199
25 124
95 194
76 175
181 280
154 253
148 247
86 185
29 128
192 291
13 112
38 137
176 275
139 238
139 238
48 147
107 206
40 139
162 261
105 204
2 101
12 111
9 108
194 293
90 189
115 214
126 225
169 268
33 132
144 243
166 265
48 147
168 267
58 157
40 139
8 107
44 143
57 156
11 110
156 255
21 120
162 261
110 209
41 140
65 164
86 185
182 281
122 221
54 153
125 224
82 181
147 246
78 177
9 108
64 163
196 295
186 285
10 109
7 106
153 252
0 99
79 178
174 273
81 180
5 104
9 108
57 156
33 132
178 277
117 216
4 103
98 197
49 148
170 269
44 143
141 240
92 191
193 292
180 279
38 137
141 240
126 225
108 207
154 253
29 128
112 211
132 231
90 189
104 203
142 241
60 159
72 171
124 223
32 131
48 147
193 292
144 243
70 169
121 220
61 160
42 141
171 270
54 153
155 254
179 278
55 154
189 288
29 128
118 217
135 234
42 141
150 249
66 165
136 235
129 228
161 260
127 226
109 208
146 245
190 289
140 239
188 287
185 284
110 209
94 193
182 281
117 216
142 241
151 250
30 129
154 253
55 154
164 263
171 270
167 266
177 276
173 272
88 187
166 265
137 236
6 105
25 124
99 198
59 158
89 188
47 146
16 115
108 207
190 289
96 195
59 158
31 130
14 113
178 277
35 134
16 115
136 235
155 254
80 179
129 228
174 273
130 229
50 149
67 166
60 159
92 191
19 118
74 173
102 201
81 180
103 202
16 115
95 194
140 239
127 226
141 240
88 187
120 219
57 156
86 185
195 294
183 282
130 229
42 141
61 160
94 193
159 258
108 207
141 240
75 174
71 170
38 137
132 231
7 106
139 238
113 212
165 264
17 116
69 168
116 215
17 116
141 240
181 280
148 247
82 181
49 148
65 164
105 204
156 255
175 274
192 291
169 268
40 139
66 165
61 160
100 199
19 118
165 264
168 267
77 176
12 111
73 172
34 133
85 184
38 137
80 179
195 294
24 123
111 210
113 212
148 247
46 145
32 131
106 205
42 141
5 104
119 218
101 200
40 139
107 206
77 176
5 104
81 180
8 107
186 285
123 222
97 196
80 179
183 282
100 199
6 105
112 211
97 196
93 192
26 125
39 138
29 128
136 235
42 141
174 273
48 147
169 268
165 264
97 196
117 216
48 147
30 129
14 113
13 112
84 183
47 146
10 109
29 128
114 213
174 273
164 263
91 190
3 102
24 123
18 117
137 236
22 121
116 215
78 177
171 270
143 242
15 114
50 149
55 154
171 270
6 105
37 136
70 169
133 232
39 138
38 137
109 208
95 194
33 132
130 229
120 219
54 153
144 243
34 133
36 135
159 258
173 272
116 215
72 171
175 274
142 241
190 289
51 150
109 208
119 218
114 213
42 141
171 270
114 213
57 156
104 203
192 291
42 141
85 184
173 272
20 119
89 188
189 288
54 153
148 247
14 113
111 210
130 229
133 232
189 288
72 171
103 202
136 235
39 138
77 176
126 225
178 277
155 254
153 252
110 209
6 105
156 255
127 226
28 127
73 172
119 218
140 239
37 136
54 153
22 121
162 261
68 167
151 250
13 112
121 220
78 177
31 130
76 175
23 122
122 221
42 141
40 139
30 129
111 210
117 216
37 136
194 293
59 158
181 280
57 156
27 126
193 292
69 168
116 215
185 284
148 247
171 270
185 284
175 274
54 153
147 246
65 164
147 246
189 288
99 198
122 221
78 177
13 112
34 133
104 203
33 132
41 140
193 292
189 288
52 151
142 241
131 230
128 227
73 172
145 244
38 137
194 293
59 158
140 239
169 268
191 290
15 114
169 268
138 237
145 244
37 136
63 162
31 130
126 225
166 265
57 156
163 262
88 187
128 227
186 285
145 244
87 186
2 101
165 264
138 237
39 138
175 274
160 259
43 142
110 209
131 230
26 125
126 225
25 124
34 133
130 229
113 212
106 205
52 151
124 223
174 273
77 176
145 244
57 156
177 276
69 168
0 99
117 216
31 130
22 121
110 209
51 150
53 152
153 252
140 239
65 164
133 232
75 174
70 169
164 263
26 125
15 114
64 163
76 175
5 104
135 234
155 254
130 229
2 101
74 173
14 113
177 276
52 151
30 129
33 132
194 293
119 218
34 133
147 246
55 154
61 160
64 163
1 100
13 112
161 260
189 288
133 232
195 294
84 183
141 240
183 282
101 200
161 260
101 200
82 181
79 178
32 131
64 163
96 195
169 268
138 237
52 151
164 263
161 260
31 130
184 283
0 99
26 125
110 209
61 160
132 231
82 181
5 104
143 242
186 285
93 192
150 249
15 114
129 228
176 275
56 155
161 260
69 168
177 276
153 252
18 117
58 157
140 239
19 118
168 267
4 103
13 112
4 103
161 260
96 195
10 109
146 245
22 121
153 252
40 139
73 172
111 210
9 108
91 190
138 237
59 158
176 275
1 100
129 228
184 283
140 239
197 296
130 229
115 214
194 293
170 269
12 111
156 255
56 155
176 275
76 175
39 138
128 227
131 230
138 237
103 202
125 224
131 230
106 205
116 215
196 295
2 101
187 286
61 160
41 140
156 255
42 141
80 179
0 99
24 123
131 230
15 114
32 131
185 284
99 198
13 112
189 288
179 278
71 170
97 196
158 257
151 250
74 173
85 184
19 118
106 205
176 275
133 232
118 217
140 239
23 122
20 119
89 188
126 225
81 180
121 220
165 264
92 191
160 259
138 237
135 234
98 197
85 184
172 271
192 291
184 283
146 245
67 166
142 241
61 160
71 170
41 140
26 125
99 198
101 200
30 129
20 119
164 263
11 110
9 108
176 275
58 157
30 129
136 235
4 103
53 152
106 205
140 239
151 250
58 157
59 158
4 103
155 254
83 182
130 229
15 114
173 272
73 172
170 269
173 272
108 207
69 168
188 287
177 276
170 269
13 112
150 249
22 121
53 152
100 199
195 294
15 114
172 271
117 216
187 286
171 270
34 133
95 194
196 295
102 201
155 254
186 285
130 229
139 238
173 272
92 191
62 161
54 153
53 152
27 126
60 159
142 241
69 168
122 221
31 130
30 129
103 202
74 173
147 246
153 252
174 273
6 105
181 280
71 170
100 199
182 281
184 283
196 295
180 279
82 181
103 202
19 118
106 205
139 238
86 185
99 198
160 259
111 210
162 261
175 274
84 183
135 234
106 205
68 167
11 110
38 137
56 155
127 226
162 261
66 165
107 206
95 194
53 152
102 201
92 191
78 177
7 106
79 178
189 288
87 186
68 167
135 234
197 296
3 102
161 260
195 294
100 199
13 112
93 192
16 115
57 156
22 121
57 156
104 203
61 160
185 284
160 259
67 166
116 215
43 142
65 164
125 224
76 175
27 126
71 170
48 147
70 169
194 293
133 232
131 230
26 125
112 211
117 216
124 223
106 205
162 261
109 208
147 246
52 151
158 257
114 213
40 139
142 241
106 205
33 132
80 179
77 176
183 282
91 190
100 199
35 134
132 231
191 290
124 223
90 189
10 109
172 271
94 193
32 131
178 277
92 191
46 145
123 222
164 263
49 148
164 263
66 165
111 210
123 222
49 148
99 198
48 147
169 268
139 238
113 212
103 202
23 122
73 172
103 202
170 269
46 145
23 122
68 167
2 101
24 123
11 110
8 107
51 150
81 180
193 292
87 186
113 212
61 160
88 187
43 142
55 154
14 113
88 187
114 213
168 267
50 149
6 105
143 242
189 288
197 296
118 217
140 239
98 197
114 213
105 204
70 169
85 184
31 130
94 193
49 148
195 294
82 181
39 138
78 177
154 253
150 249
71 170
45 144
114 213
60 159
21 120
88 187
45 144
56 155
185 284
105 204
145 244
11 110
75 174
5 104
114 213
178 277
181 280
132 231
122 221
81 180
3 102
111 210
78 177
114 213
78 177
16 115
182 281
187 286
86 185
141 240
143 242
80 179
104 203
60 159
182 281
146 245
182 281
60 159
170 269
45 144
137 236
47 146
174 273
37 136
88 187
173 272
43 142
136 235
178 277
119 218
114 213
150 249
42 141
91 190
171 270
82 181
74 173
152 251
36 135
177 276
39 138
112 211
119 218
124 223
128 227
141 240
33 132
51 150
85 184
52 151
167 266
29 128
90 189
44 143
10 109
71 170
60 159
104 203
81 180
142 241
37 136
140 239
145 244
95 194
185 284
156 255
153 252
168 267
148 247
153 252
189 288
58 157
61 160
33 132
173 272
92 191
116 215
86 185
3 102
149 248
99 198
49 148
54 153
159 258
135 234
44 143
152 251
87 186
72 171
113 212
189 288
180 279
101 200
132 231
195 294
142 241
25 124
75 174
150 249
78 177
66 165
8 107
100 199
140 239
176 275
0 99
172 271
125 224
46 145
158 257
83 182
37 136
67 166
7 106
16 115
51 150
85 184
130 229
59 158
16 115
111 210
89 188
96 195
46 145
61 160
122 221
192 291
148 247
43 142
35 134
124 223
17 116
153 252
92 191
71 170
182 281
27 126
111 210
73 172
110 209
43 142
35 134
36 135
158 257
6 105
183 282
77 176
25 124
82 181
153 252
157 256
63 162
20 119
34 133
36 135
182 281
1 100
70 169
115 214
67 166
149 248
45 144
190 289
79 178
36 135
23 122
88 187
47 146
115 214
48 147
127 226
80 179
6 105
141 240
82 181
90 189
131 230
16 115
52 151
128 227
193 292
117 216
171 270
23 122
18 117
13 112
32 131
69 168
109 208
128 227
76 175
145 244
91 190
160 259
125 224
71 170
183 282
107 206
0 99
37 136
192 291
141 240
6 105
20 119
24 123
16 115
180 279
55 154
30 129
40 139
39 138
181 280
22 121
44 143
135 234
97 196
73 172
77 176
160 259
61 160
4 103
68 167
186 285
60 159
66 165
109 208
184 283
131 230
39 138
0 99
111 210
62 161
153 252
2 101
107 206
41 140
20 119
168 267
5 104
164 263
31 130
79 178
86 185
7 106
66 165
157 256
197 296
120 219
147 246
31 130
129 228
148 247
75 174
160 259
171 270
68 167
189 288
196 295
74 173
69 168
101 200
166 265
89 188
23 122
139 238
31 130
171 270
26 125
22 121
186 285
65 164
70 169
143 242
98 197
125 224
99 198
91 190
52 151
113 212
36 135
88 187
132 231
146 245
13 112
141 240
9 108
41 140
88 187
89 188
20 119
40 139
3 102
106 205
192 291
170 269
16 115
19 118
155 254
110 209
135 234
1 100
194 293
143 242
104 203
56 155
188 287
184 283
45 144
30 129
126 225
8 107
36 135
160 259
65 164
162 261
185 284
62 161
92 191
3 102
82 181
117 216
157 256
185 284
159 258
10 109
168 267
111 210
23 122
15 114
86 185
41 140
115 214
32 131
86 185
138 237
183 282
108 207
93 192
128 227
48 147
83 182
149 248
51 150
43 142
69 168
187 286
173 272
38 137
97 196
114 213
24 123
60 159
67 166
51 150
155 254
71 170
107 206
50 149
22 121
61 160
107 206
111 210
38 137
65 164
43 142
121 220
108 207
110 209
181 280
141 240
13 112
133 232
171 270
174 273
91 190
25 124
145 244
147 246
13 112
168 267
197 296
138 237
6 105
184 283
30 129
137 236
161 260
80 179
171 270
55 154
78 177
108 207
12 111
103 202
47 146
101 200
61 160
23 122
132 231
26 125
159 258
178 277
158 257
97 196
132 231
157 256
108 207
83 182
5 104
148 247
144 243
194 293
32 131
67 166
27 126
94 193
116 215
174 273
1 100
149 248
163 262
140 239
24 123
55 154
168 267
51 150
8 107
179 278
176 275
170 269
189 288
153 252
49 148
79 178
0 99
19 118
31 130
137 236
174 273
177 276
97 196
160 259
30 129
185 284
126 225
124 223
85 184
170 269
118 217
15 114
28 127
103 202
58 157
156 255
131 230
155 254
123 222
8 107
46 145
162 261
157 256
100 199
109 208
76 175
14 113
90 189
41 140
102 201
146 245
32 131
150 249
90 189
21 120
181 280
173 272
57 156
129 228
176 275
48 147
186 285
83 182
143 242
56 155
111 210
60 159
153 252
105 204
170 269
14 113
32 131
96 195
91 190
178 277
196 295
186 285
34 133
182 281
97 196
9 108
128 227
110 209
4 103
5 104
36 135
178 277
48 147
42 141
98 197
186 285
99 198
56 155
89 188
138 237
84 183
58 157
185 284
85 184
53 152
5 104
61 160
50 149
162 261
137 236
114 213
50 149
18 117
71 170
49 148
188 287
138 237
78 177
186 285
110 209
49 148
9 108
74 173
194 293
192 291
94 193
38 137
44 143
57 156
8 107
153 252
53 152
123 222
120 219
123 222
76 175
125 224
80 179
177 276
52 151
182 281
67 166
23 122
20 119
59 158
5 104
171 270
98 197
102 201
109 208
84 183
151 250
193 292
159 258
93 192
102 201
57 156
148 247
191 290
134 233
80 179
38 137
22 121
180 279
160 259
30 129
36 135
116 215
168 267
30 129
96 195
27 126
150 249
0 99
185 284
172 271
85 184
4 103
73 172
126 225
49 148
167 266
81 180
148 247
74 173
86 185
12 111
19 118
102 201
25 124
34 133
194 293
109 208
177 276
190 289
57 156
76 175
31 130
119 218
181 280
1 100
120 219
19 118
179 278
147 246
12 111
93 192
141 240
23 122
97 196
18 117
37 136
189 288
108 207
53 152
152 251
166 265
113 212
77 176
197 296
56 155
143 242
78 177
125 224
75 174
119 218
98 197
159 258
173 272
78 177
18 117
60 159
192 291
14 113
45 144
102 201
178 277
105 204
4 103
145 244
9 108
90 189
18 117
100 199
104 203
177 276
144 243
132 231
95 194
68 167
62 161
168 267
86 185
19 118
132 231
81 180
118 217
104 203
77 176
76 175
131 230
22 121
172 271
107 206
123 222
42 141
74 173
48 147
141 240
51 150
119 218
24 123
149 248
61 160
81 180
174 273
103 202
63 162
161 260
114 213
36 135
151 250
197 296
125 224
169 268
179 278
127 226
102 201
60 159
148 247
4 103
105 204
158 257
31 130
30 129
195 294
91 190
197 296
116 215
153 252
189 288
26 125
77 176
178 277
100 199
96 195
177 276
164 263
195 294
141 240
87 186
61 160
76 175
37 136
132 231
5 104
74 173
105 204
82 181
45 144
40 139
174 273
62 161
164 263
84 183
111 210
170 269
160 259
11 110
173 272
70 169
116 215
178 277
8 107
77 176
59 158
108 207
82 181
124 223
8 107
25 124
178 277
196 295
172 271
57 156
41 140
115 214
50 149
61 160
83 182
58 157
3 102
93 192
24 123
68 167
56 155
150 249
9 108
20 119
173 272
135 234
176 275
40 139
117 216
100 199
141 240
39 138
136 235
167 266
38 137
171 270
23 122
97 196
134 233
186 285
174 273
7 106
16 115
190 289
181 280
115 214
100 199
66 165
86 185
92 191
73 172
28 127
85 184
32 131
99 198
45 144
61 160
70 169
174 273
155 254
27 126
113 212
133 232
178 277
69 168
109 208
84 183
174 273
94 193
121 220
80 179
52 151
3 102
172 271
126 225
169 268
131 230
117 216
50 149
15 114
56 155
112 211
3 102
111 210
145 244
62 161
133 232
123 222
15 114
178 277
122 221
159 258
129 228
14 113
33 132
70 169
58 157
67 166
189 288
119 218
161 260
69 168
140 239
94 193
142 241
156 255
82 181
169 268
114 213
138 237
84 183
46 145
111 210
76 175
96 195
44 143
171 270
23 122
29 128
11 110
25 124
151 250
95 194
174 273
33 132
115 214
148 247
133 232
80 179
136 235
43 142
185 284
5 104
62 161
166 265
165 264
57 156
18 117
146 245
37 136
137 236
142 241
10 109
24 123
81 180
32 131
165 264
62 161
100 199
162 261
92 191
33 132
136 235
1 100
20 119
30 129
50 149
60 159
87 186
85 184
2 101
97 196
43 142
79 178
147 246
43 142
92 191
157 256
77 176
96 195
188 287
35 134
62 161
102 201
123 222
116 215
163 262
24 123
24 123
86 185
46 145
13 112
13 112
12 111
121 220
121 220
162 261
135 234
80 179
4 103
95 194
196 295
63 162
156 255
33 132
197 296
27 126
32 131
118 217
22 121
50 149
40 139
52 151
96 195
66 165
169 268
19 118
99 198
43 142
46 145
70 169
6 105
30 129
36 135
169 268
182 281
195 294
115 214
81 180
165 264
128 227
193 292
144 243
46 145
118 217
191 290
24 123
153 252
42 141
160 259
148 247
156 255
169 268
62 161
4 103
113 212
138 237
88 187
168 267
114 213
105 204
70 169
94 193
7 106
163 262
156 255
181 280
46 145
62 161
135 234
149 248
35 134
179 278
82 181
136 235
125 224
55 154
11 110
109 208
80 179
151 250
194 293
61 160
30 129
68 167
38 137
190 289
20 119
169 268
41 140
98 197
27 126
98 197
60 159
43 142
181 280
142 241
55 154
8 107
42 141
59 158
137 236
105 204
35 134
119 218
161 260
89 188
174 273
34 133
24 123
148 247
76 175
66 165
29 128
155 254
115 214
177 276
34 133
118 217
139 238
179 278
42 141
168 267
108 207
9 108
1 100
116 215
74 173
78 177
106 205
144 243
163 262
41 140
148 247
37 136
11 110
102 201
68 167
22 121
19 118
103 202
174 273
61 160
105 204
50 149
157 256
125 224
135 234
59 158
92 191
42 141
37 136
79 178
132 231
29 128
145 244
170 269
10 109
5 104
176 275
132 231
170 269
158 257
93 192
46 145
62 161
145 244
74 173
114 213
183 282
3 102
155 254
170 269
57 156
52 151
163 262
124 223
156 255
113 212
22 121
158 257
83 182
21 120
147 246
86 185
120 219
89 188
103 202
185 284
71 170
102 201
48 147
62 161
160 259
36 135
3 102
91 190
162 261
190 289
133 232
94 193
106 205
7 106
123 222
51 150
132 231
67 166
28 127
116 215
114 213
4 103
121 220
109 208
6 105
92 191
7 106
189 288
32 131
191 290
54 153
38 137
97 196
110 209
111 210
80 179
25 124
91 190
142 241
102 201
45 144
157 256
119 218
185 284
115 214
9 108
146 245
44 143
154 253
0 99
59 158
110 209
194 293
26 125
179 278
11 110
10 109
124 223
109 208
124 223
6 105
141 240
112 211
0 99
59 158
86 185
41 140
124 223
179 278
18 117
190 289
70 169
55 154
114 213
91 190
0 99
30 129
108 207
56 155
3 102
188 287
197 296
23 122
177 276
174 273
38 137
79 178
169 268
29 128
7 106
117 216
65 164
30 129
68 167
92 191
83 182
90 189
156 255
130 229
39 138
185 284
101 200
161 260
3 102
37 136
89 188
60 159
151 250
50 149
32 131
194 293
47 146
132 231
35 134
6 105
168 267
170 269
180 279
12 111
1 100
161 260
45 144
21 120
158 257
149 248
37 136
166 265
167 266
104 203
116 215
181 280
124 223
140 239
177 276
184 283
84 183
110 209
6 105
177 276
105 204
181 280
168 267
170 269
181 280
41 140
131 230
151 250
124 223
182 281
2 101
34 133
35 134
150 249
81 180
90 189
105 204
79 178
67 166
87 186
122 221
38 137
71 170
112 211
52 151
54 153
175 274
160 259
5 104
54 153
23 122
152 251
40 139
92 191
136 235
107 206
20 119
145 244
110 209
180 279
54 153
170 269
126 225
139 238
30 129
61 160
35 134
152 251
160 259
20 119
146 245
195 294
117 216
35 134
0 99
115 214
58 157
102 201
160 259
63 162
152 251
13 112
167 266
49 148
58 157
71 170
97 196
143 242
167 266
170 269
72 171
97 196
174 273
154 253
120 219
8 107
41 140
183 282
51 150
185 284
150 249
28 127
196 295
121 220
44 143
107 206
163 262
197 296
150 249
65 164
172 271
149 248
157 256
144 243
171 270
44 143
104 203
35 134
190 289
25 124
87 186
23 122
169 268
24 123
74 173
157 256
112 211
181 280
158 257
53 152
30 129
195 294
173 272
20 119
114 213
190 289
173 272
189 288
106 205
120 219
150 249
22 121
99 198
119 218
138 237
107 206
184 283
1 100
180 279
152 251
150 249
197 296
73 172
7 106
99 198
73 172
51 150
25 124
106 205
112 211
83 182
59 158
11 110
170 269
45 144
102 201
119 218
132 231
124 223
58 157
83 182
133 232
164 263
116 215
132 231
187 286
56 155
3 102
65 164
102 201
190 289
0 99
23 122
55 154
113 212
10 109
99 198
53 152
50 149
123 222
133 232
3 102
58 157
7 106
147 246
127 226
10 109
116 215
151 250
28 127
97 196
175 274
44 143
128 227
184 283
35 134
99 198
2 101
6 105
75 174
168 267
68 167
127 226
15 114
120 219
82 181
167 266
126 225
126 225
43 142
123 222
5 104
23 122
23 122
165 264
8 107
13 112
11 110
10 109
27 126
5 104
164 263
132 231
157 256
193 292
121 220
63 162
43 142
7 106
86 185
27 126
70 169
186 285
14 113
46 145
146 245
80 179
15 114
195 294
40 139
160 259
115 214
101 200
163 262
36 135
153 252
6 105
112 211
146 245
133 232
54 153
101 200
136 235
188 287
14 113
167 266
149 248
119 218
15 114
78 177
51 150
162 261
88 187
64 163
117 216
148 247
131 230
130 229
81 180
3 102
124 223
129 228
85 184
85 184
105 204
138 237
19 118
146 245
101 200
25 124
58 157
135 234
164 263
142 241
155 254
178 277
113 212
90 189
65 164
71 170
170 269
113 212
129 228
81 180
19 118
107 206
141 240
182 281
16 115
166 265
188 287
151 250
48 147
32 131
183 282
177 276
126 225
74 173
161 260
192 291
99 198
54 153
173 272
27 126
109 208
195 294
184 283
46 145
59 158
93 192
155 254
75 174
130 229
90 189
173 272
167 266
81 180
7 106
103 202
108 207
73 172
197 296
75 174
31 130
163 262
35 134
155 254
49 148
189 288
74 173
81 180
63 162
147 246
107 206
40 139
84 183
87 186
71 170
66 165
3 102
103 202
13 112
38 137
79 178
22 121
97 196
166 265
105 204
71 170
126 225
186 285
73 172
83 182
25 124
15 114
170 269
112 211
26 125
164 263
37 136
155 254
59 158
188 287
75 174
18 117
63 162
173 272
138 237
8 107
184 283
31 130
102 201
66 165
75 174
52 151
84 183
76 175
197 296
95 194
35 134
77 176
180 279
33 132
80 179
96 195
27 126
131 230
12 111
62 161
63 162
176 275
151 250
109 208
151 250
176 275
37 136
85 184
23 122
180 279
12 111
53 152
29 128
188 287
52 151
146 245
184 283
101 200
66 165
88 187
5 104
99 198
165 264
168 267
168 267
119 218
183 282
184 283
93 192
54 153
195 294
80 179
89 188
114 213
37 136
74 173
136 235
118 217
77 176
101 200
65 164
24 123
20 119
35 134
122 221
61 160
9 108
138 237
75 174
150 249
37 136
121 220
4 103
81 180
181 280
120 219
84 183
76 175
186 285
28 127
64 163
85 184
102 201
58 157
149 248
29 128
2 101
136 235
92 191
5 104
13 112
71 170
173 272
15 114
12 111
154 253
125 224
158 257
184 283
126 225
141 240
80 179
150 249
64 163
152 251
1 100
166 265
148 247
104 203
137 236
155 254
51 150
156 255
101 200
182 281
164 263
173 272
66 165
27 126
151 250
5 104
184 283
109 208
107 206
173 272
138 237
26 125
64 163
0 99
126 225
128 227
94 193
111 210
3 102
26 125
164 263
91 190
134 233
109 208
22 121
45 144
195 294
156 255
120 219
86 185
56 155
190 289
80 179
100 199
185 284
43 142
63 162
171 270
12 111
124 223
160 259
112 211
175 274
39 138
65 164
142 241
50 149
196 295
65 164
2 101
54 153
20 119
163 262
110 209
36 135
66 165
134 233
38 137
128 227
118 217
142 241
135 234
35 134
139 238
61 160
177 276
156 255
160 259
96 195
136 235
79 178
32 131
131 230
193 292
65 164
168 267
169 268
116 215
97 196
63 162
73 172
45 144
33 132
127 226
58 157
149 248
124 223
165 264
26 125
69 168
138 237
139 238
66 165
53 152
29 128
109 208
11 110
189 288
52 151
62 161
169 268
55 154
88 187
74 173
52 151
39 138
141 240
119 218
174 273
17 116
127 226
109 208
89 188
1 100
81 180
131 230
95 194
98 197
116 215
39 138
126 225
128 227
98 197
57 156
11 110
107 206
132 231
46 145
180 279
192 291
119 218
147 246
124 223
176 275
187 286
63 162
30 129
132 231
80 179
96 195
59 158
124 223
22 121
69 168
52 151
88 187
197 296
39 138
165 264
63 162
162 261
78 177
70 169
11 110
165 264
20 119
165 264
78 177
23 122
75 174
155 254
189 288
43 142
81 180
89 188
112 211
69 168
35 134
183 282
163 262
45 144
104 203
164 263
82 181
192 291
60 159
146 245
15 114
67 166
74 173
161 260
65 164
118 217
42 141
83 182
85 184
137 236
71 170
45 144
62 161
173 272
119 218
73 172
140 239
87 186
117 216
97 196
49 148
192 291
29 128
177 276
146 245
54 153
16 115
95 194
150 249
69 168
104 203
117 216
105 204
137 236
172 271
74 173
84 183
26 125
187 286
114 213
64 163
90 189
49 148
33 132
45 144
74 173
12 111
79 178
137 236
124 223
116 215
31 130
94 193
64 163
153 252
44 143
45 144
195 294
61 160
146 245
98 197
136 235
72 171
30 129
125 224
104 203
46 145
156 255
111 210
184 283
188 287
171 270
148 247
160 259
88 187
49 148
39 138
101 200
99 198
88 187
157 256
157 256
72 171
63 162
37 136
24 123
177 276
78 177
93 192
161 260
120 219
111 210
97 196
65 164
151 250
74 173
87 186
16 115
117 216
89 188
140 239
36 135
32 131
142 241
158 257
123 222
20 119
10 109
103 202
192 291
32 131
60 159
20 119
161 260
65 164
76 175
178 277
44 143
68 167
56 155
89 188
101 200
188 287
91 190
57 156
12 111
149 248
53 152
87 186
88 187
14 113
64 163
107 206
161 260
84 183
126 225
12 111
128 227
47 146
190 289
61 160
130 229
131 230
26 125
48 147
175 274
151 250
174 273
15 114
15 114
156 255
189 288
172 271
176 275
100 199
194 293
152 251
14 113
197 296
50 149
11 110
152 251
142 241
161 260
88 187
159 258
140 239
91 190
194 293
157 256
52 151
160 259
39 138
148 247
8 107
155 254
192 291
146 245
64 163
104 203
175 274
84 183
137 236
197 296
169 268
23 122
193 292
106 205
73 172
179 278
196 295
160 259
40 139
3 102
192 291
197 296
35 134
6 105
169 268
189 288
124 223
78 177
183 282
167 266
97 196
86 185
57 156
190 289
192 291
50 149
186 285
5 104
131 230
162 261
190 289
56 155
15 114
144 243
92 191
65 164
18 117
153 252
25 124
61 160
73 172
125 224
60 159
0 99
188 287
188 287
78 177
141 240
105 204
192 291
106 205
105 204
132 231
13 112
152 251
10 109
14 113
88 187
137 236
21 120
132 231
117 216
25 124
44 143
125 224
56 155
80 179
95 194
94 193
137 236
112 211
29 128
20 119
180 279
7 106
100 199
65 164
129 228
58 157
159 258
34 133
197 296
37 136
20 119
146 245
161 260
67 166
103 202
97 196
186 285
177 276
54 153
38 137
191 290
160 259
84 183
165 264
176 275
163 262
94 193
2 101
25 124
174 273
170 269
97 196
123 222
171 270
58 157
95 194
39 138
86 185
90 189
145 244
133 232
13 112
157 256
14 113
175 274
57 156
182 281
90 189
59 158
90 189
169 268
164 263
147 246
190 289
149 248
83 182
90 189
59 158
193 292
68 167
60 159
91 190
30 129
169 268
186 285
103 202
50 149
172 271
143 242
119 218
40 139
123 222
33 132
185 284
140 239
119 218
75 174
123 222
187 286
176 275
94 193
48 147
62 161
173 272
84 183
80 179
91 190
41 140
31 130
95 194
180 279
3 102
186 285
177 276
184 283
44 143
170 269
41 140
76 175
0 99
160 259
128 227
192 291
29 128
117 216
55 154
10 109
150 249
30 129
68 167
189 288
142 241
188 287
119 218
62 161
128 227
125 224
25 124
148 247
2 101
46 145
57 156
105 204
79 178
55 154
156 255
127 226
57 156
72 171
160 259
143 242
190 289
13 112
75 174
157 256
168 267
132 231
94 193
64 163
26 125
181 280
37 136
93 192
164 263
118 217
99 198
48 147
121 220
116 215
146 245
146 245
102 201
173 272
153 252
117 216
26 125
186 285
38 137
33 132
27 126
156 255
162 261
10 109
196 295
98 197
84 183
28 127
59 158
129 228
7 106
32 131
101 200
48 147
179 278
164 263
147 246
35 134
91 190
103 202
188 287
183 282
102 201
45 144
69 168
139 238
101 200
148 247
5 104
116 215
146 245
128 227
147 246
134 233
191 290
94 193
59 158
84 183
155 254
181 280
55 154
57 156
133 232
183 282
60 159
120 219
104 203
95 194
124 223
123 222
186 285
115 214
144 243
106 205
150 249
65 164
35 134
17 116
77 176
110 209
163 262
26 125
14 113
61 160
92 191
107 206
116 215
111 210
157 256
135 234
103 202
133 232
25 124
152 251
76 175
86 185
80 179
63 162
25 124
28 127
141 240
97 196
33 132
141 240
194 293
26 125
190 289
177 276
68 167
158 257
83 182
146 245
92 191
193 292
9 108
71 170
22 121
116 215
156 255
171 270
62 161
187 286
61 160
61 160
13 112
32 131
7 106
108 207
40 139
104 203
100 199
33 132
100 199
186 285
172 271
58 157
135 234
67 166
181 280
166 265
1 100
123 222
81 180
145 244
65 164
118 217
163 262
43 142
153 252
103 202
123 222
171 270
184 283
72 171
115 214
105 204
23 122
147 246
171 270
20;156504
66 165
65 164
134 233
161 260
5 104
106 205
29 128
123 222
113 212
58 157
21 120
20 119
22 121
116 215
4 103
188 287
109 208
132 231
174 273
36 135
94 193
119 218
70 169
139 238
71 170
25 124
92 191
79 178
94 193
144 243
19 118
70 169
163 262
89 188
67 166
120 219
72 171
150 249
78 177
111 210
65 164
164 263
109 208
142 241
15 114
141 240
176 275
80 179
32 131
73 172
153 252
7 106
151 250
51 150
123 222
172 271
68 167
41 140
1 100
33 132
17 116
169 268
61 160
137 236
79 178
54 153
195 294
67 166
107 206
164 263
81 180
112 211
170 269
107 206
151 250
81 180
105 204
166 265
63 162
166 265
27 126
167 266
95 194
54 153
132 231
87 186
125 224
94 193
109 208
111 210
54 153
115 214
125 224
101 200
76 175
182 281
31 130
10 109
103 202
36 135
171 270
33 132
148 247
166 265
196 295
44 143
105 204
83 182
94 193
168 267
140 239
73 172
131 230
111 210
143 242
99 198
102 201
189 288
120 219
30 129
183 282
86 185
55 154
12 111
36 135
76 175
164 263
74 173
192 291
46 145
131 230
175 274
54 153
150 249
7 106
8 107
79 178
92 191
77 176
39 138
137 236
136 235
75 174
136 235
169 268
145 244
155 254
75 174
65 164
6 105
192 291
103 202
71 170
77 176
28 127
73 172
163 262
25 124
155 254
13 112
160 259
15 114
90 189
94 193
147 246
166 265
119 218
156 255
30 129
19 118
81 180
156 255
175 274
159 258
77 176
119 218
116 215
33 132
161 260
174 273
131 230
36 135
27 126
67 166
193 292
180 279
98 197
194 293
15 114
30 129
158 257
119 218
135 234
157 256
11 110
129 228
121 220
48 147
197 296
134 233
155 254
120 219
107 206
79 178
104 203
175 274
146 245
164 263
178 277
136 235
98 197
77 176
35 134
43 142
24 123
66 165
28 127
92 191
79 178
171 270
81 180
155 254
64 163
148 247
161 260
74 173
9 108
46 145
77 176
46 145
130 229
77 176
22 121
119 218
15 114
61 160
21 120
170 269
31 130
45 144
119 218
19 118
65 164
23 122
175 274
52 151
125 224
143 242
20 119
10 109
35 134
88 187
154 253
153 252
136 235
56 155
189 288
157 256
51 150
126 225
189 288
122 221
82 181
109 208
112 211
7 106
84 183
73 172
142 241
194 293
146 245
21 120
189 288
191 290
29 128
18 117
148 247
80 179
104 203
8 107
79 178
142 241
1 100
42 141
156 255
70 169
115 214
74 173
169 268
74 173
131 230
49 148
80 179
148 247
27 126
142 241
59 158
6 105
30 129
53 152
192 291
171 270
190 289
85 184
79 178
7 106
78 177
36 135
86 185
47 146
149 248
107 206
147 246
120 219
103 202
178 277
129 228
143 242
75 174
96 195
119 218
115 214
119 218
98 197
121 220
121 220
81 180
134 233
155 254
67 166
78 177
95 194
180 279
11 110
149 248
153 252
147 246
138 237
163 262
32 131
66 165
80 179
178 277
151 250
162 261
22 121
3 102
16 115
183 282
16 115
35 134
37 136
180 279
17 116
47 146
53 152
185 284
75 174
196 295
133 232
86 185
164 263
152 251
103 202
66 165
172 271
184 283
65 164
3 102
150 249
22 121
185 284
157 256
127 226
12 111
57 156
81 180
144 243
182 281
115 214
45 144
179 278
177 276
151 250
193 292
29 128
197 296
178 277
95 194
1 100
176 275
100 199
23 122
83 182
105 204
58 157
144 243
144 243
111 210
62 161
79 178
46 145
196 295
175 274
53 152
138 237
163 262
70 169
151 250
80 179
153 252
166 265
49 148
32 131
81 180
179 278
88 187
150 249
85 184
5 104
102 201
72 171
80 179
174 273
126 225
144 243
178 277
11 110
119 218
3 102
98 197
114 213
160 259
80 179
120 219
133 232
162 261
196 295
67 166
122 221
27 126
188 287
195 294
22 121
121 220
44 143
45 144
49 148
131 230
138 237
167 266
109 208
126 225
196 295
136 235
131 230
124 223
156 255
12 111
29 128
150 249
154 253
95 194
136 235
140 239
152 251
58 157
45 144
99 198
39 138
110 209
20 119
158 257
148 247
158 257
196 295
89 188
24 123
134 233
88 187
124 223
183 282
174 273
9 108
96 195
132 231
60 159
24 123
118 217
183 282
30 129
184 283
175 274
99 198
182 281
51 150
8 107
106 205
20 119
142 241
48 147
156 255
107 206
116 215
51 150
54 153
116 215
106 205
10 109
181 280
98 197
112 211
149 248
139 238
72 171
77 176
156 255
70 169
111 210
156 255
17 116
163 262
85 184
115 214
81 180
126 225
46 145
126 225
49 148
17 116
133 232
122 221
86 185
161 260
134 233
55 154
62 161
169 268
64 163
194 293
23 122
65 164
177 276
93 192
26 125
101 200
30 129
170 269
116 215
54 153
35 134
38 137
54 153
26 125
4 103
12 111
87 186
63 162
34 133
112 211
132 231
89 188
11 110
11 110
10 109
184 283
14 113
8 107
23 122
114 213
9 108
175 274
150 249
12 111
70 169
130 229
169 268
5 104
187 286
165 264
194 293
89 188
121 220
2 101
150 249
82 181
183 282
190 289
168 267
153 252
120 219
87 186
43 142
60 159
127 226
36 135
98 197
178 277
37 136
186 285
179 278
185 284
173 272
197 296
82 181
54 153
37 136
80 179
109 208
42 141
36 135
8 107
156 255
125 224
79 178
110 209
11 110
115 214
36 135
157 256
99 198
90 189
30 129
136 235
3 102
32 131
104 203
69 168
34 133
116 215
176 275
102 201
29 128
109 208
56 155
175 274
76 175
47 146
163 262
178 277
141 240
138 237
82 181
13 112
29 128
161 260
107 206
141 240
125 224
92 191
139 238
147 246
178 277
169 268
4 103
109 208
32 131
116 215
66 165
147 246
9 108
23 122
185 284
178 277
89 188
14 113
105 204
49 148
51 150
2 101
134 233
81 180
101 200
118 217
157 256
6 105
111 210
176 275
91 190
135 234
128 227
38 137
14 113
76 175
51 150
59 158
169 268
83 182
59 158
103 202
78 177
2 101
194 293
159 258
33 132
33 132
1 100
2 101
133 232
8 107
191 290
170 269
7 106
80 179
78 177
177 276
68 167
163 262
72 171
114 213
33 132
195 294
192 291
159 258
102 201
18 117
34 133
35 134
113 212
80 179
17 116
48 147
114 213
182 281
34 133
102 201
162 261
148 247
58 157
78 177
10 109
27 126
100 199
25 124
169 268
189 288
48 147
0 99
70 169
17 116
59 158
114 213
12 111
32 131
132 231
184 283
192 291
21 120
189 288
53 152
35 134
53 152
93 192
165 264
146 245
108 207
6 105
41 140
63 162
178 277
23 122
94 193
45 144
0 99
63 162
58 157
32 131
161 260
88 187
110 209
82 181
163 262
113 212
59 158
186 285
129 228
130 229
107 206
46 145
17 116
172 271
48 147
181 280
189 288
167 266
146 245
56 155
176 275
99 198
134 233
91 190
45 144
39 138
4 103
156 255
168 267
128 227
178 277
146 245
9 108
64 163
186 285
5 104
10 109
144 243
121 220
25 124
43 142
54 153
102 201
162 261
20 119
125 224
153 252
154 253
107 206
93 192
167 266
119 218
20 119
86 185
0 99
145 244
150 249
5 104
1 100
129 228
120 219
67 166
147 246
184 283
58 157
27 126
55 154
63 162
45 144
102 201
16 115
159 258
46 145
19 118
55 154
126 225
6 105
168 267
71 170
81 180
164 263
82 181
183 282
196 295
32 131
28 127
80 179
79 178
165 264
184 283
54 153
162 261
35 134
68 167
188 287
22 121
155 254
131 230
5 104
10 109
128 227
177 276
152 251
149 248
146 245
31 130
38 137
88 187
143 242
12 111
20 119
42 141
131 230
15 114
83 182
25 124
197 296
7 106
112 211
40 139
190 289
4 103
153 252
167 266
64 163
40 139
197 296
156 255
154 253
169 268
163 262
41 140
161 260
34 133
153 252
81 180
80 179
107 206
181 280
98 197
156 255
108 207
20 119
122 221
5 104
15 114
141 240
34 133
57 156
24 123
2 101
192 291
192 291
8 107
177 276
170 269
1 100
169 268
181 280
138 237
66 165
10 109
127 226
16 115
150 249
14 113
72 171
169 268
42 141
120 219
59 158
39 138
122 221
192 291
87 186
68 167
107 206
37 136
72 171
155 254
107 206
177 276
176 275
52 151
118 217
173 272
46 145
195 294
155 254
17 116
84 183
10 109
61 160
64 163
128 227
138 237
64 163
192 291
185 284
15 114
110 209
49 148
33 132
192 291
10 109
82 181
130 229
28 127
169 268
161 260
67 166
145 244
49 148
129 228
129 228
31 130
109 208
66 165
88 187
116 215
96 195
184 283
65 164
80 179
79 178
27 126
89 188
139 238
135 234
56 155
93 192
55 154
169 268
44 143
153 252
160 259
0 99
27 126
148 247
69 168
108 207
27 126
133 232
73 172
154 253
99 198
179 278
181 280
173 272
188 287
29 128
112 211
137 236
14 113
177 276
173 272
21 120
89 188
188 287
146 245
167 266
169 268
162 261
109 208
1 100
67 166
176 275
68 167
28 127
150 249
116 215
96 195
93 192
181 280
24 123
178 277
168 267
13 112
166 265
73 172
117 216
10 109
180 279
112 211
65 164
81 180
36 135
120 219
15 114
7 106
196 295
182 281
52 151
31 130
105 204
5 104
62 161
55 154
184 283
67 166
174 273
154 253
109 208
150 249
130 229
63 162
76 175
7 106
178 277
177 276
181 280
139 238
181 280
43 142
103 202
47 146
61 160
99 198
91 190
55 154
162 261
70 169
128 227
2 101
123 222
185 284
54 153
49 148
121 220
170 269
133 232
95 194
127 226
144 243
165 264
39 138
149 248
70 169
42 141
108 207
100 199
132 231
103 202
162 261
122 221
103 202
81 180
108 207
149 248
8 107
195 294
151 250
190 289
192 291
68 167
54 153
18 117
135 234
137 236
186 285
130 229
130 229
130 229
35 134
172 271
148 247
71 170
11 110
196 295
38 137
126 225
98 197
172 271
4 103
110 209
74 173
37 136
144 243
1 100
195 294
47 146
174 273
113 212
38 137
23 122
166 265
49 148
136 235
4 103
159 258
144 243
112 211
28 127
8 107
155 254
164 263
71 170
22 121
124 223
77 176
38 137
175 274
179 278
75 174
131 230
131 230
159 258
150 249
152 251
191 290
195 294
1 100
170 269
165 264
159 258
171 270
162 261
92 191
12 111
160 259
170 269
187 286
160 259
88 187
53 152
192 291
5 104
60 159
178 277
6 105
179 278
145 244
111 210
28 127
116 215
159 258
111 210
196 295
163 262
132 231
153 252
25 124
41 140
69 168
121 220
138 237
54 153
54 153
191 290
81 180
157 256
191 290
146 245
33 132
33 132
121 220
33 132
135 234
157 256
39 138
121 220
145 244
153 252
89 188
28 127
163 262
56 155
187 286
136 235
135 234
62 161
108 207
77 176
196 295
114 213
41 140
54 153
121 220
6 105
191 290
0 99
142 241
110 209
11 110
119 218
28 127
182 281
30 129
54 153
5 104
138 237
26 125
166 265
192 291
54 153
171 270
123 222
166 265
76 175
93 192
45 144
46 145
51 150
98 197
30 129
57 156
168 267
193 292
116 215
37 136
126 225
79 178
147 246
101 200
113 212
127 226
16 115
187 286
65 164
51 150
23 122
80 179
143 242
73 172
45 144
19 118
34 133
149 248
55 154
85 184
60 159
35 134
93 192
139 238
51 150
0 99
161 260
72 171
184 283
133 232
106 205
178 277
196 295
103 202
197 296
84 183
42 141
98 197
169 268
134 233
143 242
85 184
186 285
97 196
121 220
121 220
10 109
121 220
70 169
143 242
72 171
74 173
40 139
40 139
179 278
138 237
107 206
7 106
146 245
31 130
152 251
197 296
148 247
166 265
104 203
147 246
90 189
8 107
113 212
43 142
99 198
5 104
75 174
133 232
70 169
156 255
187 286
55 154
31 130
158 257
8 107
34 133
149 248
180 279
119 218
12 111
58 157
26 125
56 155
34 133
154 253
8 107
89 188
108 207
8 107
105 204
190 289
21 120
59 158
67 166
113 212
140 239
62 161
68 167
188 287
19 118
76 175
92 191
177 276
118 217
73 172
43 142
41 140
159 258
67 166
171 270
118 217
1 100
150 249
110 209
113 212
170 269
36 135
54 153
170 269
53 152
141 240
98 197
96 195
130 229
19 118
65 164
69 168
43 142
66 165
144 243
152 251
126 225
15 114
3 102
160 259
18 117
27 126
62 161
43 142
135 234
37 136
64 163
132 231
19 118
186 285
192 291
192 291
191 290
45 144
197 296
3 102
114 213
96 195
138 237
160 259
135 234
122 221
130 229
153 252
175 274
84 183
82 181
69 168
141 240
32 131
158 257
107 206
49 148
106 205
180 279
120 219
159 258
134 233
108 207
60 159
71 170
117 216
46 145
43 142
92 191
41 140
84 183
136 235
58 157
77 176
109 208
120 219
82 181
175 274
42 141
161 260
59 158
42 141
82 181
74 173
140 239
140 239
177 276
65 164
143 242
110 209
196 295
194 293
126 225
94 193
75 174
48 147
150 249
146 245
46 145
140 239
110 209
25 124
6 105
148 247
145 244
124 223
108 207
63 162
137 236
170 269
49 148
35 134
41 140
25 124
135 234
83 182
139 238
135 234
116 215
44 143
10 109
178 277
147 246
54 153
18 117
88 187
126 225
134 233
117 216
57 156
4 103
157 256
143 242
182 281
79 178
109 208
99 198
1 100
38 137
62 161
9 108
137 236
5 104
171 270
180 279
182 281
188 287
155 254
122 221
171 270
75 174
65 164
153 252
84 183
176 275
88 187
162 261
146 245
49 148
29 128
119 218
111 210
53 152
1 100
181 280
32 131
151 250
103 202
43 142
21 120
85 184
16 115
94 193
92 191
121 220
128 227
57 156
100 199
171 270
63 162
45 144
80 179
174 273
100 199
138 237
78 177
187 286
13 112
148 247
16 115
167 266
102 201
106 205
33 132
135 234
196 295
83 182
8 107
72 171
30 129
110 209
98 197
34 133
132 231
111 210
185 284
77 176
24 123
177 276
152 251
73 172
7 106
158 257
172 271
120 219
45 144
158 257
25 124
42 141
164 263
113 212
20 119
113 212
48 147
79 178
108 207
114 213
0 99
170 269
82 181
12 111
45 144
18 117
23 122
73 172
157 256
41 140
104 203
1 100
127 226
108 207
53 152
84 183
91 190
153 252
46 145
181 280
77 176
100 199
170 269
42 141
73 172
144 243
168 267
9 108
37 136
178 277
71 170
134 233
106 205
152 251
81 180
117 216
67 166
15 114
70 169
107 206
117 216
83 182
178 277
145 244
28 127
92 191
178 277
73 172
119 218
61 160
58 157
16 115
124 223
111 210
41 140
191 290
73 172
45 144
99 198
169 268
152 251
100 199
150 249
41 140
32 131
39 138
98 197
90 189
146 245
14 113
36 135
178 277
36 135
185 284
107 206
84 183
89 188
186 285
32 131
22 121
82 181
129 228
157 256
133 232
190 289
23 122
79 178
189 288
48 147
120 219
112 211
178 277
104 203
185 284
134 233
63 162
172 271
20 119
129 228
95 194
136 235
197 296
51 150
85 184
130 229
157 256
84 183
19 118
30 129
61 160
80 179
179 278
5 104
107 206
23 122
143 242
121 220
88 187
72 171
34 133
17 116
165 264
63 162
61 160
142 241
97 196
67 166
145 244
177 276
22 121
138 237
14 113
62 161
77 176
66 165
148 247
61 160
130 229
144 243
71 170
117 216
21 120
85 184
191 290
38 137
47 146
52 151
183 282
26 125
42 141
72 171
17 116
121 220
77 176
57 156
111 210
134 233
67 166
76 175
10 109
73 172
33 132
42 141
125 224
75 174
165 264
161 260
26 125
28 127
44 143
69 168
169 268
197 296
16 115
189 288
19 118
31 130
74 173
6 105
187 286
108 207
52 151
95 194
111 210
80 179
14 113
142 241
50 149
141 240
78 177
145 244
1 100
168 267
129 228
164 263
108 207
22 121
85 184
10 109
23 122
140 239
169 268
75 174
10 109
183 282
105 204
67 166
33 132
57 156
50 149
171 270
195 294
98 197
125 224
87 186
152 251
61 160
94 193
18 117
38 137
111 210
154 253
157 256
78 177
61 160
75 174
141 240
65 164
27 126
100 199
103 202
182 281
70 169
1 100
135 234
49 148
12 111
46 145
51 150
57 156
179 278
193 292
19 118
124 223
36 135
42 141
50 149
58 157
107 206
50 149
182 281
145 244
148 247
35 134
91 190
61 160
159 258
87 186
192 291
72 171
29 128
4 103
121 220
91 190
91 190
183 282
34 133
161 260
40 139
16 115
174 273
55 154
15 114
46 145
42 141
189 288
197 296
162 261
173 272
160 259
46 145
93 192
191 290
124 223
119 218
140 239
68 167
145 244
14 113
92 191
96 195
169 268
100 199
188 287
175 274
29 128
59 158
141 240
149 248
75 174
196 295
110 209
172 271
152 251
49 148
188 287
86 185
90 189
49 148
161 260
9 108
28 127
125 224
192 291
161 260
33 132
102 201
54 153
59 158
114 213
30 129
194 293
103 202
106 205
40 139
148 247
55 154
60 159
186 285
83 182
170 269
86 185
81 180
173 272
97 196
0 99
162 261
110 209
0 99
194 293
149 248
87 186
138 237
6 105
87 186
91 190
97 196
167 266
4 103
184 283
193 292
6 105
103 202
18 117
179 278
118 217
136 235
195 294
128 227
65 164
56 155
185 284
17 116
5 104
39 138
13 112
104 203
23 122
107 206
12 111
89 188
177 276
85 184
133 232
11 110
160 259
129 228
71 170
115 214
111 210
98 197
154 253
104 203
9 108
159 258
177 276
115 214
172 271
116 215
40 139
1 100
22 121
68 167
35 134
153 252
129 228
150 249
63 162
129 228
57 156
140 239
12 111
102 201
159 258
33 132
129 228
117 216
37 136
129 228
33 132
73 172
12 111
134 233
23 122
194 293
85 184
48 147
146 245
179 278
67 166
134 233
54 153
158 257
168 267
35 134
13 112
98 197
66 165
49 148
55 154
5 104
104 203
127 226
185 284
85 184
157 256
132 231
163 262
73 172
38 137
8 107
46 145
155 254
77 176
118 217
125 224
60 159
161 260
161 260
16 115
133 232
88 187
176 275
77 176
111 210
75 174
57 156
73 172
165 264
28 127
45 144
167 266
131 230
11 110
118 217
87 186
32 131
175 274
163 262
132 231
128 227
95 194
22 121
68 167
133 232
2 101
1 100
72 171
26 125
49 148
181 280
70 169
46 145
93 192
180 279
109 208
151 250
149 248
174 273
54 153
124 223
43 142
46 145
4 103
87 186
62 161
94 193
55 154
149 248
9 108
120 219
194 293
36 135
118 217
17 116
192 291
22 121
191 290
141 240
169 268
3 102
188 287
174 273
190 289
135 234
137 236
118 217
17 116
166 265
59 158
156 255
158 257
120 219
159 258
103 202
22 121
128 227
87 186
54 153
59 158
110 209
134 233
151 250
36 135
85 184
172 271
120 219
31 130
108 207
117 216
152 251
32 131
49 148
74 173
88 187
13 112
120 219
14 113
42 141
110 209
66 165
120 219
154 253
161 260
180 279
29 128
118 217
81 180
159 258
54 153
90 189
38 137
66 165
92 191
157 256
113 212
13 112
175 274
90 189
82 181
156 255
29 128
38 137
18 117
135 234
26 125
121 220
144 243
11 110
112 211
139 238
78 177
79 178
128 227
5 104
4 103
50 149
45 144
135 234
61 160
57 156
188 287
170 269
55 154
95 194
5 104
20 119
131 230
155 254
25 124
85 184
56 155
100 199
171 270
116 215
6 105
86 185
128 227
21 120
190 289
154 253
3 102
89 188
87 186
35 134
40 139
91 190
102 201
186 285
44 143
108 207
69 168
149 248
79 178
52 151
125 224
166 265
151 250
20 119
116 215
30 129
133 232
144 243
29 128
34 133
142 241
61 160
105 204
169 268
9 108
72 171
156 255
24 123
173 272
170 269
14 113
197 296
191 290
38 137
7 106
139 238
139 238
44 143
87 186
86 185
128 227
68 167
101 200
180 279
75 174
93 192
188 287
5 104
11 110
49 148
94 193
177 276
112 211
81 180
96 195
64 163
32 131
51 150
162 261
12 111
151 250
95 194
18 117
157 256
25 124
9 108
144 243
148 247
92 191
67 166
29 128
52 151
22 121
182 281
41 140
71 170
129 228
90 189
164 263
71 170
2 101
105 204
123 222
16 115
53 152
117 216
22 121
145 244
133 232
13 112
171 270
54 153
44 143
92 191
125 224
196 295
27 126
28 127
36 135
6 105
31 130
24 123
57 156
169 268
191 290
7 106
78 177
112 211
148 247
89 188
114 213
147 246
42 141
17 116
91 190
38 137
154 253
23 122
91 190
6 105
147 246
142 241
36 135
79 178
50 149
98 197
102 201
159 258
123 222
95 194
71 170
78 177
163 262
103 202
110 209
145 244
144 243
24 123
127 226
79 178
118 217
48 147
4 103
103 202
106 205
195 294
49 148
94 193
83 182
145 244
125 224
112 211
140 239
197 296
94 193
78 177
19 118
184 283
30 129
9 108
0 99
14 113
173 272
1 100
46 145
27 126
53 152
165 264
5 104
20 119
93 192
175 274
182 281
1 100
81 180
7 106
20 119
100 199
89 188
75 174
20 119
92 191
167 266
53 152
161 260
157 256
113 212
175 274
43 142
125 224
159 258
179 278
60 159
104 203
173 272
10 109
29 128
151 250
33 132
45 144
106 205
197 296
104 203
73 172
26 125
78 177
110 209
69 168
163 262
47 146
53 152
197 296
177 276
48 147
31 130
69 168
114 213
189 288
195 294
87 186
143 242
43 142
146 245
36 135
61 160
19 118
122 221
155 254
185 284
182 281
29 128
135 234
46 145
161 260
4 103
151 250
122 221
125 224
17 116
72 171
194 293
89 188
157 256
48 147
155 254
30 129
176 275
68 167
82 181
121 220
72 171
31 130
131 230
193 292
52 151
186 285
42 141
35 134
99 198
161 260
15 114
112 211
167 266
123 222
45 144
18 117
73 172
56 155
29 128
84 183
3 102
46 145
75 174
29 128
111 210
112 211
111 210
193 292
96 195
13 112
96 195
56 155
8 107
38 137
61 160
10 109
112 211
87 186
13 112
113 212
175 274
101 200
45 144
102 201
90 189
105 204
64 163
99 198
196 295
102 201
172 271
6 105
66 165
79 178
33 132
191 290
195 294
80 179
130 229
123 222
10 109
103 202
132 231
149 248
124 223
105 204
175 274
24 123
185 284
66 165
26 125
99 198
193 292
144 243
74 173
36 135
149 248
184 283
184 283
101 200
120 219
119 218
71 170
29 128
148 247
72 171
89 188
132 231
43 142
14 113
130 229
24 123
17 116
101 200
196 295
189 288
81 180
81 180
46 145
57 156
12 111
71 170
195 294
173 272
4 103
153 252
61 160
17 116
48 147
83 182
105 204
141 240
103 202
101 200
110 209
123 222
11 110
83 182
31 130
151 250
197 296
146 245
136 235
175 274
133 232
82 181
52 151
101 200
125 224
121 220
111 210
161 260
97 196
119 218
7 106
87 186
88 187
51 150
107 206
110 209
140 239
6 105
84 183
142 241
87 186
127 226
28 127
161 260
41 140
71 170
3 102
123 222
78 177
172 271
90 189
45 144
44 143
136 235
73 172
158 257
27 126
108 207
144 243
53 152
138 237
5 104
183 282
192 291
113 212
111 210
141 240
28 127
102 201
17 116
87 186
47 146
82 181
47 146
158 257
116 215
131 230
57 156
2 101
88 187
172 271
170 269
139 238
197 296
158 257
52 151
68 167
110 209
156 255
119 218
179 278
19 118
167 266
11 110
10 109
135 234
87 186
25 124
144 243
48 147
164 263
130 229
117 216
47 146
99 198
27 126
21 120
42 141
171 270
1 100
140 239
174 273
128 227
149 248
62 161
7 106
37 136
20 119
151 250
49 148
100 199
69 168
190 289
123 222
18 117
128 227
19 118
64 163
195 294
162 261
1 100
135 234
98 197
166 265
186 285
106 205
107 206
81 180
181 280
43 142
124 223
135 234
186 285
84 183
24 123
156 255
15 114
30 129
67 166
86 185
94 193
126 225
88 187
111 210
191 290
161 260
182 281
84 183
63 162
43 142
59 158
20 119
96 195
7 106
81 180
95 194
12 111
23 122
92 191
78 177
12 111
128 227
191 290
120 219
111 210
86 185
90 189
80 179
49 148
3 102
3 102
165 264
6 105
23 122
17 116
50 149
124 223
25 124
111 210
27 126
150 249
168 267
89 188
36 135
67 166
29 128
110 209
195 294
185 284
85 184
128 227
36 135
189 288
175 274
21 120
169 268
72 171
127 226
25 124
152 251
96 195
13 112
166 265
114 213
52 151
43 142
75 174
94 193
17 116
25 124
53 152
121 220
120 219
48 147
5 104
184 283
37 136
104 203
133 232
102 201
176 275
148 247
27 126
69 168
43 142
61 160
158 257
6 105
19 118
17 116
191 290
188 287
140 239
161 260
195 294
192 291
1 100
121 220
134 233
139 238
150 249
123 222
0 99
174 273
107 206
164 263
195 294
179 278
12 111
133 232
184 283
29 128
137 236
49 148
62 161
77 176
148 247
140 239
110 209
83 182
185 284
29 128
122 221
188 287
152 251
18 117
17 116
109 208
40 139
52 151
93 192
111 210
109 208
67 166
126 225
169 268
70 169
181 280
175 274
104 203
1 100
88 187
197 296
189 288
182 281
141 240
32 131
50 149
112 211
58 157
19 118
194 293
154 253
133 232
111 210
61 160
22 121
167 266
28 127
178 277
177 276
158 257
48 147
112 211
34 133
148 247
173 272
179 278
9 108
12 111
34 133
155 254
96 195
65 164
34 133
166 265
63 162
98 197
101 200
165 264
61 160
147 246
27 126
64 163
86 185
132 231
151 250
28 127
142 241
50 149
74 173
164 263
1 100
150 249
98 197
31 130
44 143
20 119
147 246
177 276
193 292
67 166
74 173
43 142
145 244
118 217
112 211
183 282
124 223
165 264
46 145
95 194
89 188
122 221
82 181
100 199
51 150
42 141
149 248
191 290
183 282
127 226
6 105
48 147
40 139
84 183
125 224
101 200
179 278
177 276
70 169
38 137
153 252
86 185
161 260
194 293
117 216
161 260
79 178
182 281
101 200
103 202
83 182
122 221
137 236
66 165
29 128
49 148
60 159
108 207
95 194
31 130
76 175
17 116
193 292
113 212
171 270
191 290
70 169
158 257
113 212
182 281
126 225
172 271
23 122
41 140
137 236
163 262
10 109
136 235
76 175
91 190
111 210
14 113
39 138
174 273
170 269
145 244
102 201
123 222
153 252
85 184
128 227
133 232
55 154
172 271
125 224
186 285
1 100
183 282
35 134
19 118
97 196
187 286
157 256
63 162
117 216
162 261
59 158
71 170
44 143
28 127
123 222
186 285
191 290
8 107
134 233
143 242
173 272
181 280
12 111
51 150
185 284
161 260
196 295
146 245
109 208
102 201
148 247
162 261
171 270
81 180
196 295
111 210
164 263
53 152
9 108
110 209
153 252
190 289
4 103
16 115
34 133
129 228
5 104
187 286
64 163
172 271
185 284
21 120
97 196
139 238
179 278
170 269
48 147
12 111
6 105
86 185
138 237
58 157
178 277
47 146
88 187
163 262
103 202
65 164
91 190
177 276
133 232
103 202
23 122
11 110
81 180
53 152
119 218
98 197
113 212
23 122
146 245
75 174
161 260
129 228
157 256
95 194
114 213
188 287
125 224
177 276
197 296
131 230
53 152
27 126
56 155
178 277
34 133
68 167
188 287
73 172
43 142
130 229
88 187
182 281
58 157
130 229
180 279
56 155
172 271
32 131
12 111
100 199
180 279
174 273
77 176
147 246
88 187
175 274
116 215
114 213
112 211
189 288
148 247
184 283
128 227
43 142
115 214
149 248
191 290
86 185
49 148
77 176
25 124
55 154
98 197
87 186
158 257
112 211
153 252
154 253
102 201
48 147
77 176
102 201
32 131
178 277
52 151
152 251
112 211
101 200
34 133
143 242
117 216
27 126
156 255
10 109
35 134
26 125
11 110
28 127
158 257
30 129
147 246
119 218
45 144
184 283
117 216
122 221
47 146
31 130
184 283
72 171
176 275
133 232
155 254
23 122
179 278
62 161
108 207
173 272
60 159
90 189
47 146
174 273
136 235
151 250
187 286
71 170
57 156
27 126
63 162
5 104
124 223
46 145
132 231
32 131
24 123
121 220
64 163
190 289
153 252
171 270
141 240
45 144
56 155
86 185
84 183
171 270
146 245
125 224
123 222
6 105
191 290
51 150
94 193
47 146
48 147
136 235
5 104
195 294
147 246
69 168
133 232
121 220
121 220
119 218
134 233
190 289
13 112
160 259
180 279
49 148
189 288
14 113
180 279
159 258
190 289
34 133
71 170
95 194
126 225
126 225
13 112
57 156
42 141
123 222
88 187
20 119
7 106
41 140
62 161
35 134
23 122
120 219
164 263
133 232
108 207
178 277
74 173
177 276
154 253
149 248
193 292
75 174
178 277
44 143
145 244
8 107
115 214
183 282
24 123
125 224
64 163
13 112
75 174
44 143
92 191
13 112
95 194
120 219
80 179
48 147
73 172
18 117
99 198
18 117
19 118
179 278
104 203
189 288
111 210
28 127
36 135
152 251
36 135
27 126
3 102
146 245
116 215
197 296
134 233
154 253
130 229
56 155
29 128
83 182
10 109
63 162
156 255
172 271
153 252
102 201
50 149
84 183
184 283
155 254
19 118
116 215
106 205
46 145
131 230
184 283
171 270
122 221
192 291
24 123
1 100
51 150
158 257
43 142
123 222
85 184
96 195
75 174
191 290
164 263
148 247
78 177
93 192
19 118
14 113
195 294
165 264
72 171
38 137
90 189
163 262
162 261
45 144
170 269
49 148
44 143
155 254
143 242
182 281
122 221
7 106
105 204
29 128
176 275
163 262
23 122
177 276
123 222
71 170
69 168
175 274
173 272
156 255
16 115
101 200
120 219
166 265
195 294
60 159
180 279
13 112
2 101
113 212
38 137
189 288
69 168
44 143
108 207
5 104
169 268
169 268
159 258
40 139
173 272
168 267
102 201
163 262
54 153
56 155
144 243
190 289
67 166
120 219
53 152
163 262
87 186
8 107
13 112
191 290
38 137
186 285
128 227
30 129
165 264
39 138
153 252
157 256
50 149
114 213
73 172
65 164
124 223
114 213
130 229
103 202
55 154
7 106
8 107
62 161
197 296
108 207
172 271
9 108
125 224
168 267
197 296
27 126
129 228
125 224
120 219
55 154
158 257
105 204
124 223
182 281
100 199
1 100
24 123
30 129
168 267
28 127
90 189
73 172
116 215
127 226
135 234
108 207
3 102
173 272
111 210
159 258
191 290
124 223
35 134
171 270
77 176
12 111
77 176
60 159
91 190
119 218
37 136
31 130
157 256
122 221
75 174
110 209
190 289
154 253
161 260
143 242
190 289
33 132
86 185
191 290
14 113
56 155
14 113
196 295
99 198
87 186
8 107
86 185
182 281
25 124
46 145
15 114
48 147
106 205
69 168
117 216
34 133
65 164
90 189
112 211
103 202
15 114
160 259
5 104
178 277
68 167
105 204
115 214
118 217
111 210
60 159
10 109
182 281
50 149
90 189
41 140
77 176
156 255
151 250
120 219
185 284
80 179
129 228
114 213
80 179
148 247
146 245
96 195
28 127
96 195
174 273
165 264
91 190
100 199
43 142
102 201
25 124
126 225
182 281
142 241
110 209
182 281
14 113
182 281
5 104
166 265
52 151
74 173
129 228
46 145
101 200
71 170
129 228
95 194
159 258
81 180
105 204
19 118
68 167
141 240
151 250
69 168
28 127
28 127
131 230
1 100
63 162
96 195
59 158
178 277
50 149
180 279
134 233
179 278
140 239
105 204
183 282
40 139
140 239
76 175
147 246
173 272
75 174
92 191
182 281
132 231
134 233
147 246
103 202
96 195
159 258
190 289
52 151
37 136
51 150
131 230
128 227
6 105
74 173
184 283
98 197
150 249
177 276
22 121
120 219
88 187
106 205
129 228
146 245
142 241
82 181
178 277
54 153
12 111
79 178
88 187
66 165
4 103
49 148
14 113
66 165
130 229
69 168
128 227
167 266
31 130
27 126
36 135
18 117
119 218
186 285
192 291
24 123
169 268
190 289
105 204
38 137
36 135
84 183
122 221
125 224
1 100
106 205
117 216
11 110
28 127
150 249
38 137
151 250
134 233
184 283
26 125
137 236
57 156
129 228
169 268
0 99
52 151
70 169
57 156
109 208
65 164
7 106
130 229
131 230
147 246
150 249
102 201
171 270
146 245
161 260
163 262
27 126
169 268
171 270
111 210
44 143
154 253
115 214
107 206
4 103
177 276
184 283
59 158
73 172
105 204
131 230
140 239
79 178
80 179
46 145
108 207
37 136
118 217
166 265
190 289
157 256
160 259
185 284
94 193
76 175
78 177
125 224
72 171
18 117
37 136
161 260
153 252
123 222
15 114
174 273
122 221
191 290
92 191
197 296
147 246
66 165
91 190
16 115
65 164
98 197
113 212
13 112
118 217
125 224
133 232
146 245
18 117
45 144
100 199
88 187
189 288
142 241
85 184
95 194
62 161
132 231
107 206
98 197
158 257
53 152
73 172
75 174
193 292
110 209
85 184
182 281
12 111
71 170
31 130
65 164
196 295
103 202
138 237
94 193
78 177
27 126
97 196
142 241
172 271
143 242
125 224
117 216
6 105
57 156
31 130
107 206
59 158
56 155
24 123
163 262
79 178
193 292
89 188
153 252
145 244
75 174
44 143
6 105
70 169
58 157
114 213
191 290
36 135
53 152
113 212
113 212
50 149
139 238
145 244
54 153
148 247
115 214
136 235
51 150
116 215
144 243
185 284
178 277
152 251
111 210
120 219
58 157
12 111
62 161
27 126
95 194
95 194
193 292
186 285
132 231
159 258
39 138
148 247
174 273
41 140
149 248
41 140
80 179
107 206
22 121
190 289
52 151
126 225
120 219
143 242
50 149
21 120
138 237
79 178
11 110
63 162
27 126
26 125
44 143
153 252
171 270
69 168
8 107
28 127
128 227
74 173
158 257
100 199
42 141
195 294
118 217
107 206
112 211
99 198
166 265
83 182
174 273
18 117
122 221
2 101
50 149
98 197
181 280
177 276
85 184
121 220
100 199
124 223
37 136
132 231
31 130
151 250
132 231
135 234
75 174
45 144
99 198
15 114
162 261
92 191
18 117
81 180
48 147
22 121
151 250
7 106
111 210
86 185
13 112
120 219
115 214
92 191
173 272
106 205
174 273
121 220
176 275
12 111
111 210
175 274
140 239
25 124
139 238
132 231
110 209
26 125
110 209
136 235
45 144
2 101
109 208
122 221
174 273
130 229
117 216
95 194
47 146
20 119
185 284
170 269
196 295
155 254
100 199
168 267
55 154
185 284
182 281
18 117
54 153
126 225
54 153
82 181
156 255
187 286
73 172
161 260
91 190
141 240
166 265
61 160
55 154
120 219
93 192
89 188
63 162
163 262
77 176
44 143
116 215
183 282
23 122
114 213
111 210
60 159
122 221
52 151
34 133
86 185
75 174
97 196
110 209
102 201
24 123
173 272
180 279
64 163
175 274
32 131
87 186
80 179
110 209
75 174
14 113
174 273
55 154
189 288
31 130
124 223
71 170
174 273
84 183
134 233
169 268
142 241
86 185
170 269
124 223
89 188
54 153
183 282
56 155
103 202
108 207
162 261
197 296
133 232
40 139
103 202
30 129
61 160
24 123
129 228
60 159
186 285
16 115
182 281
119 218
12 111
12 111
151 250
115 214
65 164
160 259
131 230
86 185
15 114
1 100
34 133
95 194
179 278
26 125
106 205
143 242
96 195
83 182
123 222
52 151
103 202
111 210
21 120
99 198
2 101
168 267
89 188
27 126
146 245
137 236
81 180
49 148
44 143
154 253
5 104
32 131
17 116
83 182
36 135
14 113
97 196
93 192
10 109
53 152
138 237
119 218
117 216
89 188
165 264
157 256
166 265
9 108
155 254
128 227
55 154
123 222
95 194
181 280
72 171
62 161
109 208
168 267
35 134
42 141
27 126
55 154
61 160
95 194
89 188
107 206
192 291
62 161
169 268
12 111
156 255
56 155
47 146
121 220
30 129
159 258
126 225
188 287
128 227
20 119
13 112
114 213
168 267
127 226
111 210
109 208
53 152
165 264
70 169
127 226
151 250
155 254
51 150
127 226
150 249
84 183
76 175
0 99
149 248
100 199
25 124
61 160
143 242
8 107
128 227
185 284
67 166
170 269
38 137
112 211
27 126
102 201
8 107
82 181
40 139
150 249
164 263
126 225
54 153
164 263
55 154
39 138
146 245
66 165
160 259
29 128
188 287
19 118
58 157
108 207
11 110
63 162
159 258
129 228
190 289
186 285
95 194
68 167
5 104
127 226
127 226
35 134
57 156
164 263
66 165
145 244
147 246
27 126
135 234
116 215
2 101
25 124
134 233
114 213
29 128
88 187
7 106
35 134
87 186
111 210
173 272
85 184
150 249
124 223
94 193
91 190
95 194
54 153
74 173
150 249
146 245
196 295
85 184
171 270
154 253
193 292
153 252
123 222
89 188
123 222
19 118
114 213
80 179
174 273
102 201
146 245
109 208
7 106
142 241
49 148
87 186
13 112
93 192
186 285
111 210
104 203
2 101
132 231
87 186
180 279
186 285
57 156
26 125
182 281
153 252
128 227
163 262
84 183
190 289
183 282
148 247
160 259
139 238
99 198
26 125
85 184
156 255
21 120
113 212
48 147
29 128
2 101
168 267
57 156
162 261
105 204
115 214
156 255
12 111
20 119
172 271
11 110
36 135
69 168
51 150
190 289
0 99
166 265
28 127
153 252
69 168
197 296
45 144
14 113
67 166
163 262
91 190
157 256
44 143
9 108
76 175
63 162
156 255
123 222
74 173
39 138
16 115
28 127
144 243
120 219
136 235
5 104
107 206
84 183
87 186
176 275
192 291
39 138
94 193
189 288
57 156
114 213
182 281
20 119
58 157
6 105
16 115
76 175
87 186
32 131
74 173
181 280
86 185
53 152
197 296
48 147
30 129
168 267
38 137
37 136
100 199
140 239
45 144
3 102
45 144
11 110
54 153
115 214
11 110
21 120
38 137
43 142
173 272
169 268
156 255
72 171
91 190
16 115
35 134
175 274
103 202
109 208
163 262
82 181
48 147
64 163
48 147
192 291
37 136
183 282
42 141
47 146
119 218
196 295
137 236
143 242
9 108
191 290
19 118
60 159
60 159
155 254
168 267
82 181
5 104
167 266
14 113
36 135
143 242
34 133
161 260
45 144
16 115
82 181
17 116
163 262
151 250
8 107
180 279
121 220
58 157
60 159
170 269
121 220
171 270
133 232
137 236
163 262
107 206
169 268
103 202
54 153
91 190
163 262
68 167
18 117
69 168
66 165
117 216
179 278
29 128
114 213
197 296
39 138
190 289
152 251
174 273
63 162
6 105
80 179
32 131
93 192
29 128
192 291
124 223
126 225
57 156
142 241
95 194
53 152
127 226
77 176
122 221
36 135
11 110
157 256
16 115
24 123
100 199
137 236
44 143
19 118
53 152
152 251
96 195
120 219
160 259
160 259
67 166
21 120
126 225
102 201
135 234
118 217
80 179
167 266
142 241
73 172
59 158
187 286
176 275
143 242
84 183
41 140
107 206
166 265
169 268
30 129
150 249
44 143
184 283
78 177
87 186
122 221
68 167
70 169
120 219
118 217
154 253
19 118
144 243
179 278
84 183
9 108
74 173
8 107
66 165
152 251
111 210
70 169
171 270
120 219
122 221
154 253
191 290
91 190
161 260
15 114
138 237
92 191
122 221
135 234
105 204
59 158
55 154
154 253
68 167
193 292
121 220
130 229
60 159
49 148
18 117
83 182
172 271
71 170
102 201
32 131
57 156
1 100
1 100
3 102
30 129
62 161
156 255
3 102
177 276
178 277
110 209
135 234
197 296
165 264
4 103
46 145
112 211
166 265
57 156
73 172
87 186
17 116
159 258
143 242
134 233
5 104
143 242
36 135
109 208
52 151
166 265
122 221
105 204
33 132
87 186
122 221
192 291
140 239
99 198
153 252
187 286
34 133
162 261
71 170
79 178
66 165
71 170
106 205
144 243
80 179
47 146
28 127
136 235
188 287
33 132
106 205
132 231
84 183
46 145
85 184
62 161
138 237
70 169
93 192
84 183
76 175
138 237
187 286
13 112
111 210
42 141
196 295
68 167
191 290
169 268
98 197
88 187
92 191
8 107
82 181
106 205
16 115
6 105
43 142
84 183
44 143
143 242
90 189
21 120
194 293
135 234
148 247
99 198
127 226
119 218
50 149
135 234
120 219
142 241
51 150
60 159
194 293
68 167
189 288
169 268
46 145
144 243
188 287
115 214
100 199
73 172
14 113
173 272
32 131
88 187
54 153
130 229
171 270
51 150
137 236
64 163
99 198
92 191
103 202
126 225
83 182
98 197
128 227
132 231
47 146
78 177
158 257
192 291
179 278
58 157
38 137
133 232
167 266
104 203
57 156
32 131
172 271
3 102
64 163
46 145
38 137
92 191
30 129
72 171
80 179
191 290
120 219
168 267
44 143
16 115
108 207
96 195
0 99
83 182
116 215
67 166
196 295
14 113
56 155
59 158
126 225
22 121
161 260
119 218
94 193
116 215
116 215
130 229
118 217
22 121
97 196
135 234
128 227
4 103
24 123
106 205
34 133
132 231
50 149
173 272
179 278
173 272
110 209
69 168
19 118
39 138
90 189
178 277
137 236
68 167
47 146
48 147
166 265
196 295
118 217
186 285
14 113
36 135
146 245
25 124
159 258
126 225
137 236
10 109
94 193
80 179
172 271
151 250
107 206
167 266
173 272
91 190
159 258
137 236
29 128
136 235
168 267
31 130
18 117
107 206
128 227
115 214
116 215
194 293
49 148
155 254
127 226
124 223
7 106
19 118
156 255
65 164
148 247
120 219
63 162
9 108
105 204
87 186
25 124
75 174
12 111
137 236
107 206
84 183
151 250
108 207
177 276
15 114
168 267
43 142
111 210
91 190
197 296
90 189
163 262
122 221
19 118
57 156
149 248
181 280
2 101
33 132
71 170
77 176
137 236
131 230
187 286
102 201
81 180
179 278
180 279
15 114
4 103
178 277
104 203
15 114
119 218
155 254
24 123
59 158
79 178
169 268
68 167
71 170
108 207
87 186
0 99
62 161
124 223
51 150
58 157
65 164
117 216
47 146
188 287
142 241
162 261
78 177
69 168
191 290
85 184
63 162
121 220
9 108
34 133
131 230
41 140
55 154
36 135
140 239
23 122
31 130
43 142
100 199
68 167
36 135
58 157
196 295
152 251
179 278
171 270
169 268
54 153
113 212
193 292
58 157
52 151
37 136
68 167
55 154
120 219
20 119
107 206
127 226
58 157
35 134
10 109
86 185
72 171
170 269
171 270
134 233
168 267
63 162
71 170
78 177
41 140
44 143
196 295
193 292
163 262
15 114
174 273
26 125
154 253
95 194
184 283
77 176
19 118
10 109
49 148
98 197
19 118
107 206
106 205
186 285
21 120
3 102
149 248
140 239
39 138
14 113
194 293
100 199
51 150
89 188
100 199
69 168
64 163
153 252
154 253
58 157
106 205
35 134
22 121
52 151
30 129
104 203
30 129
115 214
13 112
68 167
105 204
3 102
165 264
13 112
160 259
189 288
139 238
141 240
139 238
68 167
104 203
159 258
48 147
96 195
126 225
153 252
166 265
76 175
100 199
51 150
137 236
79 178
77 176
145 244
6 105
160 259
76 175
81 180
194 293
54 153
139 238
169 268
118 217
130 229
163 262
128 227
127 226
6 105
1 100
177 276
43 142
140 239
39 138
152 251
122 221
70 169
7 106
38 137
7 106
13 112
56 155
67 166
176 275
138 237
28 127
24 123
153 252
72 171
112 211
99 198
194 293
148 247
162 261
74 173
107 206
81 180
80 179
58 157
152 251
157 256
72 171
96 195
54 153
155 254
12 111
49 148
18 117
68 167
168 267
79 178
1 100
146 245
194 293
57 156
131 230
78 177
116 215
59 158
77 176
37 136
0 99
68 167
156 255
174 273
124 223
55 154
47 146
32 131
89 188
159 258
32 131
32 131
173 272
107 206
192 291
125 224
134 233
69 168
189 288
47 146
92 191
169 268
121 220
13 112
152 251
26 125
34 133
90 189
191 290
64 163
120 219
65 164
43 142
94 193
12 111
84 183
56 155
4 103
65 164
102 201
100 199
107 206
194 293
150 249
56 155
36 135
23 122
72 171
179 278
63 162
115 214
182 281
194 293
166 265
68 167
7 106
176 275
70 169
60 159
13 112
29 128
182 281
141 240
166 265
52 151
137 236
31 130
85 184
144 243
149 248
151 250
158 257
35 134
156 255
195 294
33 132
5 104
31 130
130 229
180 279
91 190
64 163
135 234
156 255
141 240
48 147
188 287
41 140
18 117
197 296
5 104
101 200
124 223
67 166
89 188
160 259
39 138
166 265
3 102
3 102
36 135
151 250
181 280
28 127
110 209
195 294
57 156
86 185
102 201
151 250
179 278
137 236
74 173
138 237
67 166
173 272
174 273
9 108
57 156
133 232
178 277
161 260
111 210
57 156
125 224
123 222
175 274
156 255
87 186
16 115
132 231
188 287
176 275
19 118
94 193
188 287
26 125
157 256
120 219
150 249
49 148
130 229
49 148
93 192
182 281
116 215
88 187
120 219
36 135
169 268
15 114
108 207
94 193
130 229
96 195
124 223
139 238
90 189
44 143
84 183
168 267
166 265
121 220
102 201
97 196
194 293
109 208
45 144
108 207
145 244
2 101
60 159
123 222
25 124
86 185
10 109
116 215
117 216
164 263
112 211
94 193
40 139
41 140
100 199
175 274
99 198
157 256
138 237
43 142
120 219
82 181
48 147
12 111
83 182
31 130
95 194
173 272
191 290
165 264
21 120
42 141
129 228
51 150
132 231
43 142
76 175
175 274
43 142
120 219
22 121
150 249
76 175
179 278
178 277
28 127
80 179
40 139
36 135
34 133
48 147
147 246
8 107
70 169
182 281
97 196
167 266
30 129
180 279
76 175
180 279
181 280
144 243
74 173
180 279
129 228
29 128
10 109
7 106
106 205
176 275
140 239
155 254
59 158
111 210
72 171
95 194
181 280
147 246
185 284
181 280
191 290
127 226
102 201
188 287
86 185
29 128
0 99
151 250
64 163
123 222
141 240
81 180
18 117
16 115
87 186
3 102
28 127
189 288
33 132
60 159
40 139
44 143
173 272
15 114
61 160
179 278
5 104
106 205
44 143
15 114
154 253
79 178
93 192
172 271
73 172
3 102
118 217
121 220
145 244
1 100
77 176
158 257
149 248
186 285
88 187
162 261
80 179
40 139
89 188
32 131
81 180
149 248
128 227
180 279
22 121
173 272
53 152
59 158
124 223
170 269
91 190
49 148
150 249
197 296
178 277
152 251
179 278
122 221
19 118
149 248
84 183
158 257
99 198
99 198
146 245
110 209
42 141
90 189
173 272
123 222
117 216
181 280
57 156
138 237
110 209
57 156
151 250
38 137
50 149
145 244
114 213
90 189
53 152
190 289
24 123
36 135
122 221
82 181
39 138
16 115
29 128
125 224
2 101
162 261
44 143
32 131
134 233
171 270
79 178
133 232
13 112
14 113
97 196
154 253
23 122
155 254
161 260
78 177
102 201
122 221
119 218
89 188
139 238
126 225
164 263
104 203
67 166
61 160
66 165
69 168
169 268
109 208
179 278
115 214
50 149
62 161
186 285
161 260
42 141
5 104
157 256
119 218
157 256
3 102
42 141
58 157
111 210
60 159
158 257
110 209
197 296
91 190
64 163
24 123
11 110
146 245
92 191
36 135
77 176
131 230
162 261
68 167
72 171
166 265
71 170
54 153
189 288
170 269
40 139
165 264
161 260
131 230
175 274
130 229
181 280
35 134
129 228
97 196
21 120
191 290
71 170
171 270
42 141
192 291
76 175
145 244
117 216
5 104
32 131
176 275
60 159
163 262
173 272
196 295
92 191
182 281
193 292
42 141
125 224
163 262
47 146
179 278
66 165
56 155
2 101
188 287
62 161
168 267
171 270
58 157
113 212
164 263
30 129
71 170
105 204
179 278
9 108
76 175
181 280
197 296
133 232
139 238
73 172
98 197
170 269
108 207
106 205
8 107
148 247
178 277
117 216
176 275
190 289
143 242
95 194
92 191
93 192
144 243
133 232
46 145
155 254
143 242
24 123
128 227
66 165
190 289
100 199
145 244
186 285
26 125
174 273
98 197
148 247
109 208
56 155
145 244
173 272
155 254
16 115
107 206
22 121
74 173
97 196
48 147
36 135
159 258
196 295
176 275
196 295
16 115
158 257
151 250
86 185
195 294
82 181
113 212
117 216
117 216
67 166
149 248
106 205
45 144
188 287
135 234
162 261
22 121
16 115
180 279
134 233
115 214
11 110
64 163
82 181
181 280
158 257
96 195
121 220
179 278
39 138
11 110
84 183
114 213
124 223
50 149
112 211
164 263
58 157
116 215
194 293
51 150
189 288
165 264
164 263
147 246
49 148
0 99
73 172
40 139
0 99
130 229
31 130
87 186
191 290
155 254
40 139
191 290
172 271
72 171
92 191
160 259
139 238
48 147
4 103
119 218
91 190
0 99
95 194
22 121
139 238
26 125
12 111
44 143
61 160
191 290
102 201
119 218
21 120
119 218
69 168
142 241
113 212
160 259
163 262
120 219
61 160
1 100
23 122
158 257
87 186
126 225
145 244
45 144
181 280
80 179
189 288
26 125
144 243
76 175
100 199
67 166
13 112
106 205
26 125
146 245
29 128
137 236
129 228
192 291
60 159
13 112
72 171
151 250
141 240
148 247
158 257
107 206
121 220
107 206
59 158
137 236
37 136
109 208
50 149
20 119
15 114
189 288
55 154
176 275
85 184
13 112
152 251
119 218
153 252
95 194
146 245
174 273
62 161
18 117
100 199
3 102
143 242
119 218
165 264
124 223
4 103
92 191
56 155
5 104
153 252
7 106
72 171
53 152
54 153
104 203
80 179
102 201
150 249
147 246
189 288
171 270
54 153
163 262
95 194
67 166
63 162
16 115
196 295
71 170
116 215
194 293
73 172
28 127
119 218
22 121
19 118
172 271
147 246
12 111
52 151
27 126
155 254
140 239
79 178
62 161
98 197
131 230
111 210
97 196
166 265
33 132
116 215
103 202
36 135
44 143
118 217
130 229
186 285
44 143
128 227
122 221
174 273
149 248
134 233
68 167
16 115
152 251
192 291
109 208
60 159
154 253
27 126
82 181
4 103
90 189
70 169
91 190
148 247
88 187
138 237
131 230
75 174
184 283
26 125
38 137
121 220
127 226
185 284
72 171
197 296
97 196
180 279
124 223
73 172
68 167
5 104
161 260
142 241
176 275
48 147
44 143
156 255
90 189
125 224
182 281
96 195
145 244
190 289
166 265
168 267
58 157
184 283
13 112
162 261
188 287
85 184
26 125
153 252
149 248
173 272
159 258
157 256
14 113
138 237
16 115
178 277
164 263
166 265
160 259
123 222
7 106
175 274
49 148
98 197
76 175
105 204
112 211
51 150
87 186
69 168
186 285
185 284
78 177
60 159
131 230
80 179
130 229
167 266
78 177
51 150
181 280
95 194
57 156
197 296
164 263
2 101
31 130
73 172
15 114
139 238
28 127
188 287
66 165
116 215
44 143
152 251
59 158
72 171
170 269
123 222
136 235
70 169
176 275
192 291
97 196
154 253
82 181
2 101
190 289
83 182
175 274
185 284
183 282
107 206
195 294
121 220
151 250
76 175
78 177
108 207
19 118
68 167
185 284
154 253
89 188
136 235
15 114
1 100
106 205
113 212
24 123
135 234
89 188
176 275
142 241
123 222
35 134
154 253
183 282
43 142
48 147
40 139
73 172
6 105
169 268
115 214
31 130
184 283
152 251
107 206
80 179
192 291
9 108
88 187
18 117
41 140
185 284
183 282
156 255
154 253
133 232
40 139
172 271
135 234
77 176
6 105
53 152
72 171
53 152
22 121
193 292
15 114
162 261
110 209
11 110
127 226
39 138
112 211
110 209
136 235
189 288
189 288
123 222
159 258
161 260
153 252
82 181
194 293
56 155
127 226
189 288
100 199
1 100
74 173
104 203
137 236
15 114
60 159
116 215
128 227
160 259
10 109
67 166
56 155
103 202
70 169
120 219
128 227
187 286
37 136
164 263
29 128
71 170
123 222
1 100
108 207
93 192
168 267
15 114
158 257
124 223
123 222
193 292
79 178
166 265
139 238
95 194
105 204
134 233
24 123
23 122
29 128
191 290
146 245
28 127
93 192
134 233
196 295
134 233
120 219
111 210
196 295
73 172
19 118
185 284
33 132
19 118
129 228
11 110
59 158
38 137
44 143
38 137
179 278
71 170
120 219
141 240
151 250
56 155
151 250
51 150
51 150
194 293
80 179
45 144
164 263
10 109
53 152
112 211
63 162
9 108
174 273
184 283
73 172
165 264
163 262
143 242
177 276
167 266
103 202
141 240
72 171
144 243
171 270
144 243
162 261
65 164
108 207
56 155
98 197
156 255
90 189
30 129
83 182
120 219
59 158
26 125
146 245
52 151
119 218
170 269
108 207
177 276
20 119
184 283
84 183
42 141
167 266
173 272
99 198
0 99
79 178
25 124
153 252
34 133
128 227
102 201
106 205
71 170
52 151
50 149
52 151
188 287
72 171
3 102
143 242
18 117
85 184
71 170
171 270
189 288
38 137
126 225
120 219
146 245
73 172
167 266
15 114
195 294
154 253
41 140
12 111
2 101
109 208
84 183
12 111
136 235
7 106
55 154
192 291
125 224
34 133
68 167
21 120
123 222
65 164
175 274
173 272
108 207
180 279
6 105
121 220
100 199
157 256
85 184
57 156
180 279
2 101
157 256
58 157
64 163
154 253
174 273
182 281
121 220
155 254
126 225
64 163
12 111
127 226
110 209
184 283
149 248
53 152
185 284
132 231
2 101
52 151
182 281
82 181
187 286
74 173
163 262
87 186
93 192
163 262
27 126
60 159
141 240
139 238
118 217
94 193
196 295
173 272
145 244
125 224
194 293
23 122
145 244
106 205
136 235
155 254
135 234
166 265
159 258
114 213
85 184
61 160
67 166
193 292
68 167
183 282
65 164
152 251
179 278
134 233
52 151
164 263
86 185
6 105
184 283
21 120
49 148
46 145
57 156
26 125
167 266
59 158
180 279
8 107
177 276
62 161
40 139
76 175
51 150
73 172
5 104
16 115
72 171
69 168
66 165
65 164
174 273
48 147
3 102
22 121
22 121
112 211
33 132
74 173
39 138
163 262
133 232
180 279
142 241
166 265
22 121
33 132
180 279
65 164
87 186
30 129
186 285
33 132
152 251
154 253
104 203
59 158
140 239
152 251
154 253
14 113
69 168
102 201
57 156
76 175
17 116
132 231
171 270
7 106
32 131
137 236
98 197
157 256
159 258
183 282
189 288
192 291
101 200
112 211
192 291
137 236
5 104
20 119
9 108
103 202
17 116
113 212
47 146
196 295
124 223
61 160
34 133
89 188
24 123
176 275
86 185
190 289
22 121
47 146
40 139
135 234
9 108
76 175
0 99
9 108
188 287
175 274
128 227
125 224
111 210
191 290
189 288
147 246
52 151
150 249
111 210
128 227
131 230
106 205
21 120
10 109
80 179
80 179
94 193
43 142
11 110
28 127
88 187
144 243
27 126
89 188
90 189
128 227
36 135
125 224
59 158
141 240
159 258
25 124
161 260
10 109
157 256
25 124
174 273
179 278
67 166
108 207
46 145
156 255
53 152
75 174
67 166
73 172
105 204
165 264
168 267
153 252
113 212
37 136
71 170
81 180
171 270
78 177
133 232
114 213
158 257
146 245
20 119
65 164
75 174
147 246
37 136
142 241
60 159
96 195
83 182
155 254
126 225
171 270
8 107
80 179
143 242
90 189
100 199
141 240
152 251
47 146
10 109
92 191
119 218
178 277
5 104
131 230
56 155
119 218
174 273
6 105
67 166
76 175
41 140
144 243
100 199
112 211
55 154
119 218
70 169
142 241
135 234
13 112
183 282
176 275
37 136
81 180
177 276
137 236
98 197
140 239
110 209
91 190
77 176
42 141
171 270
129 228
147 246
190 289
176 275
29 128
178 277
107 206
99 198
174 273
45 144
117 216
48 147
153 252
71 170
141 240
166 265
63 162
61 160
114 213
73 172
158 257
175 274
37 136
66 165
161 260
160 259
115 214
15 114
166 265
19 118
159 258
16 115
175 274
154 253
88 187
12 111
116 215
165 264
154 253
116 215
150 249
8 107
58 157
75 174
114 213
185 284
92 191
18 117
91 190
71 170
0 99
48 147
82 181
51 150
139 238
54 153
18 117
103 202
10 109
169 268
141 240
17 116
169 268
84 183
189 288
11 110
142 241
52 151
33 132
18 117
77 176
157 256
45 144
137 236
21 120
140 239
191 290
178 277
50 149
90 189
186 285
53 152
78 177
57 156
186 285
159 258
169 268
75 174
182 281
53 152
65 164
23 122
147 246
130 229
157 256
24 123
13 112
64 163
164 263
121 220
156 255
190 289
72 171
19 118
137 236
32 131
104 203
43 142
46 145
140 239
96 195
153 252
31 130
155 254
119 218
34 133
131 230
74 173
75 174
148 247
79 178
68 167
126 225
3 102
182 281
174 273
170 269
158 257
171 270
42 141
74 173
10 109
128 227
77 176
128 227
196 295
125 224
12 111
125 224
96 195
10 109
131 230
128 227
117 216
52 151
96 195
168 267
34 133
48 147
83 182
168 267
88 187
90 189
91 190
18 117
184 283
142 241
2 101
13 112
65 164
92 191
3 102
36 135
33 132
165 264
143 242
62 161
153 252
5 104
0 99
12 111
50 149
106 205
67 166
78 177
137 236
114 213
96 195
98 197
36 135
180 279
83 182
101 200
25 124
110 209
42 141
50 149
171 270
139 238
108 207
21 120
25 124
190 289
61 160
173 272
107 206
141 240
90 189
135 234
1 100
164 263
44 143
116 215
110 209
102 201
37 136
6 105
10 109
128 227
150 249
93 192
107 206
163 262
71 170
131 230
103 202
123 222
143 242
167 266
145 244
194 293
112 211
74 173
51 150
37 136
51 150
119 218
122 221
108 207
85 184
166 265
174 273
50 149
174 273
47 146
144 243
59 158
137 236
44 143
12 111
99 198
163 262
185 284
31 130
25 124
160 259
46 145
71 170
78 177
127 226
161 260
19 118
169 268
161 260
22 121
132 231
170 269
6 105
112 211
149 248
131 230
82 181
25 124
44 143
197 296
159 258
31 130
37 136
117 216
138 237
105 204
146 245
190 289
60 159
43 142
94 193
188 287
6 105
1 100
13 112
184 283
20 119
37 136
179 278
98 197
22 121
32 131
46 145
61 160
1 100
34 133
131 230
85 184
53 152
158 257
169 268
193 292
82 181
116 215
87 186
101 200
26 125
2 101
139 238
62 161
173 272
92 191
70 169
97 196
66 165
122 221
171 270
16 115
109 208
5 104
9 108
35 134
128 227
85 184
134 233
97 196
100 199
26 125
65 164
180 279
179 278
29 128
167 266
103 202
38 137
88 187
71 170
4 103
171 270
73 172
86 185
34 133
48 147
79 178
65 164
90 189
96 195
14 113
106 205
44 143
6 105
85 184
92 191
84 183
23 122
113 212
143 242
39 138
64 163
6 105
4 103
133 232
45 144
83 182
166 265
191 290
66 165
121 220
145 244
120 219
1 100
142 241
168 267
99 198
188 287
54 153
141 240
74 173
122 221
127 226
110 209
156 255
59 158
73 172
68 167
192 291
133 232
100 199
167 266
161 260
70 169
138 237
113 212
127 226
149 248
33 132
28 127
111 210
141 240
185 284
129 228
145 244
2 101
173 272
165 264
45 144
125 224
15 114
185 284
49 148
19 118
56 155
64 163
139 238
5 104
73 172
135 234
15 114
147 246
157 256
114 213
147 246
103 202
72 171
78 177
55 154
150 249
183 282
1 100
188 287
0 99
21 120
137 236
78 177
54 153
47 146
135 234
145 244
47 146
173 272
13 112
30 129
174 273
175 274
47 146
1 100
173 272
121 220
67 166
182 281
144 243
119 218
157 256
112 211
188 287
153 252
151 250
133 232
14 113
84 183
64 163
105 204
95 194
150 249
101 200
86 185
57 156
3 102
158 257
140 239
39 138
37 136
84 183
72 171
188 287
174 273
37 136
55 154
73 172
76 175
19 118
143 242
34 133
85 184
119 218
194 293
169 268
86 185
176 275
147 246
56 155
117 216
27 126
46 145
166 265
85 184
28 127
159 258
133 232
39 138
174 273
89 188
60 159
133 232
48 147
115 214
122 221
119 218
157 256
60 159
90 189
2 101
44 143
178 277
93 192
169 268
78 177
158 257
11 110
91 190
161 260
36 135
69 168
45 144
26 125
195 294
18 117
13 112
153 252
175 274
41 140
33 132
70 169
39 138
12 111
41 140
153 252
129 228
127 226
112 211
160 259
193 292
169 268
26 125
95 194
89 188
152 251
23 122
98 197
21 120
109 208
70 169
180 279
189 288
33 132
150 249
17 116
96 195
91 190
35 134
119 218
155 254
144 243
187 286
38 137
13 112
164 263
177 276
34 133
136 235
189 288
158 257
147 246
107 206
161 260
154 253
196 295
114 213
86 185
61 160
173 272
170 269
186 285
107 206
185 284
37 136
168 267
190 289
14 113
26 125
176 275
88 187
20 119
169 268
197 296
11 110
23 122
24 123
81 180
193 292
21 120
85 184
72 171
188 287
170 269
57 156
195 294
151 250
175 274
187 286
67 166
106 205
93 192
197 296
80 179
58 157
170 269
103 202
35 134
189 288
183 282
126 225
0 99
17 116
183 282
55 154
57 156
5 104
82 181
135 234
187 286
174 273
155 254
106 205
14 113
77 176
0 99
27 126
180 279
179 278
147 246
69 168
1 100
36 135
81 180
183 282
164 263
99 198
42 141
76 175
170 269
159 258
127 226
7 106
86 185
11 110
7 106
172 271
192 291
102 201
79 178
89 188
24 123
189 288
6 105
186 285
171 270
35 134
61 160
138 237
196 295
38 137
17 116
186 285
147 246
192 291
190 289
133 232
30 129
52 151
89 188
51 150
153 252
120 219
50 149
171 270
86 185
32 131
120 219
195 294
150 249
98 197
37 136
70 169
150 249
162 261
113 212
177 276
43 142
89 188
116 215
143 242
39 138
24 123
30 129
137 236
132 231
49 148
148 247
187 286
139 238
67 166
161 260
97 196
162 261
43 142
142 241
181 280
186 285
80 179
99 198
135 234
186 285
92 191
180 279
106 205
46 145
89 188
53 152
138 237
186 285
188 287
97 196
54 153
69 168
10 109
54 153
34 133
136 235
112 211
159 258
186 285
3 102
114 213
140 239
17 116
93 192
16 115
8 107
141 240
168 267
42 141
50 149
120 219
189 288
5 104
73 172
36 135
115 214
155 254
171 270
164 263
91 190
151 250
167 266
70 169
71 170
10 109
88 187
91 190
140 239
128 227
49 148
73 172
155 254
196 295
138 237
120 219
77 176
89 188
188 287
72 171
127 226
34 133
153 252
119 218
94 193
109 208
192 291
6 105
2 101
65 164
71 170
92 191
12 111
150 249
59 158
149 248
108 207
106 205
166 265
123 222
167 266
156 255
119 218
42 141
124 223
10 109
179 278
140 239
95 194
96 195
154 253
129 228
144 243
164 263
4 103
34 133
81 180
160 259
94 193
69 168
180 279
45 144
33 132
171 270
29 128
119 218
166 265
183 282
182 281
124 223
113 212
164 263
66 165
144 243
160 259
28 127
129 228
45 144
161 260
162 261
21 120
31 130
159 258
30 129
169 268
161 260
168 267
5 104
96 195
109 208
39 138
183 282
85 184
41 140
141 240
96 195
162 261
102 201
116 215
23 122
106 205
48 147
166 265
184 283
42 141
24 123
195 294
18 117
39 138
104 203
103 202
157 256
180 279
35 134
116 215
89 188
185 284
47 146
84 183
172 271
185 284
49 148
133 232
90 189
5 104
178 277
28 127
120 219
4 103
91 190
69 168
187 286
21 120
112 211
135 234
79 178
70 169
122 221
193 292
63 162
62 161
88 187
40 139
117 216
110 209
139 238
24 123
110 209
164 263
111 210
141 240
64 163
14 113
180 279
115 214
137 236
187 286
141 240
114 213
119 218
10 109
110 209
40 139
115 214
85 184
1 100
45 144
63 162
147 246
49 148
191 290
74 173
154 253
145 244
5 104
196 295
116 215
42 141
185 284
42 141
137 236
5 104
113 212
34 133
1 100
155 254
41 140
181 280
78 177
29 128
117 216
25 124
192 291
84 183
192 291
76 175
173 272
103 202
139 238
76 175
24 123
117 216
177 276
7 106
170 269
128 227
28 127
155 254
172 271
148 247
52 151
88 187
93 192
180 279
126 225
121 220
148 247
87 186
131 230
139 238
184 283
180 279
156 255
43 142
130 229
104 203
123 222
160 259
85 184
40 139
174 273
178 277
110 209
93 192
171 270
171 270
142 241
92 191
77 176
161 260
196 295
76 175
5 104
63 162
88 187
83 182
30 129
95 194
66 165
15 114
153 252
155 254
19 118
65 164
189 288
39 138
151 250
127 226
171 270
73 172
103 202
139 238
183 282
102 201
88 187
164 263
98 197
116 215
55 154
5 104
117 216
127 226
160 259
97 196
127 226
195 294
160 259
28 127
146 245
10 109
149 248
23 122
42 141
145 244
58 157
43 142
56 155
137 236
176 275
187 286
19 118
128 227
25 124
141 240
121 220
32 131
45 144
17 116
94 193
20 119
191 290
90 189
70 169
22 121
51 150
174 273
91 190
68 167
159 258
185 284
118 217
20 119
132 231
163 262
54 153
137 236
105 204
51 150
153 252
22 121
46 145
118 217
151 250
15 114
64 163
36 135
178 277
87 186
105 204
6 105
179 278
189 288
39 138
68 167
79 178
134 233
72 171
1 100
149 248
84 183
168 267
60 159
18 117
185 284
131 230
153 252
127 226
88 187
125 224
186 285
12 111
7 106
58 157
1 100
9 108
191 290
105 204
71 170
100 199
43 142
172 271
52 151
50 149
44 143
190 289
93 192
147 246
193 292
167 266
122 221
67 166
18 117
86 185
105 204
16 115
101 200
91 190
99 198
167 266
16 115
83 182
134 233
139 238
47 146
171 270
32 131
171 270
50 149
74 173
181 280
149 248
32 131
151 250
126 225
44 143
157 256
194 293
175 274
44 143
193 292
99 198
115 214
47 146
51 150
110 209
161 260
86 185
58 157
186 285
156 255
99 198
195 294
0 99
15 114
74 173
40 139
86 185
101 200
127 226
87 186
43 142
10 109
142 241
166 265
3 102
116 215
181 280
92 191
99 198
60 159
149 248
182 281
142 241
141 240
130 229
109 208
83 182
9 108
131 230
157 256
146 245
172 271
62 161
110 209
18 117
54 153
42 141
42 141
115 214
185 284
127 226
114 213
131 230
188 287
57 156
21;156504
114 213
57 156
5 104
120 219
27 126
143 242
131 230
91 190
84 183
110 209
144 243
187 286
183 282
173 272
96 195
120 219
130 229
140 239
15 114
162 261
122 221
178 277
124 223
98 197
11 110
46 145
67 166
62 161
113 212
36 135
126 225
65 164
177 276
74 173
115 214
126 225
193 292
44 143
155 254
126 225
23 122
163 262
28 127
27 126
152 251
34 133
161 260
1 100
91 190
100 199
111 210
164 263
80 179
141 240
12 111
152 251
177 276
132 231
191 290
97 196
110 209
32 131
14 113
98 197
127 226
53 152
88 187
118 217
35 134
142 241
88 187
133 232
31 130
188 287
88 187
13 112
165 264
44 143
40 139
85 184
1 100
59 158
127 226
68 167
142 241
140 239
151 250
152 251
65 164
114 213
115 214
128 227
162 261
67 166
195 294
68 167
96 195
149 248
185 284
122 221
171 270
95 194
192 291
99 198
90 189
46 145
116 215
43 142
100 199
141 240
176 275
53 152
131 230
18 117
136 235
34 133
160 259
107 206
88 187
33 132
150 249
122 221
8 107
149 248
189 288
193 292
88 187
93 192
190 289
70 169
12 111
106 205
56 155
42 141
99 198
71 170
38 137
42 141
175 274
10 109
194 293
45 144
55 154
2 101
13 112
15 114
147 246
99 198
16 115
166 265
153 252
83 182
17 116
169 268
119 218
23 122
32 131
159 258
170 269
172 271
7 106
34 133
143 242
155 254
93 192
169 268
112 211
26 125
103 202
28 127
117 216
149 248
2 101
23 122
170 269
44 143
137 236
65 164
129 228
97 196
86 185
8 107
108 207
130 229
33 132
127 226
120 219
186 285
96 195
162 261
88 187
27 126
60 159
70 169
136 235
32 131
91 190
93 192
17 116
63 162
90 189
27 126
161 260
129 228
91 190
13 112
184 283
21 120
60 159
82 181
168 267
36 135
28 127
45 144
157 256
17 116
80 179
77 176
142 241
130 229
28 127
56 155
71 170
134 233
40 139
160 259
177 276
108 207
128 227
10 109
86 185
192 291
172 271
89 188
162 261
95 194
166 265
178 277
81 180
38 137
169 268
162 261
142 241
149 248
118 217
130 229
105 204
106 205
46 145
20 119
6 105
68 167
147 246
116 215
190 289
105 204
109 208
24 123
170 269
64 163
184 283
138 237
17 116
100 199
28 127
77 176
17 116
192 291
66 165
181 280
40 139
62 161
2 101
138 237
42 141
18 117
30 129
111 210
99 198
35 134
52 151
43 142
159 258
53 152
185 284
9 108
40 139
58 157
185 284
10 109
161 260
52 151
5 104
148 247
90 189
95 194
127 226
141 240
36 135
122 221
184 283
171 270
96 195
145 244
125 224
165 264
47 146
84 183
185 284
135 234
184 283
62 161
14 113
133 232
141 240
54 153
73 172
169 268
118 217
34 133
96 195
56 155
44 143
102 201
72 171
160 259
111 210
55 154
118 217
44 143
7 106
186 285
97 196
13 112
28 127
141 240
125 224
57 156
55 154
112 211
129 228
161 260
157 256
93 192
39 138
74 173
8 107
63 162
154 253
114 213
5 104
183 282
32 131
24 123
59 158
3 102
34 133
182 281
182 281
9 108
193 292
138 237
101 200
159 258
102 201
190 289
136 235
15 114
138 237
186 285
85 184
21 120
187 286
180 279
136 235
27 126
4 103
125 224
157 256
124 223
105 204
115 214
32 131
160 259
172 271
55 154
120 219
101 200
68 167
157 256
94 193
118 217
65 164
123 222
123 222
166 265
20 119
154 253
88 187
25 124
29 128
115 214
172 271
70 169
12 111
177 276
30 129
17 116
29 128
137 236
89 188
133 232
143 242
30 129
143 242
21 120
60 159
16 115
79 178
43 142
58 157
141 240
113 212
4 103
123 222
63 162
14 113
161 260
107 206
148 247
163 262
133 232
120 219
157 256
72 171
129 228
127 226
43 142
123 222
169 268
77 176
101 200
63 162
92 191
96 195
178 277
120 219
173 272
38 137
25 124
114 213
137 236
119 218
6 105
109 208
23 122
81 180
48 147
123 222
178 277
126 225
173 272
151 250
130 229
21 120
72 171
62 161
90 189
12 111
58 157
165 264
46 145
157 256
92 191
56 155
152 251
123 222
142 241
110 209
24 123
192 291
197 296
19 118
116 215
55 154
100 199
197 296
151 250
184 283
25 124
153 252
175 274
148 247
80 179
89 188
21 120
27 126
65 164
41 140
175 274
115 214
6 105
14 113
196 295
193 292
96 195
58 157
157 256
72 171
66 165
117 216
28 127
176 275
19 118
112 211
108 207
101 200
10 109
118 217
62 161
142 241
157 256
93 192
110 209
84 183
107 206
178 277
23 122
156 255
109 208
41 140
155 254
148 247
175 274
194 293
90 189
131 230
150 249
139 238
123 222
173 272
192 291
34 133
96 195
169 268
74 173
122 221
164 263
163 262
90 189
168 267
183 282
61 160
164 263
191 290
131 230
141 240
146 245
13 112
178 277
182 281
67 166
146 245
97 196
140 239
33 132
61 160
6 105
7 106
96 195
130 229
15 114
119 218
86 185
91 190
39 138
146 245
103 202
35 134
136 235
47 146
195 294
127 226
80 179
131 230
158 257
87 186
189 288
181 280
177 276
186 285
46 145
26 125
180 279
155 254
163 262
1 100
2 101
194 293
121 220
68 167
49 148
98 197
188 287
162 261
40 139
174 273
185 284
137 236
53 152
188 287
78 177
131 230
140 239
104 203
46 145
62 161
194 293
23 122
193 292
161 260
128 227
119 218
104 203
117 216
78 177
16 115
182 281
157 256
97 196
41 140
82 181
160 259
197 296
146 245
21 120
123 222
30 129
151 250
31 130
125 224
112 211
158 257
137 236
49 148
177 276
100 199
50 149
39 138
74 173
55 154
137 236
45 144
61 160
124 223
14 113
15 114
27 126
196 295
46 145
73 172
84 183
80 179
122 221
6 105
20 119
105 204
21 120
157 256
10 109
138 237
80 179
26 125
91 190
48 147
184 283
80 179
132 231
44 143
47 146
170 269
140 239
70 169
78 177
18 117
75 174
131 230
181 280
120 219
85 184
72 171
62 161
133 232
108 207
56 155
182 281
130 229
128 227
155 254
152 251
171 270
1 100
38 137
171 270
74 173
48 147
84 183
9 108
0 99
23 122
143 242
157 256
27 126
33 132
117 216
101 200
47 146
99 198
78 177
120 219
41 140
56 155
113 212
84 183
110 209
44 143
104 203
59 158
96 195
167 266
40 139
69 168
177 276
35 134
2 101
81 180
174 273
52 151
84 183
119 218
165 264
181 280
104 203
7 106
26 125
79 178
11 110
111 210
193 292
128 227
1 100
181 280
95 194
139 238
127 226
102 201
27 126
196 295
35 134
22 121
184 283
72 171
159 258
39 138
61 160
45 144
5 104
40 139
143 242
77 176
197 296
180 279
38 137
98 197
173 272
58 157
26 125
19 118
191 290
65 164
8 107
122 221
164 263
138 237
101 200
98 197
158 257
159 258
129 228
104 203
71 170
58 157
107 206
23 122
191 290
126 225
67 166
85 184
6 105
132 231
85 184
156 255
111 210
193 292
97 196
147 246
150 249
34 133
182 281
0 99
73 172
66 165
71 170
36 135
63 162
153 252
175 274
135 234
69 168
171 270
55 154
164 263
131 230
94 193
28 127
87 186
150 249
91 190
105 204
43 142
191 290
186 285
105 204
10 109
72 171
134 233
116 215
115 214
148 247
176 275
29 128
124 223
42 141
16 115
29 128
37 136
66 165
56 155
175 274
183 282
132 231
152 251
85 184
77 176
82 181
137 236
49 148
148 247
88 187
183 282
195 294
160 259
128 227
191 290
175 274
171 270
119 218
193 292
3 102
30 129
3 102
22 121
113 212
187 286
194 293
5 104
184 283
195 294
83 182
196 295
64 163
23 122
167 266
85 184
192 291
145 244
181 280
63 162
126 225
174 273
42 141
129 228
111 210
107 206
48 147
60 159
145 244
177 276
166 265
154 253
196 295
49 148
146 245
7 106
157 256
58 157
182 281
66 165
15 114
80 179
161 260
5 104
155 254
190 289
65 164
107 206
49 148
78 177
12 111
57 156
55 154
79 178
75 174
27 126
94 193
189 288
197 296
187 286
98 197
196 295
76 175
82 181
111 210
151 250
181 280
153 252
13 112
91 190
139 238
177 276
165 264
47 146
183 282
167 266
165 264
18 117
66 165
90 189
55 154
121 220
126 225
7 106
184 283
148 247
178 277
34 133
158 257
37 136
157 256
107 206
66 165
94 193
179 278
189 288
0 99
74 173
119 218
93 192
167 266
155 254
188 287
172 271
180 279
54 153
45 144
112 211
186 285
176 275
72 171
161 260
55 154
128 227
82 181
120 219
79 178
29 128
31 130
41 140
95 194
127 226
148 247
144 243
157 256
162 261
22 121
59 158
0 99
105 204
179 278
120 219
184 283
108 207
170 269
20 119
166 265
18 117
101 200
131 230
140 239
5 104
36 135
163 262
39 138
191 290
66 165
162 261
49 148
12 111
0 99
88 187
32 131
123 222
102 201
24 123
60 159
58 157
176 275
175 274
180 279
67 166
19 118
3 102
75 174
136 235
129 228
81 180
34 133
113 212
31 130
156 255
34 133
160 259
76 175
38 137
97 196
189 288
173 272
46 145
49 148
6 105
92 191
25 124
159 258
134 233
25 124
110 209
152 251
125 224
82 181
83 182
180 279
26 125
187 286
157 256
168 267
138 237
120 219
178 277
62 161
55 154
181 280
88 187
196 295
89 188
3 102
136 235
77 176
34 133
109 208
141 240
149 248
153 252
55 154
60 159
86 185
53 152
99 198
5 104
155 254
62 161
101 200
186 285
43 142
131 230
78 177
147 246
35 134
94 193
117 216
31 130
75 174
89 188
68 167
167 266
178 277
75 174
41 140
66 165
170 269
72 171
153 252
155 254
122 221
84 183
137 236
175 274
56 155
83 182
127 226
46 145
167 266
167 266
157 256
80 179
5 104
104 203
55 154
87 186
90 189
60 159
91 190
191 290
23 122
62 161
115 214
169 268
21 120
144 243
107 206
140 239
136 235
112 211
152 251
52 151
146 245
144 243
175 274
38 137
17 116
74 173
138 237
128 227
80 179
121 220
29 128
40 139
126 225
95 194
178 277
64 163
9 108
134 233
151 250
175 274
53 152
110 209
44 143
126 225
96 195
182 281
149 248
94 193
155 254
128 227
59 158
25 124
73 172
37 136
67 166
191 290
5 104
154 253
121 220
48 147
39 138
176 275
130 229
72 171
50 149
179 278
148 247
157 256
140 239
38 137
79 178
94 193
115 214
18 117
193 292
38 137
182 281
77 176
188 287
166 265
84 183
191 290
93 192
122 221
159 258
32 131
123 222
85 184
98 197
8 107
58 157
28 127
51 150
184 283
196 295
17 116
182 281
77 176
105 204
127 226
67 166
118 217
10 109
152 251
8 107
99 198
46 145
62 161
128 227
155 254
55 154
49 148
20 119
172 271
144 243
89 188
87 186
110 209
89 188
3 102
178 277
164 263
70 169
192 291
58 157
66 165
73 172
128 227
141 240
53 152
18 117
149 248
54 153
34 133
100 199
48 147
95 194
152 251
71 170
188 287
186 285
12 111
138 237
74 173
98 197
143 242
65 164
75 174
43 142
184 283
74 173
43 142
110 209
25 124
50 149
95 194
23 122
165 264
189 288
75 174
106 205
190 289
30 129
166 265
129 228
109 208
103 202
99 198
109 208
139 238
112 211
151 250
145 244
129 228
111 210
144 243
93 192
25 124
90 189
4 103
45 144
17 116
156 255
163 262
22 121
95 194
187 286
12 111
73 172
40 139
118 217
151 250
87 186
129 228
144 243
100 199
159 258
194 293
168 267
132 231
193 292
29 128
1 100
170 269
192 291
195 294
92 191
4 103
90 189
194 293
7 106
182 281
10 109
125 224
183 282
40 139
164 263
40 139
14 113
30 129
193 292
10 109
115 214
73 172
73 172
109 208
0 99
68 167
68 167
39 138
80 179
38 137
112 211
7 106
12 111
138 237
147 246
16 115
13 112
146 245
51 150
188 287
101 200
164 263
26 125
38 137
159 258
19 118
130 229
153 252
150 249
145 244
88 187
194 293
129 228
14 113
83 182
83 182
126 225
54 153
72 171
117 216
100 199
195 294
98 197
156 255
135 234
153 252
70 169
112 211
79 178
186 285
145 244
171 270
115 214
192 291
30 129
116 215
106 205
62 161
67 166
65 164
186 285
140 239
110 209
95 194
161 260
2 101
193 292
182 281
142 241
75 174
88 187
136 235
139 238
108 207
17 116
182 281
112 211
154 253
45 144
102 201
22 121
106 205
6 105
180 279
83 182
164 263
187 286
128 227
149 248
139 238
191 290
194 293
114 213
72 171
52 151
162 261
14 113
54 153
158 257
127 226
108 207
76 175
30 129
30 129
110 209
147 246
60 159
170 269
139 238
112 211
115 214
55 154
173 272
18 117
195 294
47 146
66 165
134 233
118 217
43 142
21 120
80 179
161 260
133 232
2 101
24 123
52 151
128 227
52 151
11 110
195 294
161 260
14 113
34 133
34 133
2 101
138 237
101 200
167 266
158 257
51 150
168 267
151 250
2 101
197 296
196 295
1 100
163 262
39 138
192 291
121 220
155 254
94 193
108 207
151 250
8 107
151 250
41 140
172 271
162 261
149 248
101 200
53 152
180 279
67 166
81 180
102 201
158 257
142 241
160 259
57 156
61 160
16 115
58 157
166 265
56 155
191 290
86 185
144 243
179 278
128 227
14 113
194 293
15 114
174 273
183 282
58 157
84 183
195 294
181 280
131 230
58 157
70 169
2 101
125 224
129 228
121 220
118 217
127 226
56 155
121 220
165 264
28 127
117 216
139 238
67 166
176 275
16 115
87 186
94 193
179 278
9 108
84 183
71 170
73 172
24 123
58 157
53 152
182 281
16 115
161 260
125 224
175 274
0 99
50 149
59 158
96 195
77 176
186 285
151 250
9 108
106 205
13 112
39 138
84 183
73 172
117 216
85 184
139 238
48 147
21 120
9 108
83 182
159 258
133 232
9 108
182 281
162 261
82 181
86 185
18 117
38 137
8 107
68 167
97 196
72 171
2 101
27 126
173 272
41 140
90 189
142 241
86 185
163 262
98 197
131 230
171 270
21 120
172 271
74 173
124 223
125 224
161 260
146 245
125 224
0 99
19 118
140 239
31 130
63 162
14 113
14 113
1 100
61 160
37 136
6 105
12 111
38 137
101 200
109 208
129 228
185 284
63 162
194 293
57 156
196 295
136 235
131 230
153 252
83 182
9 108
105 204
19 118
140 239
52 151
168 267
89 188
18 117
149 248
56 155
115 214
100 199
45 144
155 254
153 252
90 189
179 278
129 228
183 282
112 211
96 195
94 193
118 217
94 193
120 219
119 218
137 236
137 236
187 286
176 275
74 173
148 247
70 169
11 110
55 154
136 235
94 193
11 110
130 229
70 169
188 287
191 290
7 106
10 109
100 199
31 130
106 205
30 129
14 113
141 240
19 118
82 181
63 162
20 119
146 245
55 154
73 172
12 111
68 167
147 246
61 160
62 161
83 182
147 246
182 281
156 255
57 156
1 100
145 244
132 231
155 254
14 113
137 236
126 225
91 190
127 226
38 137
184 283
71 170
34 133
8 107
171 270
117 216
65 164
121 220
191 290
38 137
164 263
157 256
173 272
8 107
132 231
19 118
167 266
176 275
57 156
105 204
39 138
135 234
137 236
56 155
172 271
132 231
103 202
72 171
85 184
176 275
70 169
165 264
101 200
0 99
124 223
154 253
180 279
3 102
180 279
103 202
74 173
74 173
159 258
124 223
93 192
115 214
53 152
157 256
171 270
150 249
194 293
53 152
91 190
42 141
70 169
30 129
138 237
113 212
1 100
73 172
188 287
51 150
153 252
87 186
134 233
151 250
46 145
182 281
75 174
48 147
68 167
111 210
0 99
162 261
76 175
109 208
132 231
187 286
25 124
146 245
72 171
17 116
128 227
72 171
175 274
101 200
144 243
73 172
90 189
69 168
20 119
30 129
91 190
137 236
128 227
178 277
147 246
15 114
15 114
155 254
125 224
110 209
181 280
193 292
91 190
0 99
110 209
189 288
42 141
40 139
81 180
165 264
98 197
106 205
42 141
54 153
115 214
120 219
107 206
35 134
63 162
133 232
117 216
86 185
147 246
139 238
170 269
99 198
94 193
154 253
92 191
41 140
39 138
25 124
23 122
142 241
191 290
158 257
38 137
190 289
44 143
90 189
25 124
109 208
92 191
181 280
2 101
133 232
88 187
98 197
89 188
42 141
108 207
63 162
71 170
185 284
65 164
167 266
183 282
52 151
148 247
30 129
22 121
11 110
136 235
139 238
185 284
13 112
43 142
23 122
25 124
18 117
152 251
124 223
57 156
87 186
82 181
144 243
100 199
80 179
34 133
5 104
18 117
74 173
72 171
63 162
8 107
9 108
117 216
179 278
103 202
125 224
173 272
85 184
162 261
86 185
139 238
120 219
17 116
170 269
165 264
147 246
59 158
1 100
27 126
185 284
80 179
2 101
106 205
120 219
26 125
51 150
193 292
132 231
48 147
109 208
185 284
167 266
39 138
49 148
57 156
157 256
183 282
75 174
169 268
19 118
180 279
7 106
127 226
187 286
183 282
92 191
85 184
146 245
52 151
185 284
187 286
114 213
71 170
20 119
165 264
168 267
100 199
171 270
57 156
45 144
187 286
120 219
64 163
101 200
166 265
138 237
14 113
169 268
62 161
58 157
190 289
62 161
154 253
139 238
151 250
121 220
128 227
142 241
179 278
128 227
165 264
89 188
137 236
136 235
99 198
74 173
55 154
96 195
146 245
108 207
169 268
159 258
127 226
63 162
9 108
13 112
57 156
48 147
122 221
6 105
91 190
159 258
45 144
24 123
86 185
127 226
105 204
54 153
35 134
45 144
69 168
81 180
81 180
141 240
150 249
138 237
87 186
44 143
55 154
98 197
169 268
190 289
17 116
58 157
65 164
179 278
178 277
108 207
116 215
146 245
111 210
165 264
189 288
130 229
105 204
99 198
89 188
28 127
57 156
102 201
153 252
162 261
164 263
12 111
16 115
67 166
185 284
148 247
109 208
186 285
6 105
8 107
47 146
180 279
93 192
52 151
197 296
97 196
25 124
84 183
157 256
127 226
145 244
7 106
194 293
113 212
150 249
136 235
143 242
77 176
170 269
93 192
157 256
97 196
95 194
7 106
28 127
121 220
128 227
143 242
44 143
41 140
70 169
131 230
190 289
161 260
189 288
149 248
127 226
131 230
139 238
3 102
25 124
71 170
194 293
7 106
61 160
4 103
142 241
169 268
9 108
175 274
160 259
170 269
126 225
39 138
109 208
110 209
28 127
197 296
112 211
5 104
11 110
32 131
104 203
155 254
116 215
74 173
99 198
99 198
180 279
153 252
75 174
179 278
163 262
113 212
2 101
111 210
21 120
27 126
67 166
126 225
104 203
32 131
41 140
135 234
91 190
131 230
160 259
178 277
74 173
150 249
12 111
60 159
85 184
103 202
154 253
108 207
190 289
68 167
61 160
36 135
58 157
97 196
194 293
109 208
83 182
106 205
180 279
51 150
11 110
136 235
68 167
134 233
135 234
190 289
193 292
35 134
119 218
157 256
18 117
108 207
159 258
39 138
180 279
123 222
5 104
107 206
144 243
122 221
106 205
40 139
110 209
155 254
70 169
60 159
49 148
69 168
71 170
10 109
144 243
124 223
52 151
187 286
18 117
45 144
54 153
186 285
19 118
66 165
96 195
27 126
6 105
37 136
69 168
15 114
16 115
63 162
78 177
116 215
78 177
175 274
141 240
15 114
178 277
117 216
68 167
190 289
65 164
145 244
178 277
124 223
74 173
15 114
80 179
182 281
87 186
17 116
89 188
43 142
94 193
171 270
105 204
28 127
196 295
158 257
101 200
131 230
169 268
61 160
101 200
51 150
59 158
82 181
174 273
169 268
150 249
155 254
98 197
12 111
195 294
45 144
122 221
46 145
59 158
128 227
3 102
85 184
195 294
78 177
66 165
194 293
143 242
167 266
30 129
20 119
124 223
157 256
180 279
152 251
7 106
163 262
124 223
163 262
142 241
2 101
23 122
188 287
23 122
24 123
54 153
1 100
13 112
146 245
69 168
121 220
75 174
72 171
104 203
74 173
135 234
52 151
27 126
19 118
165 264
179 278
165 264
70 169
44 143
91 190
31 130
11 110
6 105
139 238
172 271
47 146
195 294
80 179
148 247
61 160
56 155
127 226
137 236
189 288
187 286
102 201
100 199
131 230
45 144
95 194
10 109
137 236
192 291
26 125
21 120
69 168
95 194
138 237
136 235
74 173
27 126
80 179
22 121
41 140
145 244
162 261
2 101
181 280
104 203
197 296
179 278
153 252
87 186
50 149
19 118
103 202
111 210
34 133
175 274
195 294
170 269
13 112
150 249
117 216
162 261
163 262
23 122
117 216
85 184
174 273
43 142
52 151
146 245
128 227
150 249
113 212
76 175
46 145
75 174
193 292
59 158
189 288
182 281
125 224
151 250
68 167
25 124
111 210
134 233
98 197
195 294
11 110
111 210
112 211
55 154
13 112
168 267
56 155
96 195
84 183
24 123
52 151
129 228
156 255
76 175
91 190
134 233
179 278
146 245
103 202
52 151
172 271
36 135
111 210
42 141
146 245
43 142
129 228
149 248
175 274
30 129
34 133
100 199
147 246
191 290
71 170
79 178
125 224
186 285
139 238
20 119
13 112
92 191
99 198
22 121
19 118
64 163
7 106
43 142
197 296
26 125
186 285
142 241
152 251
3 102
62 161
106 205
24 123
185 284
16 115
94 193
82 181
180 279
125 224
142 241
151 250
171 270
126 225
89 188
133 232
148 247
106 205
93 192
106 205
62 161
17 116
92 191
46 145
15 114
158 257
49 148
42 141
162 261
192 291
5 104
84 183
127 226
40 139
138 237
69 168
185 284
142 241
17 116
197 296
129 228
157 256
183 282
0 99
144 243
58 157
136 235
88 187
115 214
162 261
74 173
3 102
162 261
111 210
43 142
95 194
64 163
39 138
139 238
137 236
23 122
70 169
25 124
14 113
64 163
34 133
87 186
24 123
191 290
48 147
96 195
175 274
64 163
39 138
103 202
24 123
153 252
30 129
114 213
158 257
89 188
130 229
6 105
77 176
185 284
167 266
12 111
90 189
128 227
80 179
158 257
147 246
188 287
83 182
143 242
113 212
15 114
191 290
10 109
146 245
163 262
28 127
152 251
52 151
2 101
45 144
78 177
93 192
165 264
82 181
26 125
143 242
115 214
143 242
1 100
58 157
192 291
79 178
181 280
56 155
177 276
77 176
42 141
179 278
43 142
30 129
17 116
196 295
11 110
14 113
40 139
7 106
96 195
22 121
19 118
143 242
159 258
78 177
20 119
170 269
90 189
179 278
108 207
80 179
156 255
189 288
67 166
194 293
161 260
183 282
55 154
47 146
135 234
152 251
176 275
34 133
115 214
166 265
131 230
106 205
195 294
169 268
23 122
164 263
136 235
177 276
181 280
18 117
25 124
186 285
178 277
196 295
191 290
146 245
45 144
149 248
125 224
9 108
138 237
136 235
75 174
106 205
22 121
157 256
121 220
108 207
77 176
79 178
99 198
109 208
71 170
8 107
195 294
37 136
98 197
126 225
71 170
4 103
83 182
28 127
52 151
97 196
180 279
197 296
27 126
52 151
6 105
47 146
37 136
32 131
124 223
131 230
25 124
177 276
171 270
67 166
112 211
111 210
168 267
111 210
181 280
196 295
120 219
116 215
43 142
160 259
87 186
154 253
69 168
104 203
9 108
184 283
121 220
96 195
22 121
77 176
165 264
167 266
86 185
138 237
59 158
54 153
70 169
35 134
26 125
3 102
54 153
108 207
100 199
135 234
14 113
78 177
126 225
173 272
30 129
93 192
146 245
47 146
11 110
19 118
17 116
70 169
98 197
152 251
83 182
48 147
10 109
89 188
176 275
18 117
193 292
179 278
46 145
9 108
87 186
109 208
36 135
2 101
147 246
182 281
41 140
152 251
56 155
28 127
13 112
80 179
29 128
169 268
22 121
111 210
48 147
174 273
129 228
105 204
101 200
42 141
25 124
49 148
111 210
132 231
113 212
183 282
50 149
157 256
170 269
45 144
190 289
152 251
97 196
168 267
100 199
13 112
35 134
100 199
140 239
75 174
61 160
6 105
61 160
47 146
39 138
104 203
23 122
129 228
147 246
68 167
124 223
100 199
60 159
167 266
28 127
46 145
29 128
117 216
69 168
36 135
37 136
0 99
97 196
42 141
102 201
23 122
89 188
166 265
67 166
191 290
7 106
194 293
88 187
79 178
63 162
91 190
154 253
95 194
130 229
123 222
127 226
97 196
136 235
8 107
159 258
147 246
18 117
186 285
80 179
31 130
81 180
173 272
193 292
193 292
60 159
16 115
19 118
121 220
164 263
115 214
9 108
3 102
13 112
51 150
52 151
113 212
29 128
21 120
31 130
103 202
90 189
97 196
128 227
63 162
135 234
78 177
78 177
144 243
90 189
143 242
28 127
122 221
50 149
0 99
12 111
98 197
80 179
24 123
95 194
107 206
47 146
56 155
29 128
34 133
132 231
39 138
163 262
190 289
75 174
70 169
4 103
8 107
7 106
112 211
29 128
173 272
88 187
139 238
184 283
41 140
138 237
72 171
96 195
192 291
94 193
140 239
73 172
169 268
61 160
128 227
191 290
46 145
36 135
161 260
130 229
36 135
159 258
43 142
48 147
77 176
108 207
3 102
152 251
170 269
100 199
63 162
82 181
5 104
38 137
192 291
25 124
116 215
50 149
180 279
35 134
97 196
165 264
163 262
132 231
133 232
164 263
132 231
185 284
185 284
149 248
135 234
169 268
35 134
17 116
163 262
71 170
103 202
146 245
133 232
155 254
67 166
0 99
147 246
20 119
185 284
92 191
191 290
63 162
79 178
162 261
162 261
184 283
169 268
39 138
138 237
75 174
55 154
110 209
95 194
129 228
168 267
163 262
42 141
18 117
57 156
127 226
141 240
124 223
2 101
3 102
4 103
172 271
110 209
82 181
86 185
107 206
173 272
186 285
17 116
135 234
44 143
7 106
9 108
139 238
154 253
192 291
114 213
108 207
24 123
84 183
75 174
79 178
101 200
25 124
0 99
186 285
133 232
97 196
49 148
162 261
184 283
70 169
156 255
179 278
60 159
115 214
143 242
19 118
85 184
79 178
99 198
113 212
95 194
172 271
53 152
68 167
134 233
27 126
96 195
14 113
101 200
165 264
148 247
66 165
64 163
74 173
137 236
38 137
194 293
43 142
68 167
76 175
13 112
22 121
185 284
15 114
154 253
43 142
182 281
84 183
54 153
126 225
184 283
180 279
137 236
45 144
115 214
130 229
106 205
139 238
10 109
50 149
165 264
86 185
173 272
157 256
48 147
39 138
88 187
144 243
140 239
47 146
174 273
73 172
65 164
107 206
179 278
105 204
52 151
133 232
9 108
97 196
167 266
181 280
129 228
44 143
130 229
160 259
96 195
58 157
109 208
49 148
39 138
138 237
41 140
124 223
166 265
119 218
87 186
76 175
129 228
177 276
62 161
148 247
19 118
24 123
159 258
78 177
0 99
172 271
81 180
119 218
100 199
12 111
148 247
30 129
28 127
54 153
52 151
22 121
139 238
190 289
2 101
180 279
0 99
13 112
52 151
75 174
155 254
168 267
182 281
45 144
196 295
84 183
67 166
3 102
192 291
60 159
159 258
73 172
165 264
172 271
90 189
31 130
173 272
174 273
197 296
108 207
174 273
72 171
8 107
35 134
138 237
142 241
152 251
27 126
132 231
37 136
157 256
21 120
4 103
135 234
1 100
124 223
148 247
4 103
59 158
148 247
168 267
55 154
153 252
57 156
123 222
134 233
197 296
154 253
16 115
52 151
183 282
30 129
78 177
16 115
23 122
104 203
92 191
195 294
173 272
4 103
185 284
75 174
171 270
19 118
141 240
155 254
157 256
15 114
56 155
125 224
159 258
145 244
181 280
94 193
128 227
20 119
121 220
21 120
143 242
162 261
12 111
7 106
145 244
78 177
60 159
49 148
154 253
143 242
22 121
35 134
171 270
61 160
78 177
66 165
184 283
0 99
47 146
39 138
88 187
5 104
103 202
133 232
33 132
102 201
31 130
138 237
40 139
135 234
67 166
6 105
83 182
50 149
13 112
29 128
14 113
170 269
83 182
183 282
118 217
102 201
85 184
119 218
78 177
6 105
42 141
33 132
175 274
163 262
33 132
114 213
193 292
180 279
62 161
113 212
13 112
10 109
76 175
159 258
156 255
78 177
165 264
127 226
178 277
98 197
1 100
142 241
82 181
66 165
94 193
180 279
18 117
11 110
66 165
97 196
96 195
128 227
109 208
42 141
190 289
152 251
41 140
188 287
141 240
51 150
71 170
153 252
175 274
42 141
94 193
21 120
34 133
59 158
162 261
115 214
71 170
97 196
55 154
15 114
65 164
87 186
169 268
60 159
90 189
53 152
42 141
17 116
72 171
124 223
63 162
165 264
94 193
140 239
94 193
189 288
186 285
179 278
9 108
29 128
158 257
182 281
193 292
97 196
175 274
112 211
71 170
23 122
191 290
37 136
133 232
46 145
130 229
73 172
160 259
190 289
26 125
45 144
41 140
130 229
166 265
115 214
68 167
29 128
28 127
36 135
3 102
184 283
195 294
39 138
172 271
87 186
118 217
131 230
142 241
15 114
132 231
24 123
88 187
66 165
146 245
90 189
2 101
65 164
90 189
76 175
90 189
175 274
78 177
132 231
49 148
42 141
156 255
45 144
76 175
152 251
80 179
72 171
107 206
131 230
167 266
95 194
48 147
133 232
73 172
76 175
42 141
15 114
183 282
192 291
83 182
38 137
45 144
74 173
40 139
12 111
140 239
59 158
24 123
85 184
10 109
132 231
85 184
10 109
118 217
168 267
164 263
61 160
161 260
82 181
22 121
34 133
146 245
32 131
72 171
93 192
10 109
175 274
108 207
35 134
15 114
6 105
42 141
36 135
52 151
94 193
83 182
137 236
20 119
151 250
23 122
72 171
104 203
190 289
4 103
91 190
53 152
180 279
127 226
35 134
46 145
125 224
30 129
192 291
128 227
168 267
164 263
143 242
38 137
125 224
149 248
145 244
6 105
152 251
81 180
59 158
152 251
49 148
97 196
105 204
172 271
24 123
36 135
68 167
149 248
43 142
156 255
142 241
139 238
107 206
62 161
109 208
140 239
77 176
50 149
191 290
61 160
193 292
140 239
82 181
167 266
195 294
44 143
195 294
183 282
59 158
146 245
194 293
90 189
137 236
61 160
52 151
6 105
131 230
113 212
131 230
59 158
147 246
88 187
54 153
72 171
56 155
97 196
62 161
43 142
144 243
145 244
130 229
178 277
178 277
196 295
48 147
79 178
159 258
123 222
127 226
78 177
187 286
180 279
139 238
78 177
87 186
116 215
143 242
76 175
147 246
166 265
97 196
16 115
136 235
52 151
55 154
155 254
167 266
95 194
97 196
163 262
188 287
95 194
190 289
154 253
115 214
148 247
1 100
67 166
87 186
78 177
78 177
169 268
75 174
130 229
184 283
77 176
55 154
27 126
40 139
160 259
160 259
53 152
81 180
98 197
69 168
56 155
153 252
128 227
10 109
72 171
111 210
63 162
16 115
83 182
134 233
174 273
91 190
12 111
47 146
31 130
172 271
184 283
125 224
129 228
67 166
158 257
88 187
15 114
135 234
165 264
2 101
40 139
56 155
190 289
31 130
121 220
37 136
31 130
174 273
102 201
55 154
89 188
45 144
115 214
15 114
164 263
182 281
113 212
173 272
0 99
94 193
189 288
82 181
103 202
71 170
76 175
146 245
149 248
23 122
179 278
163 262
11 110
134 233
135 234
135 234
161 260
10 109
132 231
41 140
154 253
44 143
25 124
14 113
197 296
171 270
48 147
171 270
179 278
160 259
101 200
176 275
51 150
52 151
157 256
20 119
59 158
80 179
68 167
86 185
132 231
47 146
61 160
19 118
188 287
127 226
121 220
97 196
89 188
80 179
193 292
59 158
145 244
112 211
62 161
184 283
162 261
197 296
122 221
79 178
33 132
103 202
49 148
79 178
146 245
101 200
96 195
39 138
26 125
136 235
101 200
20 119
175 274
194 293
161 260
4 103
106 205
132 231
167 266
162 261
169 268
96 195
66 165
184 283
190 289
115 214
13 112
114 213
177 276
15 114
180 279
32 131
12 111
139 238
48 147
71 170
45 144
79 178
41 140
20 119
52 151
17 116
66 165
20 119
12 111
132 231
42 141
138 237
133 232
28 127
101 200
169 268
110 209
92 191
110 209
115 214
115 214
72 171
32 131
55 154
13 112
25 124
101 200
152 251
109 208
36 135
127 226
170 269
168 267
30 129
23 122
52 151
26 125
83 182
127 226
158 257
138 237
122 221
156 255
55 154
63 162
153 252
14 113
166 265
152 251
79 178
89 188
19 118
178 277
22 121
60 159
63 162
97 196
118 217
48 147
97 196
55 154
160 259
168 267
7 106
130 229
160 259
134 233
69 168
108 207
55 154
134 233
136 235
135 234
161 260
128 227
61 160
13 112
77 176
64 163
181 280
68 167
106 205
94 193
89 188
24 123
42 141
152 251
56 155
98 197
70 169
53 152
91 190
164 263
83 182
107 206
114 213
157 256
127 226
183 282
24 123
170 269
64 163
157 256
66 165
35 134
161 260
32 131
4 103
25 124
139 238
172 271
128 227
73 172
123 222
184 283
146 245
19 118
183 282
137 236
90 189
88 187
130 229
194 293
69 168
42 141
124 223
166 265
145 244
132 231
28 127
101 200
106 205
62 161
159 258
158 257
80 179
24 123
89 188
36 135
162 261
167 266
113 212
167 266
154 253
132 231
106 205
184 283
32 131
161 260
38 137
128 227
139 238
84 183
189 288
174 273
178 277
58 157
109 208
155 254
59 158
173 272
9 108
45 144
90 189
1 100
153 252
91 190
173 272
157 256
38 137
58 157
24 123
13 112
159 258
121 220
2 101
80 179
83 182
57 156
116 215
134 233
56 155
22 121
124 223
150 249
2 101
144 243
163 262
58 157
73 172
76 175
135 234
19 118
20 119
28 127
193 292
38 137
59 158
145 244
153 252
149 248
17 116
134 233
194 293
63 162
58 157
126 225
72 171
116 215
20 119
10 109
50 149
110 209
99 198
31 130
115 214
130 229
179 278
41 140
20 119
180 279
166 265
23 122
123 222
16 115
144 243
113 212
151 250
108 207
2 101
115 214
114 213
23 122
137 236
188 287
58 157
16 115
73 172
57 156
179 278
113 212
114 213
118 217
66 165
42 141
54 153
151 250
96 195
60 159
71 170
65 164
153 252
88 187
158 257
94 193
46 145
2 101
68 167
129 228
110 209
110 209
122 221
100 199
181 280
131 230
95 194
166 265
143 242
62 161
112 211
174 273
22 121
14 113
37 136
124 223
105 204
39 138
161 260
80 179
124 223
170 269
70 169
39 138
41 140
129 228
74 173
15 114
112 211
8 107
110 209
123 222
37 136
187 286
29 128
62 161
66 165
73 172
134 233
72 171
158 257
3 102
102 201
34 133
76 175
47 146
134 233
12 111
105 204
136 235
33 132
150 249
13 112
58 157
61 160
123 222
7 106
148 247
177 276
174 273
129 228
139 238
71 170
3 102
132 231
95 194
165 264
30 129
31 130
170 269
53 152
80 179
83 182
140 239
162 261
94 193
16 115
164 263
153 252
14 113
103 202
163 262
122 221
33 132
141 240
62 161
22 121
185 284
126 225
40 139
33 132
146 245
180 279
40 139
150 249
35 134
88 187
9 108
177 276
100 199
196 295
75 174
44 143
58 157
83 182
69 168
47 146
80 179
186 285
17 116
1 100
52 151
100 199
65 164
152 251
20 119
18 117
161 260
99 198
177 276
40 139
105 204
38 137
21 120
171 270
133 232
41 140
122 221
120 219
51 150
164 263
112 211
149 248
133 232
161 260
156 255
38 137
153 252
81 180
41 140
109 208
103 202
65 164
12 111
87 186
22 121
57 156
79 178
136 235
167 266
20 119
157 256
1 100
40 139
17 116
173 272
111 210
107 206
19 118
85 184
140 239
73 172
163 262
103 202
9 108
21 120
102 201
170 269
86 185
146 245
160 259
15 114
60 159
28 127
3 102
140 239
169 268
86 185
129 228
56 155
192 291
182 281
102 201
25 124
49 148
158 257
145 244
162 261
23 122
47 146
48 147
165 264
56 155
53 152
73 172
150 249
151 250
132 231
191 290
93 192
102 201
72 171
66 165
159 258
142 241
170 269
70 169
124 223
71 170
7 106
50 149
179 278
82 181
188 287
85 184
60 159
62 161
189 288
9 108
140 239
114 213
151 250
114 213
49 148
177 276
88 187
179 278
96 195
142 241
32 131
72 171
148 247
158 257
49 148
26 125
194 293
67 166
92 191
95 194
161 260
157 256
168 267
70 169
56 155
181 280
175 274
78 177
84 183
189 288
113 212
11 110
174 273
175 274
144 243
139 238
52 151
152 251
37 136
139 238
133 232
39 138
82 181
128 227
41 140
27 126
61 160
87 186
106 205
40 139
190 289
124 223
135 234
119 218
17 116
58 157
39 138
74 173
85 184
39 138
184 283
25 124
187 286
15 114
148 247
197 296
131 230
103 202
92 191
78 177
17 116
55 154
143 242
48 147
33 132
118 217
23 122
58 157
41 140
94 193
116 215
15 114
136 235
138 237
47 146
91 190
20 119
3 102
49 148
48 147
105 204
78 177
23 122
22 121
59 158
108 207
4 103
134 233
33 132
155 254
16 115
64 163
101 200
91 190
140 239
59 158
67 166
50 149
85 184
99 198
151 250
113 212
12 111
47 146
42 141
146 245
121 220
135 234
183 282
44 143
15 114
176 275
109 208
32 131
154 253
13 112
174 273
14 113
112 211
55 154
73 172
76 175
136 235
110 209
17 116
139 238
43 142
161 260
164 263
102 201
127 226
115 214
68 167
73 172
13 112
120 219
14 113
130 229
67 166
8 107
101 200
60 159
168 267
147 246
3 102
66 165
7 106
94 193
188 287
55 154
91 190
22 121
161 260
175 274
141 240
125 224
65 164
33 132
87 186
141 240
133 232
59 158
169 268
95 194
159 258
54 153
57 156
101 200
124 223
25 124
109 208
67 166
162 261
180 279
62 161
108 207
30 129
68 167
45 144
131 230
98 197
97 196
86 185
76 175
42 141
111 210
68 167
78 177
105 204
40 139
32 131
61 160
181 280
51 150
37 136
49 148
101 200
176 275
98 197
92 191
91 190
39 138
176 275
83 182
60 159
80 179
141 240
24 123
39 138
129 228
15 114
138 237
125 224
169 268
4 103
76 175
122 221
169 268
73 172
88 187
50 149
167 266
63 162
75 174
7 106
63 162
110 209
93 192
140 239
161 260
29 128
103 202
76 175
56 155
194 293
25 124
64 163
184 283
35 134
183 282
45 144
110 209
93 192
195 294
29 128
59 158
136 235
17 116
132 231
139 238
52 151
101 200
2 101
41 140
125 224
40 139
180 279
96 195
40 139
52 151
190 289
104 203
157 256
57 156
155 254
50 149
153 252
15 114
110 209
189 288
105 204
180 279
187 286
135 234
13 112
186 285
28 127
17 116
104 203
28 127
140 239
149 248
87 186
82 181
147 246
35 134
4 103
150 249
65 164
125 224
181 280
117 216
23 122
52 151
44 143
94 193
11 110
160 259
47 146
167 266
120 219
90 189
93 192
183 282
37 136
74 173
164 263
3 102
96 195
86 185
73 172
188 287
98 197
185 284
114 213
26 125
97 196
24 123
177 276
68 167
53 152
15 114
121 220
97 196
119 218
128 227
167 266
140 239
190 289
39 138
54 153
33 132
171 270
104 203
78 177
30 129
170 269
60 159
29 128
12 111
22 121
59 158
37 136
133 232
80 179
78 177
70 169
99 198
117 216
61 160
123 222
194 293
99 198
0 99
40 139
166 265
26 125
138 237
76 175
160 259
116 215
191 290
43 142
183 282
145 244
159 258
67 166
40 139
119 218
104 203
12 111
79 178
150 249
26 125
155 254
75 174
89 188
4 103
67 166
33 132
158 257
152 251
80 179
167 266
127 226
39 138
184 283
99 198
86 185
6 105
176 275
187 286
109 208
105 204
75 174
177 276
35 134
111 210
90 189
145 244
73 172
179 278
52 151
61 160
35 134
154 253
84 183
152 251
46 145
30 129
41 140
95 194
194 293
44 143
74 173
101 200
55 154
131 230
45 144
95 194
40 139
190 289
69 168
174 273
109 208
125 224
107 206
190 289
125 224
72 171
66 165
57 156
105 204
36 135
69 168
21 120
77 176
107 206
163 262
95 194
188 287
87 186
191 290
34 133
194 293
165 264
14 113
129 228
43 142
159 258
189 288
15 114
56 155
171 270
150 249
166 265
58 157
84 183
134 233
159 258
10 109
171 270
185 284
168 267
121 220
146 245
78 177
90 189
130 229
85 184
183 282
119 218
59 158
184 283
172 271
89 188
165 264
147 246
38 137
45 144
145 244
72 171
129 228
137 236
56 155
27 126
145 244
90 189
2 101
17 116
141 240
190 289
143 242
73 172
181 280
180 279
101 200
164 263
169 268
136 235
15 114
99 198
179 278
183 282
186 285
188 287
117 216
197 296
189 288
184 283
50 149
93 192
176 275
103 202
166 265
117 216
144 243
111 210
89 188
142 241
108 207
156 255
43 142
78 177
82 181
31 130
65 164
90 189
133 232
32 131
16 115
127 226
142 241
38 137
145 244
139 238
188 287
27 126
44 143
31 130
133 232
164 263
176 275
109 208
190 289
50 149
128 227
78 177
138 237
102 201
14 113
194 293
28 127
18 117
176 275
179 278
137 236
89 188
123 222
36 135
55 154
90 189
99 198
174 273
184 283
183 282
138 237
138 237
42 141
190 289
181 280
112 211
66 165
68 167
111 210
95 194
50 149
23 122
30 129
140 239
95 194
128 227
36 135
38 137
190 289
71 170
55 154
118 217
39 138
153 252
67 166
56 155
128 227
184 283
80 179
12 111
71 170
179 278
15 114
191 290
63 162
69 168
66 165
123 222
114 213
114 213
26 125
71 170
165 264
83 182
135 234
53 152
129 228
111 210
188 287
81 180
129 228
188 287
35 134
124 223
164 263
28 127
17 116
73 172
124 223
104 203
135 234
38 137
34 133
7 106
169 268
171 270
7 106
166 265
187 286
173 272
167 266
171 270
147 246
104 203
132 231
48 147
59 158
67 166
44 143
31 130
195 294
134 233
11 110
30 129
137 236
175 274
135 234
33 132
6 105
111 210
28 127
125 224
50 149
14 113
26 125
185 284
122 221
58 157
39 138
77 176
177 276
130 229
15 114
78 177
20 119
62 161
78 177
107 206
140 239
128 227
3 102
73 172
21 120
178 277
94 193
151 250
14 113
184 283
73 172
149 248
76 175
83 182
136 235
114 213
160 259
20 119
110 209
61 160
127 226
108 207
162 261
191 290
134 233
80 179
87 186
128 227
157 256
14 113
155 254
196 295
170 269
112 211
114 213
111 210
141 240
106 205
90 189
178 277
155 254
114 213
157 256
121 220
21 120
176 275
124 223
78 177
79 178
96 195
176 275
165 264
37 136
105 204
86 185
52 151
112 211
6 105
33 132
97 196
156 255
171 270
158 257
13 112
10 109
149 248
43 142
184 283
61 160
19 118
123 222
115 214
27 126
111 210
44 143
96 195
4 103
141 240
31 130
64 163
59 158
116 215
96 195
6 105
94 193
46 145
8 107
178 277
186 285
32 131
99 198
123 222
194 293
112 211
119 218
176 275
186 285
1 100
11 110
84 183
116 215
182 281
67 166
113 212
115 214
81 180
80 179
170 269
81 180
136 235
143 242
146 245
186 285
69 168
195 294
167 266
160 259
164 263
137 236
167 266
39 138
19 118
6 105
58 157
68 167
114 213
192 291
190 289
148 247
41 140
73 172
1 100
162 261
101 200
181 280
154 253
33 132
158 257
32 131
188 287
171 270
132 231
140 239
114 213
113 212
98 197
179 278
42 141
91 190
33 132
196 295
193 292
109 208
86 185
35 134
179 278
145 244
192 291
73 172
156 255
20 119
112 211
190 289
43 142
15 114
38 137
90 189
75 174
134 233
133 232
131 230
172 271
76 175
169 268
127 226
153 252
101 200
36 135
146 245
61 160
126 225
69 168
92 191
116 215
139 238
20 119
171 270
21 120
165 264
106 205
114 213
0 99
75 174
79 178
85 184
10 109
32 131
2 101
65 164
90 189
98 197
62 161
71 170
185 284
66 165
3 102
151 250
114 213
31 130
39 138
146 245
172 271
186 285
22 121
130 229
67 166
165 264
191 290
114 213
116 215
121 220
62 161
150 249
157 256
180 279
122 221
93 192
128 227
28 127
104 203
101 200
30 129
131 230
129 228
168 267
154 253
129 228
53 152
131 230
97 196
176 275
17 116
177 276
174 273
52 151
143 242
148 247
193 292
16 115
49 148
159 258
91 190
186 285
115 214
86 185
113 212
128 227
152 251
180 279
38 137
191 290
149 248
113 212
166 265
77 176
49 148
178 277
8 107
18 117
1 100
8 107
150 249
100 199
156 255
58 157
13 112
5 104
85 184
171 270
42 141
60 159
120 219
89 188
44 143
159 258
143 242
127 226
51 150
167 266
94 193
24 123
45 144
144 243
41 140
47 146
175 274
143 242
21 120
9 108
4 103
5 104
155 254
27 126
144 243
66 165
173 272
42 141
119 218
65 164
145 244
59 158
153 252
22 121
43 142
45 144
126 225
178 277
83 182
66 165
13 112
192 291
126 225
17 116
8 107
167 266
47 146
172 271
89 188
25 124
181 280
185 284
5 104
103 202
16 115
61 160
147 246
29 128
131 230
65 164
35 134
88 187
86 185
91 190
147 246
25 124
83 182
12 111
56 155
195 294
160 259
143 242
114 213
79 178
197 296
25 124
157 256
2 101
191 290
39 138
97 196
179 278
159 258
180 279
150 249
96 195
170 269
152 251
31 130
10 109
58 157
95 194
52 151
178 277
40 139
72 171
79 178
183 282
53 152
40 139
70 169
13 112
58 157
59 158
194 293
77 176
180 279
67 166
110 209
188 287
53 152
167 266
92 191
112 211
193 292
130 229
159 258
190 289
173 272
50 149
116 215
51 150
179 278
40 139
42 141
56 155
164 263
69 168
117 216
138 237
114 213
143 242
75 174
99 198
23 122
49 148
4 103
122 221
92 191
76 175
187 286
59 158
119 218
170 269
143 242
166 265
106 205
186 285
192 291
171 270
104 203
66 165
114 213
140 239
170 269
130 229
61 160
23 122
116 215
161 260
183 282
101 200
159 258
126 225
161 260
11 110
73 172
145 244
144 243
81 180
72 171
16 115
22 121
66 165
19 118
48 147
167 266
158 257
31 130
35 134
32 131
173 272
66 165
101 200
139 238
82 181
142 241
191 290
80 179
37 136
82 181
35 134
50 149
45 144
103 202
16 115
185 284
110 209
42 141
109 208
142 241
127 226
14 113
23 122
146 245
56 155
36 135
64 163
72 171
105 204
176 275
131 230
70 169
138 237
191 290
181 280
4 103
75 174
79 178
106 205
142 241
127 226
188 287
133 232
32 131
195 294
170 269
18 117
118 217
11 110
77 176
71 170
21 120
111 210
153 252
100 199
107 206
126 225
108 207
153 252
177 276
179 278
19 118
178 277
4 103
42 141
135 234
128 227
47 146
136 235
182 281
5 104
78 177
100 199
51 150
84 183
148 247
48 147
67 166
91 190
163 262
115 214
40 139
170 269
37 136
37 136
93 192
174 273
187 286
59 158
167 266
39 138
137 236
77 176
91 190
133 232
22 121
69 168
30 129
189 288
77 176
61 160
67 166
128 227
30 129
68 167
78 177
142 241
52 151
5 104
93 192
11 110
181 280
194 293
146 245
167 266
59 158
125 224
47 146
150 249
49 148
145 244
40 139
26 125
53 152
37 136
88 187
188 287
27 126
51 150
21 120
108 207
68 167
8 107
115 214
153 252
86 185
26 125
141 240
94 193
31 130
4 103
66 165
20 119
123 222
86 185
74 173
96 195
61 160
167 266
157 256
31 130
140 239
162 261
48 147
49 148
109 208
178 277
145 244
31 130
160 259
22 121
111 210
13 112
115 214
79 178
182 281
134 233
51 150
181 280
118 217
111 210
160 259
156 255
157 256
65 164
168 267
77 176
160 259
98 197
97 196
90 189
127 226
177 276
161 260
55 154
153 252
162 261
124 223
69 168
107 206
118 217
163 262
110 209
144 243
69 168
174 273
74 173
168 267
117 216
184 283
155 254
138 237
142 241
41 140
65 164
81 180
182 281
32 131
161 260
100 199
184 283
146 245
14 113
157 256
196 295
94 193
51 150
4 103
193 292
15 114
37 136
9 108
184 283
9 108
142 241
70 169
33 132
58 157
145 244
133 232
160 259
189 288
77 176
144 243
131 230
68 167
47 146
156 255
78 177
160 259
187 286
65 164
22 121
42 141
75 174
96 195
13 112
153 252
58 157
10 109
150 249
22 121
1 100
19 118
23 122
111 210
123 222
18 117
184 283
68 167
90 189
85 184
119 218
85 184
54 153
61 160
66 165
131 230
55 154
33 132
41 140
25 124
182 281
137 236
47 146
182 281
8 107
24 123
64 163
10 109
47 146
146 245
79 178
88 187
7 106
195 294
128 227
106 205
80 179
86 185
107 206
168 267
177 276
167 266
163 262
153 252
44 143
78 177
10 109
8 107
80 179
88 187
17 116
92 191
14 113
94 193
142 241
71 170
34 133
83 182
123 222
196 295
77 176
126 225
106 205
18 117
54 153
52 151
54 153
184 283
55 154
55 154
32 131
32 131
1 100
111 210
169 268
75 174
186 285
38 137
124 223
181 280
37 136
3 102
110 209
12 111
162 261
36 135
41 140
87 186
137 236
58 157
132 231
125 224
194 293
105 204
40 139
7 106
165 264
53 152
156 255
29 128
22 121
36 135
124 223
84 183
95 194
19 118
138 237
182 281
138 237
53 152
192 291
5 104
88 187
106 205
179 278
154 253
128 227
186 285
4 103
32 131
186 285
115 214
81 180
168 267
70 169
64 163
102 201
181 280
54 153
143 242
81 180
116 215
158 257
15 114
89 188
186 285
189 288
122 221
182 281
58 157
129 228
56 155
156 255
150 249
69 168
115 214
190 289
99 198
1 100
74 173
195 294
26 125
37 136
100 199
100 199
135 234
62 161
96 195
165 264
79 178
155 254
63 162
119 218
112 211
2 101
23 122
55 154
155 254
1 100
129 228
171 270
47 146
141 240
66 165
29 128
169 268
41 140
74 173
105 204
60 159
38 137
131 230
30 129
27 126
74 173
131 230
24 123
169 268
47 146
131 230
174 273
177 276
54 153
120 219
48 147
94 193
79 178
162 261
138 237
165 264
107 206
35 134
179 278
12 111
77 176
56 155
161 260
196 295
4 103
32 131
101 200
159 258
76 175
74 173
93 192
110 209
74 173
167 266
138 237
4 103
79 178
63 162
21 120
23 122
147 246
175 274
48 147
40 139
102 201
120 219
119 218
91 190
111 210
109 208
189 288
65 164
64 163
103 202
75 174
172 271
157 256
2 101
55 154
105 204
16 115
39 138
64 163
140 239
158 257
34 133
46 145
116 215
81 180
185 284
112 211
131 230
51 150
103 202
3 102
98 197
64 163
109 208
79 178
36 135
6 105
126 225
118 217
193 292
71 170
161 260
101 200
112 211
139 238
129 228
7 106
13 112
145 244
65 164
18 117
7 106
45 144
70 169
21 120
22 121
1 100
67 166
5 104
53 152
47 146
173 272
197 296
121 220
166 265
56 155
92 191
28 127
51 150
44 143
17 116
189 288
50 149
64 163
111 210
73 172
151 250
149 248
133 232
32 131
134 233
121 220
195 294
113 212
10 109
154 253
178 277
50 149
156 255
189 288
195 294
114 213
118 217
193 292
143 242
166 265
173 272
7 106
176 275
39 138
176 275
88 187
176 275
196 295
190 289
188 287
64 163
153 252
22 121
120 219
122 221
9 108
183 282
121 220
150 249
70 169
33 132
149 248
15 114
0 99
72 171
153 252
133 232
136 235
142 241
135 234
55 154
105 204
54 153
161 260
10 109
11 110
170 269
192 291
101 200
32 131
168 267
15 114
185 284
178 277
14 113
114 213
63 162
143 242
150 249
174 273
48 147
92 191
159 258
93 192
181 280
6 105
6 105
154 253
6 105
172 271
30 129
133 232
191 290
113 212
47 146
177 276
155 254
134 233
129 228
64 163
167 266
114 213
11 110
15 114
123 222
176 275
30 129
97 196
36 135
195 294
26 125
187 286
114 213
98 197
175 274
87 186
124 223
194 293
73 172
78 177
71 170
45 144
191 290
157 256
153 252
91 190
152 251
9 108
118 217
140 239
144 243
133 232
132 231
183 282
136 235
177 276
30 129
110 209
177 276
193 292
107 206
89 188
141 240
171 270
77 176
126 225
177 276
66 165
192 291
195 294
165 264
195 294
41 140
105 204
0 99
127 226
135 234
136 235
178 277
85 184
140 239
68 167
116 215
163 262
171 270
169 268
110 209
44 143
122 221
120 219
136 235
156 255
184 283
191 290
192 291
172 271
125 224
81 180
104 203
31 130
25 124
110 209
181 280
136 235
98 197
161 260
41 140
47 146
98 197
143 242
123 222
158 257
23 122
143 242
43 142
59 158
139 238
59 158
51 150
78 177
113 212
58 157
144 243
111 210
159 258
24 123
25 124
86 185
138 237
78 177
148 247
150 249
25 124
90 189
161 260
71 170
63 162
186 285
26 125
151 250
37 136
11 110
85 184
77 176
124 223
63 162
2 101
171 270
95 194
64 163
22 121
151 250
30 129
94 193
182 281
109 208
185 284
16 115
93 192
151 250
189 288
193 292
121 220
112 211
159 258
72 171
137 236
132 231
82 181
131 230
180 279
171 270
143 242
114 213
5 104
155 254
174 273
12 111
149 248
24 123
80 179
73 172
146 245
8 107
79 178
112 211
100 199
2 101
122 221
30 129
144 243
125 224
44 143
152 251
40 139
40 139
43 142
193 292
188 287
35 134
66 165
179 278
148 247
87 186
100 199
17 116
190 289
133 232
131 230
169 268
84 183
78 177
102 201
71 170
156 255
183 282
185 284
139 238
27 126
122 221
140 239
178 277
39 138
154 253
62 161
48 147
133 232
33 132
120 219
158 257
178 277
184 283
13 112
155 254
44 143
110 209
31 130
73 172
2 101
66 165
9 108
108 207
17 116
27 126
184 283
108 207
188 287
28 127
133 232
55 154
91 190
69 168
15 114
89 188
110 209
155 254
147 246
28 127
4 103
16 115
7 106
106 205
77 176
183 282
126 225
31 130
41 140
11 110
31 130
71 170
187 286
76 175
131 230
46 145
164 263
87 186
32 131
170 269
26 125
157 256
151 250
58 157
101 200
108 207
47 146
34 133
86 185
193 292
138 237
147 246
144 243
88 187
43 142
43 142
133 232
16 115
2 101
20 119
139 238
119 218
83 182
2 101
111 210
135 234
101 200
45 144
146 245
138 237
176 275
178 277
125 224
0 99
99 198
169 268
2 101
154 253
166 265
160 259
90 189
14 113
115 214
190 289
85 184
3 102
95 194
21 120
70 169
11 110
121 220
28 127
57 156
154 253
90 189
74 173
66 165
71 170
80 179
32 131
26 125
11 110
114 213
193 292
100 199
96 195
41 140
158 257
194 293
143 242
61 160
98 197
159 258
116 215
20 119
131 230
140 239
129 228
82 181
52 151
167 266
76 175
46 145
109 208
191 290
60 159
111 210
63 162
28 127
6 105
173 272
9 108
98 197
131 230
73 172
12 111
3 102
95 194
93 192
46 145
145 244
84 183
180 279
140 239
130 229
113 212
74 173
19 118
170 269
94 193
197 296
118 217
72 171
165 264
30 129
54 153
18 117
138 237
189 288
77 176
103 202
162 261
122 221
102 201
166 265
162 261
38 137
105 204
193 292
34 133
95 194
150 249
191 290
97 196
81 180
9 108
150 249
184 283
172 271
16 115
86 185
64 163
121 220
98 197
140 239
55 154
51 150
31 130
173 272
78 177
114 213
133 232
118 217
87 186
108 207
115 214
158 257
46 145
184 283
45 144
54 153
190 289
67 166
31 130
144 243
61 160
10 109
151 250
49 148
110 209
127 226
143 242
5 104
66 165
185 284
169 268
104 203
90 189
83 182
185 284
26 125
125 224
164 263
104 203
79 178
30 129
28 127
125 224
25 124
88 187
150 249
77 176
14 113
11 110
70 169
47 146
33 132
189 288
134 233
190 289
4 103
22 121
161 260
156 255
142 241
73 172
145 244
30 129
139 238
172 271
137 236
85 184
122 221
63 162
183 282
149 248
90 189
55 154
124 223
117 216
103 202
163 262
114 213
85 184
148 247
61 160
31 130
25 124
121 220
88 187
133 232
51 150
10 109
72 171
15 114
88 187
130 229
124 223
194 293
8 107
11 110
147 246
169 268
196 295
185 284
91 190
176 275
55 154
63 162
142 241
1 100
168 267
44 143
5 104
153 252
59 158
70 169
56 155
120 219
115 214
16 115
37 136
122 221
104 203
109 208
28 127
88 187
109 208
102 201
68 167
170 269
133 232
49 148
158 257
80 179
47 146
155 254
27 126
121 220
131 230
120 219
197 296
79 178
139 238
82 181
29 128
112 211
119 218
164 263
127 226
153 252
159 258
147 246
82 181
190 289
120 219
112 211
38 137
154 253
161 260
133 232
36 135
68 167
156 255
90 189
8 107
95 194
181 280
80 179
152 251
4 103
165 264
29 128
100 199
53 152
100 199
135 234
10 109
10 109
9 108
38 137
18 117
147 246
153 252
70 169
108 207
90 189
28 127
54 153
18 117
156 255
76 175
33 132
22 121
19 118
30 129
104 203
152 251
122 221
126 225
160 259
112 211
132 231
192 291
180 279
27 126
141 240
80 179
143 242
4 103
95 194
109 208
152 251
137 236
35 134
86 185
142 241
129 228
7 106
152 251
186 285
171 270
102 201
12 111
100 199
7 106
153 252
68 167
132 231
127 226
161 260
68 167
105 204
0 99
168 267
56 155
155 254
116 215
169 268
112 211
184 283
74 173
119 218
41 140
89 188
11 110
185 284
121 220
7 106
160 259
172 271
20 119
105 204
135 234
156 255
133 232
108 207
129 228
89 188
187 286
178 277
85 184
160 259
20 119
187 286
12 111
112 211
52 151
112 211
92 191
148 247
84 183
15 114
96 195
162 261
105 204
148 247
1 100
128 227
168 267
136 235
32 131
34 133
72 171
66 165
2 101
7 106
7 106
45 144
143 242
150 249
50 149
4 103
8 107
171 270
26 125
39 138
39 138
71 170
170 269
186 285
83 182
35 134
59 158
115 214
27 126
56 155
3 102
148 247
56 155
77 176
179 278
20 119
76 175
27 126
194 293
132 231
173 272
176 275
109 208
137 236
145 244
53 152
97 196
162 261
61 160
55 154
167 266
3 102
189 288
16 115
6 105
108 207
133 232
81 180
97 196
62 161
3 102
17 116
88 187
102 201
51 150
73 172
97 196
179 278
48 147
169 268
197 296
189 288
134 233
190 289
12 111
130 229
147 246
6 105
4 103
141 240
93 192
7 106
54 153
28 127
92 191
11 110
114 213
89 188
98 197
34 133
115 214
35 134
188 287
144 243
157 256
181 280
131 230
77 176
57 156
88 187
9 108
133 232
111 210
46 145
85 184
36 135
104 203
38 137
13 112
21 120
186 285
124 223
57 156
9 108
190 289
190 289
131 230
157 256
132 231
174 273
9 108
166 265
75 174
84 183
59 158
195 294
139 238
27 126
193 292
11 110
86 185
182 281
8 107
160 259
10 109
53 152
131 230
161 260
63 162
12 111
19 118
169 268
185 284
148 247
75 174
172 271
31 130
190 289
152 251
196 295
78 177
141 240
182 281
93 192
75 174
126 225
103 202
78 177
180 279
95 194
171 270
28 127
92 191
14 113
29 128
154 253
88 187
196 295
18 117
10 109
125 224
28 127
62 161
84 183
183 282
42 141
184 283
168 267
153 252
75 174
19 118
105 204
146 245
13 112
52 151
27 126
90 189
60 159
128 227
194 293
119 218
99 198
48 147
146 245
114 213
150 249
190 289
71 170
44 143
16 115
151 250
125 224
145 244
109 208
166 265
179 278
84 183
65 164
138 237
191 290
127 226
108 207
58 157
155 254
130 229
179 278
97 196
15 114
80 179
128 227
175 274
53 152
5 104
194 293
166 265
117 216
76 175
34 133
21 120
29 128
17 116
27 126
166 265
46 145
154 253
144 243
163 262
97 196
101 200
182 281
23 122
122 221
187 286
53 152
69 168
103 202
168 267
17 116
114 213
1 100
49 148
24 123
161 260
168 267
85 184
172 271
18 117
139 238
157 256
52 151
94 193
180 279
122 221
179 278
107 206
33 132
15 114
71 170
53 152
92 191
64 163
197 296
125 224
54 153
58 157
197 296
19 118
126 225
132 231
111 210
175 274
0 99
35 134
109 208
155 254
193 292
104 203
108 207
106 205
79 178
77 176
154 253
45 144
100 199
50 149
61 160
137 236
64 163
16 115
120 219
188 287
162 261
169 268
49 148
102 201
48 147
91 190
8 107
118 217
182 281
54 153
17 116
64 163
64 163
9 108
154 253
77 176
29 128
154 253
172 271
117 216
63 162
161 260
44 143
162 261
96 195
27 126
108 207
162 261
108 207
151 250
10 109
60 159
174 273
85 184
189 288
38 137
22 121
182 281
85 184
176 275
60 159
132 231
46 145
144 243
131 230
176 275
61 160
151 250
127 226
13 112
23 122
28 127
119 218
0 99
35 134
103 202
123 222
117 216
9 108
147 246
122 221
120 219
123 222
14 113
10 109
170 269
196 295
169 268
23 122
54 153
81 180
82 181
5 104
67 166
130 229
182 281
160 259
20 119
31 130
112 211
162 261
128 227
37 136
59 158
156 255
51 150
97 196
58 157
142 241
31 130
102 201
169 268
102 201
23 122
20 119
54 153
77 176
133 232
42 141
14 113
89 188
19 118
62 161
173 272
176 275
187 286
185 284
145 244
56 155
69 168
66 165
181 280
101 200
27 126
104 203
78 177
41 140
58 157
33 132
142 241
7 106
107 206
42 141
40 139
168 267
35 134
132 231
121 220
17 116
192 291
137 236
168 267
93 192
91 190
92 191
162 261
112 211
83 182
176 275
121 220
163 262
144 243
4 103
6 105
192 291
193 292
158 257
73 172
119 218
187 286
18 117
12 111
53 152
54 153
117 216
98 197
15 114
87 186
19 118
148 247
174 273
191 290
76 175
173 272
104 203
66 165
148 247
73 172
172 271
189 288
13 112
156 255
155 254
27 126
16 115
9 108
47 146
148 247
133 232
45 144
175 274
67 166
55 154
79 178
106 205
184 283
6 105
93 192
125 224
147 246
21 120
38 137
55 154
11 110
183 282
72 171
197 296
83 182
29 128
10 109
96 195
52 151
24 123
181 280
57 156
32 131
9 108
153 252
163 262
79 178
180 279
160 259
171 270
181 280
136 235
50 149
47 146
177 276
41 140
42 141
123 222
69 168
72 171
38 137
75 174
106 205
132 231
145 244
1 100
103 202
112 211
72 171
25 124
74 173
68 167
72 171
56 155
78 177
127 226
172 271
43 142
178 277
43 142
152 251
189 288
24 123
164 263
18 117
81 180
96 195
61 160
55 154
68 167
81 180
22 121
74 173
15 114
193 292
70 169
108 207
39 138
190 289
46 145
194 293
97 196
71 170
167 266
115 214
176 275
148 247
19 118
186 285
55 154
104 203
134 233
88 187
137 236
182 281
192 291
187 286
156 255
144 243
8 107
187 286
60 159
172 271
39 138
44 143
56 155
79 178
154 253
143 242
61 160
2 101
178 277
160 259
2 101
22 121
55 154
54 153
124 223
176 275
29 128
192 291
194 293
21 120
91 190
46 145
113 212
173 272
144 243
138 237
47 146
104 203
151 250
67 166
0 99
153 252
127 226
138 237
48 147
33 132
60 159
135 234
49 148
156 255
21 120
39 138
100 199
194 293
53 152
43 142
100 199
150 249
85 184
144 243
141 240
45 144
128 227
95 194
148 247
35 134
93 192
3 102
161 260
183 282
171 270
45 144
118 217
60 159
109 208
129 228
20 119
33 132
172 271
160 259
178 277
75 174
194 293
177 276
99 198
62 161
28 127
56 155
27 126
146 245
121 220
88 187
171 270
74 173
92 191
129 228
108 207
186 285
80 179
160 259
43 142
10 109
75 174
35 134
186 285
59 158
64 163
154 253
120 219
98 197
183 282
156 255
187 286
95 194
119 218
91 190
93 192
81 180
69 168
87 186
0 99
77 176
26 125
136 235
148 247
133 232
22 121
49 148
162 261
131 230
15 114
122 221
75 174
9 108
172 271
126 225
157 256
8 107
123 222
7 106
141 240
122 221
180 279
56 155
154 253
151 250
31 130
119 218
23 122
66 165
164 263
194 293
92 191
4 103
116 215
62 161
5 104
83 182
129 228
88 187
59 158
139 238
180 279
82 181
29 128
121 220
140 239
85 184
123 222
196 295
60 159
43 142
146 245
146 245
172 271
51 150
43 142
21 120
48 147
122 221
40 139
183 282
147 246
159 258
73 172
73 172
147 246
18 117
174 273
37 136
162 261
191 290
102 201
13 112
135 234
7 106
44 143
187 286
141 240
15 114
159 258
190 289
171 270
142 241
106 205
84 183
118 217
78 177
176 275
84 183
107 206
182 281
129 228
162 261
38 137
155 254
21 120
31 130
55 154
53 152
139 238
70 169
166 265
97 196
19 118
148 247
77 176
118 217
169 268
68 167
119 218
181 280
150 249
81 180
101 200
11 110
144 243
94 193
74 173
131 230
5 104
179 278
182 281
155 254
20 119
170 269
91 190
182 281
74 173
59 158
184 283
74 173
113 212
138 237
35 134
166 265
48 147
99 198
98 197
93 192
33 132
45 144
123 222
88 187
183 282
164 263
139 238
60 159
45 144
48 147
76 175
119 218
166 265
5 104
196 295
36 135
37 136
141 240
82 181
143 242
196 295
193 292
145 244
195 294
132 231
163 262
170 269
126 225
91 190
114 213
158 257
80 179
172 271
14 113
152 251
44 143
145 244
84 183
40 139
29 128
179 278
71 170
125 224
157 256
119 218
28 127
104 203
21 120
118 217
5 104
140 239
23 122
133 232
64 163
72 171
35 134
119 218
52 151
114 213
4 103
88 187
150 249
59 158
113 212
61 160
140 239
177 276
107 206
27 126
99 198
43 142
91 190
120 219
7 106
53 152
135 234
16 115
188 287
88 187
22 121
25 124
142 241
62 161
173 272
174 273
40 139
122 221
49 148
27 126
100 199
63 162
29 128
3 102
50 149
27 126
187 286
22 121
91 190
189 288
14 113
194 293
7 106
73 172
99 198
155 254
93 192
177 276
140 239
16 115
112 211
62 161
186 285
41 140
151 250
73 172
86 185
91 190
23 122
47 146
89 188
187 286
105 204
125 224
31 130
43 142
152 251
193 292
159 258
23 122
68 167
196 295
71 170
127 226
61 160
30 129
51 150
72 171
79 178
47 146
39 138
128 227
186 285
29 128
145 244
134 233
52 151
172 271
112 211
141 240
154 253
108 207
112 211
65 164
36 135
188 287
155 254
49 148
21 120
4 103
168 267
99 198
126 225
19 118
190 289
99 198
154 253
134 233
128 227
23 122
9 108
128 227
9 108
55 154
155 254
116 215
57 156
87 186
49 148
53 152
190 289
186 285
3 102
65 164
31 130
148 247
19 118
189 288
140 239
70 169
35 134
197 296
184 283
66 165
52 151
180 279
6 105
123 222
37 136
170 269
85 184
162 261
2 101
91 190
129 228
5 104
13 112
181 280
81 180
167 266
65 164
144 243
138 237
43 142
136 235
117 216
17 116
174 273
78 177
187 286
80 179
147 246
75 174
138 237
14 113
81 180
56 155
97 196
56 155
71 170
117 216
92 191
4 103
106 205
78 177
99 198
8 107
77 176
84 183
96 195
111 210
102 201
76 175
163 262
183 282
130 229
67 166
60 159
149 248
16 115
59 158
187 286
131 230
20 119
195 294
143 242
142 241
172 271
167 266
42 141
81 180
98 197
22;156504
107 206
187 286
180 279
3 102
16 115
182 281
127 226
136 235
37 136
187 286
129 228
25 124
84 183
93 192
170 269
148 247
26 125
71 170
25 124
6 105
195 294
61 160
29 128
107 206
3 102
31 130
83 182
141 240
166 265
171 270
194 293
158 257
80 179
10 109
118 217
61 160
74 173
184 283
90 189
133 232
11 110
141 240
176 275
38 137
118 217
32 131
166 265
139 238
40 139
6 105
181 280
91 190
7 106
2 101
195 294
107 206
112 211
1 100
151 250
120 219
182 281
180 279
39 138
159 258
114 213
11 110
27 126
39 138
159 258
155 254
9 108
12 111
17 116
34 133
49 148
20 119
54 153
23 122
76 175
141 240
49 148
14 113
182 281
46 145
128 227
99 198
122 221
159 258
52 151
43 142
169 268
91 190
39 138
37 136
10 109
76 175
126 225
111 210
3 102
44 143
85 184
120 219
9 108
58 157
177 276
105 204
166 265
84 183
4 103
67 166
158 257
99 198
73 172
89 188
128 227
111 210
103 202
134 233
124 223
17 116
9 108
35 134
123 222
170 269
100 199
163 262
165 264
147 246
69 168
54 153
49 148
105 204
114 213
60 159
41 140
138 237
124 223
167 266
143 242
120 219
3 102
154 253
56 155
18 117
174 273
26 125
78 177
145 244
31 130
145 244
95 194
187 286
152 251
28 127
12 111
16 115
11 110
123 222
53 152
8 107
113 212
178 277
60 159
53 152
185 284
44 143
197 296
99 198
46 145
109 208
68 167
90 189
138 237
160 259
137 236
102 201
139 238
119 218
107 206
62 161
177 276
37 136
141 240
138 237
56 155
2 101
146 245
152 251
146 245
121 220
152 251
113 212
35 134
148 247
73 172
73 172
141 240
105 204
47 146
80 179
168 267
105 204
140 239
111 210
114 213
48 147
6 105
1 100
153 252
73 172
24 123
63 162
39 138
172 271
132 231
154 253
124 223
188 287
85 184
95 194
168 267
55 154
15 114
154 253
53 152
24 123
33 132
140 239
116 215
192 291
49 148
162 261
41 140
147 246
51 150
77 176
9 108
107 206
159 258
134 233
42 141
197 296
1 100
107 206
132 231
95 194
26 125
114 213
141 240
114 213
71 170
119 218
135 234
99 198
180 279
96 195
104 203
36 135
127 226
148 247
51 150
122 221
61 160
191 290
126 225
16 115
137 236
79 178
170 269
122 221
94 193
37 136
10 109
183 282
140 239
186 285
52 151
182 281
193 292
105 204
123 222
95 194
75 174
123 222
42 141
171 270
141 240
59 158
71 170
159 258
29 128
164 263
23 122
54 153
158 257
129 228
46 145
133 232
70 169
109 208
153 252
169 268
141 240
183 282
177 276
86 185
4 103
24 123
52 151
63 162
50 149
164 263
151 250
144 243
178 277
146 245
28 127
187 286
108 207
174 273
86 185
197 296
106 205
177 276
35 134
160 259
96 195
10 109
117 216
120 219
77 176
192 291
79 178
131 230
164 263
60 159
1 100
90 189
180 279
61 160
177 276
106 205
136 235
98 197
44 143
187 286
193 292
70 169
14 113
177 276
61 160
137 236
138 237
169 268
28 127
31 130
17 116
73 172
182 281
173 272
127 226
158 257
70 169
165 264
32 131
102 201
7 106
177 276
160 259
97 196
139 238
91 190
141 240
24 123
71 170
173 272
142 241
102 201
121 220
185 284
70 169
194 293
112 211
3 102
26 125
191 290
191 290
103 202
78 177
164 263
63 162
185 284
104 203
27 126
169 268
140 239
61 160
94 193
94 193
46 145
18 117
146 245
168 267
37 136
41 140
139 238
87 186
113 212
147 246
76 175
30 129
36 135
123 222
153 252
27 126
94 193
141 240
102 201
174 273
115 214
128 227
181 280
97 196
41 140
57 156
147 246
192 291
132 231
118 217
85 184
85 184
78 177
60 159
47 146
150 249
113 212
81 180
46 145
87 186
152 251
177 276
195 294
181 280
50 149
161 260
125 224
77 176
6 105
150 249
149 248
38 137
96 195
54 153
155 254
42 141
135 234
4 103
109 208
69 168
156 255
7 106
170 269
171 270
157 256
138 237
73 172
194 293
132 231
62 161
85 184
194 293
105 204
52 151
43 142
69 168
145 244
48 147
9 108
69 168
139 238
9 108
130 229
161 260
103 202
42 141
130 229
163 262
162 261
16 115
11 110
10 109
152 251
192 291
12 111
32 131
52 151
26 125
141 240
74 173
149 248
68 167
131 230
61 160
161 260
91 190
147 246
146 245
142 241
73 172
103 202
76 175
127 226
9 108
11 110
146 245
107 206
182 281
85 184
177 276
41 140
75 174
162 261
65 164
186 285
29 128
56 155
78 177
133 232
33 132
52 151
66 165
21 120
88 187
193 292
123 222
27 126
88 187
100 199
54 153
53 152
39 138
46 145
144 243
98 197
162 261
150 249
166 265
165 264
1 100
94 193
90 189
28 127
164 263
72 171
164 263
165 264
142 241
23 122
40 139
183 282
51 150
119 218
110 209
135 234
147 246
195 294
3 102
73 172
45 144
103 202
96 195
64 163
19 118
176 275
157 256
193 292
21 120
162 261
67 166
137 236
13 112
124 223
120 219
127 226
29 128
37 136
107 206
107 206
126 225
3 102
15 114
138 237
183 282
104 203
169 268
193 292
100 199
154 253
93 192
112 211
196 295
176 275
92 191
119 218
174 273
17 116
1 100
28 127
67 166
2 101
151 250
175 274
164 263
159 258
99 198
28 127
75 174
25 124
25 124
168 267
142 241
13 112
74 173
147 246
24 123
32 131
148 247
29 128
67 166
161 260
78 177
34 133
137 236
191 290
8 107
72 171
91 190
41 140
64 163
143 242
160 259
106 205
62 161
175 274
31 130
28 127
83 182
124 223
33 132
151 250
45 144
110 209
129 228
158 257
25 124
187 286
66 165
179 278
40 139
70 169
44 143
153 252
39 138
98 197
104 203
129 228
64 163
80 179
6 105
28 127
68 167
185 284
57 156
15 114
152 251
12 111
73 172
120 219
165 264
55 154
160 259
73 172
68 167
156 255
166 265
73 172
86 185
102 201
105 204
61 160
31 130
189 288
27 126
110 209
94 193
145 244
98 197
136 235
47 146
30 129
135 234
73 172
185 284
161 260
41 140
132 231
152 251
66 165
0 99
194 293
171 270
44 143
18 117
41 140
105 204
86 185
2 101
84 183
95 194
126 225
79 178
165 264
3 102
180 279
39 138
153 252
9 108
90 189
188 287
34 133
6 105
43 142
85 184
86 185
142 241
148 247
94 193
79 178
29 128
66 165
171 270
72 171
115 214
28 127
140 239
186 285
6 105
79 178
161 260
75 174
156 255
11 110
129 228
185 284
176 275
95 194
187 286
184 283
32 131
44 143
188 287
134 233
86 185
21 120
88 187
46 145
176 275
132 231
19 118
140 239
40 139
74 173
82 181
42 141
170 269
173 272
62 161
166 265
36 135
56 155
129 228
138 237
135 234
94 193
109 208
94 193
167 266
41 140
100 199
68 167
126 225
32 131
107 206
86 185
146 245
157 256
67 166
52 151
184 283
185 284
23 122
135 234
148 247
155 254
128 227
145 244
29 128
29 128
111 210
19 118
96 195
69 168
4 103
28 127
38 137
165 264
161 260
153 252
56 155
36 135
55 154
138 237
8 107
166 265
137 236
45 144
154 253
86 185
125 224
42 141
143 242
0 99
111 210
82 181
147 246
164 263
1 100
40 139
156 255
133 232
13 112
192 291
88 187
119 218
122 221
11 110
155 254
122 221
20 119
51 150
78 177
195 294
22 121
162 261
11 110
188 287
54 153
83 182
187 286
27 126
68 167
2 101
125 224
106 205
163 262
8 107
108 207
34 133
69 168
22 121
99 198
10 109
83 182
20 119
91 190
168 267
16 115
49 148
187 286
169 268
131 230
65 164
116 215
126 225
51 150
70 169
153 252
10 109
48 147
16 115
67 166
143 242
75 174
36 135
123 222
5 104
33 132
147 246
49 148
156 255
93 192
45 144
91 190
194 293
1 100
22 121
21 120
52 151
152 251
150 249
159 258
60 159
10 109
67 166
117 216
61 160
71 170
102 201
52 151
192 291
35 134
4 103
183 282
22 121
25 124
171 270
175 274
116 215
139 238
2 101
35 134
108 207
132 231
30 129
13 112
176 275
175 274
121 220
76 175
42 141
4 103
145 244
93 192
179 278
131 230
137 236
130 229
7 106
74 173
74 173
77 176
100 199
179 278
28 127
115 214
170 269
174 273
120 219
41 140
22 121
29 128
186 285
121 220
82 181
11 110
58 157
141 240
65 164
172 271
73 172
71 170
86 185
173 272
124 223
69 168
42 141
172 271
78 177
126 225
100 199
5 104
85 184
28 127
42 141
13 112
78 177
189 288
131 230
60 159
10 109
50 149
88 187
110 209
25 124
171 270
158 257
121 220
119 218
43 142
98 197
20 119
48 147
130 229
33 132
79 178
37 136
40 139
33 132
142 241
9 108
127 226
3 102
85 184
49 148
73 172
155 254
154 253
119 218
39 138
113 212
92 191
10 109
58 157
12 111
88 187
187 286
124 223
121 220
196 295
83 182
59 158
148 247
193 292
128 227
6 105
165 264
188 287
82 181
37 136
17 116
113 212
101 200
109 208
139 238
53 152
78 177
43 142
165 264
191 290
81 180
89 188
123 222
127 226
72 171
163 262
107 206
63 162
70 169
157 256
19 118
57 156
158 257
141 240
38 137
41 140
115 214
132 231
158 257
103 202
43 142
3 102
83 182
66 165
93 192
131 230
50 149
89 188
47 146
74 173
80 179
135 234
164 263
2 101
169 268
57 156
143 242
186 285
182 281
158 257
139 238
152 251
40 139
22 121
121 220
141 240
7 106
32 131
104 203
7 106
145 244
139 238
124 223
120 219
5 104
97 196
59 158
3 102
9 108
42 141
112 211
67 166
94 193
71 170
169 268
140 239
109 208
25 124
70 169
33 132
136 235
93 192
132 231
183 282
193 292
51 150
88 187
145 244
184 283
172 271
62 161
163 262
149 248
64 163
142 241
141 240
112 211
39 138
27 126
69 168
176 275
98 197
18 117
9 108
27 126
132 231
28 127
19 118
30 129
1 100
189 288
102 201
146 245
48 147
25 124
179 278
52 151
42 141
102 201
6 105
23 122
27 126
173 272
142 241
73 172
149 248
152 251
7 106
160 259
89 188
17 116
47 146
8 107
90 189
40 139
142 241
85 184
40 139
72 171
36 135
179 278
54 153
0 99
121 220
7 106
7 106
32 131
28 127
54 153
7 106
7 106
41 140
29 128
154 253
31 130
177 276
99 198
111 210
2 101
190 289
13 112
196 295
195 294
140 239
107 206
102 201
48 147
75 174
0 99
22 121
29 128
155 254
134 233
20 119
6 105
44 143
147 246
176 275
8 107
176 275
184 283
18 117
90 189
180 279
191 290
96 195
177 276
28 127
23 122
122 221
179 278
50 149
85 184
144 243
159 258
65 164
29 128
92 191
126 225
116 215
147 246
99 198
162 261
77 176
48 147
3 102
152 251
166 265
155 254
28 127
27 126
13 112
125 224
10 109
58 157
56 155
91 190
20 119
83 182
133 232
75 174
3 102
159 258
123 222
136 235
165 264
93 192
134 233
47 146
63 162
69 168
73 172
84 183
6 105
112 211
19 118
154 253
26 125
186 285
139 238
83 182
53 152
25 124
38 137
57 156
174 273
152 251
155 254
22 121
107 206
154 253
64 163
52 151
6 105
196 295
110 209
111 210
31 130
80 179
169 268
6 105
161 260
141 240
71 170
135 234
104 203
17 116
107 206
104 203
180 279
47 146
138 237
20 119
131 230
179 278
146 245
55 154
195 294
187 286
13 112
33 132
86 185
77 176
33 132
98 197
63 162
75 174
93 192
61 160
77 176
26 125
162 261
12 111
107 206
20 119
5 104
113 212
154 253
33 132
9 108
70 169
92 191
170 269
192 291
103 202
69 168
156 255
122 221
135 234
86 185
57 156
178 277
34 133
177 276
4 103
161 260
15 114
69 168
109 208
96 195
16 115
70 169
187 286
102 201
78 177
21 120
183 282
87 186
98 197
143 242
125 224
33 132
75 174
42 141
18 117
125 224
124 223
24 123
92 191
77 176
84 183
59 158
104 203
146 245
173 272
162 261
143 242
142 241
197 296
24 123
197 296
107 206
16 115
21 120
23 122
180 279
173 272
96 195
194 293
46 145
131 230
163 262
78 177
195 294
171 270
89 188
63 162
13 112
102 201
112 211
160 259
15 114
178 277
178 277
99 198
103 202
127 226
78 177
97 196
195 294
171 270
79 178
41 140
66 165
176 275
53 152
181 280
16 115
53 152
77 176
84 183
22 121
103 202
119 218
107 206
145 244
168 267
137 236
134 233
114 213
174 273
142 241
51 150
77 176
45 144
158 257
87 186
28 127
160 259
164 263
73 172
5 104
88 187
87 186
48 147
192 291
130 229
39 138
167 266
11 110
40 139
141 240
143 242
71 170
196 295
37 136
72 171
69 168
152 251
98 197
105 204
35 134
168 267
9 108
23 122
29 128
53 152
169 268
50 149
20 119
188 287
41 140
18 117
33 132
33 132
44 143
33 132
191 290
31 130
195 294
22 121
105 204
48 147
189 288
167 266
159 258
73 172
88 187
87 186
167 266
132 231
146 245
82 181
188 287
144 243
156 255
108 207
178 277
86 185
58 157
106 205
183 282
109 208
136 235
46 145
37 136
188 287
25 124
189 288
93 192
124 223
10 109
153 252
82 181
125 224
12 111
179 278
62 161
132 231
108 207
58 157
93 192
5 104
64 163
162 261
169 268
75 174
158 257
69 168
149 248
122 221
4 103
70 169
71 170
144 243
27 126
13 112
170 269
81 180
86 185
129 228
182 281
190 289
197 296
67 166
68 167
106 205
71 170
169 268
77 176
83 182
103 202
187 286
195 294
95 194
170 269
189 288
185 284
113 212
179 278
87 186
47 146
46 145
136 235
11 110
166 265
104 203
195 294
71 170
91 190
111 210
123 222
127 226
30 129
34 133
164 263
9 108
103 202
26 125
188 287
150 249
42 141
173 272
5 104
163 262
191 290
62 161
123 222
8 107
37 136
160 259
144 243
55 154
34 133
146 245
115 214
71 170
70 169
8 107
141 240
166 265
179 278
150 249
12 111
134 233
10 109
178 277
196 295
9 108
54 153
36 135
92 191
77 176
140 239
12 111
55 154
191 290
123 222
161 260
23 122
6 105
5 104
68 167
153 252
193 292
127 226
114 213
181 280
66 165
38 137
150 249
40 139
103 202
87 186
115 214
19 118
66 165
164 263
130 229
184 283
162 261
15 114
176 275
123 222
57 156
186 285
179 278
183 282
31 130
11 110
54 153
74 173
179 278
139 238
100 199
112 211
174 273
118 217
37 136
162 261
5 104
145 244
59 158
138 237
140 239
66 165
17 116
94 193
79 178
41 140
94 193
126 225
38 137
144 243
37 136
150 249
110 209
35 134
13 112
103 202
43 142
115 214
184 283
155 254
49 148
103 202
100 199
135 234
63 162
81 180
84 183
104 203
11 110
148 247
100 199
31 130
42 141
104 203
87 186
132 231
8 107
177 276
140 239
83 182
126 225
23 122
18 117
108 207
39 138
151 250
15 114
26 125
82 181
71 170
42 141
174 273
71 170
100 199
84 183
82 181
71 170
22 121
26 125
191 290
103 202
70 169
14 113
102 201
124 223
20 119
70 169
44 143
7 106
110 209
135 234
16 115
7 106
63 162
35 134
128 227
121 220
31 130
62 161
79 178
189 288
49 148
187 286
178 277
29 128
80 179
43 142
7 106
28 127
73 172
186 285
176 275
148 247
167 266
31 130
0 99
38 137
160 259
14 113
183 282
150 249
41 140
125 224
27 126
184 283
194 293
116 215
5 104
141 240
148 247
181 280
73 172
87 186
37 136
194 293
83 182
177 276
196 295
112 211
9 108
91 190
48 147
96 195
163 262
162 261
144 243
100 199
147 246
121 220
77 176
12 111
31 130
44 143
97 196
77 176
57 156
186 285
53 152
20 119
100 199
62 161
125 224
176 275
93 192
44 143
22 121
98 197
115 214
160 259
121 220
124 223
186 285
89 188
162 261
86 185
61 160
74 173
122 221
136 235
10 109
93 192
179 278
112 211
58 157
173 272
69 168
7 106
79 178
161 260
93 192
123 222
188 287
47 146
102 201
109 208
109 208
105 204
183 282
12 111
88 187
165 264
145 244
68 167
39 138
134 233
184 283
66 165
181 280
194 293
123 222
147 246
128 227
161 260
128 227
120 219
87 186
7 106
162 261
197 296
160 259
22 121
118 217
59 158
151 250
23 122
23 122
128 227
178 277
131 230
181 280
9 108
131 230
63 162
98 197
193 292
136 235
55 154
68 167
133 232
137 236
148 247
49 148
114 213
133 232
32 131
160 259
61 160
196 295
29 128
9 108
93 192
98 197
112 211
171 270
48 147
97 196
159 258
179 278
54 153
0 99
109 208
129 228
125 224
130 229
82 181
21 120
64 163
185 284
0 99
112 211
45 144
36 135
153 252
11 110
13 112
0 99
81 180
129 228
169 268
19 118
98 197
93 192
94 193
131 230
185 284
170 269
1 100
12 111
191 290
119 218
111 210
32 131
75 174
40 139
79 178
5 104
182 281
74 173
93 192
140 239
183 282
176 275
91 190
42 141
34 133
24 123
59 158
163 262
126 225
61 160
9 108
88 187
62 161
183 282
83 182
10 109
176 275
9 108
190 289
27 126
196 295
74 173
76 175
103 202
194 293
120 219
90 189
192 291
87 186
37 136
119 218
163 262
189 288
81 180
94 193
18 117
103 202
3 102
35 134
113 212
120 219
161 260
170 269
36 135
80 179
141 240
85 184
75 174
163 262
194 293
112 211
100 199
66 165
101 200
167 266
154 253
19 118
84 183
92 191
148 247
82 181
107 206
189 288
80 179
124 223
91 190
47 146
36 135
141 240
108 207
179 278
153 252
151 250
154 253
62 161
181 280
152 251
102 201
29 128
68 167
128 227
52 151
104 203
39 138
172 271
26 125
134 233
136 235
81 180
39 138
141 240
129 228
86 185
80 179
15 114
103 202
143 242
1 100
127 226
52 151
80 179
10 109
84 183
141 240
142 241
108 207
21 120
146 245
70 169
145 244
107 206
1 100
52 151
111 210
76 175
39 138
158 257
31 130
75 174
144 243
150 249
165 264
35 134
32 131
75 174
90 189
69 168
137 236
91 190
7 106
133 232
196 295
43 142
34 133
77 176
80 179
165 264
92 191
115 214
31 130
127 226
134 233
186 285
163 262
100 199
50 149
92 191
112 211
104 203
190 289
2 101
90 189
74 173
70 169
16 115
163 262
113 212
188 287
120 219
188 287
99 198
108 207
40 139
0 99
19 118
149 248
51 150
112 211
177 276
166 265
92 191
96 195
172 271
192 291
131 230
182 281
188 287
174 273
69 168
158 257
94 193
14 113
187 286
28 127
124 223
166 265
63 162
59 158
107 206
55 154
28 127
89 188
43 142
189 288
194 293
173 272
107 206
137 236
94 193
48 147
157 256
176 275
48 147
144 243
22 121
103 202
61 160
181 280
82 181
99 198
54 153
116 215
190 289
77 176
40 139
135 234
197 296
79 178
48 147
169 268
110 209
43 142
32 131
155 254
173 272
162 261
9 108
84 183
33 132
84 183
168 267
171 270
95 194
88 187
173 272
180 279
64 163
192 291
152 251
82 181
13 112
32 131
192 291
166 265
177 276
114 213
52 151
15 114
114 213
119 218
106 205
120 219
42 141
147 246
171 270
122 221
145 244
184 283
191 290
51 150
182 281
122 221
139 238
122 221
82 181
53 152
85 184
58 157
58 157
13 112
71 170
178 277
187 286
107 206
84 183
106 205
80 179
20 119
128 227
0 99
13 112
119 218
176 275
85 184
135 234
72 171
41 140
40 139
102 201
166 265
79 178
197 296
32 131
93 192
125 224
166 265
45 144
121 220
14 113
126 225
163 262
175 274
65 164
155 254
63 162
188 287
172 271
92 191
166 265
165 264
25 124
108 207
77 176
188 287
87 186
153 252
74 173
101 200
170 269
135 234
92 191
184 283
36 135
114 213
106 205
142 241
162 261
156 255
188 287
94 193
163 262
85 184
63 162
177 276
166 265
86 185
28 127
188 287
156 255
14 113
66 165
111 210
65 164
193 292
143 242
56 155
19 118
56 155
193 292
47 146
83 182
86 185
150 249
35 134
157 256
68 167
78 177
139 238
11 110
179 278
80 179
52 151
95 194
156 255
100 199
71 170
183 282
146 245
26 125
91 190
47 146
50 149
159 258
149 248
46 145
115 214
109 208
6 105
102 201
33 132
129 228
0 99
29 128
104 203
121 220
96 195
142 241
144 243
176 275
86 185
193 292
46 145
92 191
117 216
175 274
190 289
96 195
90 189
12 111
28 127
168 267
170 269
184 283
42 141
0 99
97 196
159 258
55 154
47 146
71 170
177 276
6 105
81 180
109 208
145 244
45 144
51 150
166 265
169 268
61 160
181 280
73 172
56 155
3 102
53 152
32 131
135 234
0 99
57 156
22 121
15 114
93 192
63 162
9 108
5 104
118 217
116 215
3 102
70 169
194 293
42 141
76 175
144 243
109 208
69 168
135 234
1 100
181 280
67 166
90 189
49 148
123 222
134 233
60 159
170 269
144 243
67 166
33 132
84 183
117 216
187 286
124 223
97 196
14 113
74 173
6 105
71 170
12 111
88 187
56 155
128 227
174 273
97 196
167 266
11 110
111 210
57 156
151 250
168 267
186 285
68 167
66 165
39 138
165 264
64 163
19 118
148 247
172 271
162 261
84 183
35 134
21 120
123 222
53 152
64 163
28 127
17 116
179 278
69 168
10 109
68 167
34 133
178 277
187 286
86 185
168 267
163 262
12 111
196 295
180 279
63 162
135 234
34 133
29 128
78 177
155 254
174 273
170 269
131 230
78 177
196 295
5 104
74 173
84 183
74 173
83 182
61 160
86 185
72 171
187 286
92 191
184 283
40 139
88 187
168 267
64 163
76 175
61 160
36 135
33 132
22 121
72 171
8 107
180 279
71 170
71 170
101 200
131 230
154 253
194 293
175 274
24 123
2 101
29 128
183 282
27 126
132 231
14 113
176 275
190 289
18 117
127 226
126 225
181 280
195 294
121 220
43 142
100 199
80 179
85 184
8 107
44 143
120 219
146 245
85 184
92 191
32 131
135 234
139 238
64 163
68 167
164 263
36 135
15 114
154 253
65 164
106 205
43 142
141 240
140 239
78 177
22 121
154 253
196 295
182 281
163 262
99 198
129 228
103 202
124 223
68 167
106 205
104 203
176 275
63 162
90 189
178 277
64 163
127 226
32 131
86 185
160 259
152 251
64 163
42 141
33 132
191 290
84 183
41 140
196 295
108 207
189 288
109 208
103 202
50 149
77 176
70 169
161 260
173 272
68 167
95 194
190 289
191 290
38 137
184 283
92 191
184 283
114 213
165 264
76 175
50 149
109 208
164 263
38 137
47 146
3 102
194 293
30 129
103 202
76 175
146 245
99 198
139 238
9 108
162 261
141 240
36 135
178 277
175 274
80 179
123 222
196 295
79 178
4 103
25 124
156 255
39 138
133 232
6 105
132 231
128 227
8 107
35 134
71 170
43 142
21 120
152 251
34 133
114 213
123 222
96 195
195 294
111 210
103 202
127 226
144 243
67 166
132 231
86 185
90 189
17 116
77 176
44 143
37 136
185 284
47 146
163 262
175 274
95 194
187 286
70 169
100 199
86 185
40 139
105 204
125 224
29 128
50 149
188 287
87 186
81 180
182 281
153 252
70 169
112 211
88 187
126 225
161 260
101 200
175 274
40 139
37 136
80 179
62 161
170 269
89 188
68 167
9 108
158 257
188 287
138 237
83 182
7 106
62 161
187 286
16 115
173 272
53 152
150 249
137 236
97 196
113 212
177 276
43 142
93 192
111 210
196 295
31 130
8 107
69 168
148 247
165 264
130 229
119 218
135 234
169 268
124 223
158 257
88 187
108 207
179 278
145 244
42 141
5 104
140 239
40 139
29 128
172 271
32 131
98 197
183 282
93 192
77 176
171 270
33 132
170 269
25 124
109 208
106 205
10 109
162 261
167 266
74 173
1 100
110 209
64 163
18 117
52 151
144 243
183 282
171 270
40 139
30 129
101 200
135 234
180 279
173 272
167 266
29 128
32 131
59 158
174 273
86 185
63 162
76 175
192 291
164 263
163 262
151 250
113 212
115 214
101 200
44 143
119 218
70 169
71 170
35 134
45 144
101 200
70 169
98 197
144 243
58 157
79 178
114 213
114 213
179 278
124 223
153 252
126 225
89 188
143 242
148 247
192 291
184 283
89 188
169 268
41 140
127 226
160 259
131 230
88 187
170 269
101 200
141 240
99 198
151 250
58 157
126 225
65 164
21 120
160 259
54 153
42 141
118 217
107 206
119 218
52 151
177 276
109 208
35 134
98 197
186 285
28 127
118 217
48 147
189 288
168 267
120 219
92 191
191 290
105 204
129 228
85 184
149 248
122 221
160 259
183 282
119 218
103 202
189 288
162 261
38 137
98 197
83 182
190 289
45 144
22 121
20 119
148 247
126 225
60 159
143 242
102 201
27 126
174 273
140 239
144 243
152 251
170 269
194 293
13 112
89 188
145 244
169 268
53 152
134 233
22 121
23 122
178 277
78 177
118 217
19 118
72 171
12 111
179 278
183 282
110 209
2 101
68 167
181 280
36 135
99 198
181 280
120 219
96 195
174 273
22 121
15 114
107 206
51 150
164 263
107 206
40 139
46 145
193 292
95 194
166 265
63 162
78 177
18 117
104 203
168 267
169 268
56 155
15 114
75 174
21 120
89 188
60 159
168 267
3 102
24 123
147 246
54 153
109 208
167 266
174 273
32 131
45 144
85 184
36 135
144 243
184 283
85 184
32 131
110 209
100 199
113 212
149 248
164 263
158 257
11 110
166 265
142 241
147 246
161 260
60 159
39 138
68 167
91 190
59 158
7 106
45 144
143 242
11 110
189 288
189 288
13 112
146 245
102 201
181 280
70 169
131 230
58 157
58 157
149 248
122 221
45 144
80 179
139 238
142 241
9 108
195 294
173 272
92 191
58 157
125 224
155 254
116 215
147 246
136 235
64 163
154 253
87 186
15 114
12 111
106 205
98 197
84 183
105 204
60 159
10 109
183 282
157 256
42 141
148 247
37 136
46 145
3 102
41 140
74 173
147 246
159 258
188 287
108 207
109 208
111 210
117 216
180 279
23 122
72 171
89 188
162 261
56 155
84 183
91 190
37 136
84 183
81 180
190 289
108 207
37 136
106 205
46 145
166 265
51 150
22 121
179 278
111 210
45 144
59 158
190 289
16 115
187 286
46 145
3 102
81 180
2 101
103 202
27 126
79 178
195 294
54 153
1 100
166 265
164 263
5 104
92 191
95 194
23 122
83 182
96 195
167 266
107 206
29 128
70 169
15 114
2 101
72 171
58 157
5 104
156 255
173 272
127 226
177 276
100 199
27 126
132 231
58 157
194 293
119 218
197 296
58 157
179 278
24 123
143 242
74 173
72 171
158 257
106 205
124 223
104 203
86 185
42 141
67 166
99 198
27 126
148 247
128 227
183 282
102 201
179 278
129 228
116 215
27 126
192 291
116 215
71 170
178 277
91 190
67 166
114 213
64 163
82 181
160 259
195 294
43 142
144 243
37 136
180 279
187 286
78 177
26 125
6 105
148 247
168 267
56 155
107 206
162 261
41 140
58 157
175 274
30 129
142 241
56 155
194 293
86 185
26 125
73 172
59 158
12 111
43 142
96 195
89 188
143 242
47 146
49 148
2 101
66 165
124 223
35 134
106 205
62 161
162 261
70 169
189 288
164 263
0 99
103 202
169 268
5 104
114 213
113 212
127 226
177 276
66 165
50 149
131 230
54 153
157 256
181 280
30 129
187 286
85 184
178 277
130 229
137 236
47 146
32 131
35 134
97 196
57 156
145 244
88 187
166 265
44 143
101 200
64 163
80 179
74 173
95 194
117 216
186 285
7 106
109 208
129 228
171 270
76 175
82 181
96 195
26 125
86 185
119 218
142 241
55 154
21 120
177 276
187 286
16 115
54 153
65 164
76 175
139 238
133 232
132 231
136 235
68 167
30 129
27 126
60 159
58 157
85 184
13 112
44 143
77 176
77 176
100 199
113 212
136 235
125 224
192 291
14 113
152 251
195 294
142 241
158 257
112 211
114 213
126 225
181 280
126 225
122 221
108 207
123 222
152 251
143 242
73 172
117 216
126 225
7 106
31 130
150 249
60 159
104 203
151 250
189 288
155 254
184 283
165 264
105 204
14 113
11 110
31 130
105 204
74 173
115 214
162 261
175 274
113 212
182 281
0 99
111 210
58 157
68 167
13 112
10 109
95 194
61 160
191 290
196 295
109 208
70 169
46 145
164 263
192 291
23 122
157 256
152 251
102 201
134 233
44 143
153 252
121 220
12 111
115 214
140 239
121 220
51 150
89 188
135 234
12 111
128 227
50 149
158 257
78 177
153 252
63 162
23 122
64 163
150 249
153 252
175 274
103 202
123 222
47 146
40 139
93 192
153 252
100 199
59 158
28 127
23 122
70 169
82 181
40 139
93 192
158 257
70 169
145 244
161 260
50 149
6 105
44 143
179 278
125 224
58 157
63 162
103 202
37 136
55 154
102 201
123 222
91 190
111 210
143 242
17 116
128 227
61 160
27 126
187 286
67 166
23 122
49 148
29 128
111 210
152 251
162 261
36 135
179 278
79 178
112 211
25 124
173 272
105 204
56 155
90 189
135 234
73 172
3 102
162 261
64 163
193 292
157 256
58 157
102 201
47 146
138 237
111 210
158 257
173 272
33 132
119 218
192 291
43 142
187 286
81 180
196 295
71 170
161 260
184 283
120 219
73 172
189 288
178 277
135 234
153 252
165 264
32 131
118 217
4 103
182 281
23 122
0 99
178 277
46 145
89 188
55 154
149 248
96 195
17 116
82 181
0 99
100 199
73 172
56 155
161 260
154 253
66 165
132 231
84 183
155 254
70 169
37 136
21 120
61 160
126 225
86 185
125 224
82 181
124 223
197 296
147 246
103 202
169 268
101 200
197 296
69 168
44 143
162 261
143 242
107 206
167 266
60 159
162 261
194 293
68 167
169 268
42 141
138 237
167 266
95 194
53 152
28 127
48 147
101 200
173 272
58 157
181 280
126 225
29 128
104 203
104 203
155 254
163 262
144 243
132 231
130 229
113 212
39 138
117 216
177 276
79 178
115 214
115 214
97 196
90 189
78 177
136 235
138 237
143 242
81 180
58 157
187 286
152 251
30 129
29 128
32 131
128 227
79 178
69 168
66 165
151 250
69 168
68 167
185 284
142 241
105 204
137 236
53 152
4 103
154 253
139 238
141 240
69 168
161 260
38 137
168 267
27 126
100 199
158 257
72 171
6 105
163 262
194 293
104 203
48 147
124 223
167 266
154 253
177 276
49 148
179 278
15 114
168 267
4 103
176 275
159 258
28 127
132 231
183 282
61 160
70 169
67 166
177 276
134 233
159 258
44 143
175 274
91 190
1 100
182 281
177 276
31 130
59 158
86 185
157 256
110 209
16 115
47 146
97 196
132 231
55 154
32 131
173 272
144 243
155 254
152 251
30 129
128 227
42 141
151 250
186 285
80 179
128 227
22 121
164 263
57 156
168 267
124 223
75 174
120 219
46 145
84 183
23 122
58 157
164 263
67 166
140 239
194 293
90 189
81 180
66 165
17 116
42 141
102 201
16 115
11 110
103 202
42 141
3 102
165 264
82 181
22 121
177 276
17 116
153 252
37 136
155 254
107 206
180 279
91 190
109 208
129 228
96 195
111 210
110 209
189 288
1 100
184 283
39 138
31 130
4 103
113 212
154 253
126 225
98 197
21 120
142 241
185 284
49 148
118 217
22 121
23 122
82 181
68 167
157 256
145 244
51 150
167 266
32 131
180 279
5 104
88 187
39 138
21 120
24 123
124 223
114 213
44 143
72 171
106 205
22 121
149 248
28 127
129 228
176 275
176 275
81 180
5 104
157 256
22 121
108 207
30 129
72 171
66 165
41 140
147 246
170 269
132 231
181 280
86 185
57 156
74 173
174 273
93 192
45 144
115 214
99 198
64 163
73 172
24 123
100 199
11 110
142 241
178 277
119 218
184 283
31 130
108 207
65 164
57 156
101 200
168 267
70 169
112 211
156 255
27 126
63 162
68 167
179 278
175 274
182 281
151 250
67 166
143 242
123 222
21 120
126 225
118 217
78 177
83 182
127 226
57 156
82 181
61 160
8 107
142 241
141 240
52 151
149 248
57 156
117 216
107 206
116 215
20 119
150 249
186 285
3 102
145 244
167 266
28 127
68 167
10 109
39 138
143 242
136 235
44 143
71 170
54 153
2 101
162 261
30 129
172 271
67 166
197 296
42 141
167 266
104 203
55 154
130 229
74 173
46 145
56 155
187 286
96 195
11 110
164 263
129 228
172 271
94 193
190 289
137 236
96 195
15 114
185 284
179 278
3 102
119 218
147 246
65 164
47 146
75 174
26 125
147 246
118 217
58 157
139 238
78 177
9 108
146 245
150 249
143 242
9 108
23 122
187 286
75 174
135 234
185 284
2 101
166 265
47 146
164 263
189 288
103 202
147 246
196 295
40 139
51 150
114 213
13 112
1 100
93 192
112 211
59 158
115 214
165 264
184 283
128 227
187 286
47 146
117 216
85 184
7 106
171 270
1 100
99 198
79 178
91 190
22 121
52 151
47 146
7 106
122 221
115 214
71 170
75 174
94 193
3 102
79 178
47 146
23 122
141 240
124 223
129 228
44 143
188 287
68 167
61 160
39 138
67 166
137 236
144 243
121 220
9 108
11 110
144 243
166 265
160 259
66 165
4 103
50 149
133 232
131 230
94 193
194 293
125 224
89 188
31 130
101 200
100 199
6 105
137 236
127 226
155 254
190 289
29 128
137 236
136 235
165 264
22 121
111 210
193 292
150 249
165 264
186 285
46 145
126 225
137 236
62 161
63 162
175 274
63 162
124 223
179 278
105 204
150 249
72 171
150 249
178 277
49 148
28 127
188 287
169 268
32 131
37 136
189 288
58 157
113 212
100 199
125 224
161 260
61 160
123 222
121 220
56 155
52 151
153 252
73 172
160 259
50 149
125 224
174 273
94 193
106 205
186 285
85 184
64 163
155 254
191 290
139 238
84 183
169 268
128 227
196 295
164 263
109 208
13 112
37 136
125 224
18 117
185 284
12 111
33 132
178 277
178 277
137 236
33 132
126 225
10 109
11 110
147 246
3 102
147 246
39 138
139 238
109 208
190 289
158 257
104 203
139 238
8 107
62 161
127 226
178 277
180 279
183 282
172 271
40 139
74 173
55 154
194 293
82 181
189 288
99 198
137 236
106 205
9 108
0 99
196 295
156 255
70 169
155 254
6 105
147 246
170 269
77 176
95 194
137 236
99 198
145 244
98 197
145 244
9 108
94 193
81 180
111 210
20 119
114 213
61 160
189 288
175 274
147 246
18 117
32 131
24 123
19 118
157 256
15 114
46 145
2 101
159 258
138 237
170 269
86 185
72 171
133 232
187 286
72 171
19 118
6 105
25 124
172 271
155 254
173 272
73 172
15 114
111 210
128 227
46 145
117 216
140 239
13 112
194 293
169 268
72 171
42 141
126 225
86 185
146 245
158 257
6 105
3 102
109 208
121 220
149 248
150 249
119 218
166 265
72 171
137 236
86 185
149 248
115 214
120 219
11 110
29 128
116 215
46 145
41 140
100 199
126 225
144 243
159 258
131 230
187 286
16 115
112 211
113 212
14 113
35 134
83 182
111 210
45 144
114 213
156 255
123 222
157 256
119 218
61 160
17 116
159 258
41 140
146 245
39 138
115 214
94 193
109 208
16 115
141 240
191 290
24 123
148 247
36 135
128 227
188 287
44 143
177 276
187 286
75 174
124 223
83 182
124 223
9 108
172 271
55 154
44 143
95 194
153 252
130 229
148 247
151 250
118 217
138 237
134 233
32 131
152 251
25 124
48 147
38 137
117 216
155 254
164 263
145 244
131 230
72 171
177 276
86 185
184 283
57 156
35 134
82 181
121 220
49 148
24 123
72 171
103 202
135 234
29 128
63 162
183 282
108 207
143 242
33 132
96 195
24 123
87 186
169 268
48 147
14 113
61 160
150 249
138 237
51 150
168 267
174 273
51 150
66 165
1 100
56 155
103 202
36 135
133 232
135 234
172 271
89 188
117 216
94 193
146 245
1 100
56 155
162 261
11 110
183 282
97 196
178 277
77 176
178 277
49 148
87 186
89 188
123 222
122 221
73 172
175 274
88 187
6 105
41 140
93 192
107 206
68 167
65 164
36 135
123 222
189 288
31 130
118 217
4 103
44 143
91 190
161 260
61 160
93 192
123 222
81 180
34 133
150 249
57 156
51 150
141 240
13 112
123 222
64 163
80 179
122 221
78 177
77 176
74 173
65 164
86 185
181 280
183 282
143 242
150 249
180 279
103 202
143 242
156 255
174 273
112 211
7 106
6 105
75 174
108 207
130 229
177 276
46 145
86 185
166 265
45 144
5 104
187 286
53 152
79 178
99 198
194 293
74 173
103 202
192 291
78 177
21 120
44 143
151 250
158 257
1 100
62 161
80 179
45 144
122 221
19 118
89 188
109 208
1 100
132 231
60 159
102 201
22 121
79 178
149 248
9 108
57 156
147 246
141 240
67 166
193 292
108 207
13 112
152 251
3 102
40 139
180 279
152 251
91 190
141 240
125 224
23 122
92 191
150 249
1 100
117 216
169 268
20 119
126 225
178 277
27 126
89 188
73 172
64 163
53 152
16 115
35 134
144 243
125 224
9 108
189 288
111 210
91 190
118 217
93 192
107 206
132 231
100 199
155 254
80 179
40 139
107 206
62 161
121 220
124 223
28 127
103 202
183 282
73 172
144 243
164 263
11 110
54 153
9 108
45 144
97 196
6 105
65 164
100 199
95 194
55 154
105 204
166 265
176 275
142 241
96 195
68 167
182 281
95 194
102 201
12 111
23 122
94 193
68 167
31 130
24 123
32 131
164 263
111 210
174 273
74 173
162 261
167 266
31 130
159 258
128 227
7 106
54 153
181 280
153 252
155 254
150 249
41 140
143 242
80 179
85 184
90 189
42 141
12 111
178 277
108 207
46 145
135 234
70 169
112 211
17 116
179 278
154 253
57 156
94 193
137 236
149 248
146 245
99 198
141 240
156 255
36 135
52 151
153 252
187 286
108 207
42 141
82 181
190 289
32 131
76 175
147 246
196 295
89 188
173 272
162 261
164 263
66 165
190 289
168 267
87 186
20 119
128 227
128 227
4 103
109 208
162 261
42 141
8 107
55 154
141 240
127 226
34 133
127 226
69 168
3 102
35 134
190 289
177 276
41 140
46 145
196 295
97 196
176 275
55 154
38 137
6 105
43 142
82 181
102 201
21 120
181 280
119 218
196 295
169 268
169 268
49 148
63 162
107 206
113 212
151 250
158 257
9 108
138 237
106 205
107 206
89 188
100 199
145 244
71 170
191 290
49 148
66 165
70 169
127 226
91 190
15 114
142 241
136 235
4 103
51 150
0 99
161 260
106 205
110 209
114 213
196 295
77 176
29 128
11 110
95 194
108 207
179 278
156 255
19 118
122 221
171 270
156 255
169 268
124 223
139 238
124 223
170 269
116 215
8 107
17 116
33 132
188 287
160 259
60 159
185 284
92 191
20 119
161 260
18 117
68 167
20 119
194 293
99 198
32 131
158 257
31 130
113 212
170 269
179 278
172 271
166 265
34 133
49 148
156 255
167 266
8 107
120 219
16 115
17 116
145 244
82 181
9 108
94 193
19 118
194 293
13 112
21 120
149 248
45 144
116 215
172 271
164 263
30 129
0 99
89 188
81 180
167 266
98 197
134 233
32 131
34 133
34 133
178 277
9 108
110 209
126 225
49 148
77 176
136 235
67 166
72 171
7 106
83 182
3 102
187 286
72 171
130 229
51 150
99 198
182 281
18 117
75 174
10 109
126 225
55 154
33 132
156 255
121 220
170 269
151 250
29 128
102 201
104 203
19 118
68 167
64 163
35 134
23 122
169 268
78 177
137 236
94 193
13 112
24 123
31 130
59 158
51 150
81 180
182 281
16 115
79 178
16 115
76 175
175 274
10 109
38 137
129 228
22 121
118 217
3 102
50 149
0 99
14 113
39 138
93 192
87 186
26 125
149 248
146 245
106 205
178 277
24 123
170 269
90 189
49 148
47 146
56 155
78 177
190 289
164 263
44 143
19 118
6 105
196 295
10 109
28 127
3 102
10 109
60 159
72 171
108 207
127 226
10 109
8 107
60 159
88 187
187 286
195 294
108 207
124 223
51 150
173 272
108 207
92 191
175 274
60 159
145 244
41 140
9 108
143 242
114 213
135 234
45 144
182 281
161 260
47 146
40 139
42 141
188 287
67 166
2 101
19 118
62 161
94 193
163 262
58 157
123 222
1 100
158 257
52 151
119 218
28 127
52 151
46 145
140 239
189 288
175 274
106 205
155 254
154 253
88 187
154 253
7 106
108 207
60 159
24 123
173 272
112 211
22 121
132 231
45 144
52 151
12 111
144 243
80 179
74 173
64 163
57 156
60 159
33 132
41 140
83 182
141 240
7 106
17 116
80 179
117 216
176 275
177 276
184 283
9 108
130 229
94 193
133 232
96 195
84 183
6 105
3 102
136 235
130 229
108 207
90 189
140 239
61 160
122 221
135 234
15 114
79 178
34 133
86 185
187 286
35 134
140 239
8 107
182 281
71 170
184 283
79 178
189 288
179 278
167 266
30 129
158 257
4 103
191 290
67 166
112 211
74 173
131 230
193 292
121 220
194 293
55 154
182 281
146 245
190 289
159 258
94 193
12 111
176 275
82 181
22 121
24 123
22 121
58 157
102 201
11 110
7 106
19 118
104 203
56 155
106 205
5 104
189 288
185 284
77 176
172 271
168 267
24 123
184 283
95 194
17 116
117 216
23 122
103 202
62 161
100 199
113 212
1 100
178 277
27 126
182 281
168 267
28 127
55 154
10 109
1 100
40 139
84 183
81 180
71 170
44 143
15 114
125 224
88 187
83 182
7 106
166 265
184 283
140 239
11 110
104 203
110 209
72 171
103 202
9 108
130 229
149 248
58 157
70 169
191 290
13 112
25 124
146 245
193 292
91 190
193 292
158 257
173 272
136 235
32 131
130 229
166 265
150 249
164 263
69 168
27 126
80 179
111 210
102 201
58 157
59 158
40 139
125 224
12 111
100 199
105 204
147 246
109 208
133 232
5 104
135 234
116 215
82 181
12 111
168 267
22 121
156 255
183 282
122 221
188 287
178 277
154 253
133 232
135 234
70 169
165 264
33 132
186 285
186 285
195 294
45 144
149 248
195 294
40 139
71 170
149 248
22 121
87 186
64 163
25 124
108 207
140 239
95 194
119 218
28 127
82 181
176 275
179 278
118 217
177 276
192 291
152 251
98 197
112 211
113 212
50 149
183 282
87 186
80 179
168 267
124 223
114 213
191 290
197 296
91 190
13 112
104 203
12 111
159 258
168 267
88 187
9 108
32 131
149 248
145 244
146 245
71 170
144 243
105 204
180 279
22 121
142 241
35 134
131 230
116 215
2 101
62 161
191 290
99 198
23 122
121 220
107 206
168 267
19 118
91 190
195 294
179 278
55 154
57 156
142 241
183 282
158 257
0 99
126 225
106 205
42 141
168 267
30 129
87 186
111 210
96 195
16 115
53 152
7 106
71 170
20 119
70 169
102 201
129 228
10 109
178 277
173 272
6 105
179 278
90 189
116 215
44 143
71 170
53 152
195 294
117 216
86 185
134 233
11 110
174 273
140 239
38 137
167 266
5 104
39 138
99 198
1 100
57 156
85 184
118 217
155 254
54 153
82 181
186 285
10 109
183 282
100 199
128 227
8 107
93 192
167 266
195 294
8 107
194 293
95 194
107 206
169 268
11 110
73 172
178 277
125 224
15 114
40 139
27 126
180 279
144 243
31 130
167 266
46 145
188 287
136 235
89 188
117 216
145 244
72 171
167 266
137 236
124 223
88 187
146 245
15 114
57 156
159 258
124 223
110 209
50 149
85 184
170 269
47 146
126 225
102 201
49 148
162 261
111 210
92 191
172 271
33 132
36 135
134 233
149 248
24 123
106 205
80 179
127 226
54 153
110 209
14 113
171 270
55 154
184 283
164 263
3 102
7 106
127 226
142 241
138 237
100 199
94 193
146 245
124 223
33 132
15 114
166 265
10 109
36 135
37 136
48 147
166 265
130 229
32 131
105 204
161 260
161 260
46 145
189 288
137 236
50 149
161 260
163 262
81 180
90 189
113 212
10 109
23 122
48 147
72 171
149 248
37 136
56 155
62 161
114 213
36 135
67 166
48 147
35 134
141 240
25 124
55 154
118 217
136 235
178 277
8 107
34 133
98 197
197 296
100 199
156 255
121 220
185 284
161 260
69 168
179 278
138 237
17 116
192 291
172 271
108 207
197 296
29 128
154 253
143 242
134 233
87 186
8 107
177 276
61 160
178 277
5 104
77 176
118 217
4 103
161 260
133 232
9 108
197 296
66 165
184 283
196 295
125 224
158 257
138 237
90 189
56 155
142 241
16 115
19 118
127 226
116 215
118 217
149 248
144 243
156 255
141 240
0 99
32 131
56 155
178 277
158 257
156 255
102 201
156 255
117 216
185 284
45 144
12 111
124 223
35 134
118 217
37 136
152 251
80 179
99 198
72 171
24 123
142 241
171 270
154 253
170 269
75 174
39 138
118 217
155 254
133 232
77 176
122 221
85 184
76 175
53 152
140 239
158 257
132 231
73 172
111 210
111 210
115 214
103 202
35 134
49 148
106 205
26 125
159 258
79 178
132 231
147 246
36 135
146 245
116 215
135 234
134 233
58 157
51 150
117 216
90 189
177 276
43 142
183 282
149 248
23 122
57 156
139 238
88 187
112 211
170 269
194 293
173 272
13 112
121 220
3 102
16 115
22 121
32 131
2 101
64 163
160 259
195 294
197 296
154 253
40 139
171 270
87 186
104 203
124 223
51 150
106 205
109 208
36 135
67 166
184 283
28 127
32 131
97 196
152 251
191 290
64 163
26 125
31 130
126 225
42 141
86 185
183 282
182 281
91 190
41 140
45 144
45 144
28 127
66 165
167 266
185 284
66 165
82 181
108 207
36 135
15 114
38 137
162 261
58 157
101 200
186 285
91 190
185 284
176 275
148 247
114 213
144 243
76 175
47 146
114 213
8 107
145 244
87 186
39 138
158 257
39 138
7 106
74 173
135 234
96 195
186 285
155 254
176 275
87 186
9 108
113 212
149 248
1 100
102 201
122 221
155 254
154 253
24 123
15 114
110 209
139 238
14 113
38 137
108 207
175 274
93 192
17 116
32 131
86 185
41 140
134 233
143 242
42 141
108 207
99 198
157 256
171 270
86 185
19 118
51 150
92 191
58 157
174 273
67 166
16 115
0 99
184 283
124 223
66 165
159 258
160 259
150 249
124 223
108 207
118 217
157 256
16 115
189 288
118 217
123 222
78 177
48 147
48 147
36 135
163 262
0 99
13 112
2 101
15 114
11 110
149 248
169 268
139 238
89 188
10 109
78 177
52 151
145 244
181 280
169 268
31 130
115 214
189 288
53 152
129 228
25 124
165 264
99 198
118 217
96 195
10 109
42 141
143 242
110 209
100 199
168 267
137 236
181 280
183 282
106 205
118 217
18 117
28 127
137 236
91 190
154 253
4 103
78 177
135 234
94 193
78 177
168 267
0 99
95 194
117 216
14 113
187 286
32 131
119 218
102 201
176 275
37 136
87 186
59 158
146 245
33 132
147 246
151 250
159 258
98 197
97 196
166 265
76 175
104 203
73 172
37 136
33 132
94 193
136 235
0 99
68 167
135 234
106 205
120 219
69 168
11 110
82 181
73 172
5 104
96 195
135 234
46 145
39 138
93 192
172 271
169 268
29 128
142 241
135 234
101 200
26 125
125 224
4 103
148 247
142 241
110 209
102 201
152 251
148 247
97 196
166 265
78 177
98 197
173 272
164 263
22 121
92 191
38 137
2 101
9 108
64 163
144 243
74 173
1 100
124 223
76 175
176 275
158 257
105 204
130 229
6 105
195 294
90 189
179 278
157 256
117 216
108 207
61 160
31 130
158 257
159 258
113 212
96 195
164 263
20 119
58 157
50 149
35 134
64 163
139 238
99 198
142 241
82 181
147 246
138 237
81 180
194 293
140 239
193 292
178 277
73 172
62 161
169 268
96 195
32 131
192 291
141 240
141 240
173 272
126 225
130 229
58 157
12 111
151 250
170 269
13 112
159 258
164 263
65 164
63 162
51 150
109 208
9 108
161 260
92 191
43 142
24 123
96 195
128 227
41 140
124 223
174 273
103 202
160 259
105 204
140 239
160 259
98 197
111 210
71 170
54 153
103 202
84 183
78 177
147 246
29 128
95 194
56 155
137 236
101 200
36 135
73 172
33 132
35 134
66 165
153 252
157 256
101 200
35 134
197 296
46 145
52 151
44 143
131 230
96 195
45 144
184 283
31 130
68 167
27 126
12 111
193 292
62 161
83 182
75 174
45 144
33 132
132 231
55 154
157 256
193 292
73 172
8 107
67 166
136 235
174 273
197 296
79 178
86 185
55 154
61 160
177 276
140 239
10 109
125 224
118 217
77 176
11 110
60 159
70 169
45 144
90 189
59 158
22 121
109 208
118 217
120 219
121 220
85 184
119 218
19 118
31 130
49 148
38 137
136 235
175 274
115 214
77 176
115 214
140 239
101 200
38 137
147 246
79 178
64 163
145 244
182 281
56 155
197 296
43 142
141 240
80 179
180 279
44 143
139 238
114 213
145 244
147 246
46 145
55 154
55 154
87 186
182 281
116 215
82 181
189 288
4 103
69 168
41 140
79 178
141 240
56 155
163 262
122 221
121 220
81 180
185 284
175 274
103 202
13 112
155 254
161 260
145 244
25 124
37 136
180 279
18 117
28 127
24 123
41 140
136 235
92 191
184 283
154 253
192 291
104 203
51 150
175 274
44 143
97 196
92 191
120 219
41 140
14 113
43 142
131 230
71 170
133 232
158 257
125 224
83 182
188 287
31 130
168 267
80 179
94 193
99 198
125 224
61 160
186 285
157 256
36 135
91 190
60 159
58 157
193 292
172 271
108 207
24 123
32 131
160 259
100 199
28 127
86 185
111 210
38 137
65 164
38 137
133 232
154 253
184 283
138 237
123 222
45 144
48 147
119 218
157 256
9 108
28 127
5 104
92 191
60 159
14 113
24 123
126 225
52 151
166 265
31 130
42 141
139 238
64 163
154 253
79 178
34 133
88 187
132 231
7 106
133 232
52 151
4 103
172 271
189 288
42 141
88 187
162 261
195 294
2 101
155 254
144 243
192 291
111 210
36 135
95 194
8 107
110 209
29 128
188 287
72 171
109 208
101 200
28 127
113 212
128 227
103 202
176 275
60 159
95 194
122 221
5 104
94 193
51 150
194 293
196 295
46 145
53 152
139 238
71 170
1 100
83 182
48 147
28 127
79 178
87 186
108 207
44 143
13 112
170 269
57 156
172 271
125 224
74 173
162 261
91 190
122 221
197 296
80 179
21 120
80 179
154 253
13 112
58 157
67 166
111 210
75 174
140 239
76 175
116 215
5 104
50 149
117 216
97 196
180 279
6 105
11 110
137 236
139 238
192 291
75 174
73 172
53 152
137 236
107 206
151 250
119 218
20 119
97 196
54 153
65 164
109 208
186 285
185 284
163 262
79 178
129 228
149 248
98 197
19 118
34 133
59 158
183 282
96 195
0 99
66 165
150 249
100 199
82 181
87 186
136 235
28 127
141 240
121 220
123 222
115 214
61 160
46 145
21 120
195 294
52 151
141 240
166 265
162 261
46 145
56 155
39 138
149 248
132 231
29 128
172 271
42 141
95 194
109 208
128 227
64 163
132 231
148 247
16 115
79 178
164 263
193 292
7 106
35 134
21 120
103 202
92 191
175 274
53 152
193 292
189 288
159 258
39 138
85 184
111 210
7 106
32 131
127 226
23 122
2 101
26 125
61 160
179 278
126 225
171 270
63 162
2 101
22 121
84 183
62 161
190 289
94 193
109 208
10 109
157 256
104 203
129 228
159 258
40 139
27 126
76 175
81 180
110 209
2 101
36 135
81 180
12 111
132 231
56 155
107 206
106 205
193 292
151 250
48 147
150 249
63 162
182 281
176 275
44 143
177 276
76 175
116 215
42 141
71 170
104 203
120 219
55 154
65 164
47 146
81 180
130 229
48 147
190 289
86 185
117 216
83 182
4 103
190 289
112 211
170 269
159 258
139 238
140 239
120 219
161 260
98 197
172 271
185 284
8 107
89 188
102 201
40 139
156 255
124 223
88 187
56 155
164 263
162 261
137 236
61 160
117 216
79 178
132 231
56 155
62 161
94 193
183 282
38 137
77 176
80 179
133 232
135 234
157 256
68 167
59 158
30 129
22 121
117 216
189 288
104 203
30 129
130 229
91 190
68 167
51 150
167 266
159 258
117 216
168 267
102 201
55 154
125 224
68 167
149 248
43 142
30 129
79 178
126 225
43 142
167 266
148 247
80 179
67 166
119 218
55 154
115 214
197 296
21 120
96 195
155 254
156 255
13 112
188 287
61 160
43 142
119 218
102 201
65 164
118 217
19 118
109 208
167 266
150 249
134 233
189 288
120 219
69 168
4 103
191 290
110 209
77 176
37 136
78 177
23 122
147 246
196 295
94 193
83 182
13 112
24 123
70 169
82 181
141 240
40 139
110 209
117 216
57 156
80 179
56 155
106 205
164 263
110 209
128 227
162 261
54 153
12 111
56 155
189 288
95 194
177 276
65 164
123 222
47 146
73 172
189 288
166 265
32 131
161 260
114 213
188 287
120 219
191 290
141 240
133 232
117 216
31 130
164 263
194 293
123 222
123 222
94 193
30 129
93 192
155 254
36 135
81 180
24 123
24 123
158 257
151 250
148 247
139 238
52 151
86 185
74 173
113 212
197 296
59 158
101 200
90 189
102 201
116 215
197 296
116 215
158 257
103 202
159 258
180 279
131 230
192 291
33 132
174 273
18 117
28 127
156 255
126 225
115 214
98 197
29 128
68 167
58 157
197 296
119 218
81 180
176 275
116 215
17 116
155 254
55 154
107 206
110 209
135 234
117 216
170 269
159 258
86 185
123 222
18 117
99 198
55 154
84 183
30 129
36 135
104 203
107 206
196 295
137 236
123 222
23 122
124 223
38 137
83 182
59 158
146 245
85 184
160 259
65 164
133 232
162 261
40 139
127 226
120 219
53 152
41 140
179 278
170 269
159 258
51 150
72 171
167 266
173 272
164 263
184 283
165 264
187 286
24 123
121 220
32 131
129 228
43 142
147 246
87 186
164 263
74 173
196 295
3 102
91 190
179 278
110 209
127 226
177 276
4 103
21 120
157 256
81 180
54 153
105 204
10 109
124 223
13 112
165 264
108 207
101 200
114 213
166 265
52 151
104 203
24 123
133 232
158 257
121 220
89 188
191 290
165 264
174 273
39 138
156 255
109 208
110 209
168 267
178 277
27 126
51 150
50 149
102 201
96 195
68 167
194 293
85 184
34 133
56 155
94 193
162 261
123 222
158 257
159 258
64 163
173 272
176 275
31 130
56 155
22 121
29 128
108 207
69 168
177 276
131 230
38 137
164 263
20 119
93 192
107 206
53 152
101 200
49 148
177 276
112 211
65 164
48 147
104 203
90 189
141 240
16 115
162 261
128 227
58 157
156 255
180 279
66 165
118 217
40 139
3 102
41 140
196 295
74 173
142 241
55 154
156 255
141 240
80 179
78 177
20 119
22 121
152 251
161 260
1 100
77 176
153 252
34 133
31 130
88 187
116 215
43 142
134 233
43 142
124 223
75 174
71 170
89 188
41 140
183 282
141 240
183 282
36 135
55 154
88 187
159 258
148 247
60 159
132 231
197 296
187 286
180 279
58 157
76 175
140 239
14 113
131 230
122 221
150 249
191 290
7 106
99 198
51 150
26 125
146 245
149 248
142 241
9 108
54 153
195 294
94 193
130 229
94 193
14 113
122 221
36 135
192 291
57 156
20 119
175 274
150 249
35 134
101 200
2 101
82 181
22 121
8 107
176 275
55 154
77 176
62 161
138 237
79 178
96 195
190 289
120 219
69 168
26 125
61 160
186 285
110 209
163 262
22 121
52 151
78 177
173 272
26 125
111 210
43 142
190 289
94 193
120 219
160 259
140 239
118 217
100 199
164 263
17 116
106 205
181 280
12 111
128 227
102 201
165 264
186 285
84 183
192 291
152 251
32 131
185 284
189 288
107 206
184 283
86 185
135 234
129 228
13 112
94 193
23 122
32 131
149 248
141 240
45 144
75 174
29 128
177 276
134 233
136 235
197 296
93 192
52 151
178 277
59 158
83 182
31 130
85 184
157 256
188 287
37 136
93 192
172 271
176 275
177 276
126 225
161 260
91 190
105 204
41 140
111 210
104 203
13 112
195 294
43 142
10 109
171 270
84 183
95 194
45 144
136 235
185 284
102 201
190 289
9 108
112 211
79 178
196 295
188 287
155 254
196 295
118 217
29 128
81 180
67 166
35 134
34 133
128 227
19 118
13 112
23 122
59 158
15 114
125 224
32 131
145 244
13 112
172 271
176 275
52 151
108 207
179 278
53 152
177 276
90 189
85 184
109 208
37 136
20 119
109 208
57 156
125 224
55 154
56 155
49 148
177 276
63 162
194 293
165 264
45 144
103 202
14 113
29 128
115 214
179 278
93 192
196 295
93 192
83 182
96 195
169 268
31 130
98 197
147 246
63 162
35 134
133 232
36 135
76 175
75 174
152 251
21 120
159 258
24 123
0 99
102 201
72 171
30 129
107 206
79 178
91 190
113 212
46 145
4 103
4 103
37 136
170 269
98 197
16 115
143 242
74 173
174 273
188 287
60 159
10 109
15 114
122 221
147 246
51 150
107 206
129 228
112 211
4 103
59 158
156 255
17 116
144 243
185 284
179 278
117 216
163 262
130 229
102 201
193 292
129 228
161 260
30 129
127 226
21 120
52 151
162 261
177 276
193 292
46 145
110 209
34 133
170 269
116 215
98 197
182 281
74 173
74 173
52 151
56 155
108 207
80 179
90 189
33 132
35 134
40 139
62 161
177 276
74 173
178 277
101 200
45 144
92 191
171 270
133 232
141 240
88 187
50 149
177 276
47 146
94 193
65 164
91 190
134 233
108 207
145 244
77 176
35 134
47 146
74 173
52 151
104 203
25 124
105 204
145 244
147 246
88 187
64 163
57 156
95 194
156 255
113 212
135 234
44 143
13 112
148 247
12 111
93 192
75 174
122 221
96 195
121 220
128 227
164 263
81 180
187 286
52 151
4 103
175 274
158 257
192 291
158 257
188 287
26 125
137 236
139 238
63 162
117 216
87 186
189 288
194 293
67 166
97 196
115 214
137 236
174 273
83 182
104 203
151 250
74 173
56 155
32 131
7 106
103 202
91 190
153 252
97 196
7 106
40 139
86 185
70 169
153 252
155 254
196 295
95 194
89 188
137 236
18 117
76 175
117 216
89 188
137 236
33 132
10 109
170 269
136 235
113 212
18 117
84 183
64 163
169 268
171 270
157 256
78 177
41 140
58 157
106 205
29 128
180 279
94 193
6 105
47 146
194 293
101 200
95 194
54 153
18 117
122 221
100 199
1 100
45 144
88 187
95 194
150 249
59 158
176 275
52 151
106 205
58 157
173 272
98 197
149 248
156 255
192 291
14 113
48 147
81 180
137 236
40 139
5 104
194 293
19 118
117 216
179 278
50 149
13 112
171 270
18 117
141 240
81 180
31 130
135 234
135 234
187 286
91 190
156 255
156 255
156 255
182 281
82 181
63 162
143 242
89 188
20 119
166 265
121 220
109 208
179 278
149 248
164 263
173 272
51 150
132 231
70 169
46 145
85 184
157 256
121 220
94 193
114 213
70 169
60 159
195 294
194 293
64 163
12 111
101 200
41 140
63 162
163 262
107 206
178 277
111 210
61 160
128 227
54 153
68 167
67 166
46 145
192 291
114 213
165 264
150 249
31 130
166 265
35 134
93 192
50 149
66 165
152 251
117 216
106 205
151 250
113 212
136 235
124 223
69 168
111 210
185 284
48 147
75 174
76 175
173 272
175 274
39 138
188 287
49 148
171 270
89 188
150 249
197 296
127 226
80 179
15 114
175 274
13 112
69 168
144 243
68 167
182 281
188 287
63 162
119 218
157 256
57 156
103 202
188 287
177 276
189 288
183 282
151 250
48 147
109 208
195 294
121 220
102 201
127 226
72 171
106 205
29 128
193 292
115 214
143 242
169 268
120 219
126 225
144 243
74 173
1 100
159 258
12 111
99 198
54 153
111 210
168 267
178 277
140 239
145 244
133 232
66 165
30 129
2 101
0 99
1 100
86 185
183 282
136 235
67 166
79 178
22 121
122 221
39 138
80 179
87 186
17 116
177 276
182 281
2 101
131 230
110 209
128 227
156 255
40 139
97 196
148 247
134 233
54 153
43 142
47 146
7 106
173 272
111 210
113 212
154 253
183 282
86 185
128 227
148 247
138 237
195 294
148 247
90 189
25 124
18 117
175 274
95 194
185 284
68 167
22 121
113 212
4 103
13 112
33 132
186 285
107 206
104 203
46 145
21 120
176 275
172 271
17 116
183 282
123 222
151 250
192 291
144 243
184 283
17 116
76 175
22 121
109 208
14 113
133 232
155 254
32 131
145 244
17 116
141 240
126 225
130 229
59 158
10 109
18 117
54 153
21 120
125 224
141 240
137 236
119 218
168 267
22 121
87 186
15 114
144 243
26 125
53 152
91 190
23 122
137 236
113 212
2 101
42 141
38 137
60 159
143 242
98 197
61 160
82 181
125 224
1 100
87 186
187 286
60 159
93 192
52 151
42 141
60 159
155 254
160 259
40 139
4 103
74 173
173 272
17 116
144 243
196 295
82 181
28 127
122 221
114 213
11 110
154 253
169 268
176 275
20 119
127 226
138 237
51 150
150 249
142 241
147 246
185 284
90 189
110 209
62 161
131 230
53 152
196 295
43 142
152 251
191 290
43 142
126 225
80 179
85 184
102 201
140 239
48 147
82 181
178 277
133 232
6 105
15 114
175 274
145 244
193 292
166 265
13 112
110 209
76 175
70 169
88 187
152 251
59 158
2 101
111 210
43 142
9 108
96 195
14 113
76 175
61 160
78 177
52 151
141 240
161 260
89 188
104 203
165 264
87 186
159 258
10 109
61 160
170 269
163 262
177 276
126 225
183 282
30 129
192 291
36 135
38 137
196 295
63 162
8 107
89 188
191 290
138 237
11 110
62 161
170 269
167 266
8 107
159 258
117 216
58 157
89 188
59 158
116 215
96 195
109 208
85 184
21 120
23 122
143 242
127 226
190 289
89 188
142 241
9 108
43 142
66 165
120 219
105 204
41 140
159 258
192 291
59 158
13 112
103 202
139 238
180 279
163 262
147 246
57 156
172 271
176 275
38 137
2 101
31 130
13 112
172 271
169 268
74 173
114 213
169 268
87 186
95 194
43 142
81 180
104 203
7 106
147 246
157 256
10 109
163 262
83 182
171 270
65 164
116 215
181 280
197 296
191 290
177 276
28 127
1 100
181 280
13 112
123 222
158 257
55 154
17 116
25 124
142 241
131 230
162 261
83 182
172 271
43 142
123 222
168 267
86 185
186 285
72 171
43 142
87 186
134 233
152 251
9 108
174 273
110 209
55 154
125 224
3 102
148 247
34 133
58 157
58 157
6 105
154 253
85 184
21 120
55 154
71 170
156 255
36 135
8 107
173 272
8 107
119 218
90 189
67 166
178 277
49 148
43 142
50 149
10 109
160 259
6 105
18 117
75 174
57 156
64 163
2 101
38 137
172 271
149 248
97 196
78 177
79 178
56 155
157 256
135 234
123 222
49 148
182 281
99 198
116 215
106 205
113 212
140 239
163 262
163 262
117 216
107 206
194 293
69 168
173 272
68 167
35 134
85 184
20 119
128 227
84 183
17 116
131 230
70 169
181 280
152 251
120 219
195 294
84 183
78 177
136 235
184 283
91 190
119 218
14 113
93 192
166 265
193 292
27 126
117 216
23 122
182 281
35 134
163 262
21 120
164 263
77 176
156 255
69 168
174 273
40 139
172 271
15 114
167 266
154 253
20 119
61 160
97 196
98 197
144 243
186 285
122 221
175 274
133 232
132 231
179 278
153 252
45 144
180 279
178 277
186 285
51 150
131 230
104 203
193 292
7 106
193 292
161 260
108 207
17 116
69 168
135 234
66 165
54 153
168 267
60 159
147 246
22 121
118 217
146 245
143 242
57 156
114 213
135 234
99 198
32 131
45 144
32 131
17 116
70 169
167 266
98 197
110 209
135 234
47 146
63 162
109 208
104 203
18 117
38 137
96 195
24 123
42 141
12 111
47 146
121 220
37 136
189 288
137 236
70 169
31 130
122 221
112 211
34 133
38 137
181 280
188 287
57 156
101 200
49 148
81 180
133 232
25 124
29 128
49 148
32 131
12 111
153 252
105 204
169 268
10 109
151 250
170 269
60 159
166 265
126 225
153 252
142 241
32 131
160 259
63 162
38 137
54 153
146 245
73 172
190 289
149 248
102 201
197 296
156 255
168 267
146 245
42 141
84 183
152 251
0 99
85 184
63 162
45 144
49 148
64 163
52 151
183 282
44 143
16 115
117 216
34 133
114 213
184 283
122 221
186 285
24 123
123 222
127 226
193 292
128 227
157 256
174 273
4 103
149 248
107 206
131 230
169 268
35 134
20 119
78 177
102 201
159 258
91 190
10 109
66 165
111 210
90 189
143 242
80 179
70 169
188 287
165 264
41 140
167 266
70 169
6 105
9 108
150 249
54 153
122 221
98 197
34 133
75 174
85 184
37 136
13 112
61 160
134 233
8 107
35 134
162 261
8 107
64 163
176 275
41 140
58 157
63 162
89 188
153 252
25 124
133 232
51 150
165 264
143 242
78 177
131 230
21 120
197 296
195 294
152 251
1 100
118 217
141 240
163 262
125 224
191 290
52 151
126 225
113 212
100 199
159 258
16 115
106 205
137 236
49 148
24 123
111 210
63 162
53 152
116 215
90 189
4 103
118 217
19 118
167 266
34 133
43 142
64 163
168 267
168 267
45 144
79 178
71 170
48 147
92 191
92 191
132 231
85 184
186 285
50 149
77 176
30 129
144 243
78 177
46 145
104 203
90 189
108 207
167 266
93 192
18 117
37 136
119 218
98 197
158 257
156 255
178 277
171 270
123 222
112 211
91 190
6 105
6 105
65 164
53 152
169 268
87 186
146 245
19 118
19 118
97 196
169 268
139 238
39 138
110 209
18 117
36 135
78 177
119 218
93 192
153 252
179 278
127 226
89 188
107 206
77 176
8 107
103 202
43 142
194 293
161 260
102 201
194 293
8 107
141 240
86 185
148 247
92 191
141 240
14 113
17 116
149 248
112 211
179 278
163 262
187 286
166 265
7 106
168 267
165 264
192 291
10 109
190 289
50 149
16 115
133 232
192 291
157 256
17 116
9 108
179 278
89 188
160 259
101 200
77 176
174 273
194 293
164 263
0 99
130 229
9 108
118 217
50 149
47 146
161 260
163 262
32 131
130 229
179 278
19 118
90 189
66 165
26 125
55 154
174 273
30 129
61 160
155 254
141 240
59 158
190 289
168 267
189 288
28 127
174 273
184 283
197 296
119 218
15 114
110 209
193 292
91 190
122 221
47 146
59 158
195 294
186 285
94 193
196 295
114 213
33 132
79 178
146 245
177 276
95 194
70 169
39 138
133 232
76 175
9 108
7 106
101 200
63 162
80 179
160 259
150 249
169 268
127 226
97 196
37 136
158 257
78 177
166 265
196 295
49 148
102 201
162 261
7 106
32 131
122 221
52 151
103 202
108 207
75 174
102 201
104 203
5 104
72 171
169 268
40 139
71 170
156 255
90 189
27 126
161 260
93 192
94 193
71 170
44 143
19 118
41 140
48 147
58 157
155 254
63 162
123 222
145 244
188 287
39 138
45 144
171 270
9 108
58 157
66 165
57 156
140 239
54 153
14 113
15 114
191 290
40 139
197 296
34 133
84 183
125 224
69 168
6 105
127 226
57 156
172 271
171 270
69 168
36 135
75 174
192 291
186 285
84 183
6 105
48 147
192 291
118 217
163 262
113 212
186 285
121 220
7 106
91 190
134 233
37 136
62 161
157 256
145 244
68 167
19 118
171 270
98 197
1 100
45 144
56 155
5 104
4 103
185 284
159 258
77 176
67 166
148 247
87 186
176 275
175 274
172 271
19 118
184 283
33 132
127 226
175 274
112 211
98 197
133 232
88 187
128 227
40 139
106 205
194 293
120 219
7 106
140 239
141 240
52 151
14 113
5 104
167 266
20 119
54 153
5 104
195 294
59 158
44 143
67 166
86 185
55 154
195 294
105 204
179 278
53 152
121 220
99 198
135 234
178 277
168 267
124 223
128 227
110 209
20 119
145 244
103 202
30 129
80 179
7 106
90 189
95 194
10 109
153 252
187 286
121 220
5 104
163 262
30 129
14 113
100 199
45 144
113 212
111 210
31 130
185 284
29 128
132 231
101 200
62 161
9 108
102 201
52 151
145 244
88 187
111 210
60 159
55 154
193 292
186 285
87 186
14 113
106 205
14 113
65 164
51 150
34 133
91 190
77 176
35 134
68 167
153 252
180 279
12 111
59 158
58 157
94 193
55 154
7 106
42 141
14 113
0 99
37 136
101 200
168 267
150 249
37 136
150 249
81 180
178 277
170 269
178 277
97 196
179 278
137 236
119 218
141 240
135 234
154 253
141 240
7 106
10 109
164 263
31 130
170 269
121 220
152 251
88 187
136 235
127 226
99 198
193 292
34 133
168 267
104 203
38 137
159 258
124 223
98 197
14 113
192 291
111 210
182 281
3 102
7 106
26 125
49 148
15 114
192 291
105 204
172 271
150 249
60 159
4 103
82 181
3 102
10 109
165 264
5 104
32 131
41 140
14 113
100 199
122 221
167 266
91 190
157 256
149 248
66 165
188 287
90 189
1 100
60 159
160 259
89 188
90 189
53 152
168 267
143 242
161 260
93 192
91 190
153 252
178 277
144 243
184 283
52 151
92 191
182 281
80 179
45 144
182 281
111 210
36 135
45 144
141 240
26 125
132 231
155 254
23;156504
159 258
61 160
47 146
43 142
189 288
104 203
38 137
157 256
175 274
99 198
150 249
122 221
0 99
7 106
140 239
141 240
185 284
154 253
52 151
94 193
49 148
130 229
2 101
183 282
175 274
17 116
123 222
12 111
4 103
146 245
184 283
98 197
128 227
67 166
89 188
141 240
80 179
86 185
63 162
166 265
168 267
91 190
14 113
175 274
157 256
188 287
63 162
28 127
180 279
109 208
152 251
52 151
178 277
177 276
64 163
40 139
72 171
89 188
197 296
4 103
104 203
140 239
168 267
54 153
39 138
126 225
165 264
68 167
183 282
153 252
132 231
25 124
37 136
98 197
157 256
20 119
176 275
95 194
106 205
154 253
152 251
65 164
24 123
197 296
95 194
115 214
82 181
185 284
107 206
169 268
95 194
35 134
188 287
63 162
82 181
143 242
144 243
42 141
137 236
125 224
15 114
57 156
185 284
115 214
140 239
47 146
9 108
20 119
135 234
45 144
164 263
25 124
126 225
143 242
110 209
83 182
174 273
19 118
84 183
120 219
137 236
173 272
87 186
120 219
101 200
30 129
115 214
17 116
11 110
97 196
57 156
6 105
115 214
159 258
150 249
0 99
42 141
68 167
142 241
73 172
68 167
171 270
71 170
36 135
28 127
75 174
135 234
35 134
20 119
170 269
129 228
16 115
21 120
15 114
138 237
7 106
80 179
149 248
193 292
113 212
94 193
61 160
26 125
52 151
20 119
75 174
66 165
14 113
126 225
196 295
108 207
111 210
174 273
190 289
41 140
193 292
30 129
11 110
106 205
160 259
99 198
9 108
45 144
115 214
133 232
173 272
105 204
86 185
25 124
51 150
184 283
12 111
82 181
22 121
5 104
123 222
119 218
121 220
133 232
142 241
89 188
58 157
53 152
56 155
42 141
29 128
148 247
43 142
108 207
58 157
131 230
54 153
61 160
52 151
188 287
30 129
2 101
195 294
185 284
86 185
25 124
111 210
11 110
39 138
67 166
139 238
186 285
58 157
151 250
156 255
56 155
113 212
110 209
123 222
138 237
129 228
190 289
65 164
167 266
177 276
111 210
101 200
101 200
84 183
65 164
130 229
100 199
81 180
68 167
29 128
52 151
87 186
131 230
27 126
122 221
8 107
124 223
88 187
131 230
129 228
112 211
8 107
158 257
138 237
180 279
38 137
124 223
59 158
187 286
80 179
34 133
146 245
118 217
70 169
24 123
32 131
84 183
64 163
146 245
71 170
8 107
144 243
18 117
128 227
183 282
118 217
151 250
132 231
27 126
1 100
104 203
11 110
101 200
94 193
149 248
180 279
164 263
34 133
15 114
164 263
120 219
162 261
169 268
169 268
82 181
94 193
53 152
125 224
91 190
23 122
123 222
68 167
105 204
58 157
35 134
183 282
83 182
158 257
73 172
155 254
162 261
169 268
58 157
122 221
89 188
150 249
160 259
181 280
31 130
54 153
164 263
163 262
68 167
8 107
170 269
13 112
171 270
25 124
168 267
43 142
15 114
158 257
164 263
46 145
62 161
109 208
42 141
156 255
75 174
112 211
138 237
65 164
4 103
122 221
123 222
132 231
132 231
118 217
40 139
93 192
134 233
134 233
97 196
5 104
103 202
189 288
67 166
169 268
28 127
141 240
90 189
64 163
118 217
111 210
162 261
7 106
67 166
30 129
60 159
129 228
163 262
191 290
24 123
98 197
183 282
60 159
9 108
153 252
42 141
149 248
22 121
83 182
26 125
115 214
19 118
169 268
134 233
77 176
178 277
178 277
164 263
35 134
137 236
132 231
115 214
38 137
124 223
87 186
135 234
30 129
35 134
42 141
126 225
161 260
73 172
174 273
184 283
120 219
181 280
197 296
70 169
123 222
65 164
79 178
176 275
184 283
103 202
4 103
31 130
65 164
4 103
53 152
197 296
13 112
61 160
36 135
31 130
104 203
50 149
166 265
84 183
119 218
84 183
175 274
146 245
150 249
74 173
109 208
160 259
133 232
127 226
104 203
42 141
96 195
18 117
7 106
172 271
135 234
81 180
57 156
192 291
43 142
35 134
141 240
77 176
192 291
125 224
26 125
122 221
29 128
117 216
118 217
194 293
10 109
125 224
57 156
114 213
115 214
9 108
182 281
0 99
105 204
160 259
118 217
106 205
139 238
89 188
142 241
76 175
56 155
73 172
107 206
131 230
87 186
120 219
56 155
155 254
144 243
122 221
158 257
109 208
175 274
81 180
180 279
90 189
192 291
171 270
177 276
4 103
144 243
7 106
179 278
165 264
184 283
159 258
158 257
153 252
66 165
40 139
156 255
89 188
168 267
1 100
165 264
159 258
100 199
117 216
24 123
55 154
153 252
128 227
160 259
83 182
177 276
90 189
43 142
150 249
132 231
47 146
29 128
111 210
63 162
142 241
17 116
83 182
82 181
125 224
71 170
144 243
19 118
122 221
174 273
159 258
129 228
25 124
0 99
106 205
102 201
153 252
135 234
71 170
144 243
2 101
50 149
111 210
163 262
31 130
45 144
164 263
109 208
72 171
161 260
101 200
114 213
2 101
170 269
47 146
191 290
101 200
112 211
70 169
168 267
30 129
121 220
161 260
59 158
173 272
57 156
44 143
28 127
6 105
100 199
150 249
79 178
27 126
86 185
173 272
44 143
23 122
60 159
148 247
114 213
165 264
66 165
96 195
34 133
141 240
85 184
96 195
29 128
159 258
175 274
15 114
147 246
93 192
22 121
161 260
66 165
197 296
112 211
77 176
119 218
133 232
189 288
172 271
98 197
162 261
135 234
93 192
16 115
85 184
60 159
12 111
23 122
181 280
87 186
52 151
54 153
79 178
194 293
93 192
28 127
47 146
53 152
40 139
20 119
23 122
94 193
147 246
130 229
12 111
166 265
22 121
131 230
178 277
81 180
180 279
188 287
23 122
163 262
164 263
94 193
62 161
118 217
54 153
90 189
9 108
115 214
10 109
153 252
83 182
116 215
13 112
175 274
106 205
39 138
87 186
120 219
83 182
119 218
153 252
13 112
196 295
92 191
105 204
153 252
12 111
34 133
189 288
87 186
180 279
61 160
136 235
161 260
11 110
187 286
78 177
32 131
55 154
180 279
138 237
195 294
137 236
18 117
7 106
18 117
33 132
135 234
79 178
170 269
26 125
125 224
6 105
196 295
118 217
159 258
188 287
185 284
70 169
17 116
184 283
93 192
104 203
36 135
112 211
155 254
40 139
122 221
127 226
67 166
177 276
105 204
184 283
19 118
89 188
43 142
121 220
59 158
33 132
149 248
195 294
163 262
177 276
15 114
47 146
130 229
152 251
98 197
173 272
135 234
142 241
20 119
9 108
142 241
60 159
79 178
106 205
133 232
173 272
77 176
179 278
104 203
31 130
123 222
177 276
96 195
183 282
63 162
49 148
87 186
24 123
100 199
54 153
2 101
182 281
31 130
6 105
100 199
187 286
106 205
87 186
180 279
53 152
185 284
105 204
97 196
166 265
11 110
197 296
184 283
176 275
136 235
31 130
44 143
171 270
20 119
59 158
138 237
118 217
36 135
194 293
123 222
111 210
188 287
87 186
49 148
94 193
169 268
72 171
75 174
125 224
45 144
98 197
127 226
119 218
134 233
96 195
93 192
134 233
146 245
173 272
110 209
151 250
196 295
172 271
182 281
130 229
114 213
180 279
152 251
106 205
107 206
94 193
152 251
47 146
37 136
121 220
42 141
10 109
87 186
159 258
126 225
139 238
5 104
2 101
98 197
125 224
123 222
166 265
81 180
33 132
99 198
109 208
79 178
23 122
105 204
41 140
64 163
135 234
166 265
128 227
97 196
140 239
32 131
92 191
128 227
109 208
74 173
35 134
134 233
122 221
109 208
25 124
88 187
88 187
41 140
20 119
181 280
31 130
3 102
67 166
6 105
90 189
181 280
183 282
18 117
21 120
4 103
0 99
160 259
63 162
71 170
114 213
161 260
10 109
63 162
167 266
23 122
165 264
16 115
103 202
47 146
163 262
103 202
36 135
37 136
33 132
159 258
168 267
69 168
22 121
26 125
92 191
50 149
133 232
106 205
167 266
83 182
185 284
0 99
153 252
86 185
34 133
22 121
91 190
84 183
29 128
28 127
29 128
115 214
82 181
33 132
179 278
1 100
128 227
16 115
131 230
2 101
194 293
110 209
115 214
79 178
67 166
31 130
107 206
136 235
14 113
150 249
59 158
75 174
94 193
184 283
63 162
156 255
111 210
3 102
72 171
151 250
176 275
185 284
37 136
24 123
105 204
145 244
5 104
74 173
37 136
36 135
3 102
36 135
43 142
189 288
3 102
76 175
17 116
188 287
35 134
150 249
12 111
27 126
161 260
151 250
31 130
30 129
87 186
51 150
36 135
74 173
72 171
132 231
186 285
196 295
23 122
151 250
168 267
157 256
18 117
172 271
195 294
168 267
44 143
25 124
69 168
92 191
85 184
30 129
92 191
39 138
194 293
189 288
134 233
30 129
40 139
28 127
121 220
61 160
103 202
8 107
19 118
60 159
59 158
77 176
85 184
180 279
2 101
13 112
20 119
7 106
197 296
1 100
115 214
135 234
193 292
50 149
43 142
195 294
21 120
175 274
196 295
88 187
37 136
185 284
169 268
29 128
170 269
39 138
173 272
184 283
160 259
17 116
183 282
183 282
184 283
192 291
190 289
169 268
60 159
189 288
135 234
71 170
48 147
82 181
71 170
177 276
100 199
108 207
138 237
125 224
188 287
96 195
115 214
101 200
63 162
162 261
21 120
75 174
3 102
183 282
74 173
169 268
94 193
129 228
135 234
190 289
43 142
142 241
183 282
48 147
122 221
13 112
139 238
116 215
179 278
62 161
66 165
134 233
169 268
32 131
183 282
107 206
88 187
177 276
78 177
115 214
167 266
164 263
194 293
40 139
190 289
184 283
18 117
106 205
104 203
6 105
80 179
178 277
125 224
29 128
119 218
167 266
120 219
135 234
86 185
0 99
39 138
182 281
40 139
172 271
104 203
151 250
115 214
107 206
17 116
121 220
71 170
189 288
114 213
174 273
41 140
148 247
13 112
181 280
125 224
24 123
0 99
3 102
114 213
109 208
83 182
49 148
180 279
107 206
170 269
151 250
97 196
90 189
63 162
152 251
139 238
188 287
46 145
111 210
116 215
120 219
191 290
179 278
140 239
152 251
16 115
86 185
47 146
79 178
10 109
152 251
118 217
42 141
101 200
71 170
128 227
192 291
43 142
127 226
176 275
190 289
189 288
75 174
5 104
126 225
45 144
131 230
16 115
45 144
121 220
125 224
36 135
29 128
96 195
93 192
108 207
127 226
67 166
160 259
26 125
9 108
42 141
12 111
47 146
29 128
116 215
37 136
112 211
81 180
71 170
38 137
43 142
113 212
40 139
76 175
74 173
71 170
71 170
120 219
40 139
100 199
1 100
62 161
166 265
25 124
111 210
56 155
150 249
9 108
21 120
33 132
23 122
30 129
157 256
127 226
136 235
91 190
72 171
47 146
190 289
163 262
63 162
156 255
122 221
43 142
2 101
175 274
48 147
81 180
27 126
20 119
114 213
137 236
3 102
149 248
131 230
10 109
146 245
53 152
92 191
104 203
17 116
37 136
106 205
159 258
113 212
197 296
77 176
101 200
138 237
8 107
84 183
167 266
134 233
50 149
147 246
135 234
162 261
124 223
43 142
197 296
50 149
173 272
142 241
16 115
109 208
72 171
192 291
105 204
105 204
178 277
26 125
125 224
108 207
136 235
192 291
83 182
179 278
179 278
155 254
41 140
33 132
192 291
73 172
131 230
39 138
117 216
116 215
70 169
52 151
82 181
89 188
166 265
85 184
4 103
153 252
140 239
152 251
16 115
113 212
8 107
117 216
140 239
163 262
75 174
114 213
73 172
36 135
99 198
148 247
189 288
34 133
38 137
38 137
104 203
146 245
17 116
171 270
77 176
97 196
125 224
21 120
78 177
61 160
77 176
12 111
96 195
20 119
19 118
109 208
160 259
154 253
194 293
35 134
74 173
141 240
146 245
151 250
114 213
143 242
125 224
163 262
174 273
156 255
159 258
118 217
178 277
93 192
155 254
82 181
92 191
195 294
107 206
0 99
184 283
89 188
49 148
3 102
92 191
108 207
197 296
51 150
162 261
44 143
33 132
3 102
21 120
174 273
150 249
75 174
75 174
62 161
87 186
158 257
125 224
119 218
73 172
32 131
133 232
4 103
191 290
151 250
64 163
195 294
3 102
134 233
115 214
112 211
140 239
56 155
56 155
42 141
168 267
160 259
92 191
76 175
98 197
19 118
89 188
107 206
179 278
70 169
17 116
57 156
87 186
17 116
113 212
142 241
167 266
173 272
157 256
180 279
124 223
150 249
196 295
92 191
31 130
23 122
188 287
88 187
77 176
12 111
161 260
14 113
178 277
23 122
87 186
21 120
173 272
149 248
173 272
71 170
188 287
75 174
190 289
91 190
137 236
3 102
175 274
170 269
8 107
192 291
163 262
99 198
168 267
90 189
137 236
78 177
195 294
36 135
76 175
43 142
89 188
41 140
102 201
30 129
34 133
157 256
152 251
15 114
82 181
62 161
63 162
160 259
45 144
86 185
149 248
178 277
95 194
104 203
165 264
155 254
105 204
21 120
159 258
183 282
14 113
127 226
10 109
172 271
59 158
132 231
63 162
124 223
65 164
43 142
15 114
82 181
143 242
72 171
153 252
196 295
75 174
83 182
80 179
171 270
158 257
137 236
175 274
109 208
110 209
135 234
82 181
149 248
41 140
64 163
106 205
127 226
24 123
53 152
52 151
88 187
151 250
43 142
134 233
94 193
102 201
194 293
196 295
156 255
76 175
83 182
189 288
118 217
194 293
123 222
197 296
30 129
5 104
78 177
10 109
27 126
159 258
41 140
36 135
161 260
166 265
102 201
39 138
126 225
98 197
19 118
168 267
58 157
33 132
145 244
18 117
121 220
192 291
16 115
180 279
194 293
89 188
31 130
129 228
143 242
3 102
78 177
31 130
191 290
184 283
135 234
160 259
103 202
17 116
137 236
133 232
25 124
88 187
192 291
96 195
89 188
4 103
123 222
147 246
101 200
52 151
156 255
42 141
107 206
196 295
47 146
38 137
92 191
175 274
114 213
182 281
84 183
50 149
17 116
45 144
37 136
89 188
14 113
108 207
63 162
86 185
58 157
29 128
36 135
127 226
125 224
84 183
172 271
106 205
197 296
63 162
170 269
139 238
29 128
39 138
40 139
157 256
39 138
64 163
196 295
99 198
189 288
157 256
23 122
22 121
16 115
134 233
164 263
142 241
38 137
14 113
48 147
35 134
24 123
47 146
144 243
108 207
180 279
180 279
182 281
5 104
170 269
112 211
93 192
35 134
84 183
7 106
97 196
4 103
78 177
75 174
109 208
106 205
41 140
65 164
111 210
195 294
182 281
127 226
83 182
92 191
34 133
191 290
32 131
168 267
18 117
192 291
52 151
9 108
63 162
178 277
11 110
183 282
29 128
54 153
147 246
164 263
129 228
22 121
113 212
156 255
126 225
116 215
138 237
133 232
86 185
84 183
164 263
43 142
58 157
132 231
17 116
77 176
86 185
8 107
110 209
183 282
115 214
179 278
92 191
191 290
120 219
154 253
181 280
68 167
134 233
39 138
60 159
79 178
109 208
65 164
63 162
177 276
97 196
192 291
70 169
2 101
125 224
177 276
181 280
182 281
17 116
66 165
131 230
81 180
26 125
19 118
59 158
139 238
132 231
147 246
154 253
135 234
69 168
195 294
168 267
137 236
138 237
108 207
128 227
56 155
11 110
87 186
56 155
29 128
150 249
89 188
92 191
137 236
17 116
82 181
85 184
109 208
156 255
96 195
68 167
52 151
80 179
92 191
128 227
85 184
180 279
130 229
120 219
12 111
37 136
35 134
149 248
57 156
131 230
73 172
138 237
161 260
20 119
19 118
175 274
25 124
87 186
5 104
46 145
132 231
102 201
192 291
187 286
36 135
31 130
137 236
48 147
75 174
159 258
102 201
175 274
49 148
12 111
142 241
74 173
85 184
194 293
168 267
159 258
122 221
18 117
181 280
196 295
144 243
118 217
102 201
37 136
46 145
56 155
139 238
177 276
68 167
138 237
167 266
84 183
133 232
89 188
158 257
22 121
55 154
88 187
144 243
171 270
39 138
101 200
163 262
102 201
184 283
53 152
35 134
190 289
43 142
166 265
38 137
145 244
170 269
58 157
174 273
90 189
59 158
136 235
40 139
103 202
23 122
14 113
144 243
129 228
173 272
84 183
164 263
77 176
197 296
125 224
136 235
189 288
113 212
49 148
191 290
71 170
58 157
146 245
21 120
0 99
172 271
44 143
36 135
139 238
57 156
164 263
104 203
187 286
162 261
98 197
0 99
128 227
184 283
69 168
168 267
76 175
147 246
25 124
25 124
89 188
141 240
187 286
181 280
36 135
67 166
121 220
159 258
75 174
194 293
160 259
123 222
166 265
159 258
35 134
31 130
54 153
9 108
52 151
22 121
79 178
89 188
75 174
66 165
111 210
177 276
40 139
102 201
174 273
175 274
40 139
120 219
29 128
55 154
50 149
62 161
124 223
81 180
120 219
146 245
17 116
114 213
27 126
183 282
28 127
30 129
19 118
74 173
120 219
24 123
93 192
31 130
185 284
135 234
194 293
106 205
183 282
35 134
185 284
24 123
23 122
177 276
132 231
132 231
167 266
164 263
81 180
97 196
183 282
124 223
180 279
164 263
92 191
110 209
6 105
161 260
41 140
100 199
1 100
150 249
70 169
119 218
75 174
12 111
113 212
39 138
53 152
52 151
139 238
62 161
26 125
117 216
140 239
101 200
77 176
59 158
178 277
59 158
44 143
126 225
40 139
90 189
166 265
9 108
67 166
56 155
75 174
101 200
21 120
141 240
108 207
136 235
48 147
59 158
151 250
166 265
23 122
82 181
58 157
38 137
74 173
99 198
42 141
135 234
151 250
166 265
47 146
81 180
124 223
68 167
172 271
18 117
182 281
88 187
44 143
86 185
1 100
173 272
68 167
96 195
158 257
108 207
118 217
56 155
40 139
187 286
158 257
56 155
86 185
45 144
67 166
156 255
163 262
181 280
101 200
158 257
156 255
31 130
191 290
132 231
139 238
173 272
97 196
12 111
134 233
190 289
117 216
108 207
112 211
191 290
166 265
95 194
28 127
5 104
153 252
75 174
160 259
147 246
126 225
175 274
79 178
149 248
8 107
121 220
53 152
62 161
134 233
123 222
140 239
142 241
135 234
11 110
183 282
69 168
151 250
130 229
86 185
128 227
95 194
118 217
149 248
74 173
178 277
22 121
59 158
76 175
81 180
113 212
196 295
159 258
180 279
62 161
71 170
2 101
131 230
181 280
121 220
85 184
85 184
165 264
147 246
147 246
157 256
37 136
96 195
43 142
187 286
140 239
77 176
44 143
143 242
178 277
87 186
55 154
80 179
160 259
112 211
68 167
11 110
164 263
87 186
18 117
168 267
46 145
118 217
73 172
100 199
164 263
99 198
158 257
60 159
173 272
43 142
56 155
20 119
193 292
91 190
137 236
133 232
122 221
185 284
135 234
156 255
115 214
7 106
107 206
27 126
21 120
78 177
67 166
135 234
45 144
192 291
40 139
160 259
112 211
75 174
140 239
185 284
98 197
90 189
144 243
36 135
18 117
64 163
3 102
24 123
98 197
184 283
10 109
38 137
94 193
66 165
155 254
56 155
122 221
80 179
138 237
60 159
36 135
117 216
60 159
64 163
182 281
151 250
194 293
193 292
147 246
117 216
186 285
93 192
117 216
149 248
142 241
26 125
194 293
124 223
49 148
79 178
83 182
69 168
19 118
25 124
117 216
181 280
171 270
45 144
142 241
63 162
117 216
95 194
112 211
169 268
126 225
114 213
124 223
152 251
197 296
103 202
172 271
80 179
160 259
80 179
58 157
150 249
61 160
89 188
185 284
184 283
186 285
164 263
188 287
113 212
108 207
116 215
8 107
165 264
27 126
13 112
56 155
139 238
131 230
28 127
98 197
97 196
107 206
86 185
174 273
146 245
162 261
38 137
96 195
187 286
54 153
29 128
176 275
3 102
48 147
9 108
118 217
155 254
142 241
189 288
117 216
163 262
117 216
185 284
163 262
11 110
122 221
144 243
42 141
35 134
22 121
173 272
93 192
177 276
83 182
187 286
172 271
98 197
191 290
197 296
53 152
49 148
125 224
135 234
100 199
193 292
197 296
60 159
102 201
69 168
188 287
36 135
20 119
42 141
154 253
32 131
104 203
119 218
101 200
139 238
108 207
58 157
118 217
59 158
195 294
19 118
52 151
103 202
97 196
141 240
174 273
86 185
126 225
137 236
107 206
72 171
99 198
130 229
168 267
115 214
171 270
87 186
150 249
190 289
107 206
73 172
88 187
32 131
19 118
77 176
11 110
160 259
124 223
152 251
88 187
58 157
186 285
191 290
194 293
180 279
12 111
79 178
64 163
61 160
28 127
92 191
49 148
36 135
61 160
172 271
161 260
162 261
134 233
104 203
162 261
85 184
147 246
193 292
132 231
46 145
22 121
42 141
182 281
115 214
75 174
193 292
58 157
13 112
58 157
103 202
117 216
162 261
37 136
56 155
55 154
101 200
149 248
67 166
129 228
75 174
125 224
92 191
138 237
121 220
122 221
110 209
77 176
86 185
21 120
132 231
161 260
25 124
93 192
137 236
56 155
7 106
38 137
98 197
169 268
136 235
51 150
170 269
161 260
154 253
32 131
69 168
40 139
179 278
173 272
161 260
197 296
115 214
180 279
60 159
185 284
77 176
159 258
60 159
70 169
71 170
142 241
33 132
23 122
144 243
69 168
130 229
139 238
131 230
178 277
76 175
113 212
42 141
119 218
185 284
69 168
4 103
104 203
37 136
5 104
99 198
39 138
31 130
178 277
115 214
64 163
113 212
29 128
84 183
157 256
12 111
72 171
21 120
59 158
129 228
39 138
12 111
36 135
51 150
76 175
132 231
50 149
45 144
174 273
138 237
193 292
143 242
61 160
15 114
109 208
123 222
143 242
182 281
24 123
31 130
96 195
31 130
60 159
196 295
38 137
82 181
178 277
25 124
125 224
21 120
75 174
26 125
15 114
36 135
197 296
164 263
46 145
78 177
85 184
43 142
181 280
55 154
7 106
167 266
155 254
57 156
42 141
61 160
89 188
71 170
98 197
99 198
165 264
22 121
52 151
44 143
14 113
164 263
47 146
171 270
92 191
178 277
66 165
119 218
37 136
154 253
28 127
35 134
158 257
86 185
174 273
180 279
80 179
148 247
136 235
0 99
136 235
100 199
64 163
25 124
30 129
115 214
122 221
72 171
158 257
76 175
17 116
148 247
152 251
174 273
78 177
84 183
34 133
173 272
33 132
65 164
186 285
59 158
44 143
30 129
8 107
92 191
17 116
58 157
104 203
100 199
143 242
86 185
50 149
132 231
32 131
91 190
167 266
18 117
35 134
130 229
59 158
149 248
110 209
128 227
61 160
130 229
78 177
156 255
167 266
135 234
104 203
47 146
143 242
38 137
123 222
78 177
131 230
9 108
153 252
49 148
71 170
167 266
149 248
154 253
181 280
90 189
45 144
24 123
100 199
171 270
155 254
33 132
104 203
121 220
56 155
4 103
68 167
128 227
168 267
148 247
108 207
92 191
39 138
15 114
79 178
168 267
26 125
118 217
167 266
39 138
131 230
91 190
59 158
165 264
22 121
155 254
46 145
28 127
132 231
114 213
9 108
15 114
139 238
32 131
51 150
41 140
150 249
159 258
196 295
72 171
3 102
51 150
40 139
52 151
74 173
82 181
82 181
49 148
116 215
139 238
70 169
147 246
181 280
138 237
9 108
58 157
66 165
41 140
159 258
97 196
131 230
196 295
49 148
120 219
181 280
154 253
154 253
183 282
38 137
117 216
9 108
93 192
0 99
33 132
101 200
185 284
66 165
54 153
138 237
13 112
33 132
99 198
139 238
77 176
89 188
192 291
186 285
87 186
60 159
54 153
136 235
92 191
122 221
64 163
13 112
128 227
178 277
107 206
63 162
145 244
90 189
159 258
25 124
146 245
62 161
94 193
92 191
61 160
137 236
84 183
42 141
169 268
150 249
131 230
3 102
162 261
0 99
37 136
109 208
101 200
124 223
190 289
120 219
144 243
130 229
181 280
173 272
141 240
152 251
38 137
13 112
173 272
115 214
193 292
57 156
128 227
193 292
109 208
172 271
158 257
35 134
182 281
13 112
46 145
194 293
148 247
99 198
125 224
46 145
159 258
187 286
90 189
162 261
123 222
35 134
71 170
36 135
45 144
177 276
128 227
88 187
17 116
183 282
164 263
11 110
166 265
73 172
89 188
5 104
1 100
25 124
188 287
74 173
122 221
197 296
190 289
13 112
42 141
91 190
68 167
103 202
92 191
101 200
148 247
14 113
133 232
110 209
4 103
124 223
3 102
195 294
90 189
148 247
128 227
11 110
132 231
83 182
157 256
71 170
166 265
83 182
0 99
11 110
16 115
105 204
144 243
84 183
157 256
19 118
180 279
131 230
78 177
53 152
93 192
98 197
175 274
157 256
93 192
65 164
115 214
176 275
130 229
109 208
49 148
39 138
133 232
66 165
74 173
7 106
17 116
23 122
53 152
55 154
154 253
169 268
193 292
194 293
194 293
183 282
69 168
6 105
194 293
70 169
67 166
81 180
128 227
191 290
86 185
158 257
136 235
5 104
123 222
16 115
91 190
50 149
81 180
137 236
147 246
16 115
48 147
92 191
35 134
0 99
196 295
159 258
48 147
59 158
10 109
56 155
193 292
50 149
83 182
38 137
124 223
51 150
51 150
56 155
145 244
172 271
56 155
14 113
129 228
67 166
79 178
27 126
152 251
143 242
45 144
4 103
165 264
119 218
56 155
64 163
123 222
148 247
11 110
12 111
105 204
121 220
191 290
101 200
55 154
44 143
4 103
74 173
120 219
66 165
151 250
86 185
157 256
159 258
109 208
134 233
145 244
11 110
107 206
151 250
140 239
31 130
43 142
66 165
52 151
188 287
159 258
153 252
12 111
157 256
115 214
29 128
74 173
39 138
58 157
106 205
154 253
158 257
8 107
111 210
39 138
117 216
45 144
145 244
105 204
60 159
4 103
3 102
155 254
58 157
56 155
116 215
31 130
90 189
102 201
42 141
175 274
74 173
182 281
83 182
24 123
187 286
193 292
61 160
56 155
48 147
57 156
29 128
73 172
193 292
193 292
20 119
83 182
83 182
117 216
70 169
156 255
76 175
25 124
167 266
74 173
2 101
34 133
126 225
189 288
48 147
138 237
97 196
126 225
179 278
141 240
183 282
183 282
56 155
66 165
61 160
162 261
80 179
38 137
64 163
143 242
88 187
61 160
134 233
155 254
70 169
16 115
75 174
84 183
160 259
180 279
185 284
139 238
81 180
113 212
82 181
155 254
106 205
105 204
59 158
191 290
37 136
165 264
154 253
0 99
98 197
70 169
192 291
91 190
53 152
15 114
160 259
85 184
77 176
102 201
94 193
102 201
120 219
75 174
195 294
136 235
177 276
49 148
12 111
130 229
156 255
21 120
174 273
180 279
153 252
74 173
183 282
93 192
128 227
164 263
151 250
67 166
29 128
41 140
17 116
109 208
81 180
96 195
17 116
110 209
129 228
38 137
99 198
29 128
72 171
17 116
147 246
190 289
40 139
166 265
92 191
32 131
147 246
81 180
18 117
161 260
11 110
104 203
168 267
170 269
74 173
2 101
129 228
131 230
182 281
159 258
156 255
67 166
158 257
68 167
34 133
49 148
34 133
143 242
4 103
165 264
55 154
103 202
153 252
196 295
152 251
157 256
155 254
101 200
102 201
105 204
183 282
170 269
26 125
128 227
49 148
177 276
125 224
194 293
73 172
51 150
56 155
168 267
76 175
85 184
60 159
77 176
102 201
126 225
127 226
187 286
133 232
147 246
142 241
77 176
53 152
65 164
181 280
47 146
69 168
164 263
91 190
42 141
67 166
60 159
80 179
55 154
27 126
30 129
6 105
185 284
112 211
95 194
165 264
126 225
170 269
1 100
158 257
136 235
22 121
123 222
169 268
79 178
46 145
102 201
168 267
58 157
147 246
147 246
0 99
14 113
145 244
75 174
78 177
115 214
84 183
30 129
11 110
80 179
163 262
54 153
36 135
124 223
134 233
20 119
83 182
125 224
167 266
17 116
133 232
183 282
13 112
89 188
50 149
94 193
166 265
152 251
16 115
120 219
140 239
118 217
178 277
36 135
141 240
172 271
11 110
105 204
30 129
79 178
114 213
140 239
16 115
39 138
37 136
124 223
76 175
160 259
62 161
98 197
118 217
68 167
60 159
10 109
5 104
12 111
26 125
14 113
181 280
74 173
67 166
149 248
93 192
112 211
34 133
155 254
147 246
158 257
72 171
178 277
161 260
66 165
18 117
136 235
185 284
30 129
89 188
92 191
52 151
105 204
129 228
100 199
189 288
102 201
104 203
56 155
167 266
65 164
190 289
158 257
111 210
178 277
159 258
48 147
39 138
80 179
191 290
87 186
78 177
0 99
27 126
59 158
65 164
132 231
45 144
116 215
158 257
57 156
113 212
143 242
53 152
41 140
64 163
48 147
77 176
118 217
60 159
191 290
152 251
190 289
10 109
52 151
162 261
160 259
51 150
55 154
124 223
77 176
15 114
101 200
22 121
46 145
87 186
180 279
145 244
91 190
30 129
54 153
23 122
81 180
32 131
152 251
26 125
63 162
162 261
196 295
138 237
41 140
142 241
6 105
51 150
194 293
89 188
160 259
127 226
145 244
112 211
9 108
146 245
67 166
82 181
117 216
3 102
138 237
182 281
50 149
33 132
183 282
102 201
150 249
182 281
195 294
105 204
85 184
74 173
114 213
103 202
167 266
103 202
110 209
46 145
25 124
25 124
36 135
14 113
36 135
35 134
154 253
88 187
93 192
173 272
107 206
78 177
175 274
97 196
19 118
119 218
91 190
64 163
180 279
162 261
9 108
51 150
158 257
53 152
52 151
158 257
13 112
25 124
69 168
94 193
73 172
115 214
19 118
97 196
27 126
142 241
148 247
137 236
67 166
37 136
22 121
183 282
151 250
21 120
144 243
85 184
29 128
147 246
93 192
3 102
174 273
20 119
171 270
141 240
21 120
30 129
8 107
107 206
118 217
187 286
84 183
63 162
157 256
31 130
19 118
43 142
179 278
134 233
129 228
79 178
55 154
78 177
8 107
58 157
118 217
54 153
167 266
150 249
186 285
43 142
6 105
70 169
107 206
124 223
62 161
170 269
135 234
135 234
184 283
91 190
140 239
19 118
154 253
168 267
186 285
156 255
63 162
45 144
152 251
1 100
172 271
79 178
23 122
65 164
54 153
182 281
120 219
35 134
146 245
44 143
138 237
1 100
128 227
104 203
141 240
142 241
78 177
69 168
195 294
106 205
112 211
2 101
108 207
48 147
117 216
84 183
67 166
153 252
120 219
137 236
33 132
27 126
3 102
148 247
87 186
139 238
32 131
33 132
74 173
185 284
176 275
172 271
13 112
189 288
16 115
70 169
102 201
38 137
142 241
21 120
18 117
145 244
137 236
78 177
55 154
113 212
139 238
45 144
151 250
14 113
92 191
152 251
192 291
125 224
111 210
37 136
139 238
72 171
159 258
75 174
104 203
17 116
77 176
34 133
82 181
99 198
192 291
156 255
14 113
181 280
7 106
92 191
111 210
119 218
164 263
169 268
55 154
57 156
140 239
0 99
189 288
11 110
40 139
38 137
97 196
27 126
60 159
24 123
184 283
11 110
47 146
100 199
98 197
150 249
140 239
161 260
58 157
40 139
24 123
29 128
72 171
168 267
46 145
171 270
172 271
171 270
0 99
132 231
172 271
101 200
50 149
57 156
156 255
109 208
39 138
51 150
191 290
173 272
7 106
66 165
117 216
90 189
178 277
40 139
32 131
181 280
116 215
67 166
66 165
5 104
133 232
48 147
62 161
55 154
141 240
150 249
9 108
84 183
72 171
159 258
167 266
69 168
75 174
96 195
192 291
0 99
70 169
57 156
81 180
154 253
136 235
186 285
50 149
35 134
72 171
179 278
18 117
1 100
195 294
121 220
78 177
170 269
7 106
29 128
55 154
138 237
185 284
137 236
171 270
178 277
96 195
63 162
137 236
73 172
79 178
173 272
104 203
36 135
105 204
77 176
145 244
51 150
177 276
96 195
73 172
94 193
178 277
46 145
119 218
189 288
176 275
68 167
130 229
140 239
96 195
41 140
145 244
187 286
98 197
184 283
84 183
6 105
59 158
43 142
170 269
167 266
160 259
149 248
124 223
75 174
171 270
128 227
189 288
175 274
14 113
83 182
11 110
21 120
66 165
24 123
178 277
167 266
29 128
194 293
187 286
195 294
118 217
147 246
74 173
10 109
32 131
104 203
57 156
84 183
165 264
130 229
22 121
153 252
94 193
46 145
60 159
172 271
90 189
74 173
26 125
163 262
195 294
138 237
126 225
70 169
165 264
12 111
153 252
138 237
95 194
68 167
42 141
88 187
46 145
10 109
105 204
25 124
102 201
32 131
156 255
119 218
183 282
21 120
29 128
41 140
92 191
181 280
170 269
169 268
133 232
78 177
95 194
140 239
94 193
174 273
195 294
17 116
20 119
150 249
132 231
73 172
103 202
152 251
74 173
15 114
102 201
139 238
124 223
65 164
155 254
86 185
92 191
67 166
90 189
182 281
53 152
89 188
125 224
19 118
22 121
156 255
46 145
154 253
188 287
85 184
187 286
59 158
149 248
177 276
61 160
152 251
118 217
136 235
155 254
105 204
195 294
16 115
138 237
17 116
106 205
139 238
129 228
77 176
160 259
188 287
103 202
86 185
115 214
128 227
121 220
153 252
72 171
122 221
30 129
177 276
134 233
55 154
184 283
47 146
94 193
125 224
106 205
186 285
122 221
20 119
182 281
104 203
120 219
89 188
101 200
161 260
66 165
14 113
90 189
98 197
92 191
163 262
176 275
39 138
76 175
27 126
105 204
161 260
144 243
195 294
17 116
91 190
90 189
107 206
118 217
159 258
184 283
121 220
120 219
163 262
144 243
27 126
32 131
174 273
45 144
90 189
100 199
186 285
53 152
193 292
0 99
152 251
86 185
83 182
133 232
97 196
84 183
121 220
119 218
97 196
75 174
70 169
59 158
130 229
57 156
67 166
140 239
180 279
70 169
91 190
183 282
165 264
74 173
122 221
30 129
109 208
181 280
33 132
61 160
75 174
193 292
110 209
118 217
186 285
80 179
34 133
188 287
55 154
126 225
43 142
120 219
22 121
161 260
95 194
173 272
6 105
138 237
179 278
197 296
9 108
141 240
98 197
40 139
32 131
25 124
59 158
119 218
15 114
168 267
94 193
161 260
125 224
27 126
91 190
52 151
171 270
162 261
80 179
74 173
117 216
189 288
191 290
82 181
67 166
2 101
94 193
13 112
22 121
75 174
155 254
80 179
76 175
95 194
147 246
117 216
36 135
7 106
165 264
103 202
182 281
92 191
156 255
30 129
0 99
130 229
147 246
34 133
192 291
7 106
173 272
49 148
173 272
111 210
78 177
173 272
169 268
156 255
170 269
39 138
46 145
58 157
186 285
190 289
114 213
149 248
77 176
67 166
128 227
6 105
153 252
114 213
145 244
63 162
79 178
87 186
2 101
52 151
91 190
151 250
160 259
11 110
151 250
8 107
24 123
76 175
63 162
113 212
27 126
161 260
60 159
78 177
145 244
176 275
144 243
33 132
106 205
80 179
138 237
103 202
25 124
171 270
64 163
36 135
176 275
26 125
11 110
74 173
83 182
40 139
57 156
11 110
123 222
188 287
86 185
7 106
1 100
19 118
77 176
105 204
109 208
156 255
53 152
39 138
120 219
58 157
113 212
76 175
181 280
177 276
49 148
5 104
103 202
95 194
24 123
14 113
76 175
42 141
58 157
50 149
157 256
53 152
144 243
106 205
55 154
31 130
87 186
110 209
195 294
101 200
100 199
134 233
30 129
186 285
2 101
106 205
111 210
165 264
18 117
131 230
27 126
194 293
97 196
114 213
118 217
81 180
19 118
6 105
28 127
174 273
129 228
68 167
80 179
21 120
184 283
95 194
134 233
121 220
195 294
30 129
110 209
54 153
170 269
64 163
13 112
13 112
87 186
163 262
70 169
11 110
168 267
31 130
38 137
62 161
178 277
97 196
150 249
132 231
66 165
108 207
156 255
104 203
145 244
39 138
46 145
43 142
50 149
187 286
119 218
55 154
185 284
63 162
24 123
32 131
139 238
105 204
96 195
115 214
166 265
95 194
93 192
115 214
11 110
113 212
122 221
73 172
146 245
133 232
108 207
37 136
166 265
7 106
116 215
53 152
142 241
54 153
158 257
129 228
159 258
22 121
22 121
54 153
167 266
66 165
105 204
51 150
129 228
104 203
178 277
95 194
128 227
95 194
7 106
182 281
65 164
148 247
152 251
110 209
51 150
181 280
93 192
66 165
156 255
173 272
77 176
21 120
141 240
180 279
158 257
185 284
58 157
93 192
113 212
44 143
87 186
155 254
108 207
39 138
162 261
19 118
60 159
174 273
77 176
72 171
170 269
112 211
115 214
72 171
150 249
112 211
77 176
146 245
149 248
150 249
100 199
139 238
71 170
74 173
152 251
13 112
29 128
26 125
144 243
131 230
121 220
87 186
158 257
139 238
94 193
183 282
135 234
53 152
64 163
90 189
139 238
154 253
186 285
180 279
43 142
96 195
155 254
180 279
154 253
35 134
89 188
38 137
85 184
132 231
34 133
72 171
118 217
129 228
103 202
138 237
23 122
152 251
140 239
90 189
67 166
95 194
187 286
114 213
58 157
194 293
37 136
136 235
148 247
140 239
22 121
150 249
45 144
104 203
95 194
42 141
94 193
164 263
78 177
85 184
155 254
19 118
96 195
146 245
157 256
122 221
195 294
159 258
162 261
138 237
121 220
4 103
81 180
131 230
103 202
148 247
186 285
178 277
168 267
126 225
150 249
96 195
38 137
12 111
168 267
22 121
83 182
174 273
86 185
82 181
112 211
65 164
108 207
137 236
137 236
189 288
62 161
176 275
124 223
19 118
77 176
127 226
77 176
16 115
134 233
40 139
125 224
166 265
21 120
111 210
73 172
105 204
147 246
197 296
136 235
120 219
71 170
87 186
176 275
186 285
10 109
127 226
189 288
77 176
131 230
194 293
13 112
48 147
195 294
71 170
157 256
160 259
128 227
68 167
50 149
53 152
81 180
3 102
21 120
73 172
132 231
18 117
106 205
173 272
9 108
141 240
161 260
46 145
145 244
81 180
76 175
93 192
62 161
94 193
73 172
47 146
108 207
104 203
107 206
74 173
60 159
173 272
184 283
84 183
25 124
178 277
78 177
37 136
128 227
106 205
18 117
181 280
168 267
129 228
106 205
19 118
128 227
179 278
151 250
153 252
67 166
188 287
169 268
167 266
168 267
127 226
92 191
37 136
80 179
95 194
89 188
130 229
103 202
20 119
54 153
183 282
106 205
47 146
166 265
15 114
56 155
12 111
170 269
76 175
122 221
19 118
193 292
37 136
168 267
170 269
20 119
163 262
185 284
84 183
46 145
192 291
107 206
27 126
191 290
183 282
69 168
45 144
102 201
197 296
186 285
129 228
53 152
64 163
42 141
98 197
184 283
124 223
66 165
44 143
124 223
74 173
36 135
120 219
130 229
121 220
71 170
62 161
134 233
135 234
104 203
75 174
23 122
24 123
147 246
11 110
130 229
122 221
109 208
77 176
109 208
151 250
128 227
32 131
85 184
60 159
64 163
0 99
109 208
11 110
2 101
19 118
184 283
30 129
151 250
178 277
182 281
162 261
72 171
25 124
90 189
152 251
23 122
76 175
100 199
90 189
70 169
102 201
184 283
158 257
164 263
93 192
91 190
21 120
126 225
125 224
95 194
128 227
139 238
121 220
106 205
67 166
33 132
184 283
129 228
159 258
28 127
95 194
187 286
70 169
195 294
141 240
150 249
5 104
9 108
130 229
153 252
88 187
60 159
97 196
93 192
173 272
104 203
77 176
85 184
58 157
161 260
141 240
147 246
158 257
176 275
85 184
145 244
139 238
123 222
170 269
187 286
135 234
95 194
125 224
176 275
137 236
189 288
21 120
70 169
57 156
32 131
85 184
177 276
157 256
169 268
177 276
99 198
185 284
53 152
177 276
114 213
187 286
15 114
59 158
96 195
197 296
59 158
10 109
40 139
1 100
67 166
21 120
25 124
186 285
37 136
181 280
66 165
32 131
135 234
86 185
84 183
149 248
58 157
48 147
53 152
13 112
69 168
188 287
43 142
190 289
194 293
111 210
14 113
89 188
46 145
146 245
56 155
143 242
21 120
96 195
152 251
161 260
78 177
179 278
154 253
60 159
182 281
24 123
165 264
181 280
154 253
10 109
181 280
37 136
182 281
130 229
107 206
100 199
81 180
139 238
156 255
159 258
167 266
131 230
39 138
82 181
95 194
64 163
34 133
151 250
88 187
12 111
93 192
44 143
179 278
162 261
108 207
189 288
52 151
98 197
40 139
61 160
1 100
46 145
160 259
156 255
32 131
47 146
163 262
157 256
156 255
57 156
159 258
44 143
170 269
115 214
170 269
137 236
91 190
173 272
172 271
53 152
10 109
188 287
97 196
168 267
21 120
112 211
124 223
88 187
136 235
63 162
78 177
178 277
152 251
197 296
44 143
108 207
123 222
152 251
157 256
166 265
10 109
15 114
129 228
39 138
53 152
194 293
158 257
119 218
6 105
126 225
117 216
68 167
47 146
126 225
61 160
191 290
0 99
50 149
48 147
82 181
147 246
47 146
78 177
58 157
164 263
155 254
164 263
113 212
91 190
12 111
113 212
118 217
76 175
21 120
157 256
113 212
141 240
126 225
104 203
194 293
188 287
4 103
53 152
43 142
0 99
175 274
188 287
173 272
28 127
34 133
177 276
69 168
110 209
136 235
193 292
48 147
187 286
182 281
58 157
196 295
132 231
11 110
132 231
13 112
36 135
91 190
140 239
21 120
84 183
56 155
56 155
121 220
78 177
89 188
165 264
87 186
20 119
193 292
151 250
177 276
52 151
97 196
92 191
100 199
132 231
70 169
162 261
179 278
86 185
158 257
157 256
2 101
137 236
90 189
125 224
136 235
172 271
116 215
139 238
24 123
13 112
166 265
120 219
62 161
20 119
95 194
15 114
82 181
106 205
72 171
69 168
116 215
68 167
99 198
185 284
122 221
149 248
94 193
50 149
23 122
169 268
191 290
153 252
176 275
108 207
35 134
58 157
147 246
99 198
171 270
160 259
18 117
19 118
116 215
81 180
169 268
163 262
71 170
167 266
51 150
164 263
182 281
63 162
53 152
35 134
33 132
182 281
161 260
36 135
118 217
40 139
4 103
179 278
19 118
142 241
111 210
58 157
58 157
175 274
69 168
33 132
126 225
125 224
90 189
150 249
58 157
142 241
10 109
149 248
68 167
185 284
24 123
51 150
157 256
22 121
34 133
51 150
80 179
121 220
48 147
73 172
55 154
118 217
20 119
147 246
157 256
96 195
48 147
86 185
95 194
190 289
72 171
7 106
174 273
179 278
184 283
4 103
116 215
6 105
128 227
195 294
77 176
104 203
21 120
42 141
149 248
35 134
180 279
44 143
12 111
193 292
11 110
157 256
116 215
169 268
188 287
181 280
9 108
93 192
154 253
102 201
62 161
117 216
64 163
17 116
120 219
42 141
147 246
21 120
170 269
116 215
64 163
30 129
104 203
103 202
181 280
115 214
141 240
174 273
183 282
123 222
94 193
126 225
15 114
164 263
35 134
131 230
110 209
171 270
171 270
0 99
118 217
11 110
28 127
142 241
37 136
196 295
125 224
41 140
28 127
164 263
25 124
97 196
106 205
133 232
140 239
95 194
95 194
8 107
49 148
189 288
66 165
154 253
88 187
84 183
25 124
157 256
83 182
122 221
16 115
166 265
195 294
159 258
17 116
139 238
96 195
59 158
191 290
0 99
28 127
85 184
26 125
48 147
92 191
118 217
102 201
89 188
96 195
136 235
137 236
41 140
114 213
186 285
60 159
92 191
191 290
1 100
175 274
8 107
88 187
66 165
163 262
141 240
19 118
160 259
9 108
194 293
166 265
69 168
66 165
60 159
47 146
146 245
191 290
48 147
45 144
93 192
36 135
64 163
136 235
197 296
11 110
186 285
12 111
194 293
111 210
178 277
85 184
135 234
17 116
16 115
23 122
30 129
171 270
94 193
196 295
173 272
52 151
188 287
196 295
159 258
2 101
24 123
92 191
68 167
58 157
190 289
35 134
128 227
91 190
133 232
156 255
113 212
114 213
145 244
45 144
121 220
76 175
126 225
189 288
33 132
122 221
62 161
151 250
87 186
131 230
162 261
19 118
73 172
64 163
158 257
82 181
9 108
82 181
115 214
168 267
172 271
83 182
142 241
26 125
189 288
39 138
91 190
146 245
64 163
37 136
136 235
180 279
0 99
194 293
88 187
100 199
176 275
122 221
48 147
22 121
76 175
96 195
147 246
136 235
98 197
23 122
109 208
12 111
139 238
180 279
100 199
14 113
184 283
1 100
158 257
93 192
45 144
129 228
46 145
159 258
104 203
192 291
137 236
188 287
80 179
181 280
70 169
39 138
151 250
41 140
179 278
40 139
98 197
18 117
40 139
171 270
127 226
5 104
122 221
2 101
9 108
171 270
144 243
95 194
5 104
60 159
57 156
182 281
9 108
105 204
68 167
1 100
190 289
2 101
120 219
130 229
18 117
122 221
142 241
45 144
126 225
62 161
60 159
78 177
85 184
40 139
40 139
29 128
99 198
61 160
47 146
151 250
31 130
102 201
58 157
105 204
162 261
182 281
35 134
69 168
59 158
84 183
165 264
55 154
132 231
30 129
127 226
65 164
180 279
75 174
170 269
123 222
69 168
112 211
85 184
171 270
103 202
144 243
169 268
66 165
105 204
133 232
135 234
143 242
188 287
34 133
37 136
169 268
153 252
190 289
35 134
68 167
53 152
53 152
42 141
187 286
98 197
157 256
92 191
28 127
146 245
180 279
71 170
160 259
132 231
4 103
50 149
71 170
66 165
146 245
145 244
177 276
134 233
113 212
153 252
163 262
30 129
188 287
44 143
15 114
2 101
151 250
180 279
0 99
178 277
193 292
97 196
83 182
20 119
170 269
22 121
26 125
78 177
194 293
158 257
115 214
82 181
40 139
197 296
155 254
168 267
149 248
15 114
172 271
88 187
65 164
53 152
167 266
29 128
91 190
137 236
145 244
6 105
47 146
2 101
60 159
100 199
1 100
180 279
149 248
155 254
24 123
152 251
194 293
48 147
175 274
103 202
136 235
91 190
44 143
57 156
85 184
187 286
76 175
14 113
54 153
41 140
161 260
23 122
85 184
106 205
112 211
92 191
37 136
42 141
181 280
162 261
166 265
51 150
116 215
21 120
161 260
142 241
114 213
11 110
50 149
56 155
9 108
158 257
143 242
28 127
3 102
169 268
176 275
54 153
2 101
186 285
174 273
132 231
90 189
8 107
126 225
47 146
14 113
1 100
191 290
160 259
84 183
29 128
156 255
33 132
100 199
23 122
126 225
71 170
106 205
148 247
75 174
132 231
93 192
194 293
197 296
24 123
160 259
11 110
188 287
71 170
133 232
124 223
70 169
150 249
122 221
42 141
19 118
113 212
121 220
99 198
192 291
127 226
166 265
98 197
130 229
32 131
186 285
16 115
127 226
154 253
173 272
78 177
178 277
192 291
190 289
94 193
132 231
84 183
115 214
116 215
81 180
186 285
67 166
169 268
188 287
147 246
187 286
197 296
67 166
174 273
44 143
93 192
81 180
99 198
91 190
83 182
178 277
134 233
184 283
43 142
38 137
15 114
148 247
156 255
151 250
94 193
100 199
161 260
168 267
80 179
74 173
151 250
73 172
140 239
158 257
14 113
146 245
109 208
23 122
72 171
197 296
100 199
68 167
150 249
191 290
55 154
139 238
118 217
162 261
125 224
15 114
131 230
147 246
53 152
19 118
57 156
161 260
175 274
170 269
26 125
105 204
51 150
27 126
61 160
18 117
95 194
61 160
84 183
177 276
54 153
130 229
91 190
113 212
18 117
133 232
28 127
76 175
183 282
125 224
169 268
150 249
146 245
137 236
193 292
64 163
173 272
108 207
119 218
121 220
98 197
40 139
65 164
93 192
18 117
45 144
17 116
151 250
101 200
69 168
193 292
152 251
143 242
103 202
3 102
136 235
53 152
55 154
21 120
130 229
174 273
173 272
84 183
57 156
85 184
96 195
107 206
114 213
134 233
146 245
194 293
62 161
102 201
64 163
101 200
170 269
35 134
124 223
106 205
154 253
8 107
23 122
78 177
83 182
61 160
82 181
174 273
195 294
76 175
190 289
91 190
116 215
104 203
154 253
57 156
177 276
18 117
127 226
38 137
83 182
31 130
27 126
171 270
169 268
99 198
57 156
19 118
140 239
48 147
22 121
50 149
121 220
68 167
42 141
111 210
35 134
66 165
86 185
116 215
74 173
85 184
89 188
160 259
111 210
24 123
164 263
5 104
19 118
69 168
63 162
94 193
130 229
151 250
81 180
90 189
24 123
47 146
183 282
19 118
129 228
84 183
2 101
113 212
162 261
34 133
123 222
14 113
22 121
16 115
149 248
145 244
66 165
35 134
92 191
89 188
141 240
84 183
103 202
144 243
54 153
67 166
118 217
12 111
121 220
6 105
192 291
159 258
196 295
90 189
42 141
26 125
146 245
100 199
94 193
116 215
38 137
193 292
88 187
60 159
4 103
82 181
187 286
93 192
160 259
69 168
60 159
31 130
23 122
103 202
66 165
116 215
26 125
77 176
132 231
0 99
130 229
134 233
126 225
77 176
87 186
42 141
113 212
67 166
113 212
78 177
151 250
167 266
19 118
61 160
158 257
104 203
154 253
161 260
78 177
11 110
12 111
44 143
166 265
172 271
192 291
109 208
153 252
11 110
106 205
131 230
187 286
48 147
6 105
172 271
179 278
127 226
99 198
117 216
16 115
2 101
111 210
56 155
135 234
75 174
82 181
129 228
180 279
135 234
113 212
54 153
172 271
35 134
134 233
148 247
141 240
162 261
90 189
128 227
20 119
118 217
101 200
92 191
2 101
28 127
49 148
185 284
113 212
56 155
79 178
93 192
145 244
38 137
24 123
98 197
173 272
63 162
134 233
69 168
15 114
168 267
172 271
133 232
25 124
90 189
137 236
176 275
84 183
184 283
127 226
83 182
52 151
83 182
88 187
57 156
165 264
52 151
82 181
48 147
15 114
128 227
112 211
103 202
159 258
34 133
94 193
145 244
163 262
68 167
20 119
67 166
140 239
1 100
167 266
50 149
130 229
79 178
34 133
41 140
73 172
63 162
3 102
134 233
91 190
45 144
42 141
78 177
123 222
11 110
187 286
28 127
120 219
69 168
20 119
162 261
90 189
83 182
194 293
123 222
148 247
164 263
86 185
54 153
20 119
151 250
195 294
46 145
38 137
163 262
10 109
108 207
44 143
83 182
47 146
124 223
16 115
34 133
35 134
104 203
174 273
166 265
21 120
163 262
115 214
174 273
1 100
162 261
172 271
12 111
1 100
84 183
53 152
97 196
23 122
101 200
61 160
8 107
178 277
71 170
14 113
47 146
90 189
161 260
143 242
107 206
178 277
82 181
8 107
105 204
163 262
159 258
65 164
152 251
34 133
33 132
122 221
19 118
176 275
152 251
172 271
112 211
165 264
71 170
54 153
43 142
120 219
30 129
92 191
45 144
102 201
26 125
91 190
73 172
127 226
170 269
189 288
17 116
58 157
13 112
14 113
50 149
156 255
143 242
129 228
89 188
185 284
109 208
72 171
140 239
0 99
190 289
158 257
64 163
90 189
154 253
79 178
94 193
146 245
11 110
8 107
137 236
66 165
98 197
89 188
165 264
149 248
34 133
0 99
85 184
100 199
100 199
34 133
170 269
164 263
15 114
43 142
32 131
144 243
43 142
179 278
176 275
117 216
48 147
50 149
101 200
190 289
29 128
113 212
192 291
86 185
100 199
134 233
128 227
179 278
49 148
32 131
104 203
184 283
94 193
25 124
99 198
73 172
99 198
16 115
192 291
60 159
67 166
75 174
43 142
197 296
96 195
41 140
64 163
78 177
164 263
130 229
190 289
147 246
23 122
139 238
121 220
60 159
17 116
103 202
163 262
38 137
82 181
104 203
137 236
141 240
126 225
113 212
62 161
186 285
102 201
145 244
140 239
184 283
33 132
176 275
45 144
18 117
83 182
84 183
12 111
119 218
32 131
68 167
151 250
132 231
171 270
9 108
119 218
12 111
84 183
124 223
159 258
192 291
120 219
150 249
170 269
165 264
193 292
2 101
17 116
80 179
178 277
39 138
154 253
65 164
108 207
9 108
132 231
157 256
83 182
78 177
81 180
81 180
110 209
70 169
188 287
67 166
102 201
178 277
135 234
136 235
145 244
33 132
192 291
182 281
148 247
74 173
30 129
92 191
54 153
82 181
185 284
0 99
89 188
185 284
39 138
0 99
174 273
145 244
81 180
5 104
86 185
104 203
81 180
10 109
75 174
16 115
114 213
36 135
62 161
145 244
55 154
72 171
105 204
190 289
196 295
74 173
65 164
166 265
121 220
188 287
46 145
121 220
149 248
161 260
48 147
119 218
154 253
148 247
51 150
34 133
136 235
107 206
121 220
155 254
65 164
89 188
73 172
175 274
8 107
5 104
104 203
190 289
89 188
38 137
3 102
98 197
101 200
187 286
136 235
94 193
104 203
169 268
97 196
36 135
156 255
186 285
105 204
15 114
14 113
115 214
51 150
194 293
83 182
11 110
7 106
151 250
64 163
52 151
46 145
2 101
167 266
90 189
81 180
128 227
152 251
60 159
187 286
3 102
132 231
176 275
24 123
22 121
195 294
89 188
154 253
21 120
171 270
125 224
183 282
31 130
47 146
64 163
25 124
20 119
123 222
21 120
107 206
33 132
112 211
77 176
112 211
139 238
66 165
133 232
91 190
27 126
181 280
136 235
181 280
123 222
96 195
128 227
193 292
144 243
50 149
130 229
193 292
49 148
196 295
116 215
54 153
19 118
179 278
108 207
77 176
121 220
182 281
166 265
168 267
139 238
182 281
172 271
21 120
143 242
0 99
52 151
55 154
131 230
72 171
50 149
40 139
192 291
165 264
40 139
17 116
159 258
35 134
124 223
75 174
111 210
176 275
158 257
25 124
181 280
163 262
176 275
4 103
70 169
10 109
174 273
90 189
142 241
111 210
159 258
4 103
142 241
152 251
74 173
116 215
82 181
61 160
13 112
21 120
59 158
49 148
102 201
95 194
121 220
18 117
145 244
55 154
59 158
114 213
144 243
188 287
143 242
134 233
111 210
13 112
97 196
179 278
147 246
6 105
146 245
178 277
47 146
101 200
170 269
168 267
25 124
55 154
66 165
155 254
139 238
116 215
131 230
98 197
113 212
140 239
94 193
38 137
89 188
3 102
186 285
153 252
106 205
161 260
52 151
142 241
141 240
11 110
109 208
139 238
36 135
188 287
50 149
150 249
161 260
137 236
130 229
171 270
133 232
13 112
46 145
60 159
105 204
66 165
8 107
197 296
53 152
129 228
153 252
86 185
115 214
91 190
170 269
42 141
35 134
48 147
169 268
69 168
37 136
9 108
24 123
13 112
89 188
29 128
36 135
184 283
89 188
130 229
22 121
114 213
178 277
93 192
126 225
175 274
104 203
177 276
8 107
188 287
133 232
15 114
126 225
31 130
2 101
127 226
89 188
169 268
170 269
113 212
122 221
51 150
170 269
189 288
16 115
194 293
118 217
138 237
137 236
86 185
59 158
46 145
13 112
121 220
11 110
5 104
97 196
14 113
137 236
135 234
183 282
107 206
75 174
34 133
193 292
83 182
161 260
77 176
13 112
10 109
47 146
1 100
185 284
72 171
156 255
153 252
25 124
102 201
160 259
192 291
192 291
190 289
180 279
84 183
71 170
6 105
4 103
104 203
64 163
10 109
67 166
135 234
107 206
179 278
61 160
165 264
94 193
195 294
135 234
28 127
9 108
34 133
137 236
68 167
105 204
129 228
99 198
124 223
25 124
94 193
20 119
38 137
132 231
135 234
177 276
7 106
132 231
158 257
7 106
54 153
96 195
179 278
184 283
89 188
97 196
106 205
192 291
177 276
147 246
119 218
123 222
102 201
113 212
140 239
144 243
75 174
162 261
27 126
125 224
9 108
113 212
42 141
131 230
154 253
54 153
27 126
177 276
42 141
116 215
66 165
49 148
23 122
1 100
49 148
77 176
28 127
168 267
12 111
179 278
162 261
169 268
171 270
149 248
122 221
176 275
180 279
3 102
111 210
40 139
188 287
170 269
98 197
156 255
13 112
186 285
9 108
75 174
89 188
67 166
158 257
77 176
80 179
40 139
7 106
160 259
57 156
188 287
89 188
55 154
143 242
59 158
91 190
108 207
132 231
170 269
35 134
28 127
127 226
19 118
68 167
176 275
117 216
112 211
37 136
183 282
61 160
7 106
87 186
86 185
97 196
41 140
28 127
142 241
43 142
147 246
191 290
195 294
109 208
169 268
128 227
117 216
188 287
100 199
174 273
107 206
189 288
190 289
186 285
100 199
153 252
126 225
148 247
146 245
127 226
84 183
23 122
173 272
107 206
69 168
19 118
64 163
70 169
62 161
17 116
179 278
29 128
120 219
32 131
77 176
113 212
85 184
115 214
44 143
181 280
116 215
28 127
20 119
55 154
7 106
100 199
173 272
76 175
0 99
147 246
98 197
9 108
17 116
185 284
120 219
76 175
170 269
55 154
140 239
68 167
142 241
12 111
52 151
169 268
65 164
65 164
29 128
148 247
112 211
63 162
175 274
112 211
83 182
152 251
36 135
86 185
129 228
164 263
140 239
155 254
69 168
195 294
164 263
52 151
27 126
114 213
6 105
90 189
66 165
101 200
185 284
132 231
131 230
142 241
99 198
21 120
162 261
130 229
191 290
0 99
27 126
13 112
120 219
41 140
51 150
70 169
108 207
1 100
188 287
45 144
56 155
189 288
84 183
70 169
86 185
145 244
97 196
17 116
148 247
62 161
43 142
193 292
145 244
49 148
81 180
79 178
54 153
38 137
179 278
135 234
35 134
141 240
165 264
141 240
13 112
54 153
73 172
184 283
183 282
185 284
179 278
49 148
49 148
71 170
173 272
103 202
191 290
162 261
185 284
100 199
40 139
40 139
77 176
23 122
54 153
144 243
21 120
191 290
134 233
194 293
157 256
179 278
29 128
2 101
164 263
152 251
38 137
154 253
13 112
101 200
63 162
171 270
7 106
75 174
74 173
51 150
67 166
123 222
12 111
39 138
26 125
151 250
19 118
45 144
25 124
75 174
158 257
59 158
108 207
15 114
19 118
120 219
109 208
50 149
121 220
0 99
29 128
169 268
32 131
45 144
135 234
122 221
167 266
190 289
52 151
42 141
154 253
39 138
98 197
73 172
8 107
157 256
147 246
116 215
120 219
164 263
33 132
164 263
102 201
102 201
18 117
133 232
89 188
117 216
187 286
142 241
160 259
54 153
149 248
76 175
193 292
67 166
64 163
70 169
106 205
72 171
70 169
72 171
107 206
66 165
155 254
161 260
155 254
79 178
123 222
195 294
79 178
111 210
70 169
39 138
11 110
34 133
16 115
126 225
181 280
129 228
62 161
109 208
106 205
4 103
2 101
78 177
193 292
87 186
178 277
42 141
153 252
60 159
98 197
189 288
41 140
7 106
28 127
32 131
192 291
164 263
39 138
85 184
149 248
51 150
166 265
41 140
55 154
93 192
28 127
13 112
155 254
99 198
68 167
90 189
168 267
97 196
157 256
132 231
169 268
66 165
105 204
19 118
125 224
16 115
13 112
144 243
114 213
107 206
175 274
2 101
93 192
103 202
165 264
88 187
83 182
159 258
130 229
128 227
18 117
76 175
177 276
141 240
6 105
190 289
14 113
59 158
61 160
51 150
34 133
50 149
193 292
187 286
84 183
95 194
154 253
101 200
186 285
69 168
160 259
97 196
24 123
71 170
180 279
191 290
107 206
171 270
10 109
184 283
86 185
69 168
41 140
37 136
1 100
97 196
70 169
129 228
180 279
102 201
112 211
157 256
172 271
188 287
61 160
191 290
72 171
50 149
7 106
195 294
168 267
179 278
56 155
77 176
121 220
173 272
108 207
117 216
49 148
116 215
63 162
4 103
86 185
0 99
163 262
44 143
51 150
184 283
46 145
24 123
34 133
154 253
15 114
140 239
101 200
127 226
72 171
31 130
87 186
167 266
138 237
85 184
69 168
165 264
27 126
165 264
140 239
185 284
127 226
108 207
163 262
102 201
166 265
47 146
103 202
68 167
35 134
26 125
104 203
113 212
84 183
103 202
148 247
141 240
139 238
145 244
156 255
19 118
93 192
33 132
128 227
12 111
172 271
72 171
117 216
19 118
114 213
183 282
105 204
119 218
157 256
23 122
119 218
190 289
142 241
194 293
15 114
81 180
16 115
38 137
73 172
38 137
80 179
189 288
45 144
152 251
129 228
51 150
117 216
33 132
92 191
138 237
152 251
8 107
30 129
96 195
133 232
78 177
134 233
63 162
87 186
183 282
172 271
7 106
194 293
17 116
183 282
50 149
108 207
49 148
56 155
46 145
153 252
170 269
188 287
5 104
35 134
185 284
55 154
13 112
157 256
155 254
17 116
175 274
135 234
195 294
127 226
122 221
141 240
190 289
29 128
32 131
144 243
130 229
128 227
61 160
72 171
118 217
155 254
14 113
17 116
141 240
50 149
85 184
79 178
0 99
79 178
100 199
52 151
38 137
122 221
76 175
25 124
114 213
184 283
27 126
133 232
114 213
104 203
155 254
48 147
177 276
27 126
165 264
148 247
133 232
49 148
86 185
7 106
24 123
80 179
132 231
67 166
63 162
125 224
140 239
9 108
72 171
32 131
10 109
121 220
13 112
45 144
116 215
123 222
21 120
24 123
169 268
183 282
99 198
163 262
6 105
178 277
2 101
100 199
181 280
50 149
93 192
41 140
161 260
160 259
183 282
191 290
126 225
90 189
80 179
56 155
45 144
101 200
147 246
61 160
25 124
115 214
68 167
161 260
20 119
132 231
129 228
128 227
104 203
170 269
184 283
104 203
126 225
160 259
17 116
195 294
47 146
71 170
135 234
27 126
145 244
71 170
44 143
45 144
63 162
3 102
187 286
118 217
65 164
150 249
117 216
161 260
85 184
139 238
27 126
92 191
134 233
104 203
56 155
181 280
47 146
37 136
180 279
51 150
92 191
65 164
118 217
34 133
55 154
149 248
97 196
161 260
19 118
61 160
10 109
43 142
147 246
80 179
180 279
15 114
16 115
143 242
69 168
103 202
145 244
96 195
130 229
28 127
2 101
169 268
179 278
106 205
140 239
26 125
186 285
123 222
193 292
1 100
49 148
138 237
160 259
192 291
106 205
8 107
84 183
136 235
67 166
177 276
155 254
88 187
167 266
48 147
83 182
189 288
53 152
182 281
5 104
119 218
137 236
46 145
51 150
135 234
153 252
91 190
186 285
184 283
104 203
175 274
167 266
104 203
10 109
136 235
146 245
31 130
15 114
16 115
26 125
20 119
8 107
119 218
65 164
59 158
163 262
65 164
32 131
1 100
65 164
103 202
88 187
177 276
4 103
17 116
34 133
65 164
105 204
104 203
70 169
11 110
181 280
188 287
94 193
126 225
89 188
58 157
6 105
189 288
94 193
16 115
81 180
39 138
128 227
157 256
23 122
118 217
40 139
119 218
68 167
43 142
47 146
149 248
162 261
2 101
178 277
187 286
28 127
105 204
130 229
62 161
183 282
195 294
175 274
114 213
117 216
97 196
87 186
2 101
173 272
192 291
82 181
109 208
50 149
94 193
97 196
14 113
63 162
142 241
125 224
143 242
41 140
152 251
57 156
0 99
56 155
97 196
149 248
136 235
183 282
122 221
46 145
185 284
29 128
9 108
11 110
57 156
165 264
176 275
67 166
123 222
118 217
90 189
133 232
94 193
49 148
169 268
45 144
159 258
41 140
187 286
16 115
35 134
142 241
138 237
125 224
112 211
136 235
5 104
8 107
56 155
2 101
184 283
132 231
189 288
16 115
84 183
33 132
43 142
2 101
38 137
118 217
0 99
67 166
121 220
87 186
2 101
77 176
88 187
182 281
18 117
16 115
38 137
54 153
36 135
67 166
107 206
145 244
174 273
4 103
84 183
97 196
103 202
105 204
190 289
25 124
119 218
185 284
161 260
0 99
27 126
64 163
3 102
187 286
133 232
61 160
47 146
130 229
194 293
75 174
156 255
109 208
40 139
9 108
135 234
116 215
71 170
75 174
154 253
193 292
76 175
18 117
145 244
142 241
31 130
62 161
185 284
77 176
151 250
5 104
164 263
82 181
155 254
147 246
132 231
32 131
42 141
0 99
163 262
79 178
46 145
142 241
59 158
149 248
145 244
140 239
87 186
124 223
138 237
186 285
90 189
66 165
44 143
132 231
142 241
100 199
192 291
24 123
104 203
179 278
117 216
113 212
187 286
165 264
80 179
121 220
84 183
130 229
47 146
15 114
132 231
52 151
102 201
126 225
90 189
65 164
178 277
190 289
129 228
52 151
11 110
132 231
171 270
75 174
142 241
22 121
57 156
167 266
43 142
62 161
25 124
148 247
76 175
138 237
47 146
155 254
96 195
54 153
82 181
62 161
99 198
193 292
72 171
2 101
49 148
64 163
158 257
89 188
34 133
117 216
137 236
72 171
169 268
12 111
151 250
182 281
88 187
79 178
20 119
126 225
183 282
49 148
63 162
15 114
164 263
20 119
99 198
43 142
44 143
142 241
57 156
143 242
79 178
171 270
79 178
154 253
57 156
196 295
121 220
87 186
105 204
122 221
42 141
71 170
61 160
8 107
178 277
6 105
113 212
171 270
51 150
127 226
12 111
107 206
118 217
91 190
102 201
91 190
22 121
16 115
65 164
118 217
105 204
168 267
187 286
166 265
78 177
133 232
70 169
185 284
85 184
180 279
51 150
15 114
111 210
20 119
27 126
193 292
35 134
105 204
129 228
49 148
97 196
57 156
33 132
91 190
186 285
184 283
28 127
82 181
20 119
65 164
25 124
170 269
116 215
89 188
164 263
1 100
82 181
94 193
33 132
36 135
26 125
183 282
127 226
46 145
65 164
181 280
160 259
85 184
87 186
88 187
19 118
177 276
111 210
84 183
43 142
133 232
111 210
180 279
11 110
147 246
163 262
25 124
23 122
125 224
14 113
188 287
36 135
128 227
11 110
32 131
85 184
169 268
7 106
36 135
52 151
63 162
160 259
147 246
131 230
45 144
34 133
139 238
145 244
11 110
30 129
149 248
91 190
83 182
16 115
138 237
182 281
105 204
17 116
98 197
176 275
129 228
156 255
115 214
15 114
125 224
46 145
1 100
12 111
5 104
37 136
112 211
137 236
24 123
80 179
79 178
146 245
16 115
81 180
197 296
21 120
67 166
8 107
189 288
67 166
28 127
68 167
185 284
82 181
5 104
102 201
171 270
42 141
121 220
92 191
192 291
8 107
108 207
150 249
4 103
60 159
197 296
104 203
186 285
152 251
102 201
155 254
177 276
72 171
136 235
144 243
73 172
166 265
156 255
84 183
112 211
7 106
42 141
195 294
86 185
125 224
144 243
96 195
33 132
124 223
58 157
73 172
40 139
72 171
162 261
143 242
171 270
104 203
75 174
103 202
176 275
31 130
174 273
67 166
125 224
161 260
49 148
17 116
152 251
119 218
74 173
17 116
110 209
150 249
68 167
121 220
26 125
172 271
143 242
57 156
195 294
74 173
65 164
56 155
163 262
160 259
12 111
159 258
59 158
47 146
50 149
24;156504
40 139
184 283
194 293
165 264
131 230
171 270
109 208
48 147
63 162
189 288
141 240
163 262
101 200
161 260
44 143
46 145
8 107
179 278
15 114
4 103
190 289
8 107
59 158
184 283
81 180
189 288
55 154
16 115
94 193
101 200
123 222
44 143
56 155
39 138
162 261
92 191
66 165
73 172
180 279
106 205
136 235
135 234
146 245
112 211
21 120
113 212
63 162
34 133
44 143
69 168
80 179
52 151
40 139
51 150
110 209
129 228
64 163
160 259
137 236
124 223
32 131
175 274
69 168
68 167
128 227
158 257
124 223
25 124
140 239
32 131
112 211
64 163
115 214
55 154
125 224
183 282
105 204
163 262
185 284
161 260
29 128
25 124
15 114
122 221
53 152
22 121
162 261
61 160
191 290
169 268
100 199
0 99
121 220
23 122
42 141
124 223
65 164
162 261
120 219
118 217
154 253
7 106
137 236
84 183
37 136
190 289
3 102
90 189
65 164
152 251
156 255
75 174
158 257
147 246
192 291
33 132
26 125
94 193
106 205
157 256
194 293
63 162
180 279
127 226
36 135
193 292
131 230
40 139
166 265
185 284
178 277
58 157
190 289
11 110
29 128
88 187
128 227
44 143
11 110
52 151
46 145
40 139
174 273
57 156
57 156
156 255
153 252
125 224
185 284
42 141
61 160
75 174
195 294
180 279
144 243
87 186
174 273
14 113
61 160
116 215
96 195
59 158
55 154
27 126
80 179
197 296
146 245
20 119
49 148
100 199
135 234
39 138
13 112
177 276
179 278
122 221
105 204
26 125
38 137
146 245
61 160
114 213
84 183
74 173
45 144
54 153
1 100
191 290
53 152
111 210
38 137
53 152
86 185
9 108
102 201
64 163
6 105
178 277
72 171
25 124
37 136
159 258
140 239
103 202
154 253
197 296
103 202
44 143
191 290
165 264
111 210
86 185
140 239
45 144
3 102
133 232
108 207
182 281
188 287
72 171
58 157
193 292
8 107
114 213
19 118
188 287
195 294
1 100
87 186
131 230
159 258
116 215
173 272
164 263
195 294
132 231
68 167
134 233
131 230
173 272
145 244
39 138
129 228
10 109
132 231
52 151
14 113
3 102
92 191
147 246
108 207
124 223
8 107
61 160
88 187
196 295
111 210
28 127
26 125
8 107
164 263
14 113
184 283
134 233
50 149
24 123
135 234
183 282
66 165
78 177
50 149
36 135
49 148
38 137
27 126
54 153
44 143
95 194
144 243
157 256
161 260
90 189
72 171
25 124
182 281
189 288
81 180
153 252
178 277
54 153
102 201
39 138
185 284
189 288
85 184
159 258
79 178
67 166
193 292
182 281
19 118
139 238
43 142
178 277
115 214
15 114
142 241
125 224
33 132
7 106
162 261
23 122
108 207
120 219
192 291
53 152
170 269
137 236
131 230
194 293
90 189
185 284
161 260
94 193
25 124
161 260
189 288
126 225
176 275
137 236
131 230
47 146
89 188
83 182
158 257
63 162
113 212
178 277
84 183
166 265
71 170
88 187
125 224
155 254
69 168
128 227
87 186
12 111
124 223
40 139
57 156
136 235
164 263
5 104
48 147
77 176
4 103
165 264
133 232
70 169
125 224
4 103
64 163
134 233
162 261
195 294
195 294
177 276
141 240
19 118
68 167
153 252
76 175
76 175
94 193
123 222
184 283
177 276
0 99
90 189
169 268
47 146
141 240
70 169
128 227
88 187
182 281
172 271
157 256
154 253
182 281
97 196
58 157
165 264
65 164
134 233
101 200
74 173
65 164
24 123
131 230
38 137
180 279
102 201
118 217
81 180
162 261
110 209
114 213
20 119
24 123
31 130
88 187
114 213
86 185
53 152
116 215
88 187
181 280
66 165
171 270
6 105
195 294
56 155
7 106
98 197
2 101
167 266
189 288
138 237
13 112
5 104
86 185
105 204
128 227
6 105
190 289
35 134
10 109
196 295
187 286
177 276
64 163
8 107
101 200
16 115
0 99
77 176
151 250
163 262
154 253
64 163
146 245
119 218
1 100
111 210
112 211
32 131
141 240
70 169
155 254
125 224
2 101
131 230
2 101
147 246
15 114
159 258
122 221
174 273
131 230
112 211
170 269
89 188
24 123
89 188
165 264
55 154
179 278
16 115
35 134
76 175
112 211
76 175
64 163
195 294
172 271
94 193
185 284
20 119
151 250
22 121
47 146
133 232
11 110
163 262
27 126
188 287
118 217
65 164
129 228
51 150
47 146
98 197
36 135
190 289
151 250
136 235
194 293
52 151
143 242
40 139
19 118
41 140
134 233
102 201
137 236
178 277
87 186
101 200
74 173
50 149
147 246
40 139
181 280
52 151
67 166
35 134
168 267
3 102
39 138
142 241
187 286
132 231
35 134
99 198
157 256
37 136
56 155
177 276
0 99
189 288
47 146
126 225
186 285
147 246
156 255
120 219
105 204
38 137
71 170
27 126
38 137
109 208
178 277
193 292
6 105
107 206
99 198
30 129
66 165
78 177
189 288
129 228
122 221
167 266
96 195
6 105
151 250
183 282
144 243
83 182
136 235
181 280
72 171
80 179
70 169
51 150
26 125
53 152
2 101
99 198
146 245
42 141
148 247
64 163
42 141
161 260
68 167
170 269
170 269
105 204
83 182
40 139
44 143
98 197
14 113
31 130
148 247
197 296
105 204
124 223
20 119
47 146
16 115
160 259
149 248
68 167
59 158
97 196
137 236
85 184
186 285
176 275
64 163
0 99
23 122
125 224
91 190
191 290
170 269
61 160
26 125
140 239
20 119
194 293
48 147
131 230
2 101
131 230
83 182
150 249
119 218
113 212
21 120
20 119
195 294
190 289
66 165
115 214
194 293
116 215
159 258
9 108
18 117
30 129
6 105
132 231
127 226
44 143
10 109
108 207
74 173
45 144
16 115
40 139
100 199
139 238
185 284
124 223
119 218
35 134
184 283
2 101
125 224
89 188
80 179
2 101
103 202
130 229
19 118
163 262
91 190
90 189
16 115
46 145
112 211
174 273
32 131
72 171
9 108
132 231
110 209
153 252
83 182
47 146
186 285
157 256
127 226
157 256
6 105
167 266
137 236
141 240
32 131
186 285
34 133
173 272
60 159
189 288
72 171
168 267
27 126
172 271
14 113
174 273
29 128
2 101
85 184
78 177
100 199
170 269
143 242
65 164
97 196
95 194
41 140
42 141
164 263
175 274
19 118
166 265
71 170
131 230
123 222
39 138
62 161
82 181
97 196
88 187
187 286
86 185
155 254
134 233
30 129
97 196
42 141
161 260
189 288
3 102
104 203
149 248
162 261
97 196
163 262
43 142
101 200
143 242
50 149
4 103
83 182
176 275
37 136
69 168
17 116
186 285
111 210
88 187
121 220
45 144
24 123
84 183
195 294
2 101
106 205
64 163
117 216
97 196
80 179
1 100
178 277
29 128
70 169
39 138
125 224
84 183
169 268
27 126
130 229
162 261
103 202
19 118
48 147
187 286
100 199
118 217
130 229
159 258
58 157
154 253
141 240
55 154
185 284
98 197
140 239
184 283
59 158
167 266
132 231
3 102
52 151
69 168
104 203
47 146
5 104
5 104
17 116
42 141
123 222
77 176
18 117
48 147
136 235
92 191
84 183
131 230
138 237
103 202
171 270
48 147
62 161
48 147
42 141
78 177
172 271
190 289
128 227
81 180
156 255
122 221
27 126
88 187
107 206
112 211
19 118
131 230
58 157
145 244
49 148
11 110
188 287
11 110
18 117
136 235
164 263
156 255
114 213
51 150
196 295
14 113
81 180
49 148
64 163
83 182
168 267
6 105
54 153
5 104
14 113
74 173
148 247
10 109
173 272
20 119
30 129
174 273
0 99
133 232
142 241
23 122
147 246
48 147
158 257
157 256
197 296
69 168
143 242
43 142
175 274
154 253
60 159
115 214
195 294
152 251
162 261
48 147
31 130
22 121
40 139
6 105
79 178
178 277
194 293
101 200
143 242
96 195
47 146
39 138
80 179
58 157
133 232
125 224
33 132
4 103
30 129
71 170
49 148
82 181
55 154
66 165
27 126
126 225
186 285
42 141
58 157
178 277
6 105
146 245
121 220
65 164
79 178
89 188
9 108
160 259
57 156
78 177
138 237
104 203
26 125
90 189
11 110
90 189
146 245
164 263
114 213
47 146
98 197
40 139
129 228
132 231
176 275
160 259
122 221
175 274
113 212
62 161
169 268
147 246
117 216
62 161
179 278
168 267
118 217
171 270
96 195
43 142
99 198
59 158
23 122
147 246
162 261
41 140
24 123
160 259
144 243
119 218
87 186
117 216
175 274
99 198
90 189
10 109
100 199
122 221
118 217
141 240
188 287
32 131
185 284
160 259
167 266
130 229
126 225
133 232
62 161
171 270
145 244
16 115
194 293
8 107
86 185
76 175
75 174
75 174
35 134
18 117
195 294
136 235
68 167
108 207
26 125
115 214
76 175
142 241
21 120
186 285
31 130
65 164
48 147
154 253
150 249
197 296
126 225
5 104
27 126
153 252
176 275
65 164
57 156
146 245
95 194
11 110
87 186
17 116
35 134
21 120
38 137
59 158
98 197
43 142
121 220
85 184
85 184
11 110
57 156
73 172
179 278
54 153
152 251
11 110
1 100
179 278
147 246
50 149
35 134
39 138
142 241
172 271
139 238
172 271
38 137
148 247
123 222
23 122
26 125
148 247
2 101
107 206
179 278
47 146
41 140
7 106
18 117
19 118
85 184
156 255
190 289
14 113
77 176
171 270
77 176
152 251
121 220
85 184
86 185
109 208
187 286
30 129
197 296
159 258
129 228
181 280
56 155
103 202
155 254
19 118
58 157
186 285
68 167
31 130
164 263
193 292
87 186
93 192
48 147
128 227
110 209
108 207
61 160
144 243
105 204
129 228
87 186
149 248
2 101
150 249
6 105
65 164
30 129
151 250
22 121
27 126
46 145
135 234
104 203
131 230
194 293
197 296
139 238
10 109
38 137
133 232
174 273
85 184
13 112
15 114
20 119
17 116
38 137
166 265
109 208
48 147
0 99
121 220
113 212
51 150
77 176
82 181
71 170
133 232
164 263
148 247
80 179
47 146
162 261
145 244
152 251
88 187
154 253
82 181
165 264
63 162
192 291
115 214
29 128
37 136
36 135
184 283
146 245
41 140
160 259
30 129
180 279
8 107
174 273
75 174
171 270
189 288
33 132
47 146
113 212
84 183
37 136
2 101
147 246
184 283
147 246
181 280
86 185
122 221
134 233
86 185
98 197
7 106
133 232
113 212
50 149
58 157
136 235
153 252
129 228
56 155
118 217
54 153
191 290
7 106
174 273
181 280
145 244
9 108
6 105
69 168
165 264
39 138
35 134
93 192
26 125
150 249
103 202
146 245
103 202
180 279
44 143
125 224
112 211
137 236
168 267
81 180
110 209
103 202
185 284
161 260
172 271
157 256
135 234
145 244
181 280
133 232
94 193
113 212
185 284
126 225
132 231
140 239
131 230
12 111
166 265
14 113
162 261
60 159
17 116
7 106
154 253
99 198
50 149
74 173
97 196
149 248
43 142
105 204
130 229
170 269
44 143
127 226
168 267
152 251
120 219
180 279
28 127
181 280
11 110
153 252
88 187
145 244
44 143
115 214
36 135
25 124
19 118
164 263
90 189
121 220
155 254
166 265
111 210
91 190
167 266
48 147
79 178
168 267
77 176
165 264
126 225
44 143
22 121
115 214
21 120
55 154
193 292
41 140
3 102
123 222
102 201
89 188
178 277
186 285
46 145
158 257
161 260
122 221
94 193
154 253
134 233
72 171
32 131
122 221
62 161
89 188
2 101
23 122
73 172
20 119
67 166
139 238
25 124
46 145
22 121
84 183
52 151
47 146
134 233
147 246
31 130
108 207
35 134
70 169
105 204
169 268
136 235
79 178
67 166
45 144
34 133
192 291
128 227
10 109
114 213
134 233
11 110
174 273
105 204
71 170
100 199
139 238
97 196
112 211
64 163
55 154
111 210
22 121
184 283
75 174
194 293
178 277
30 129
10 109
100 199
127 226
169 268
57 156
143 242
76 175
71 170
41 140
54 153
169 268
125 224
132 231
87 186
163 262
131 230
13 112
170 269
78 177
113 212
85 184
121 220
103 202
18 117
1 100
120 219
36 135
120 219
185 284
134 233
71 170
107 206
128 227
33 132
143 242
109 208
46 145
165 264
57 156
152 251
19 118
94 193
131 230
176 275
34 133
143 242
59 158
194 293
161 260
164 263
13 112
61 160
142 241
152 251
170 269
28 127
164 263
63 162
61 160
150 249
45 144
186 285
140 239
30 129
167 266
7 106
194 293
102 201
89 188
169 268
96 195
144 243
186 285
107 206
173 272
46 145
34 133
122 221
146 245
152 251
169 268
67 166
8 107
196 295
27 126
47 146
32 131
97 196
167 266
134 233
44 143
60 159
104 203
9 108
149 248
3 102
148 247
171 270
30 129
94 193
28 127
105 204
107 206
100 199
162 261
78 177
107 206
8 107
15 114
44 143
27 126
46 145
46 145
158 257
125 224
12 111
42 141
116 215
102 201
117 216
181 280
123 222
89 188
50 149
130 229
102 201
6 105
111 210
140 239
42 141
36 135
94 193
122 221
195 294
19 118
88 187
157 256
66 165
74 173
192 291
143 242
102 201
75 174
9 108
139 238
73 172
23 122
39 138
55 154
182 281
72 171
3 102
156 255
126 225
43 142
6 105
171 270
121 220
177 276
59 158
106 205
135 234
32 131
6 105
186 285
97 196
16 115
185 284
24 123
114 213
25 124
184 283
46 145
24 123
89 188
58 157
58 157
117 216
94 193
123 222
30 129
90 189
153 252
113 212
143 242
75 174
33 132
160 259
1 100
54 153
81 180
124 223
114 213
5 104
150 249
1 100
21 120
105 204
63 162
166 265
180 279
32 131
10 109
92 191
175 274
59 158
122 221
155 254
86 185
12 111
183 282
84 183
94 193
115 214
123 222
180 279
151 250
111 210
157 256
128 227
186 285
137 236
63 162
22 121
167 266
129 228
149 248
158 257
128 227
125 224
22 121
54 153
190 289
130 229
20 119
197 296
9 108
17 116
88 187
190 289
37 136
144 243
114 213
116 215
110 209
111 210
1 100
111 210
116 215
144 243
174 273
35 134
82 181
151 250
50 149
135 234
92 191
152 251
144 243
145 244
167 266
70 169
17 116
191 290
178 277
66 165
145 244
73 172
41 140
16 115
183 282
5 104
125 224
69 168
192 291
59 158
89 188
30 129
128 227
66 165
82 181
161 260
127 226
0 99
2 101
54 153
174 273
97 196
167 266
89 188
185 284
40 139
124 223
138 237
21 120
31 130
8 107
160 259
36 135
86 185
136 235
159 258
134 233
85 184
38 137
112 211
49 148
151 250
129 228
159 258
78 177
30 129
184 283
51 150
61 160
15 114
12 111
128 227
43 142
148 247
149 248
186 285
78 177
185 284
27 126
119 218
63 162
44 143
143 242
64 163
152 251
197 296
120 219
91 190
113 212
28 127
67 166
14 113
89 188
137 236
10 109
135 234
113 212
53 152
115 214
74 173
88 187
47 146
41 140
3 102
5 104
12 111
0 99
28 127
190 289
191 290
68 167
196 295
31 130
49 148
80 179
187 286
169 268
145 244
110 209
67 166
88 187
54 153
190 289
82 181
188 287
141 240
137 236
76 175
156 255
74 173
18 117
153 252
90 189
17 116
23 122
32 131
190 289
33 132
3 102
61 160
48 147
56 155
140 239
61 160
20 119
95 194
82 181
139 238
14 113
48 147
193 292
177 276
45 144
192 291
105 204
138 237
43 142
25 124
47 146
66 165
95 194
190 289
42 141
79 178
197 296
183 282
194 293
166 265
196 295
89 188
104 203
107 206
20 119
105 204
74 173
71 170
23 122
85 184
27 126
147 246
146 245
181 280
43 142
44 143
156 255
52 151
171 270
145 244
27 126
10 109
119 218
135 234
112 211
22 121
186 285
31 130
164 263
129 228
48 147
107 206
57 156
1 100
148 247
146 245
7 106
113 212
57 156
173 272
9 108
71 170
67 166
177 276
121 220
116 215
119 218
188 287
77 176
95 194
153 252
175 274
192 291
99 198
150 249
197 296
63 162
61 160
122 221
160 259
21 120
7 106
32 131
171 270
111 210
2 101
193 292
17 116
172 271
111 210
100 199
12 111
37 136
157 256
19 118
48 147
55 154
116 215
84 183
73 172
104 203
117 216
125 224
45 144
33 132
29 128
6 105
64 163
97 196
147 246
26 125
135 234
28 127
183 282
87 186
193 292
60 159
54 153
99 198
128 227
53 152
51 150
151 250
19 118
80 179
186 285
77 176
170 269
56 155
178 277
32 131
46 145
190 289
88 187
29 128
112 211
33 132
190 289
3 102
43 142
110 209
151 250
124 223
28 127
140 239
35 134
195 294
39 138
4 103
49 148
108 207
121 220
118 217
162 261
10 109
100 199
135 234
2 101
41 140
101 200
2 101
173 272
157 256
70 169
66 165
26 125
128 227
51 150
125 224
14 113
2 101
137 236
19 118
180 279
180 279
142 241
126 225
123 222
154 253
51 150
55 154
143 242
52 151
28 127
116 215
140 239
8 107
58 157
7 106
75 174
65 164
168 267
41 140
184 283
48 147
19 118
95 194
107 206
6 105
45 144
106 205
96 195
124 223
0 99
93 192
193 292
102 201
47 146
186 285
193 292
12 111
23 122
105 204
28 127
1 100
22 121
59 158
164 263
29 128
128 227
100 199
148 247
32 131
49 148
159 258
14 113
1 100
158 257
106 205
8 107
51 150
93 192
197 296
108 207
16 115
181 280
195 294
188 287
51 150
38 137
63 162
139 238
182 281
85 184
76 175
31 130
81 180
168 267
19 118
98 197
109 208
197 296
183 282
162 261
7 106
143 242
92 191
122 221
197 296
28 127
89 188
55 154
183 282
43 142
132 231
17 116
151 250
143 242
145 244
100 199
114 213
52 151
16 115
65 164
106 205
35 134
18 117
107 206
110 209
8 107
145 244
107 206
188 287
71 170
26 125
88 187
28 127
137 236
154 253
116 215
112 211
91 190
168 267
74 173
125 224
28 127
158 257
84 183
104 203
197 296
156 255
73 172
103 202
156 255
35 134
184 283
154 253
174 273
15 114
185 284
36 135
61 160
14 113
51 150
33 132
7 106
161 260
65 164
31 130
4 103
70 169
194 293
87 186
9 108
15 114
28 127
36 135
126 225
192 291
196 295
177 276
66 165
17 116
151 250
185 284
118 217
176 275
4 103
81 180
176 275
13 112
21 120
97 196
19 118
151 250
160 259
11 110
96 195
196 295
159 258
4 103
91 190
168 267
56 155
92 191
7 106
61 160
129 228
82 181
123 222
81 180
130 229
127 226
29 128
71 170
182 281
25 124
69 168
25 124
128 227
36 135
69 168
25 124
78 177
129 228
134 233
132 231
71 170
77 176
28 127
39 138
177 276
196 295
156 255
108 207
97 196
0 99
93 192
194 293
40 139
120 219
128 227
105 204
76 175
68 167
25 124
53 152
9 108
19 118
107 206
69 168
108 207
130 229
70 169
155 254
131 230
27 126
109 208
192 291
28 127
69 168
155 254
113 212
87 186
67 166
130 229
142 241
79 178
154 253
83 182
94 193
48 147
49 148
44 143
76 175
177 276
86 185
12 111
114 213
122 221
106 205
99 198
160 259
162 261
144 243
16 115
71 170
110 209
51 150
172 271
108 207
7 106
101 200
7 106
38 137
45 144
163 262
133 232
195 294
191 290
55 154
102 201
106 205
100 199
173 272
70 169
47 146
12 111
138 237
11 110
61 160
154 253
50 149
127 226
197 296
105 204
41 140
116 215
27 126
181 280
88 187
93 192
45 144
174 273
186 285
160 259
134 233
51 150
137 236
50 149
121 220
30 129
168 267
120 219
62 161
101 200
69 168
160 259
76 175
108 207
19 118
15 114
7 106
18 117
27 126
10 109
150 249
154 253
34 133
173 272
50 149
8 107
195 294
35 134
126 225
76 175
13 112
11 110
37 136
154 253
31 130
44 143
175 274
186 285
13 112
27 126
83 182
152 251
110 209
190 289
8 107
16 115
160 259
181 280
115 214
19 118
168 267
166 265
160 259
18 117
12 111
88 187
182 281
10 109
159 258
140 239
174 273
118 217
174 273
12 111
137 236
8 107
133 232
59 158
126 225
195 294
191 290
50 149
161 260
127 226
77 176
129 228
53 152
48 147
29 128
189 288
24 123
4 103
60 159
129 228
142 241
97 196
46 145
150 249
80 179
139 238
2 101
30 129
59 158
29 128
153 252
88 187
146 245
159 258
72 171
104 203
11 110
35 134
130 229
147 246
27 126
49 148
123 222
130 229
107 206
158 257
184 283
186 285
66 165
156 255
150 249
22 121
97 196
46 145
135 234
128 227
93 192
110 209
110 209
146 245
117 216
24 123
120 219
59 158
65 164
51 150
19 118
50 149
93 192
18 117
55 154
20 119
158 257
46 145
139 238
130 229
149 248
50 149
70 169
85 184
55 154
96 195
31 130
47 146
30 129
6 105
113 212
28 127
13 112
88 187
99 198
134 233
130 229
110 209
131 230
119 218
71 170
85 184
50 149
151 250
145 244
186 285
67 166
181 280
166 265
112 211
71 170
46 145
135 234
138 237
89 188
117 216
150 249
130 229
154 253
97 196
184 283
127 226
99 198
143 242
3 102
36 135
10 109
19 118
117 216
110 209
107 206
99 198
46 145
107 206
77 176
9 108
178 277
129 228
109 208
129 228
101 200
80 179
107 206
81 180
170 269
193 292
19 118
58 157
67 166
59 158
103 202
173 272
134 233
168 267
7 106
27 126
51 150
107 206
126 225
86 185
146 245
10 109
115 214
72 171
175 274
196 295
37 136
51 150
44 143
168 267
126 225
166 265
93 192
40 139
88 187
159 258
21 120
101 200
82 181
67 166
159 258
20 119
177 276
106 205
76 175
138 237
43 142
80 179
172 271
120 219
135 234
97 196
92 191
163 262
155 254
152 251
83 182
49 148
87 186
78 177
115 214
137 236
82 181
5 104
32 131
32 131
171 270
129 228
73 172
110 209
7 106
164 263
29 128
73 172
58 157
84 183
154 253
79 178
142 241
75 174
192 291
146 245
53 152
172 271
124 223
182 281
30 129
69 168
85 184
72 171
141 240
162 261
79 178
40 139
182 281
92 191
5 104
66 165
40 139
56 155
20 119
103 202
106 205
10 109
0 99
3 102
183 282
75 174
152 251
13 112
13 112
86 185
193 292
11 110
33 132
92 191
131 230
8 107
103 202
83 182
172 271
154 253
128 227
166 265
191 290
28 127
18 117
185 284
2 101
51 150
164 263
178 277
32 131
89 188
136 235
119 218
93 192
77 176
148 247
67 166
131 230
105 204
103 202
25 124
26 125
56 155
101 200
87 186
187 286
21 120
7 106
160 259
180 279
180 279
42 141
195 294
163 262
60 159
146 245
20 119
44 143
145 244
26 125
137 236
24 123
108 207
129 228
13 112
68 167
42 141
153 252
176 275
26 125
84 183
9 108
173 272
186 285
165 264
44 143
168 267
128 227
143 242
82 181
38 137
19 118
99 198
116 215
16 115
131 230
143 242
52 151
99 198
177 276
119 218
79 178
125 224
128 227
68 167
112 211
13 112
9 108
10 109
197 296
150 249
158 257
50 149
123 222
47 146
136 235
63 162
96 195
196 295
157 256
117 216
117 216
14 113
10 109
126 225
27 126
172 271
0 99
186 285
14 113
103 202
39 138
140 239
68 167
167 266
146 245
183 282
82 181
179 278
170 269
166 265
35 134
171 270
103 202
71 170
91 190
100 199
122 221
164 263
53 152
189 288
42 141
126 225
87 186
117 216
24 123
130 229
13 112
74 173
181 280
146 245
22 121
14 113
171 270
57 156
107 206
118 217
190 289
45 144
106 205
15 114
107 206
31 130
190 289
141 240
7 106
165 264
12 111
137 236
117 216
163 262
45 144
145 244
130 229
145 244
21 120
167 266
180 279
146 245
6 105
118 217
165 264
125 224
170 269
125 224
139 238
123 222
105 204
151 250
6 105
103 202
64 163
98 197
2 101
186 285
25 124
6 105
185 284
9 108
0 99
185 284
127 226
106 205
165 264
110 209
84 183
146 245
180 279
174 273
142 241
55 154
40 139
60 159
173 272
163 262
73 172
122 221
173 272
88 187
20 119
193 292
81 180
55 154
177 276
17 116
179 278
140 239
175 274
130 229
107 206
49 148
191 290
85 184
11 110
39 138
77 176
184 283
182 281
61 160
53 152
39 138
165 264
76 175
115 214
146 245
103 202
56 155
72 171
88 187
186 285
49 148
55 154
79 178
7 106
163 262
158 257
133 232
129 228
150 249
191 290
104 203
17 116
24 123
2 101
67 166
79 178
59 158
78 177
171 270
189 288
140 239
143 242
80 179
71 170
87 186
182 281
58 157
187 286
82 181
158 257
6 105
64 163
109 208
82 181
57 156
98 197
176 275
82 181
78 177
145 244
96 195
51 150
24 123
139 238
52 151
100 199
125 224
128 227
62 161
22 121
135 234
170 269
134 233
30 129
170 269
46 145
66 165
120 219
74 173
72 171
22 121
67 166
171 270
143 242
162 261
97 196
173 272
166 265
171 270
37 136
116 215
118 217
82 181
68 167
152 251
119 218
159 258
9 108
88 187
59 158
8 107
100 199
158 257
96 195
133 232
21 120
70 169
131 230
160 259
36 135
178 277
137 236
44 143
22 121
68 167
7 106
183 282
170 269
160 259
1 100
138 237
19 118
98 197
61 160
81 180
143 242
15 114
82 181
27 126
144 243
113 212
176 275
83 182
37 136
24 123
97 196
139 238
46 145
146 245
169 268
32 131
5 104
88 187
111 210
172 271
137 236
172 271
141 240
2 101
174 273
183 282
85 184
51 150
185 284
130 229
88 187
52 151
179 278
149 248
122 221
30 129
131 230
3 102
58 157
36 135
103 202
35 134
137 236
158 257
69 168
164 263
39 138
24 123
87 186
38 137
78 177
124 223
15 114
188 287
50 149
111 210
18 117
195 294
17 116
25 124
83 182
67 166
186 285
162 261
37 136
192 291
52 151
170 269
21 120
9 108
190 289
118 217
83 182
171 270
180 279
147 246
98 197
46 145
92 191
173 272
25 124
142 241
31 130
84 183
178 277
5 104
157 256
41 140
84 183
8 107
77 176
80 179
12 111
110 209
67 166
152 251
138 237
33 132
49 148
5 104
120 219
104 203
57 156
197 296
102 201
176 275
97 196
149 248
156 255
1 100
15 114
151 250
174 273
196 295
13 112
143 242
48 147
54 153
74 173
14 113
141 240
114 213
119 218
93 192
157 256
156 255
17 116
87 186
161 260
17 116
118 217
23 122
158 257
165 264
64 163
41 140
51 150
173 272
56 155
47 146
150 249
158 257
16 115
188 287
75 174
176 275
60 159
18 117
93 192
73 172
124 223
32 131
146 245
160 259
193 292
154 253
123 222
195 294
157 256
14 113
133 232
158 257
145 244
118 217
74 173
75 174
123 222
6 105
83 182
173 272
61 160
10 109
153 252
177 276
123 222
192 291
132 231
192 291
140 239
110 209
37 136
60 159
89 188
147 246
14 113
184 283
15 114
60 159
116 215
117 216
133 232
184 283
0 99
166 265
72 171
176 275
89 188
174 273
84 183
1 100
13 112
53 152
165 264
86 185
53 152
27 126
124 223
25 124
52 151
3 102
173 272
188 287
127 226
44 143
114 213
158 257
141 240
103 202
29 128
68 167
178 277
0 99
52 151
95 194
158 257
187 286
81 180
182 281
73 172
72 171
68 167
12 111
153 252
43 142
35 134
181 280
52 151
173 272
182 281
7 106
185 284
195 294
151 250
2 101
36 135
120 219
185 284
187 286
164 263
177 276
129 228
150 249
110 209
170 269
60 159
10 109
3 102
162 261
142 241
103 202
69 168
101 200
129 228
27 126
129 228
111 210
133 232
6 105
31 130
98 197
142 241
96 195
105 204
52 151
89 188
182 281
55 154
162 261
138 237
22 121
150 249
172 271
172 271
169 268
115 214
12 111
168 267
162 261
36 135
25 124
133 232
88 187
51 150
125 224
27 126
46 145
72 171
52 151
24 123
111 210
83 182
155 254
155 254
84 183
26 125
143 242
97 196
152 251
180 279
64 163
25 124
75 174
128 227
185 284
72 171
178 277
109 208
44 143
141 240
73 172
108 207
99 198
68 167
110 209
71 170
174 273
180 279
20 119
88 187
148 247
46 145
136 235
71 170
159 258
50 149
25 124
128 227
150 249
53 152
178 277
79 178
34 133
55 154
12 111
96 195
75 174
162 261
121 220
186 285
147 246
167 266
192 291
128 227
49 148
99 198
109 208
170 269
30 129
80 179
187 286
134 233
41 140
169 268
119 218
184 283
94 193
46 145
99 198
75 174
93 192
65 164
136 235
78 177
121 220
149 248
106 205
50 149
11 110
157 256
156 255
137 236
46 145
24 123
12 111
118 217
85 184
114 213
183 282
77 176
168 267
71 170
40 139
185 284
193 292
12 111
25 124
159 258
0 99
96 195
183 282
104 203
146 245
175 274
66 165
196 295
69 168
155 254
190 289
81 180
16 115
112 211
22 121
59 158
46 145
122 221
162 261
178 277
149 248
67 166
147 246
142 241
181 280
61 160
58 157
136 235
148 247
185 284
103 202
139 238
109 208
33 132
18 117
185 284
75 174
80 179
133 232
177 276
116 215
57 156
39 138
197 296
67 166
165 264
142 241
153 252
9 108
29 128
147 246
39 138
101 200
14 113
82 181
153 252
196 295
163 262
113 212
172 271
93 192
20 119
189 288
44 143
110 209
61 160
28 127
55 154
18 117
144 243
159 258
41 140
133 232
108 207
20 119
184 283
21 120
111 210
54 153
195 294
30 129
166 265
12 111
53 152
162 261
40 139
64 163
94 193
18 117
144 243
54 153
17 116
37 136
96 195
47 146
100 199
37 136
150 249
128 227
30 129
7 106
73 172
183 282
73 172
31 130
136 235
53 152
20 119
28 127
124 223
73 172
110 209
150 249
196 295
98 197
194 293
72 171
8 107
186 285
162 261
57 156
109 208
63 162
90 189
76 175
133 232
76 175
165 264
66 165
128 227
151 250
132 231
70 169
68 167
182 281
143 242
73 172
16 115
27 126
34 133
103 202
116 215
124 223
151 250
104 203
139 238
14 113
157 256
99 198
178 277
166 265
11 110
96 195
23 122
125 224
83 182
177 276
161 260
132 231
58 157
57 156
81 180
37 136
79 178
38 137
27 126
130 229
169 268
147 246
123 222
164 263
173 272
188 287
105 204
8 107
51 150
8 107
94 193
29 128
80 179
91 190
187 286
16 115
179 278
185 284
72 171
187 286
183 282
140 239
42 141
119 218
26 125
111 210
56 155
125 224
48 147
82 181
194 293
194 293
158 257
103 202
196 295
41 140
172 271
99 198
193 292
100 199
82 181
144 243
79 178
184 283
180 279
173 272
161 260
113 212
108 207
13 112
106 205
86 185
21 120
13 112
177 276
182 281
59 158
55 154
184 283
87 186
85 184
60 159
73 172
173 272
25 124
74 173
173 272
160 259
0 99
114 213
142 241
113 212
32 131
179 278
5 104
75 174
63 162
184 283
72 171
35 134
174 273
104 203
183 282
187 286
166 265
59 158
130 229
56 155
68 167
60 159
150 249
151 250
63 162
95 194
156 255
156 255
123 222
149 248
189 288
102 201
92 191
152 251
130 229
32 131
147 246
132 231
121 220
128 227
113 212
29 128
97 196
39 138
189 288
132 231
155 254
187 286
91 190
148 247
36 135
52 151
194 293
80 179
62 161
181 280
125 224
36 135
106 205
109 208
57 156
180 279
127 226
168 267
176 275
166 265
148 247
49 148
130 229
192 291
59 158
60 159
20 119
103 202
162 261
79 178
61 160
92 191
78 177
83 182
189 288
65 164
114 213
149 248
33 132
61 160
110 209
177 276
54 153
144 243
172 271
113 212
169 268
22 121
61 160
158 257
64 163
111 210
5 104
85 184
77 176
192 291
59 158
42 141
62 161
145 244
72 171
36 135
169 268
14 113
130 229
76 175
131 230
14 113
15 114
35 134
106 205
170 269
177 276
37 136
115 214
162 261
133 232
97 196
118 217
158 257
78 177
45 144
169 268
72 171
16 115
106 205
50 149
27 126
52 151
169 268
107 206
188 287
8 107
129 228
150 249
22 121
116 215
118 217
173 272
52 151
180 279
36 135
146 245
114 213
75 174
138 237
123 222
6 105
189 288
73 172
53 152
187 286
165 264
131 230
105 204
131 230
41 140
173 272
108 207
109 208
175 274
1 100
76 175
90 189
82 181
102 201
4 103
193 292
137 236
110 209
57 156
13 112
95 194
143 242
135 234
97 196
154 253
193 292
65 164
53 152
70 169
118 217
170 269
124 223
16 115
48 147
91 190
132 231
113 212
152 251
6 105
24 123
67 166
190 289
171 270
119 218
176 275
49 148
107 206
123 222
194 293
152 251
85 184
34 133
54 153
196 295
181 280
12 111
0 99
31 130
102 201
74 173
176 275
131 230
156 255
111 210
154 253
114 213
39 138
167 266
23 122
5 104
182 281
94 193
183 282
178 277
17 116
57 156
3 102
13 112
159 258
165 264
93 192
29 128
175 274
122 221
145 244
156 255
149 248
71 170
17 116
99 198
99 198
108 207
50 149
7 106
20 119
62 161
24 123
182 281
174 273
12 111
2 101
108 207
180 279
9 108
140 239
134 233
20 119
39 138
194 293
9 108
35 134
105 204
106 205
29 128
156 255
28 127
187 286
41 140
23 122
94 193
33 132
33 132
76 175
42 141
134 233
150 249
139 238
188 287
14 113
167 266
5 104
118 217
31 130
78 177
136 235
139 238
76 175
135 234
106 205
157 256
97 196
21 120
63 162
74 173
101 200
93 192
14 113
113 212
61 160
81 180
131 230
107 206
43 142
127 226
113 212
169 268
185 284
89 188
30 129
70 169
120 219
100 199
0 99
15 114
188 287
116 215
44 143
88 187
5 104
176 275
71 170
145 244
138 237
132 231
14 113
87 186
181 280
5 104
96 195
189 288
32 131
60 159
19 118
123 222
44 143
14 113
141 240
103 202
56 155
54 153
138 237
50 149
179 278
158 257
39 138
31 130
94 193
102 201
52 151
86 185
119 218
125 224
93 192
194 293
58 157
100 199
185 284
38 137
175 274
2 101
49 148
90 189
122 221
38 137
146 245
29 128
107 206
91 190
125 224
138 237
99 198
60 159
5 104
58 157
73 172
183 282
141 240
186 285
142 241
149 248
55 154
149 248
126 225
165 264
115 214
185 284
129 228
113 212
167 266
87 186
180 279
112 211
37 136
170 269
105 204
73 172
13 112
175 274
107 206
185 284
95 194
87 186
142 241
162 261
81 180
66 165
194 293
129 228
190 289
99 198
73 172
172 271
66 165
128 227
45 144
1 100
186 285
106 205
35 134
141 240
74 173
127 226
67 166
21 120
62 161
7 106
78 177
102 201
40 139
84 183
63 162
173 272
29 128
117 216
37 136
94 193
65 164
172 271
62 161
11 110
116 215
93 192
130 229
130 229
11 110
138 237
157 256
101 200
139 238
34 133
113 212
115 214
69 168
196 295
141 240
22 121
191 290
80 179
98 197
136 235
7 106
152 251
70 169
96 195
186 285
137 236
195 294
27 126
179 278
85 184
54 153
51 150
117 216
184 283
190 289
26 125
17 116
143 242
177 276
103 202
191 290
107 206
104 203
85 184
24 123
132 231
127 226
162 261
37 136
129 228
100 199
87 186
62 161
31 130
95 194
76 175
49 148
27 126
184 283
72 171
169 268
182 281
22 121
183 282
149 248
157 256
16 115
179 278
93 192
154 253
138 237
31 130
47 146
54 153
115 214
192 291
170 269
191 290
50 149
58 157
150 249
91 190
173 272
95 194
61 160
88 187
117 216
117 216
144 243
58 157
18 117
122 221
178 277
113 212
52 151
51 150
56 155
108 207
158 257
70 169
4 103
154 253
66 165
169 268
50 149
26 125
140 239
75 174
24 123
158 257
39 138
84 183
156 255
65 164
63 162
70 169
14 113
120 219
52 151
108 207
183 282
87 186
51 150
35 134
197 296
60 159
12 111
145 244
95 194
122 221
32 131
186 285
133 232
49 148
187 286
161 260
171 270
174 273
17 116
37 136
52 151
84 183
66 165
149 248
120 219
34 133
181 280
175 274
52 151
51 150
84 183
145 244
34 133
9 108
133 232
156 255
147 246
145 244
82 181
49 148
148 247
79 178
35 134
134 233
55 154
49 148
193 292
158 257
58 157
20 119
85 184
114 213
96 195
178 277
50 149
7 106
156 255
45 144
177 276
90 189
160 259
104 203
22 121
168 267
188 287
51 150
24 123
6 105
31 130
53 152
129 228
195 294
29 128
143 242
154 253
75 174
38 137
159 258
173 272
100 199
38 137
169 268
117 216
94 193
166 265
95 194
141 240
6 105
152 251
161 260
159 258
20 119
12 111
13 112
58 157
126 225
87 186
69 168
39 138
60 159
184 283
13 112
168 267
51 150
58 157
91 190
152 251
74 173
54 153
41 140
116 215
159 258
36 135
10 109
90 189
64 163
193 292
5 104
194 293
197 296
51 150
87 186
188 287
150 249
137 236
95 194
130 229
69 168
71 170
29 128
81 180
96 195
103 202
100 199
81 180
36 135
112 211
178 277
26 125
113 212
103 202
20 119
147 246
5 104
4 103
44 143
127 226
1 100
45 144
98 197
147 246
131 230
122 221
102 201
111 210
196 295
39 138
125 224
95 194
10 109
192 291
91 190
16 115
17 116
176 275
27 126
163 262
109 208
155 254
20 119
115 214
144 243
56 155
34 133
133 232
111 210
194 293
86 185
111 210
112 211
133 232
191 290
92 191
150 249
183 282
181 280
85 184
99 198
114 213
13 112
119 218
93 192
57 156
8 107
55 154
191 290
95 194
61 160
43 142
90 189
40 139
172 271
105 204
39 138
145 244
190 289
9 108
194 293
83 182
44 143
37 136
94 193
138 237
185 284
21 120
107 206
129 228
101 200
163 262
143 242
177 276
14 113
25 124
58 157
144 243
131 230
153 252
82 181
79 178
156 255
78 177
128 227
30 129
45 144
117 216
48 147
118 217
148 247
28 127
46 145
8 107
127 226
141 240
31 130
45 144
124 223
26 125
70 169
53 152
119 218
123 222
18 117
114 213
1 100
153 252
92 191
25 124
194 293
17 116
165 264
77 176
117 216
54 153
52 151
161 260
118 217
161 260
2 101
20 119
150 249
125 224
39 138
113 212
59 158
115 214
59 158
152 251
58 157
11 110
23 122
20 119
140 239
49 148
155 254
46 145
42 141
84 183
80 179
171 270
179 278
152 251
57 156
107 206
82 181
56 155
139 238
184 283
17 116
72 171
15 114
15 114
41 140
138 237
41 140
83 182
50 149
34 133
67 166
88 187
136 235
160 259
182 281
69 168
73 172
105 204
118 217
72 171
185 284
54 153
77 176
91 190
120 219
6 105
157 256
38 137
59 158
92 191
107 206
129 228
75 174
118 217
117 216
138 237
59 158
117 216
54 153
151 250
49 148
7 106
87 186
110 209
1 100
24 123
189 288
29 128
128 227
59 158
76 175
125 224
107 206
125 224
140 239
20 119
122 221
134 233
149 248
149 248
95 194
190 289
146 245
108 207
77 176
68 167
73 172
40 139
49 148
83 182
110 209
61 160
15 114
147 246
62 161
55 154
182 281
160 259
183 282
110 209
113 212
118 217
172 271
132 231
182 281
176 275
41 140
178 277
154 253
102 201
130 229
120 219
29 128
161 260
158 257
151 250
57 156
179 278
195 294
108 207
114 213
13 112
145 244
156 255
90 189
74 173
192 291
90 189
88 187
181 280
43 142
53 152
84 183
109 208
86 185
6 105
157 256
68 167
164 263
108 207
104 203
67 166
159 258
115 214
69 168
142 241
184 283
89 188
44 143
117 216
195 294
121 220
39 138
176 275
137 236
9 108
145 244
18 117
12 111
132 231
29 128
27 126
145 244
35 134
188 287
62 161
60 159
76 175
109 208
172 271
68 167
56 155
19 118
103 202
100 199
153 252
110 209
70 169
33 132
176 275
147 246
60 159
191 290
82 181
45 144
160 259
100 199
86 185
163 262
160 259
1 100
120 219
37 136
151 250
71 170
156 255
32 131
82 181
118 217
149 248
168 267
117 216
189 288
46 145
73 172
94 193
84 183
188 287
13 112
119 218
74 173
0 99
0 99
95 194
166 265
175 274
114 213
160 259
19 118
152 251
132 231
31 130
42 141
95 194
180 279
38 137
81 180
46 145
162 261
98 197
72 171
104 203
21 120
124 223
50 149
187 286
142 241
57 156
68 167
57 156
126 225
195 294
166 265
101 200
124 223
181 280
51 150
32 131
93 192
165 264
54 153
39 138
94 193
73 172
139 238
50 149
44 143
84 183
133 232
20 119
70 169
102 201
9 108
131 230
171 270
144 243
14 113
76 175
155 254
119 218
190 289
54 153
125 224
86 185
127 226
176 275
99 198
155 254
166 265
112 211
156 255
95 194
181 280
149 248
34 133
175 274
162 261
80 179
59 158
9 108
127 226
125 224
174 273
184 283
70 169
98 197
182 281
180 279
148 247
46 145
57 156
71 170
106 205
20 119
111 210
186 285
101 200
130 229
157 256
21 120
20 119
34 133
108 207
38 137
195 294
109 208
183 282
54 153
30 129
3 102
59 158
73 172
194 293
111 210
36 135
12 111
98 197
49 148
151 250
18 117
196 295
130 229
160 259
30 129
154 253
88 187
197 296
174 273
78 177
45 144
195 294
147 246
54 153
108 207
11 110
147 246
18 117
9 108
90 189
3 102
153 252
18 117
165 264
96 195
85 184
35 134
168 267
143 242
184 283
17 116
147 246
34 133
69 168
107 206
160 259
68 167
82 181
185 284
57 156
19 118
13 112
106 205
70 169
3 102
60 159
138 237
5 104
50 149
74 173
9 108
176 275
92 191
129 228
86 185
63 162
120 219
196 295
121 220
174 273
111 210
43 142
153 252
40 139
158 257
196 295
78 177
133 232
10 109
105 204
21 120
121 220
15 114
124 223
8 107
80 179
78 177
170 269
73 172
63 162
17 116
151 250
47 146
145 244
111 210
159 258
33 132
161 260
38 137
96 195
71 170
170 269
33 132
32 131
18 117
35 134
110 209
39 138
108 207
32 131
48 147
127 226
126 225
114 213
57 156
153 252
111 210
108 207
102 201
136 235
82 181
67 166
107 206
23 122
64 163
170 269
78 177
99 198
153 252
100 199
99 198
9 108
29 128
100 199
160 259
153 252
158 257
129 228
41 140
96 195
143 242
76 175
41 140
95 194
29 128
186 285
127 226
176 275
79 178
143 242
42 141
138 237
134 233
146 245
37 136
120 219
45 144
43 142
48 147
124 223
187 286
192 291
172 271
86 185
147 246
77 176
103 202
89 188
31 130
62 161
33 132
67 166
27 126
56 155
156 255
178 277
3 102
9 108
52 151
191 290
23 122
14 113
101 200
19 118
110 209
153 252
38 137
135 234
145 244
62 161
84 183
80 179
164 263
167 266
187 286
63 162
82 181
112 211
87 186
62 161
21 120
37 136
94 193
19 118
63 162
163 262
51 150
109 208
89 188
178 277
182 281
92 191
76 175
104 203
162 261
104 203
109 208
104 203
88 187
161 260
43 142
56 155
109 208
10 109
13 112
85 184
33 132
197 296
140 239
191 290
193 292
101 200
182 281
18 117
143 242
24 123
72 171
57 156
137 236
50 149
109 208
158 257
89 188
155 254
30 129
53 152
51 150
113 212
129 228
171 270
141 240
94 193
69 168
46 145
34 133
188 287
100 199
59 158
74 173
20 119
171 270
168 267
97 196
23 122
40 139
52 151
103 202
112 211
88 187
126 225
152 251
24 123
58 157
120 219
47 146
161 260
175 274
119 218
96 195
122 221
123 222
96 195
167 266
68 167
66 165
1 100
187 286
187 286
33 132
64 163
191 290
86 185
42 141
111 210
160 259
54 153
38 137
109 208
12 111
138 237
5 104
0 99
195 294
162 261
73 172
7 106
48 147
66 165
72 171
150 249
153 252
163 262
53 152
186 285
165 264
117 216
186 285
45 144
108 207
146 245
127 226
22 121
102 201
106 205
127 226
88 187
107 206
138 237
135 234
100 199
7 106
78 177
129 228
112 211
18 117
120 219
152 251
56 155
89 188
104 203
164 263
1 100
164 263
21 120
63 162
22 121
151 250
135 234
179 278
181 280
73 172
40 139
163 262
50 149
7 106
188 287
88 187
58 157
47 146
30 129
49 148
175 274
177 276
41 140
197 296
168 267
171 270
96 195
167 266
187 286
119 218
136 235
7 106
128 227
17 116
154 253
77 176
62 161
106 205
100 199
13 112
152 251
125 224
2 101
154 253
33 132
141 240
14 113
40 139
16 115
187 286
126 225
13 112
165 264
196 295
41 140
11 110
189 288
82 181
102 201
37 136
84 183
124 223
164 263
119 218
147 246
83 182
28 127
42 141
45 144
86 185
191 290
68 167
19 118
147 246
174 273
64 163
109 208
129 228
59 158
145 244
90 189
137 236
8 107
50 149
122 221
68 167
186 285
188 287
32 131
160 259
41 140
152 251
66 165
49 148
147 246
96 195
116 215
114 213
94 193
164 263
38 137
170 269
68 167
28 127
58 157
162 261
64 163
87 186
123 222
90 189
13 112
73 172
192 291
15 114
48 147
137 236
160 259
105 204
79 178
9 108
49 148
68 167
194 293
157 256
90 189
170 269
148 247
8 107
51 150
135 234
7 106
105 204
153 252
177 276
53 152
172 271
170 269
172 271
52 151
130 229
59 158
146 245
152 251
60 159
111 210
16 115
12 111
124 223
50 149
92 191
118 217
51 150
73 172
153 252
8 107
59 158
157 256
136 235
165 264
70 169
177 276
152 251
88 187
135 234
65 164
173 272
151 250
136 235
2 101
125 224
30 129
150 249
192 291
44 143
17 116
182 281
195 294
129 228
146 245
55 154
92 191
31 130
21 120
139 238
66 165
144 243
179 278
14 113
157 256
41 140
174 273
140 239
146 245
78 177
170 269
21 120
5 104
25 124
126 225
104 203
163 262
119 218
119 218
140 239
72 171
30 129
12 111
112 211
140 239
86 185
89 188
92 191
80 179
142 241
20 119
82 181
120 219
38 137
102 201
126 225
14 113
11 110
52 151
188 287
177 276
41 140
75 174
152 251
127 226
149 248
114 213
177 276
34 133
20 119
32 131
38 137
103 202
146 245
17 116
57 156
31 130
97 196
138 237
0 99
164 263
81 180
196 295
93 192
116 215
194 293
194 293
22 121
173 272
78 177
75 174
73 172
43 142
65 164
32 131
188 287
23 122
59 158
157 256
173 272
154 253
169 268
94 193
128 227
131 230
9 108
49 148
103 202
6 105
85 184
141 240
126 225
139 238
6 105
37 136
195 294
3 102
111 210
165 264
110 209
107 206
146 245
34 133
109 208
122 221
107 206
146 245
45 144
184 283
153 252
92 191
178 277
38 137
35 134
176 275
138 237
100 199
66 165
138 237
3 102
162 261
195 294
67 166
100 199
9 108
94 193
7 106
48 147
41 140
184 283
20 119
136 235
32 131
74 173
189 288
139 238
60 159
6 105
193 292
27 126
16 115
104 203
4 103
51 150
37 136
95 194
130 229
75 174
95 194
81 180
135 234
132 231
182 281
66 165
86 185
10 109
27 126
128 227
2 101
104 203
46 145
74 173
156 255
196 295
170 269
193 292
3 102
13 112
120 219
51 150
186 285
67 166
52 151
71 170
32 131
116 215
62 161
101 200
172 271
151 250
88 187
162 261
81 180
85 184
27 126
47 146
33 132
124 223
190 289
119 218
72 171
172 271
138 237
185 284
32 131
68 167
23 122
149 248
131 230
117 216
83 182
46 145
190 289
92 191
47 146
132 231
38 137
59 158
112 211
31 130
129 228
44 143
189 288
149 248
18 117
25 124
183 282
123 222
193 292
81 180
186 285
162 261
0 99
41 140
163 262
146 245
49 148
84 183
166 265
110 209
191 290
167 266
50 149
141 240
119 218
121 220
144 243
67 166
10 109
163 262
82 181
86 185
141 240
71 170
47 146
164 263
94 193
74 173
112 211
64 163
98 197
63 162
195 294
5 104
122 221
194 293
77 176
176 275
88 187
196 295
94 193
78 177
139 238
144 243
196 295
59 158
3 102
83 182
70 169
37 136
60 159
121 220
13 112
181 280
17 116
150 249
35 134
128 227
88 187
114 213
84 183
15 114
85 184
178 277
178 277
85 184
103 202
96 195
1 100
38 137
45 144
159 258
59 158
160 259
14 113
152 251
151 250
155 254
134 233
7 106
182 281
40 139
37 136
160 259
166 265
78 177
17 116
172 271
28 127
15 114
69 168
50 149
107 206
83 182
156 255
93 192
142 241
53 152
179 278
148 247
32 131
140 239
90 189
78 177
172 271
45 144
195 294
129 228
52 151
135 234
161 260
62 161
2 101
66 165
126 225
81 180
106 205
183 282
116 215
181 280
69 168
43 142
76 175
96 195
61 160
132 231
97 196
35 134
58 157
109 208
155 254
157 256
109 208
23 122
8 107
128 227
47 146
107 206
41 140
166 265
5 104
85 184
183 282
0 99
59 158
23 122
135 234
117 216
7 106
112 211
107 206
68 167
134 233
6 105
184 283
48 147
7 106
12 111
191 290
65 164
33 132
16 115
109 208
127 226
9 108
132 231
65 164
51 150
131 230
28 127
164 263
146 245
27 126
192 291
65 164
124 223
137 236
93 192
151 250
70 169
66 165
104 203
9 108
177 276
165 264
33 132
97 196
149 248
24 123
129 228
183 282
124 223
96 195
37 136
189 288
177 276
3 102
115 214
17 116
61 160
129 228
93 192
131 230
81 180
43 142
74 173
127 226
159 258
96 195
128 227
62 161
196 295
193 292
86 185
193 292
174 273
54 153
161 260
31 130
136 235
41 140
69 168
197 296
63 162
185 284
45 144
0 99
25 124
55 154
168 267
92 191
23 122
112 211
140 239
103 202
140 239
24 123
163 262
166 265
145 244
118 217
45 144
49 148
127 226
188 287
59 158
168 267
169 268
91 190
138 237
196 295
95 194
162 261
147 246
149 248
189 288
128 227
104 203
31 130
38 137
51 150
152 251
30 129
176 275
59 158
156 255
55 154
67 166
71 170
77 176
100 199
49 148
102 201
41 140
139 238
62 161
162 261
41 140
74 173
178 277
193 292
76 175
183 282
105 204
175 274
167 266
35 134
68 167
1 100
174 273
45 144
81 180
28 127
115 214
41 140
157 256
115 214
88 187
32 131
57 156
82 181
141 240
49 148
33 132
105 204
135 234
146 245
43 142
43 142
195 294
32 131
32 131
87 186
63 162
188 287
189 288
162 261
45 144
121 220
118 217
183 282
188 287
117 216
58 157
114 213
197 296
194 293
4 103
145 244
138 237
4 103
43 142
54 153
115 214
162 261
31 130
98 197
95 194
48 147
28 127
172 271
169 268
123 222
23 122
154 253
113 212
21 120
76 175
16 115
4 103
146 245
68 167
139 238
176 275
114 213
67 166
61 160
60 159
96 195
152 251
42 141
155 254
173 272
128 227
60 159
154 253
2 101
183 282
50 149
54 153
16 115
105 204
18 117
158 257
98 197
114 213
145 244
53 152
180 279
174 273
13 112
144 243
170 269
97 196
19 118
75 174
84 183
42 141
68 167
28 127
139 238
98 197
21 120
95 194
184 283
187 286
7 106
33 132
166 265
51 150
110 209
129 228
128 227
157 256
175 274
16 115
90 189
22 121
70 169
10 109
165 264
65 164
134 233
109 208
24 123
84 183
128 227
84 183
110 209
177 276
153 252
150 249
84 183
138 237
126 225
70 169
188 287
89 188
194 293
52 151
96 195
183 282
28 127
102 201
122 221
95 194
77 176
145 244
183 282
124 223
193 292
148 247
67 166
150 249
57 156
165 264
115 214
35 134
114 213
160 259
122 221
55 154
26 125
182 281
138 237
27 126
179 278
85 184
24 123
115 214
71 170
50 149
81 180
161 260
72 171
114 213
70 169
38 137
1 100
2 101
11 110
11 110
120 219
6 105
151 250
192 291
172 271
165 264
11 110
156 255
149 248
162 261
72 171
4 103
121 220
57 156
72 171
16 115
195 294
11 110
16 115
172 271
139 238
69 168
110 209
132 231
2 101
50 149
134 233
143 242
94 193
144 243
178 277
51 150
110 209
195 294
86 185
53 152
127 226
85 184
105 204
167 266
156 255
134 233
180 279
101 200
72 171
153 252
2 101
82 181
182 281
196 295
124 223
165 264
66 165
91 190
71 170
93 192
37 136
109 208
181 280
56 155
102 201
165 264
196 295
52 151
190 289
95 194
25 124
64 163
97 196
1 100
69 168
94 193
62 161
139 238
74 173
145 244
95 194
37 136
6 105
196 295
26 125
190 289
144 243
31 130
159 258
131 230
42 141
75 174
111 210
26 125
116 215
56 155
130 229
191 290
55 154
180 279
49 148
108 207
158 257
104 203
119 218
122 221
69 168
12 111
195 294
98 197
141 240
156 255
182 281
124 223
99 198
180 279
102 201
28 127
129 228
53 152
164 263
16 115
62 161
159 258
77 176
129 228
153 252
180 279
28 127
20 119
13 112
135 234
110 209
12 111
152 251
174 273
39 138
192 291
40 139
188 287
46 145
134 233
131 230
146 245
146 245
38 137
3 102
76 175
96 195
53 152
32 131
28 127
81 180
108 207
41 140
109 208
164 263
64 163
3 102
53 152
184 283
155 254
177 276
105 204
30 129
45 144
163 262
190 289
36 135
139 238
66 165
140 239
109 208
37 136
190 289
38 137
19 118
95 194
31 130
153 252
118 217
167 266
160 259
78 177
180 279
7 106
9 108
6 105
92 191
140 239
72 171
81 180
71 170
124 223
49 148
67 166
158 257
114 213
41 140
154 253
160 259
60 159
33 132
137 236
176 275
20 119
26 125
60 159
139 238
168 267
65 164
134 233
40 139
139 238
81 180
125 224
144 243
88 187
179 278
133 232
189 288
164 263
176 275
168 267
38 137
99 198
117 216
17 116
56 155
38 137
79 178
12 111
62 161
56 155
62 161
81 180
11 110
195 294
85 184
66 165
121 220
121 220
120 219
68 167
126 225
68 167
15 114
135 234
135 234
128 227
87 186
10 109
147 246
38 137
68 167
195 294
124 223
30 129
29 128
41 140
86 185
78 177
84 183
183 282
43 142
94 193
104 203
130 229
64 163
182 281
27 126
137 236
18 117
73 172
143 242
173 272
39 138
44 143
108 207
42 141
171 270
28 127
101 200
18 117
47 146
31 130
83 182
35 134
94 193
12 111
126 225
3 102
31 130
69 168
187 286
106 205
162 261
75 174
4 103
108 207
98 197
137 236
116 215
102 201
27 126
34 133
46 145
31 130
11 110
58 157
142 241
161 260
178 277
82 181
114 213
154 253
43 142
12 111
181 280
127 226
166 265
17 116
59 158
90 189
108 207
32 131
32 131
181 280
34 133
85 184
18 117
132 231
39 138
193 292
101 200
103 202
128 227
31 130
84 183
41 140
179 278
145 244
160 259
63 162
150 249
159 258
136 235
36 135
8 107
147 246
28 127
106 205
49 148
137 236
168 267
127 226
45 144
57 156
177 276
152 251
194 293
123 222
193 292
80 179
54 153
166 265
100 199
117 216
86 185
194 293
181 280
85 184
75 174
15 114
178 277
31 130
85 184
41 140
65 164
17 116
81 180
126 225
15 114
72 171
175 274
26 125
63 162
176 275
36 135
21 120
72 171
29 128
153 252
30 129
112 211
15 114
67 166
129 228
145 244
114 213
180 279
56 155
31 130
120 219
18 117
197 296
101 200
146 245
117 216
25 124
77 176
46 145
93 192
116 215
163 262
34 133
7 106
75 174
169 268
151 250
182 281
133 232
57 156
128 227
174 273
2 101
69 168
179 278
38 137
20 119
84 183
188 287
140 239
91 190
58 157
171 270
85 184
53 152
187 286
111 210
185 284
139 238
45 144
91 190
185 284
53 152
92 191
60 159
32 131
18 117
46 145
131 230
141 240
54 153
45 144
131 230
66 165
108 207
52 151
83 182
14 113
186 285
97 196
93 192
56 155
48 147
183 282
8 107
196 295
141 240
132 231
14 113
17 116
173 272
58 157
43 142
71 170
88 187
148 247
181 280
67 166
16 115
156 255
65 164
146 245
120 219
12 111
60 159
114 213
122 221
71 170
185 284
41 140
129 228
73 172
62 161
135 234
152 251
163 262
36 135
154 253
174 273
140 239
163 262
37 136
31 130
120 219
45 144
64 163
169 268
9 108
194 293
143 242
25 124
89 188
128 227
104 203
171 270
55 154
176 275
35 134
13 112
174 273
29 128
25 124
174 273
41 140
136 235
5 104
83 182
103 202
71 170
73 172
175 274
30 129
97 196
38 137
132 231
73 172
84 183
69 168
173 272
97 196
155 254
140 239
174 273
117 216
182 281
92 191
172 271
149 248
77 176
46 145
11 110
102 201
150 249
15 114
30 129
142 241
89 188
33 132
141 240
51 150
133 232
37 136
27 126
68 167
10 109
31 130
166 265
58 157
163 262
93 192
29 128
100 199
135 234
162 261
172 271
131 230
100 199
107 206
46 145
186 285
76 175
87 186
149 248
121 220
172 271
148 247
119 218
157 256
61 160
41 140
104 203
173 272
106 205
131 230
38 137
25 124
104 203
177 276
84 183
44 143
11 110
52 151
186 285
99 198
93 192
13 112
34 133
16 115
42 141
172 271
128 227
185 284
192 291
156 255
57 156
150 249
110 209
116 215
159 258
4 103
137 236
88 187
83 182
188 287
82 181
111 210
102 201
171 270
50 149
120 219
126 225
81 180
24 123
109 208
15 114
47 146
120 219
2 101
163 262
191 290
86 185
155 254
164 263
10 109
3 102
45 144
160 259
16 115
52 151
39 138
150 249
182 281
75 174
192 291
81 180
92 191
48 147
43 142
81 180
31 130
22 121
148 247
31 130
119 218
123 222
19 118
174 273
75 174
17 116
39 138
14 113
39 138
83 182
73 172
98 197
114 213
12 111
15 114
175 274
46 145
8 107
8 107
169 268
167 266
65 164
163 262
177 276
169 268
26 125
178 277
33 132
188 287
106 205
196 295
166 265
65 164
8 107
27 126
29 128
26 125
22 121
73 172
128 227
59 158
165 264
76 175
108 207
109 208
118 217
56 155
164 263
106 205
138 237
113 212
2 101
119 218
88 187
117 216
69 168
104 203
129 228
140 239
96 195
26 125
62 161
78 177
133 232
72 171
113 212
51 150
32 131
113 212
101 200
182 281
136 235
94 193
71 170
2 101
193 292
191 290
158 257
19 118
92 191
196 295
181 280
45 144
155 254
165 264
113 212
66 165
31 130
116 215
110 209
162 261
192 291
196 295
154 253
149 248
30 129
173 272
57 156
109 208
188 287
108 207
48 147
117 216
126 225
139 238
130 229
114 213
126 225
154 253
43 142
166 265
154 253
109 208
139 238
80 179
50 149
74 173
74 173
167 266
156 255
37 136
19 118
183 282
54 153
169 268
3 102
11 110
73 172
43 142
40 139
39 138
9 108
51 150
68 167
181 280
161 260
142 241
118 217
136 235
172 271
184 283
15 114
112 211
132 231
19 118
110 209
51 150
190 289
8 107
140 239
127 226
148 247
123 222
150 249
132 231
191 290
18 117
115 214
123 222
40 139
151 250
55 154
42 141
165 264
136 235
116 215
88 187
175 274
186 285
43 142
52 151
2 101
81 180
82 181
163 262
1 100
142 241
27 126
70 169
133 232
41 140
118 217
171 270
125 224
46 145
73 172
35 134
90 189
98 197
146 245
45 144
81 180
138 237
70 169
69 168
169 268
125 224
54 153
36 135
28 127
36 135
163 262
74 173
23 122
193 292
137 236
10 109
51 150
84 183
51 150
72 171
171 270
48 147
38 137
137 236
181 280
168 267
166 265
37 136
183 282
193 292
104 203
18 117
46 145
127 226
164 263
79 178
57 156
103 202
26 125
90 189
177 276
41 140
152 251
184 283
174 273
40 139
139 238
73 172
191 290
126 225
126 225
109 208
71 170
179 278
130 229
115 214
105 204
192 291
87 186
192 291
150 249
0 99
69 168
46 145
172 271
193 292
2 101
40 139
50 149
167 266
64 163
114 213
9 108
53 152
156 255
62 161
36 135
70 169
112 211
170 269
22 121
173 272
2 101
155 254
9 108
46 145
156 255
130 229
164 263
126 225
15 114
57 156
53 152
194 293
66 165
89 188
27 126
142 241
0 99
42 141
101 200
5 104
40 139
2 101
2 101
195 294
42 141
86 185
50 149
49 148
155 254
55 154
171 270
88 187
51 150
21 120
177 276
106 205
165 264
105 204
6 105
136 235
19 118
44 143
24 123
68 167
34 133
128 227
176 275
143 242
2 101
128 227
28 127
117 216
77 176
63 162
99 198
16 115
189 288
154 253
93 192
30 129
196 295
76 175
6 105
146 245
8 107
88 187
185 284
191 290
46 145
90 189
139 238
63 162
81 180
57 156
19 118
163 262
175 274
76 175
80 179
32 131
154 253
87 186
106 205
39 138
155 254
147 246
57 156
4 103
5 104
59 158
67 166
141 240
51 150
9 108
98 197
54 153
162 261
173 272
136 235
91 190
91 190
97 196
24 123
155 254
1 100
143 242
4 103
101 200
33 132
46 145
182 281
87 186
142 241
172 271
149 248
110 209
153 252
135 234
38 137
53 152
90 189
179 278
1 100
190 289
113 212
18 117
16 115
154 253
149 248
53 152
23 122
125 224
194 293
95 194
176 275
30 129
147 246
121 220
108 207
73 172
35 134
112 211
9 108
96 195
25 124
116 215
169 268
177 276
45 144
59 158
110 209
16 115
147 246
58 157
28 127
140 239
20 119
135 234
2 101
186 285
56 155
38 137
60 159
91 190
65 164
122 221
35 134
27 126
126 225
194 293
160 259
99 198
159 258
129 228
193 292
51 150
161 260
112 211
77 176
55 154
141 240
122 221
28 127
126 225
130 229
30 129
59 158
9 108
34 133
51 150
112 211
193 292
116 215
87 186
10 109
181 280
69 168
150 249
39 138
40 139
128 227
122 221
105 204
108 207
77 176
116 215
133 232
138 237
60 159
165 264
38 137
135 234
132 231
132 231
28 127
43 142
122 221
86 185
185 284
136 235
0 99
35 134
158 257
181 280
19 118
67 166
68 167
105 204
131 230
38 137
15 114
122 221
33 132
133 232
136 235
132 231
132 231
140 239
59 158
14 113
183 282
196 295
136 235
165 264
73 172
145 244
93 192
160 259
0 99
68 167
167 266
157 256
105 204
14 113
87 186
33 132
17 116
191 290
58 157
126 225
5 104
132 231
49 148
171 270
181 280
15 114
125 224
40 139
188 287
91 190
69 168
18 117
47 146
46 145
73 172
10 109
81 180
39 138
146 245
142 241
25 124
41 140
106 205
69 168
42 141
145 244
149 248
83 182
26 125
5 104
46 145
88 187
166 265
93 192
86 185
130 229
72 171
14 113
180 279
196 295
0 99
12 111
122 221
14 113
137 236
119 218
115 214
23 122
66 165
43 142
77 176
99 198
20 119
24 123
157 256
39 138
153 252
182 281
147 246
56 155
66 165
188 287
84 183
64 163
105 204
158 257
45 144
176 275
149 248
184 283
96 195
42 141
152 251
108 207
53 152
114 213
9 108
139 238
174 273
190 289
190 289
111 210
12 111
169 268
147 246
132 231
50 149
11 110
135 234
129 228
157 256
145 244
76 175
3 102
175 274
120 219
188 287
149 248
142 241
139 238
85 184
169 268
185 284
173 272
44 143
97 196
85 184
82 181
87 186
135 234
51 150
85 184
59 158
78 177
68 167
85 184
16 115
86 185
105 204
39 138
40 139
151 250
21 120
172 271
10 109
19 118
50 149
10 109
74 173
141 240
102 201
119 218
79 178
27 126
89 188
148 247
184 283
148 247
144 243
139 238
63 162
53 152
35 134
183 282
81 180
17 116
53 152
35 134
127 226
54 153
81 180
18 117
89 188
83 182
63 162
133 232
104 203
173 272
54 153
2 101
152 251
6 105
131 230
106 205
1 100
195 294
122 221
112 211
24 123
163 262
114 213
39 138
118 217
69 168
60 159
40 139
81 180
174 273
157 256
57 156
174 273
125 224
66 165
64 163
77 176
2 101
164 263
94 193
57 156
157 256
14 113
65 164
21 120
2 101
14 113
29 128
141 240
91 190
178 277
35 134
129 228
84 183
108 207
93 192
83 182
139 238
60 159
90 189
158 257
53 152
41 140
68 167
179 278
103 202
71 170
118 217
183 282
194 293
98 197
151 250
40 139
165 264
81 180
167 266
120 219
113 212
103 202
66 165
182 281
62 161
43 142
66 165
190 289
89 188
152 251
3 102
1 100
119 218
53 152
141 240
38 137
60 159
7 106
6 105
78 177
129 228
27 126
169 268
147 246
83 182
87 186
107 206
14 113
180 279
76 175
20 119
39 138
93 192
23 122
181 280
32 131
168 267
47 146
194 293
182 281
158 257
185 284
189 288
48 147
146 245
70 169
98 197
191 290
25 124
144 243
100 199
112 211
103 202
121 220
97 196
180 279
54 153
152 251
162 261
172 271
142 241
51 150
165 264
7 106
9 108
98 197
26 125
97 196
36 135
111 210
52 151
104 203
99 198
84 183
157 256
175 274
39 138
46 145
185 284
93 192
17 116
57 156
184 283
78 177
20 119
23 122
145 244
90 189
177 276
169 268
133 232
106 205
150 249
105 204
188 287
135 234
116 215
35 134
83 182
99 198
100 199
159 258
121 220
149 248
181 280
18 117
80 179
143 242
23 122
132 231
27 126
17 116
193 292
97 196
98 197
77 176
174 273
148 247
23 122
35 134
50 149
28 127
61 160
1 100
83 182
137 236
133 232
99 198
38 137
151 250
100 199
22 121
162 261
163 262
91 190
137 236
10 109
41 140
56 155
133 232
127 226
47 146
123 222
82 181
124 223
32 131
136 235
93 192
15 114
55 154
103 202
5 104
91 190
104 203
117 216
55 154
155 254
107 206
28 127
120 219
20 119
129 228
164 263
194 293
79 178
174 273
113 212
87 186
113 212
131 230
197 296
3 102
169 268
30 129
87 186
127 226
129 228
15 114
175 274
94 193
126 225
112 211
108 207
92 191
83 182
59 158
164 263
187 286
145 244
54 153
1 100
121 220
136 235
162 261
46 145
86 185
24 123
27 126
45 144
38 137
119 218
169 268
177 276
179 278
57 156
153 252
90 189
123 222
185 284
31 130
124 223
68 167
12 111
128 227
43 142
17 116
18 117
130 229
125 224
154 253
140 239
141 240
107 206
127 226
130 229
160 259
100 199
146 245
50 149
54 153
57 156
118 217
95 194
151 250
81 180
56 155
73 172
9 108
32 131
134 233
132 231
116 215
56 155
148 247
48 147
161 260
65 164
44 143
123 222
128 227
145 244
90 189
102 201
190 289
116 215
0 99
28 127
20 119
176 275
138 237
194 293
151 250
55 154
46 145
99 198
2 101
22 121
179 278
125 224
67 166
189 288
45 144
172 271
7 106
159 258
104 203
57 156
167 266
102 201
6 105
178 277
91 190
178 277
169 268
190 289
102 201
61 160
172 271
14 113
43 142
141 240
132 231
149 248
94 193
11 110
41 140
84 183
159 258
17 116
22 121
30 129
85 184
29 128
24 123
143 242
106 205
138 237
153 252
92 191
57 156
32 131
67 166
40 139
143 242
114 213
97 196
183 282
92 191
153 252
107 206
64 163
153 252
137 236
107 206
157 256
10 109
47 146
98 197
13 112
2 101
98 197
84 183
115 214
120 219
128 227
22 121
35 134
16 115
92 191
6 105
63 162
7 106
156 255
127 226
127 226
171 270
139 238
166 265
183 282
34 133
95 194
123 222
137 236
181 280
172 271
54 153
172 271
42 141
33 132
151 250
12 111
99 198
87 186
158 257
57 156
123 222
144 243
130 229
12 111
14 113
104 203
56 155
197 296
92 191
58 157
8 107
79 178
105 204
188 287
104 203
38 137
176 275
86 185
132 231
174 273
169 268
57 156
197 296
153 252
95 194
189 288
98 197
108 207
92 191
70 169
33 132
98 197
120 219
30 129
92 191
101 200
158 257
143 242
85 184
98 197
52 151
64 163
77 176
99 198
47 146
134 233
0 99
26 125
169 268
152 251
35 134
46 145
11 110
93 192
43 142
132 231
185 284
150 249
153 252
142 241
187 286
157 256
36 135
133 232
124 223
143 242
90 189
16 115
53 152
32 131
93 192
15 114
29 128
31 130
143 242
80 179
158 257
104 203
148 247
11 110
109 208
41 140
149 248
91 190
80 179
171 270
169 268
77 176
48 147
197 296
154 253
169 268
133 232
153 252
192 291
130 229
158 257
53 152
116 215
162 261
80 179
58 157
34 133
127 226
11 110
192 291
86 185
57 156
26 125
127 226
66 165
23 122
2 101
45 144
190 289
60 159
131 230
19 118
92 191
110 209
166 265
109 208
87 186
183 282
49 148
27 126
1 100
71 170
92 191
107 206
128 227
54 153
55 154
192 291
119 218
30 129
180 279
60 159
185 284
103 202
122 221
164 263
78 177
14 113
46 145
28 127
177 276
78 177
96 195
141 240
128 227
94 193
158 257
75 174
132 231
137 236
69 168
90 189
84 183
37 136
184 283
128 227
1 100
29 128
53 152
191 290
80 179
173 272
170 269
19 118
185 284
191 290
48 147
85 184
98 197
113 212
131 230
111 210
50 149
171 270
126 225
125 224
168 267
120 219
116 215
25;156504
190 289
104 203
171 270
153 252
144 243
6 105
172 271
101 200
169 268
14 113
83 182
24 123
88 187
25 124
32 131
127 226
175 274
192 291
62 161
127 226
101 200
178 277
172 271
186 285
104 203
6 105
5 104
192 291
167 266
61 160
144 243
105 204
17 116
117 216
68 167
93 192
103 202
190 289
194 293
94 193
61 160
110 209
95 194
0 99
108 207
153 252
82 181
180 279
124 223
194 293
132 231
49 148
146 245
95 194
180 279
58 157
152 251
184 283
60 159
32 131
90 189
109 208
25 124
197 296
49 148
11 110
69 168
130 229
161 260
41 140
112 211
72 171
95 194
196 295
110 209
193 292
120 219
57 156
126 225
15 114
191 290
98 197
61 160
88 187
112 211
121 220
32 131
154 253
182 281
195 294
40 139
87 186
138 237
10 109
129 228
127 226
0 99
92 191
38 137
2 101
72 171
114 213
136 235
76 175
91 190
180 279
183 282
106 205
179 278
161 260
119 218
188 287
54 153
4 103
163 262
107 206
112 211
47 146
70 169
141 240
46 145
46 145
39 138
140 239
3 102
169 268
9 108
140 239
82 181
82 181
21 120
86 185
148 247
153 252
76 175
100 199
180 279
127 226
68 167
103 202
87 186
47 146
149 248
30 129
162 261
181 280
71 170
110 209
168 267
51 150
104 203
157 256
180 279
14 113
48 147
115 214
105 204
188 287
69 168
72 171
117 216
65 164
123 222
151 250
148 247
92 191
50 149
33 132
178 277
15 114
172 271
129 228
116 215
58 157
61 160
7 106
23 122
92 191
33 132
170 269
36 135
95 194
22 121
67 166
183 282
20 119
4 103
197 296
137 236
59 158
184 283
8 107
125 224
75 174
162 261
138 237
39 138
62 161
141 240
79 178
92 191
185 284
27 126
193 292
165 264
38 137
125 224
62 161
98 197
36 135
185 284
152 251
18 117
148 247
88 187
164 263
195 294
193 292
62 161
113 212
6 105
183 282
75 174
159 258
8 107
46 145
76 175
153 252
91 190
185 284
48 147
35 134
180 279
71 170
0 99
193 292
183 282
27 126
93 192
128 227
144 243
89 188
179 278
110 209
175 274
128 227
158 257
49 148
120 219
11 110
181 280
129 228
109 208
32 131
184 283
4 103
64 163
68 167
22 121
130 229
178 277
34 133
126 225
11 110
121 220
148 247
6 105
106 205
102 201
132 231
150 249
130 229
96 195
69 168
129 228
48 147
120 219
63 162
112 211
165 264
111 210
76 175
9 108
4 103
152 251
157 256
1 100
114 213
138 237
46 145
171 270
14 113
83 182
175 274
196 295
57 156
8 107
1 100
152 251
17 116
61 160
101 200
51 150
43 142
10 109
56 155
5 104
130 229
125 224
167 266
95 194
179 278
124 223
44 143
21 120
190 289
91 190
113 212
174 273
138 237
186 285
25 124
154 253
26 125
29 128
119 218
64 163
80 179
158 257
80 179
149 248
73 172
44 143
74 173
47 146
166 265
17 116
139 238
147 246
147 246
151 250
91 190
171 270
109 208
51 150
106 205
164 263
140 239
65 164
148 247
157 256
126 225
65 164
90 189
0 99
141 240
167 266
1 100
177 276
130 229
115 214
27 126
184 283
191 290
62 161
185 284
31 130
132 231
125 224
122 221
75 174
77 176
197 296
152 251
14 113
27 126
116 215
121 220
51 150
30 129
45 144
52 151
21 120
131 230
28 127
6 105
113 212
26 125
99 198
87 186
46 145
34 133
96 195
43 142
153 252
193 292
191 290
20 119
86 185
190 289
62 161
142 241
66 165
30 129
168 267
163 262
18 117
178 277
36 135
168 267
17 116
38 137
176 275
23 122
74 173
15 114
138 237
179 278
99 198
60 159
128 227
131 230
71 170
158 257
37 136
123 222
182 281
146 245
6 105
100 199
151 250
190 289
92 191
70 169
39 138
35 134
124 223
103 202
170 269
152 251
126 225
140 239
168 267
168 267
132 231
144 243
34 133
172 271
21 120
192 291
30 129
102 201
178 277
150 249
136 235
40 139
36 135
38 137
69 168
146 245
50 149
179 278
73 172
83 182
67 166
9 108
10 109
14 113
195 294
188 287
118 217
20 119
164 263
1 100
174 273
7 106
154 253
189 288
157 256
135 234
148 247
73 172
16 115
100 199
53 152
100 199
174 273
34 133
173 272
24 123
130 229
126 225
128 227
40 139
24 123
55 154
149 248
179 278
61 160
122 221
187 286
34 133
31 130
159 258
148 247
176 275
27 126
92 191
195 294
49 148
130 229
44 143
165 264
35 134
132 231
60 159
116 215
93 192
83 182
92 191
34 133
21 120
73 172
19 118
66 165
146 245
66 165
41 140
149 248
52 151
173 272
59 158
73 172
80 179
79 178
173 272
116 215
65 164
7 106
47 146
140 239
7 106
124 223
157 256
125 224
127 226
159 258
39 138
67 166
68 167
47 146
63 162
143 242
164 263
33 132
137 236
142 241
191 290
3 102
37 136
153 252
59 158
16 115
91 190
122 221
148 247
0 99
61 160
44 143
7 106
153 252
139 238
49 148
85 184
13 112
10 109
78 177
30 129
43 142
5 104
159 258
103 202
66 165
191 290
113 212
62 161
122 221
12 111
25 124
141 240
28 127
10 109
33 132
154 253
95 194
101 200
173 272
42 141
9 108
70 169
12 111
182 281
124 223
151 250
113 212
71 170
63 162
100 199
5 104
80 179
170 269
108 207
20 119
10 109
109 208
12 111
153 252
44 143
22 121
142 241
147 246
163 262
96 195
80 179
47 146
162 261
173 272
6 105
53 152
115 214
127 226
127 226
23 122
192 291
25 124
64 163
78 177
161 260
19 118
54 153
148 247
147 246
124 223
132 231
168 267
197 296
142 241
13 112
102 201
145 244
48 147
137 236
190 289
76 175
16 115
90 189
163 262
181 280
82 181
29 128
154 253
192 291
159 258
185 284
96 195
94 193
33 132
30 129
169 268
64 163
78 177
32 131
109 208
48 147
50 149
132 231
130 229
29 128
116 215
188 287
180 279
13 112
5 104
154 253
45 144
16 115
169 268
195 294
166 265
122 221
35 134
115 214
67 166
182 281
55 154
158 257
43 142
102 201
17 116
114 213
52 151
160 259
49 148
7 106
49 148
150 249
78 177
10 109
189 288
51 150
164 263
177 276
152 251
27 126
148 247
64 163
190 289
88 187
5 104
15 114
15 114
83 182
156 255
176 275
133 232
45 144
93 192
176 275
91 190
161 260
52 151
37 136
50 149
179 278
169 268
77 176
27 126
155 254
139 238
161 260
34 133
135 234
48 147
109 208
116 215
91 190
165 264
19 118
28 127
28 127
1 100
7 106
178 277
7 106
43 142
134 233
62 161
111 210
90 189
98 197
91 190
16 115
2 101
122 221
66 165
171 270
1 100
54 153
44 143
82 181
126 225
32 131
25 124
185 284
132 231
180 279
186 285
163 262
146 245
28 127
154 253
46 145
165 264
126 225
179 278
75 174
51 150
84 183
58 157
18 117
41 140
109 208
54 153
114 213
48 147
120 219
168 267
33 132
16 115
135 234
93 192
64 163
178 277
28 127
189 288
159 258
4 103
28 127
169 268
106 205
38 137
138 237
123 222
155 254
100 199
81 180
72 171
162 261
17 116
86 185
2 101
119 218
89 188
95 194
19 118
171 270
62 161
185 284
5 104
101 200
114 213
93 192
124 223
106 205
171 270
135 234
81 180
24 123
146 245
117 216
143 242
112 211
182 281
102 201
139 238
148 247
53 152
110 209
71 170
51 150
141 240
78 177
86 185
156 255
147 246
14 113
185 284
142 241
167 266
159 258
193 292
25 124
180 279
188 287
106 205
117 216
67 166
185 284
81 180
40 139
197 296
44 143
97 196
177 276
68 167
174 273
179 278
149 248
170 269
5 104
104 203
108 207
184 283
51 150
124 223
140 239
35 134
197 296
77 176
171 270
89 188
124 223
195 294
176 275
133 232
186 285
22 121
1 100
24 123
145 244
38 137
95 194
121 220
48 147
7 106
148 247
57 156
130 229
145 244
81 180
105 204
81 180
12 111
32 131
125 224
86 185
107 206
17 116
34 133
173 272
79 178
6 105
154 253
86 185
61 160
109 208
18 117
8 107
36 135
123 222
6 105
176 275
172 271
20 119
75 174
20 119
79 178
134 233
43 142
166 265
194 293
140 239
103 202
157 256
115 214
60 159
51 150
72 171
122 221
184 283
97 196
101 200
92 191
179 278
138 237
21 120
111 210
21 120
89 188
97 196
168 267
173 272
20 119
57 156
66 165
37 136
6 105
58 157
172 271
31 130
163 262
36 135
185 284
35 134
37 136
83 182
76 175
185 284
27 126
186 285
10 109
33 132
80 179
154 253
38 137
67 166
8 107
167 266
172 271
115 214
77 176
178 277
108 207
75 174
169 268
13 112
81 180
131 230
174 273
123 222
122 221
75 174
58 157
125 224
190 289
17 116
80 179
118 217
25 124
125 224
85 184
150 249
152 251
171 270
21 120
156 255
97 196
136 235
153 252
113 212
100 199
75 174
59 158
37 136
194 293
161 260
96 195
120 219
84 183
189 288
159 258
97 196
152 251
104 203
111 210
139 238
166 265
113 212
75 174
183 282
132 231
110 209
168 267
139 238
118 217
29 128
17 116
31 130
14 113
82 181
128 227
105 204
105 204
189 288
187 286
62 161
191 290
126 225
57 156
12 111
103 202
10 109
50 149
172 271
99 198
164 263
21 120
185 284
31 130
9 108
49 148
27 126
90 189
61 160
144 243
79 178
64 163
141 240
67 166
118 217
48 147
164 263
51 150
128 227
113 212
194 293
193 292
129 228
182 281
164 263
122 221
21 120
107 206
173 272
150 249
73 172
123 222
99 198
166 265
153 252
161 260
129 228
5 104
133 232
43 142
27 126
187 286
190 289
83 182
85 184
73 172
141 240
25 124
144 243
72 171
30 129
21 120
57 156
5 104
66 165
146 245
98 197
13 112
114 213
183 282
64 163
149 248
147 246
180 279
160 259
190 289
54 153
62 161
60 159
70 169
129 228
124 223
3 102
33 132
71 170
29 128
26 125
29 128
89 188
184 283
174 273
177 276
101 200
140 239
197 296
164 263
195 294
16 115
192 291
60 159
108 207
73 172
49 148
17 116
134 233
16 115
21 120
171 270
155 254
60 159
174 273
62 161
103 202
132 231
18 117
42 141
114 213
71 170
24 123
35 134
184 283
21 120
97 196
189 288
179 278
60 159
132 231
98 197
58 157
72 171
176 275
79 178
173 272
42 141
155 254
117 216
2 101
78 177
170 269
49 148
90 189
114 213
159 258
82 181
60 159
126 225
66 165
131 230
33 132
94 193
166 265
119 218
167 266
78 177
133 232
77 176
139 238
11 110
163 262
197 296
167 266
58 157
95 194
143 242
3 102
141 240
104 203
38 137
108 207
159 258
81 180
166 265
141 240
76 175
64 163
170 269
98 197
147 246
35 134
21 120
115 214
191 290
78 177
155 254
101 200
133 232
196 295
100 199
116 215
121 220
85 184
89 188
62 161
93 192
175 274
44 143
19 118
117 216
26 125
155 254
174 273
150 249
124 223
128 227
149 248
83 182
3 102
13 112
50 149
0 99
66 165
3 102
114 213
109 208
12 111
184 283
142 241
164 263
193 292
155 254
62 161
122 221
18 117
177 276
194 293
83 182
97 196
142 241
19 118
135 234
38 137
113 212
92 191
182 281
155 254
107 206
196 295
141 240
183 282
155 254
83 182
10 109
105 204
131 230
59 158
92 191
129 228
178 277
173 272
113 212
150 249
93 192
103 202
34 133
6 105
192 291
176 275
57 156
91 190
132 231
0 99
184 283
56 155
58 157
81 180
162 261
111 210
55 154
157 256
64 163
27 126
89 188
60 159
145 244
17 116
87 186
159 258
179 278
12 111
157 256
123 222
180 279
5 104
126 225
10 109
86 185
16 115
161 260
190 289
137 236
110 209
129 228
166 265
132 231
53 152
24 123
165 264
27 126
20 119
187 286
73 172
136 235
23 122
190 289
82 181
80 179
100 199
147 246
7 106
23 122
129 228
5 104
93 192
35 134
63 162
33 132
15 114
24 123
100 199
34 133
165 264
191 290
70 169
105 204
68 167
76 175
58 157
0 99
31 130
43 142
196 295
51 150
46 145
69 168
82 181
73 172
115 214
76 175
44 143
19 118
157 256
86 185
53 152
188 287
162 261
22 121
98 197
16 115
40 139
49 148
56 155
196 295
150 249
9 108
75 174
187 286
175 274
54 153
38 137
116 215
145 244
134 233
174 273
101 200
81 180
82 181
114 213
43 142
113 212
171 270
55 154
1 100
115 214
35 134
77 176
172 271
119 218
94 193
73 172
12 111
1 100
122 221
187 286
134 233
68 167
175 274
156 255
136 235
3 102
135 234
16 115
42 141
122 221
3 102
77 176
183 282
82 181
133 232
65 164
25 124
142 241
57 156
139 238
33 132
30 129
21 120
128 227
99 198
26 125
113 212
57 156
103 202
39 138
18 117
28 127
94 193
77 176
86 185
193 292
133 232
54 153
86 185
27 126
83 182
136 235
109 208
146 245
166 265
176 275
185 284
102 201
158 257
9 108
179 278
15 114
30 129
150 249
140 239
4 103
99 198
102 201
105 204
20 119
31 130
119 218
119 218
114 213
189 288
157 256
82 181
101 200
59 158
191 290
89 188
176 275
40 139
76 175
35 134
32 131
75 174
158 257
95 194
1 100
197 296
46 145
34 133
182 281
59 158
50 149
85 184
114 213
193 292
35 134
174 273
131 230
160 259
157 256
103 202
183 282
33 132
187 286
110 209
88 187
112 211
56 155
66 165
139 238
30 129
121 220
108 207
150 249
190 289
19 118
145 244
142 241
168 267
169 268
76 175
130 229
134 233
164 263
100 199
190 289
36 135
126 225
91 190
12 111
87 186
24 123
197 296
55 154
81 180
16 115
173 272
45 144
76 175
34 133
99 198
194 293
101 200
20 119
23 122
75 174
164 263
25 124
16 115
136 235
6 105
174 273
179 278
114 213
136 235
33 132
54 153
27 126
36 135
150 249
108 207
156 255
55 154
124 223
21 120
116 215
59 158
23 122
5 104
113 212
182 281
107 206
169 268
127 226
42 141
19 118
170 269
182 281
182 281
49 148
194 293
18 117
127 226
174 273
48 147
156 255
180 279
115 214
39 138
0 99
44 143
160 259
124 223
5 104
95 194
148 247
164 263
42 141
163 262
42 141
96 195
156 255
96 195
126 225
164 263
6 105
75 174
129 228
145 244
66 165
125 224
32 131
87 186
102 201
82 181
37 136
86 185
11 110
27 126
191 290
161 260
69 168
85 184
96 195
103 202
20 119
197 296
3 102
30 129
80 179
180 279
131 230
61 160
120 219
50 149
185 284
137 236
19 118
110 209
11 110
13 112
29 128
149 248
154 253
162 261
178 277
115 214
50 149
187 286
120 219
166 265
171 270
185 284
40 139
180 279
122 221
181 280
137 236
132 231
11 110
124 223
102 201
192 291
160 259
108 207
190 289
132 231
166 265
40 139
31 130
122 221
169 268
118 217
102 201
121 220
72 171
193 292
81 180
93 192
122 221
58 157
100 199
84 183
5 104
42 141
139 238
77 176
38 137
165 264
18 117
41 140
123 222
103 202
88 187
10 109
45 144
78 177
122 221
45 144
71 170
100 199
188 287
69 168
21 120
165 264
118 217
29 128
196 295
9 108
141 240
60 159
78 177
51 150
166 265
43 142
8 107
60 159
48 147
133 232
181 280
60 159
37 136
178 277
129 228
195 294
111 210
90 189
20 119
151 250
170 269
155 254
40 139
70 169
60 159
20 119
92 191
59 158
184 283
134 233
30 129
28 127
11 110
19 118
135 234
157 256
9 108
34 133
62 161
133 232
129 228
118 217
45 144
22 121
134 233
84 183
179 278
108 207
51 150
77 176
92 191
191 290
183 282
134 233
19 118
123 222
145 244
110 209
91 190
132 231
187 286
115 214
6 105
186 285
12 111
25 124
36 135
184 283
184 283
76 175
53 152
122 221
7 106
105 204
104 203
4 103
104 203
85 184
30 129
47 146
9 108
23 122
117 216
27 126
137 236
88 187
55 154
105 204
114 213
95 194
144 243
169 268
84 183
64 163
170 269
184 283
91 190
84 183
46 145
95 194
182 281
122 221
11 110
26 125
113 212
152 251
101 200
177 276
82 181
195 294
178 277
59 158
85 184
122 221
35 134
47 146
58 157
110 209
117 216
66 165
168 267
164 263
120 219
154 253
144 243
93 192
169 268
102 201
164 263
40 139
2 101
14 113
189 288
44 143
76 175
138 237
25 124
140 239
174 273
97 196
29 128
147 246
49 148
48 147
128 227
47 146
155 254
130 229
84 183
137 236
79 178
169 268
172 271
166 265
126 225
38 137
117 216
117 216
111 210
117 216
142 241
28 127
130 229
105 204
41 140
164 263
18 117
52 151
75 174
35 134
18 117
194 293
77 176
140 239
73 172
128 227
0 99
39 138
86 185
138 237
82 181
97 196
110 209
196 295
11 110
5 104
133 232
167 266
50 149
138 237
167 266
144 243
78 177
131 230
105 204
109 208
156 255
95 194
62 161
62 161
169 268
142 241
146 245
75 174
80 179
173 272
51 150
28 127
190 289
21 120
76 175
87 186
165 264
99 198
164 263
19 118
93 192
39 138
79 178
172 271
17 116
122 221
178 277
4 103
126 225
99 198
78 177
50 149
157 256
13 112
102 201
139 238
165 264
153 252
197 296
172 271
95 194
72 171
115 214
70 169
31 130
177 276
106 205
96 195
74 173
78 177
43 142
191 290
9 108
168 267
155 254
171 270
47 146
30 129
114 213
144 243
28 127
155 254
73 172
149 248
48 147
69 168
60 159
106 205
127 226
24 123
65 164
174 273
50 149
177 276
20 119
141 240
192 291
8 107
29 128
104 203
52 151
146 245
164 263
16 115
68 167
113 212
184 283
65 164
24 123
128 227
47 146
167 266
146 245
97 196
130 229
61 160
82 181
180 279
146 245
136 235
63 162
23 122
36 135
160 259
191 290
80 179
131 230
60 159
189 288
26 125
66 165
81 180
4 103
146 245
41 140
21 120
109 208
111 210
70 169
186 285
138 237
6 105
167 266
64 163
187 286
34 133
81 180
93 192
64 163
114 213
112 211
111 210
157 256
183 282
4 103
8 107
2 101
156 255
45 144
94 193
120 219
69 168
101 200
106 205
153 252
148 247
128 227
174 273
110 209
54 153
81 180
37 136
137 236
179 278
116 215
100 199
74 173
112 211
46 145
116 215
13 112
24 123
87 186
168 267
112 211
172 271
181 280
159 258
157 256
182 281
193 292
120 219
53 152
139 238
146 245
177 276
10 109
46 145
188 287
128 227
70 169
15 114
127 226
176 275
43 142
110 209
187 286
181 280
121 220
81 180
125 224
186 285
168 267
45 144
153 252
108 207
10 109
147 246
141 240
19 118
47 146
116 215
185 284
56 155
3 102
153 252
115 214
12 111
92 191
18 117
178 277
142 241
116 215
2 101
38 137
13 112
196 295
157 256
96 195
156 255
181 280
25 124
45 144
3 102
147 246
23 122
42 141
176 275
72 171
84 183
21 120
58 157
45 144
28 127
27 126
131 230
190 289
118 217
53 152
56 155
63 162
128 227
128 227
114 213
109 208
47 146
136 235
122 221
171 270
15 114
74 173
71 170
137 236
64 163
170 269
68 167
85 184
22 121
67 166
118 217
61 160
38 137
166 265
143 242
141 240
166 265
156 255
11 110
60 159
44 143
170 269
77 176
42 141
158 257
51 150
73 172
118 217
74 173
29 128
38 137
196 295
168 267
81 180
171 270
191 290
179 278
92 191
122 221
128 227
71 170
135 234
26 125
165 264
111 210
171 270
126 225
68 167
196 295
68 167
33 132
125 224
170 269
125 224
10 109
167 266
136 235
61 160
44 143
100 199
17 116
113 212
37 136
1 100
86 185
43 142
108 207
16 115
20 119
163 262
151 250
54 153
164 263
24 123
71 170
165 264
111 210
178 277
68 167
60 159
73 172
30 129
2 101
52 151
111 210
125 224
94 193
27 126
21 120
102 201
132 231
46 145
12 111
100 199
187 286
22 121
16 115
81 180
106 205
139 238
52 151
73 172
24 123
157 256
75 174
135 234
33 132
134 233
157 256
188 287
9 108
148 247
108 207
119 218
89 188
183 282
157 256
41 140
140 239
174 273
126 225
41 140
97 196
1 100
183 282
6 105
92 191
119 218
19 118
172 271
63 162
88 187
82 181
16 115
185 284
121 220
49 148
39 138
45 144
74 173
131 230
45 144
40 139
145 244
56 155
128 227
177 276
138 237
7 106
2 101
136 235
116 215
186 285
191 290
153 252
194 293
105 204
7 106
79 178
162 261
59 158
9 108
141 240
33 132
77 176
33 132
94 193
30 129
0 99
87 186
29 128
178 277
27 126
81 180
97 196
38 137
51 150
67 166
52 151
11 110
3 102
1 100
129 228
137 236
191 290
3 102
68 167
63 162
70 169
98 197
2 101
173 272
151 250
80 179
20 119
195 294
182 281
197 296
185 284
119 218
151 250
128 227
18 117
91 190
94 193
168 267
196 295
125 224
169 268
66 165
87 186
81 180
133 232
108 207
101 200
97 196
40 139
126 225
191 290
47 146
5 104
90 189
69 168
24 123
129 228
110 209
190 289
45 144
141 240
175 274
57 156
139 238
0 99
25 124
154 253
47 146
75 174
171 270
153 252
190 289
79 178
193 292
118 217
90 189
95 194
83 182
59 158
60 159
176 275
37 136
26 125
88 187
103 202
116 215
2 101
80 179
125 224
151 250
156 255
167 266
177 276
47 146
139 238
59 158
17 116
147 246
65 164
55 154
150 249
77 176
188 287
34 133
46 145
122 221
143 242
43 142
103 202
159 258
123 222
172 271
42 141
116 215
64 163
85 184
73 172
175 274
193 292
135 234
159 258
47 146
24 123
78 177
156 255
45 144
142 241
193 292
4 103
130 229
171 270
80 179
20 119
28 127
5 104
170 269
172 271
105 204
178 277
87 186
1 100
58 157
42 141
16 115
52 151
180 279
112 211
27 126
60 159
175 274
94 193
82 181
15 114
142 241
158 257
63 162
148 247
166 265
178 277
38 137
119 218
104 203
132 231
164 263
74 173
3 102
105 204
70 169
52 151
33 132
71 170
82 181
5 104
143 242
171 270
104 203
49 148
178 277
190 289
42 141
163 262
150 249
14 113
108 207
75 174
34 133
89 188
77 176
169 268
88 187
115 214
147 246
197 296
185 284
31 130
40 139
67 166
106 205
51 150
186 285
140 239
10 109
45 144
90 189
62 161
18 117
53 152
94 193
55 154
29 128
128 227
108 207
175 274
135 234
6 105
49 148
154 253
195 294
61 160
145 244
187 286
162 261
161 260
34 133
80 179
20 119
145 244
146 245
156 255
187 286
10 109
94 193
2 101
44 143
62 161
177 276
82 181
126 225
45 144
16 115
143 242
88 187
4 103
120 219
65 164
139 238
88 187
71 170
119 218
18 117
150 249
187 286
124 223
114 213
157 256
185 284
146 245
108 207
85 184
12 111
159 258
155 254
0 99
120 219
55 154
90 189
61 160
58 157
145 244
171 270
0 99
149 248
116 215
117 216
108 207
33 132
98 197
175 274
171 270
103 202
151 250
32 131
26 125
183 282
57 156
63 162
16 115
111 210
160 259
195 294
140 239
73 172
191 290
166 265
103 202
160 259
176 275
135 234
27 126
152 251
67 166
54 153
188 287
73 172
85 184
148 247
196 295
48 147
140 239
113 212
103 202
57 156
184 283
128 227
87 186
195 294
125 224
64 163
61 160
108 207
144 243
122 221
41 140
151 250
139 238
57 156
40 139
192 291
166 265
101 200
91 190
93 192
114 213
87 186
74 173
144 243
109 208
129 228
167 266
157 256
121 220
50 149
97 196
72 171
191 290
124 223
75 174
159 258
151 250
65 164
51 150
169 268
132 231
32 131
31 130
80 179
84 183
51 150
147 246
122 221
117 216
189 288
180 279
74 173
128 227
171 270
80 179
78 177
127 226
163 262
190 289
32 131
68 167
106 205
154 253
31 130
129 228
41 140
188 287
102 201
153 252
153 252
168 267
123 222
126 225
169 268
131 230
65 164
94 193
147 246
87 186
60 159
92 191
144 243
5 104
39 138
131 230
75 174
112 211
8 107
114 213
35 134
138 237
57 156
187 286
56 155
26 125
162 261
134 233
114 213
12 111
123 222
114 213
38 137
39 138
137 236
124 223
71 170
146 245
50 149
34 133
59 158
157 256
35 134
24 123
3 102
188 287
20 119
61 160
133 232
134 233
89 188
56 155
100 199
184 283
76 175
116 215
97 196
70 169
157 256
158 257
108 207
49 148
160 259
114 213
53 152
143 242
150 249
54 153
38 137
0 99
131 230
134 233
87 186
180 279
76 175
92 191
97 196
121 220
45 144
177 276
193 292
35 134
36 135
23 122
164 263
158 257
81 180
159 258
181 280
169 268
116 215
144 243
155 254
108 207
168 267
167 266
38 137
25 124
5 104
116 215
128 227
162 261
175 274
116 215
148 247
170 269
159 258
155 254
90 189
88 187
19 118
119 218
126 225
98 197
130 229
8 107
84 183
0 99
18 117
2 101
166 265
34 133
67 166
88 187
90 189
12 111
67 166
67 166
138 237
34 133
45 144
72 171
96 195
88 187
173 272
88 187
3 102
182 281
43 142
153 252
154 253
65 164
154 253
152 251
3 102
20 119
162 261
70 169
82 181
53 152
175 274
114 213
12 111
107 206
170 269
20 119
121 220
27 126
158 257
92 191
173 272
122 221
75 174
96 195
87 186
154 253
2 101
160 259
142 241
109 208
114 213
2 101
116 215
103 202
25 124
69 168
197 296
189 288
173 272
61 160
36 135
21 120
31 130
143 242
12 111
178 277
157 256
118 217
109 208
87 186
175 274
151 250
114 213
60 159
64 163
6 105
27 126
105 204
112 211
9 108
58 157
102 201
167 266
168 267
36 135
46 145
69 168
177 276
34 133
139 238
153 252
156 255
35 134
176 275
86 185
29 128
102 201
164 263
167 266
29 128
54 153
12 111
108 207
109 208
177 276
39 138
10 109
107 206
66 165
4 103
77 176
133 232
87 186
165 264
182 281
145 244
4 103
65 164
13 112
54 153
0 99
68 167
58 157
186 285
175 274
129 228
149 248
143 242
190 289
3 102
42 141
79 178
8 107
143 242
121 220
197 296
25 124
132 231
19 118
20 119
61 160
128 227
124 223
188 287
93 192
40 139
178 277
74 173
139 238
159 258
53 152
72 171
70 169
173 272
161 260
56 155
58 157
92 191
189 288
112 211
52 151
179 278
113 212
185 284
23 122
182 281
80 179
112 211
10 109
16 115
23 122
74 173
167 266
133 232
46 145
126 225
121 220
60 159
120 219
36 135
171 270
187 286
1 100
137 236
106 205
164 263
163 262
48 147
145 244
22 121
64 163
52 151
127 226
13 112
39 138
173 272
161 260
77 176
187 286
59 158
185 284
152 251
15 114
111 210
64 163
15 114
184 283
71 170
65 164
149 248
65 164
96 195
99 198
24 123
191 290
151 250
53 152
45 144
141 240
185 284
40 139
5 104
1 100
36 135
12 111
33 132
99 198
34 133
122 221
171 270
45 144
111 210
196 295
15 114
69 168
19 118
47 146
131 230
139 238
9 108
27 126
47 146
119 218
147 246
181 280
80 179
43 142
98 197
181 280
106 205
189 288
22 121
29 128
122 221
120 219
172 271
168 267
196 295
191 290
76 175
2 101
136 235
119 218
131 230
196 295
90 189
172 271
30 129
123 222
7 106
65 164
30 129
151 250
149 248
57 156
140 239
174 273
168 267
88 187
26 125
54 153
24 123
156 255
41 140
153 252
47 146
9 108
160 259
67 166
54 153
31 130
120 219
40 139
112 211
131 230
33 132
106 205
122 221
65 164
176 275
49 148
26 125
185 284
88 187
62 161
25 124
153 252
140 239
59 158
92 191
73 172
173 272
39 138
172 271
74 173
186 285
28 127
43 142
127 226
155 254
75 174
24 123
37 136
130 229
157 256
28 127
114 213
184 283
41 140
84 183
96 195
3 102
22 121
173 272
39 138
16 115
104 203
76 175
178 277
75 174
82 181
75 174
186 285
57 156
171 270
14 113
107 206
136 235
135 234
155 254
139 238
4 103
171 270
163 262
33 132
184 283
1 100
21 120
193 292
74 173
156 255
131 230
169 268
12 111
4 103
1 100
140 239
134 233
135 234
151 250
49 148
70 169
28 127
138 237
147 246
130 229
22 121
66 165
12 111
10 109
151 250
20 119
56 155
81 180
152 251
97 196
139 238
80 179
182 281
134 233
192 291
90 189
58 157
114 213
97 196
181 280
53 152
22 121
123 222
188 287
197 296
50 149
10 109
46 145
125 224
114 213
112 211
152 251
134 233
106 205
146 245
163 262
71 170
34 133
62 161
35 134
149 248
66 165
60 159
95 194
186 285
104 203
152 251
62 161
184 283
78 177
125 224
142 241
38 137
95 194
111 210
156 255
70 169
33 132
30 129
156 255
93 192
52 151
180 279
100 199
95 194
28 127
93 192
179 278
106 205
147 246
71 170
8 107
177 276
56 155
152 251
61 160
80 179
111 210
169 268
97 196
181 280
46 145
42 141
197 296
93 192
1 100
183 282
89 188
169 268
188 287
37 136
41 140
141 240
194 293
72 171
45 144
133 232
180 279
17 116
44 143
154 253
32 131
154 253
172 271
95 194
167 266
180 279
89 188
87 186
169 268
172 271
8 107
35 134
112 211
105 204
186 285
109 208
6 105
122 221
108 207
89 188
34 133
30 129
160 259
105 204
69 168
91 190
148 247
38 137
170 269
136 235
162 261
170 269
56 155
13 112
133 232
162 261
160 259
15 114
66 165
70 169
85 184
3 102
28 127
74 173
11 110
107 206
141 240
68 167
94 193
28 127
1 100
21 120
190 289
83 182
48 147
71 170
114 213
190 289
174 273
46 145
173 272
72 171
179 278
13 112
142 241
159 258
140 239
121 220
185 284
125 224
71 170
62 161
77 176
92 191
33 132
101 200
172 271
144 243
149 248
188 287
118 217
17 116
72 171
15 114
65 164
10 109
168 267
62 161
62 161
17 116
84 183
138 237
121 220
190 289
124 223
8 107
182 281
133 232
197 296
2 101
174 273
80 179
188 287
183 282
68 167
162 261
4 103
169 268
193 292
104 203
168 267
124 223
69 168
178 277
164 263
33 132
17 116
151 250
130 229
180 279
189 288
50 149
56 155
56 155
19 118
81 180
195 294
99 198
17 116
193 292
105 204
5 104
128 227
155 254
48 147
42 141
131 230
63 162
25 124
8 107
193 292
151 250
168 267
153 252
62 161
118 217
64 163
123 222
23 122
77 176
110 209
50 149
90 189
183 282
185 284
101 200
12 111
90 189
132 231
162 261
57 156
100 199
133 232
59 158
73 172
151 250
144 243
189 288
18 117
148 247
131 230
150 249
8 107
181 280
53 152
154 253
190 289
146 245
174 273
156 255
25 124
174 273
191 290
89 188
137 236
31 130
98 197
190 289
44 143
182 281
98 197
28 127
179 278
89 188
52 151
188 287
136 235
173 272
3 102
119 218
75 174
38 137
103 202
68 167
181 280
109 208
111 210
189 288
86 185
180 279
26 125
54 153
70 169
28 127
90 189
183 282
162 261
82 181
190 289
56 155
97 196
195 294
55 154
130 229
109 208
127 226
171 270
85 184
150 249
136 235
88 187
94 193
72 171
147 246
52 151
84 183
91 190
95 194
112 211
98 197
67 166
196 295
166 265
45 144
186 285
43 142
37 136
23 122
70 169
117 216
193 292
86 185
165 264
189 288
60 159
90 189
132 231
137 236
190 289
162 261
24 123
65 164
74 173
21 120
193 292
158 257
43 142
43 142
9 108
47 146
177 276
67 166
70 169
170 269
109 208
132 231
130 229
98 197
21 120
37 136
149 248
76 175
46 145
167 266
131 230
9 108
13 112
0 99
62 161
197 296
150 249
106 205
102 201
107 206
85 184
22 121
196 295
42 141
197 296
120 219
67 166
139 238
121 220
43 142
47 146
131 230
42 141
74 173
7 106
50 149
149 248
49 148
135 234
44 143
56 155
189 288
185 284
177 276
91 190
193 292
89 188
143 242
72 171
99 198
159 258
186 285
39 138
89 188
0 99
169 268
118 217
75 174
151 250
91 190
74 173
168 267
28 127
113 212
33 132
43 142
131 230
3 102
49 148
120 219
110 209
83 182
138 237
66 165
30 129
177 276
51 150
169 268
97 196
9 108
139 238
53 152
106 205
16 115
10 109
166 265
60 159
183 282
22 121
143 242
46 145
86 185
193 292
197 296
118 217
172 271
139 238
152 251
132 231
129 228
197 296
165 264
90 189
138 237
137 236
15 114
172 271
195 294
92 191
23 122
141 240
111 210
57 156
99 198
104 203
166 265
167 266
51 150
0 99
3 102
3 102
121 220
45 144
168 267
132 231
80 179
168 267
17 116
151 250
54 153
99 198
132 231
1 100
90 189
75 174
112 211
189 288
58 157
127 226
69 168
58 157
19 118
100 199
166 265
168 267
26 125
126 225
13 112
25 124
155 254
80 179
136 235
178 277
10 109
138 237
135 234
37 136
98 197
19 118
3 102
67 166
92 191
43 142
184 283
122 221
188 287
89 188
8 107
115 214
132 231
67 166
68 167
140 239
166 265
94 193
123 222
25 124
101 200
138 237
87 186
55 154
187 286
61 160
160 259
129 228
32 131
136 235
91 190
74 173
169 268
74 173
47 146
138 237
47 146
60 159
42 141
31 130
165 264
175 274
186 285
57 156
65 164
108 207
91 190
18 117
100 199
20 119
91 190
139 238
117 216
29 128
123 222
134 233
41 140
2 101
149 248
141 240
33 132
11 110
174 273
165 264
133 232
192 291
62 161
44 143
94 193
114 213
174 273
55 154
95 194
59 158
89 188
166 265
3 102
171 270
137 236
98 197
54 153
193 292
158 257
128 227
152 251
87 186
52 151
1 100
189 288
11 110
124 223
40 139
125 224
35 134
74 173
65 164
80 179
169 268
135 234
192 291
169 268
97 196
156 255
88 187
123 222
35 134
89 188
44 143
128 227
188 287
50 149
3 102
127 226
17 116
148 247
172 271
194 293
159 258
102 201
35 134
74 173
189 288
30 129
26 125
144 243
128 227
122 221
91 190
166 265
143 242
32 131
121 220
136 235
94 193
9 108
33 132
83 182
155 254
187 286
62 161
134 233
173 272
30 129
167 266
17 116
53 152
101 200
23 122
140 239
157 256
181 280
1 100
52 151
49 148
172 271
94 193
22 121
133 232
35 134
40 139
173 272
40 139
14 113
183 282
22 121
89 188
189 288
107 206
127 226
30 129
89 188
171 270
92 191
180 279
156 255
172 271
57 156
153 252
16 115
161 260
161 260
183 282
70 169
101 200
53 152
99 198
105 204
103 202
38 137
185 284
81 180
157 256
124 223
32 131
89 188
89 188
160 259
56 155
118 217
10 109
28 127
154 253
22 121
137 236
12 111
20 119
92 191
133 232
10 109
186 285
114 213
19 118
173 272
67 166
26 125
142 241
196 295
41 140
127 226
111 210
29 128
142 241
188 287
69 168
82 181
9 108
28 127
69 168
144 243
150 249
160 259
38 137
141 240
116 215
97 196
94 193
9 108
182 281
53 152
151 250
96 195
63 162
161 260
149 248
71 170
152 251
26 125
152 251
177 276
30 129
153 252
170 269
6 105
103 202
97 196
15 114
161 260
58 157
162 261
97 196
196 295
27 126
172 271
42 141
146 245
32 131
30 129
144 243
35 134
133 232
132 231
138 237
185 284
118 217
27 126
145 244
119 218
185 284
17 116
186 285
69 168
77 176
65 164
129 228
10 109
110 209
106 205
125 224
32 131
4 103
76 175
149 248
91 190
130 229
72 171
32 131
161 260
132 231
90 189
189 288
79 178
85 184
8 107
124 223
186 285
98 197
190 289
109 208
49 148
185 284
184 283
154 253
141 240
197 296
101 200
54 153
11 110
41 140
176 275
4 103
138 237
78 177
169 268
31 130
152 251
29 128
37 136
86 185
128 227
116 215
66 165
6 105
111 210
103 202
50 149
51 150
82 181
165 264
98 197
35 134
175 274
74 173
194 293
4 103
86 185
132 231
194 293
46 145
101 200
184 283
173 272
167 266
29 128
139 238
157 256
100 199
115 214
57 156
114 213
114 213
143 242
98 197
100 199
136 235
167 266
7 106
153 252
91 190
61 160
31 130
170 269
123 222
64 163
192 291
24 123
128 227
131 230
15 114
150 249
83 182
54 153
183 282
172 271
123 222
98 197
136 235
28 127
138 237
32 131
111 210
161 260
175 274
93 192
16 115
100 199
189 288
25 124
156 255
92 191
33 132
24 123
133 232
60 159
183 282
51 150
154 253
98 197
138 237
106 205
84 183
183 282
90 189
52 151
116 215
137 236
34 133
37 136
116 215
183 282
101 200
31 130
81 180
169 268
17 116
8 107
62 161
175 274
195 294
178 277
42 141
5 104
78 177
41 140
48 147
56 155
188 287
165 264
83 182
10 109
43 142
1 100
125 224
7 106
166 265
173 272
102 201
95 194
49 148
62 161
49 148
193 292
152 251
133 232
113 212
9 108
103 202
181 280
26 125
36 135
166 265
102 201
60 159
46 145
27 126
119 218
31 130
21 120
195 294
123 222
121 220
90 189
99 198
99 198
79 178
91 190
1 100
171 270
15 114
153 252
51 150
68 167
74 173
121 220
142 241
52 151
179 278
76 175
113 212
98 197
127 226
150 249
188 287
128 227
159 258
67 166
185 284
25 124
35 134
85 184
25 124
117 216
182 281
98 197
28 127
172 271
108 207
50 149
117 216
190 289
166 265
131 230
5 104
87 186
37 136
55 154
105 204
122 221
57 156
81 180
20 119
109 208
47 146
128 227
125 224
187 286
101 200
108 207
99 198
76 175
127 226
81 180
170 269
34 133
63 162
74 173
92 191
154 253
13 112
189 288
55 154
32 131
9 108
92 191
52 151
65 164
47 146
36 135
156 255
87 186
182 281
59 158
91 190
83 182
165 264
71 170
94 193
185 284
34 133
147 246
190 289
8 107
15 114
33 132
131 230
110 209
113 212
163 262
92 191
176 275
77 176
13 112
127 226
109 208
51 150
57 156
147 246
142 241
105 204
100 199
189 288
17 116
109 208
98 197
30 129
6 105
147 246
84 183
168 267
75 174
139 238
112 211
97 196
50 149
12 111
197 296
115 214
170 269
71 170
187 286
54 153
158 257
161 260
145 244
36 135
171 270
47 146
36 135
59 158
42 141
14 113
76 175
129 228
63 162
173 272
112 211
52 151
160 259
25 124
22 121
89 188
161 260
146 245
25 124
75 174
11 110
144 243
84 183
152 251
36 135
25 124
23 122
125 224
108 207
163 262
43 142
9 108
84 183
45 144
5 104
93 192
80 179
119 218
69 168
174 273
163 262
174 273
21 120
190 289
4 103
167 266
22 121
145 244
19 118
25 124
59 158
39 138
33 132
75 174
2 101
130 229
93 192
123 222
80 179
63 162
139 238
160 259
50 149
108 207
80 179
155 254
93 192
4 103
186 285
144 243
105 204
167 266
147 246
6 105
130 229
112 211
94 193
100 199
17 116
87 186
88 187
165 264
18 117
150 249
184 283
74 173
72 171
23 122
56 155
57 156
133 232
187 286
97 196
90 189
41 140
107 206
106 205
53 152
25 124
64 163
86 185
39 138
95 194
57 156
142 241
32 131
144 243
100 199
45 144
181 280
122 221
89 188
40 139
111 210
43 142
48 147
172 271
12 111
143 242
108 207
152 251
113 212
67 166
43 142
196 295
75 174
192 291
87 186
39 138
167 266
12 111
174 273
136 235
85 184
23 122
187 286
23 122
35 134
191 290
23 122
193 292
155 254
10 109
7 106
76 175
182 281
41 140
183 282
135 234
30 129
49 148
163 262
86 185
4 103
172 271
123 222
6 105
87 186
164 263
64 163
53 152
118 217
4 103
23 122
47 146
144 243
144 243
163 262
162 261
82 181
166 265
119 218
8 107
184 283
115 214
68 167
146 245
150 249
27 126
99 198
87 186
69 168
161 260
172 271
71 170
113 212
79 178
142 241
52 151
0 99
45 144
160 259
20 119
193 292
184 283
2 101
130 229
107 206
23 122
51 150
1 100
152 251
160 259
57 156
69 168
114 213
158 257
102 201
94 193
5 104
152 251
188 287
186 285
70 169
124 223
29 128
144 243
197 296
69 168
31 130
152 251
174 273
161 260
47 146
143 242
141 240
128 227
182 281
105 204
6 105
131 230
104 203
176 275
60 159
109 208
174 273
49 148
100 199
41 140
139 238
15 114
172 271
113 212
170 269
160 259
48 147
194 293
85 184
180 279
168 267
61 160
137 236
88 187
192 291
52 151
18 117
132 231
98 197
156 255
35 134
92 191
130 229
6 105
34 133
36 135
123 222
26 125
42 141
30 129
173 272
83 182
39 138
25 124
112 211
146 245
27 126
6 105
116 215
137 236
112 211
20 119
168 267
149 248
150 249
57 156
2 101
103 202
110 209
113 212
191 290
14 113
4 103
24 123
172 271
184 283
115 214
58 157
104 203
54 153
191 290
172 271
194 293
180 279
141 240
55 154
150 249
63 162
53 152
149 248
96 195
2 101
132 231
121 220
100 199
15 114
94 193
22 121
118 217
138 237
76 175
0 99
112 211
27 126
99 198
161 260
68 167
197 296
98 197
73 172
76 175
57 156
48 147
1 100
107 206
15 114
31 130
100 199
11 110
40 139
22 121
170 269
136 235
10 109
98 197
171 270
89 188
9 108
138 237
11 110
93 192
34 133
168 267
49 148
64 163
74 173
97 196
68 167
98 197
100 199
149 248
61 160
157 256
79 178
69 168
103 202
5 104
77 176
130 229
22 121
26 125
21 120
151 250
60 159
92 191
107 206
83 182
142 241
96 195
182 281
26 125
98 197
30 129
30 129
165 264
142 241
167 266
175 274
109 208
19 118
108 207
68 167
156 255
0 99
31 130
181 280
87 186
186 285
77 176
197 296
133 232
4 103
153 252
186 285
195 294
81 180
133 232
12 111
101 200
110 209
138 237
109 208
137 236
44 143
33 132
137 236
62 161
176 275
6 105
51 150
69 168
111 210
174 273
173 272
125 224
175 274
64 163
118 217
163 262
149 248
177 276
27 126
68 167
13 112
67 166
46 145
101 200
28 127
169 268
75 174
141 240
143 242
192 291
25 124
45 144
129 228
178 277
74 173
189 288
121 220
114 213
186 285
106 205
156 255
148 247
45 144
44 143
148 247
181 280
7 106
106 205
93 192
114 213
125 224
22 121
191 290
35 134
31 130
152 251
82 181
192 291
172 271
45 144
57 156
196 295
83 182
65 164
78 177
159 258
63 162
142 241
37 136
102 201
89 188
84 183
192 291
169 268
126 225
41 140
152 251
142 241
58 157
149 248
60 159
171 270
184 283
28 127
169 268
3 102
53 152
188 287
52 151
120 219
144 243
76 175
29 128
10 109
77 176
66 165
194 293
164 263
37 136
92 191
140 239
171 270
84 183
28 127
53 152
157 256
73 172
115 214
157 256
125 224
154 253
143 242
45 144
53 152
65 164
166 265
22 121
111 210
185 284
139 238
110 209
197 296
25 124
2 101
25 124
170 269
91 190
19 118
59 158
40 139
101 200
159 258
172 271
88 187
127 226
69 168
158 257
21 120
144 243
147 246
95 194
112 211
8 107
114 213
195 294
88 187
90 189
94 193
49 148
133 232
185 284
188 287
41 140
96 195
36 135
23 122
56 155
164 263
15 114
189 288
122 221
32 131
136 235
190 289
32 131
111 210
143 242
117 216
120 219
84 183
72 171
47 146
115 214
8 107
133 232
194 293
92 191
50 149
26 125
114 213
22 121
179 278
118 217
98 197
65 164
163 262
20 119
163 262
125 224
4 103
196 295
28 127
152 251
158 257
70 169
40 139
1 100
176 275
31 130
119 218
191 290
72 171
121 220
14 113
23 122
166 265
187 286
49 148
147 246
100 199
154 253
116 215
41 140
178 277
88 187
49 148
48 147
80 179
74 173
58 157
189 288
40 139
177 276
44 143
174 273
144 243
0 99
109 208
42 141
47 146
93 192
180 279
28 127
168 267
22 121
8 107
114 213
109 208
16 115
129 228
121 220
177 276
16 115
5 104
47 146
55 154
174 273
82 181
149 248
14 113
182 281
44 143
183 282
79 178
77 176
168 267
5 104
60 159
76 175
4 103
37 136
124 223
15 114
21 120
3 102
160 259
95 194
69 168
114 213
64 163
96 195
188 287
158 257
72 171
193 292
43 142
41 140
145 244
158 257
188 287
195 294
33 132
163 262
98 197
143 242
127 226
140 239
193 292
8 107
115 214
83 182
185 284
59 158
124 223
165 264
163 262
161 260
173 272
137 236
164 263
58 157
109 208
17 116
60 159
35 134
9 108
94 193
151 250
80 179
51 150
154 253
64 163
91 190
46 145
31 130
183 282
108 207
142 241
183 282
79 178
65 164
179 278
131 230
126 225
127 226
177 276
175 274
166 265
50 149
30 129
70 169
120 219
115 214
75 174
143 242
21 120
58 157
61 160
159 258
193 292
26 125
117 216
62 161
193 292
193 292
25 124
73 172
159 258
53 152
24 123
98 197
168 267
189 288
154 253
20 119
186 285
171 270
167 266
13 112
127 226
142 241
11 110
59 158
2 101
165 264
127 226
69 168
123 222
176 275
24 123
48 147
44 143
168 267
12 111
183 282
133 232
74 173
165 264
193 292
10 109
188 287
122 221
173 272
118 217
82 181
147 246
37 136
114 213
64 163
175 274
141 240
165 264
155 254
146 245
52 151
195 294
162 261
69 168
124 223
181 280
51 150
73 172
125 224
13 112
68 167
177 276
157 256
96 195
123 222
167 266
138 237
174 273
47 146
187 286
178 277
46 145
75 174
11 110
87 186
29 128
73 172
65 164
104 203
104 203
37 136
56 155
62 161
158 257
8 107
84 183
79 178
97 196
169 268
103 202
116 215
10 109
30 129
35 134
193 292
107 206
166 265
4 103
167 266
136 235
77 176
8 107
165 264
115 214
106 205
92 191
64 163
188 287
113 212
48 147
61 160
18 117
68 167
61 160
98 197
59 158
63 162
185 284
103 202
65 164
64 163
179 278
160 259
89 188
6 105
19 118
102 201
153 252
124 223
134 233
38 137
145 244
81 180
193 292
81 180
86 185
62 161
174 273
191 290
171 270
30 129
50 149
47 146
107 206
139 238
72 171
48 147
68 167
2 101
92 191
45 144
103 202
86 185
187 286
20 119
10 109
109 208
7 106
32 131
159 258
177 276
70 169
171 270
154 253
73 172
184 283
37 136
183 282
85 184
15 114
170 269
172 271
171 270
134 233
189 288
23 122
14 113
147 246
111 210
66 165
145 244
103 202
44 143
161 260
99 198
105 204
22 121
35 134
38 137
28 127
77 176
23 122
62 161
42 141
22 121
93 192
43 142
26 125
95 194
51 150
141 240
65 164
78 177
30 129
64 163
141 240
72 171
19 118
86 185
109 208
61 160
52 151
62 161
18 117
176 275
71 170
101 200
96 195
47 146
58 157
170 269
72 171
142 241
94 193
36 135
197 296
64 163
170 269
80 179
27 126
41 140
127 226
112 211
91 190
173 272
92 191
152 251
118 217
63 162
148 247
101 200
59 158
95 194
53 152
153 252
31 130
107 206
65 164
50 149
108 207
175 274
184 283
51 150
84 183
167 266
47 146
166 265
156 255
197 296
181 280
107 206
133 232
43 142
185 284
60 159
161 260
67 166
96 195
71 170
33 132
153 252
140 239
171 270
169 268
61 160
146 245
129 228
111 210
110 209
169 268
0 99
60 159
178 277
150 249
0 99
54 153
165 264
129 228
110 209
172 271
164 263
89 188
142 241
195 294
186 285
96 195
179 278
166 265
160 259
65 164
67 166
95 194
59 158
53 152
56 155
162 261
126 225
39 138
148 247
171 270
133 232
146 245
88 187
196 295
38 137
108 207
165 264
15 114
12 111
168 267
84 183
92 191
108 207
7 106
112 211
96 195
189 288
140 239
194 293
178 277
163 262
95 194
194 293
44 143
124 223
6 105
65 164
179 278
125 224
23 122
128 227
71 170
136 235
168 267
73 172
13 112
123 222
75 174
55 154
95 194
58 157
94 193
133 232
170 269
110 209
166 265
22 121
68 167
181 280
8 107
18 117
51 150
105 204
0 99
195 294
126 225
3 102
194 293
19 118
108 207
52 151
86 185
60 159
9 108
122 221
69 168
143 242
59 158
64 163
27 126
165 264
113 212
161 260
122 221
157 256
50 149
63 162
47 146
63 162
86 185
64 163
131 230
77 176
63 162
189 288
153 252
89 188
76 175
24 123
1 100
169 268
140 239
48 147
79 178
49 148
68 167
113 212
68 167
126 225
27 126
51 150
155 254
152 251
124 223
79 178
79 178
105 204
65 164
190 289
188 287
151 250
43 142
21 120
126 225
44 143
179 278
171 270
35 134
22 121
193 292
29 128
115 214
166 265
177 276
32 131
57 156
89 188
104 203
122 221
53 152
112 211
96 195
151 250
24 123
147 246
74 173
179 278
55 154
15 114
0 99
98 197
30 129
149 248
75 174
63 162
44 143
36 135
19 118
170 269
88 187
185 284
178 277
1 100
161 260
168 267
16 115
74 173
179 278
1 100
141 240
41 140
146 245
121 220
57 156
135 234
178 277
71 170
151 250
48 147
111 210
179 278
70 169
20 119
150 249
13 112
101 200
2 101
95 194
95 194
86 185
78 177
11 110
70 169
69 168
25 124
181 280
92 191
77 176
17 116
69 168
150 249
179 278
105 204
121 220
33 132
166 265
157 256
75 174
185 284
19 118
183 282
11 110
63 162
144 243
76 175
15 114
66 165
47 146
53 152
106 205
30 129
104 203
140 239
188 287
135 234
177 276
116 215
91 190
52 151
141 240
32 131
162 261
108 207
163 262
103 202
120 219
113 212
62 161
71 170
119 218
131 230
112 211
47 146
126 225
142 241
55 154
82 181
56 155
2 101
184 283
182 281
117 216
11 110
9 108
65 164
124 223
98 197
184 283
116 215
17 116
48 147
193 292
144 243
35 134
80 179
31 130
10 109
39 138
98 197
161 260
74 173
107 206
24 123
63 162
1 100
138 237
28 127
1 100
104 203
100 199
66 165
120 219
175 274
12 111
178 277
155 254
135 234
84 183
153 252
62 161
34 133
109 208
33 132
172 271
194 293
121 220
93 192
153 252
102 201
79 178
60 159
167 266
52 151
0 99
181 280
14 113
160 259
84 183
106 205
12 111
46 145
147 246
1 100
22 121
55 154
186 285
63 162
112 211
144 243
177 276
179 278
118 217
65 164
196 295
60 159
37 136
159 258
164 263
175 274
22 121
118 217
63 162
76 175
157 256
195 294
73 172
113 212
122 221
168 267
83 182
155 254
187 286
60 159
61 160
28 127
182 281
146 245
153 252
86 185
158 257
118 217
148 247
195 294
59 158
75 174
161 260
167 266
87 186
46 145
132 231
141 240
160 259
155 254
36 135
138 237
60 159
52 151
76 175
180 279
159 258
42 141
184 283
195 294
168 267
128 227
185 284
26 125
77 176
150 249
106 205
103 202
12 111
134 233
87 186
3 102
105 204
30 129
34 133
112 211
77 176
153 252
10 109
169 268
64 163
48 147
139 238
25 124
159 258
83 182
68 167
105 204
30 129
51 150
42 141
96 195
145 244
147 246
82 181
25 124
165 264
144 243
167 266
110 209
33 132
47 146
141 240
137 236
71 170
6 105
23 122
191 290
9 108
149 248
55 154
178 277
25 124
109 208
191 290
129 228
92 191
44 143
23 122
188 287
152 251
149 248
133 232
141 240
132 231
129 228
189 288
161 260
106 205
5 104
99 198
73 172
74 173
160 259
124 223
185 284
133 232
183 282
51 150
177 276
150 249
185 284
43 142
14 113
95 194
46 145
143 242
140 239
0 99
71 170
121 220
22 121
119 218
47 146
1 100
144 243
167 266
60 159
155 254
93 192
141 240
193 292
158 257
54 153
57 156
2 101
31 130
40 139
12 111
22 121
86 185
101 200
24 123
64 163
66 165
72 171
21 120
159 258
166 265
138 237
119 218
49 148
3 102
129 228
87 186
108 207
142 241
65 164
59 158
35 134
95 194
19 118
136 235
108 207
6 105
177 276
99 198
174 273
60 159
182 281
33 132
2 101
124 223
5 104
54 153
33 132
148 247
113 212
179 278
171 270
25 124
183 282
66 165
176 275
107 206
163 262
165 264
89 188
29 128
187 286
131 230
57 156
80 179
164 263
77 176
65 164
67 166
140 239
44 143
99 198
181 280
72 171
53 152
154 253
100 199
17 116
108 207
39 138
166 265
140 239
0 99
138 237
159 258
18 117
30 129
186 285
100 199
9 108
84 183
97 196
173 272
24 123
179 278
77 176
71 170
98 197
162 261
57 156
17 116
14 113
148 247
18 117
185 284
169 268
145 244
169 268
155 254
49 148
146 245
95 194
172 271
30 129
21 120
185 284
47 146
195 294
26 125
118 217
194 293
30 129
106 205
6 105
59 158
170 269
58 157
143 242
17 116
101 200
73 172
42 141
28 127
73 172
19 118
75 174
81 180
100 199
191 290
4 103
172 271
59 158
40 139
98 197
77 176
3 102
191 290
133 232
144 243
48 147
92 191
124 223
5 104
0 99
54 153
152 251
160 259
63 162
87 186
182 281
136 235
26 125
27 126
118 217
55 154
43 142
108 207
68 167
95 194
179 278
172 271
151 250
66 165
195 294
133 232
62 161
170 269
81 180
177 276
174 273
0 99
188 287
98 197
97 196
16 115
17 116
124 223
53 152
191 290
141 240
126 225
18 117
45 144
103 202
39 138
172 271
7 106
84 183
151 250
135 234
93 192
10 109
155 254
100 199
7 106
82 181
54 153
52 151
65 164
0 99
182 281
17 116
191 290
77 176
123 222
92 191
189 288
140 239
50 149
176 275
24 123
148 247
16 115
26 125
188 287
150 249
145 244
18 117
43 142
139 238
146 245
16 115
130 229
30 129
134 233
149 248
145 244
41 140
184 283
39 138
83 182
81 180
178 277
111 210
12 111
133 232
28 127
191 290
129 228
129 228
145 244
100 199
5 104
76 175
182 281
164 263
35 134
66 165
71 170
111 210
146 245
26 125
32 131
2 101
99 198
60 159
0 99
96 195
139 238
187 286
152 251
111 210
8 107
39 138
42 141
148 247
135 234
123 222
11 110
163 262
89 188
39 138
2 101
29 128
153 252
156 255
123 222
90 189
51 150
34 133
79 178
158 257
120 219
76 175
69 168
80 179
35 134
168 267
22 121
65 164
70 169
165 264
15 114
23 122
135 234
157 256
174 273
152 251
95 194
55 154
142 241
145 244
172 271
79 178
17 116
139 238
103 202
191 290
44 143
33 132
96 195
66 165
66 165
60 159
159 258
36 135
52 151
136 235
128 227
11 110
40 139
113 212
120 219
122 221
14 113
112 211
165 264
157 256
62 161
44 143
137 236
184 283
61 160
68 167
21 120
164 263
81 180
168 267
102 201
183 282
22 121
45 144
181 280
151 250
3 102
187 286
61 160
147 246
102 201
49 148
148 247
136 235
169 268
138 237
187 286
80 179
103 202
67 166
29 128
131 230
78 177
80 179
57 156
46 145
15 114
125 224
193 292
21 120
23 122
181 280
128 227
63 162
100 199
185 284
112 211
77 176
41 140
169 268
161 260
157 256
134 233
166 265
190 289
163 262
0 99
13 112
145 244
172 271
9 108
28 127
13 112
157 256
36 135
74 173
24 123
159 258
54 153
50 149
19 118
54 153
114 213
97 196
119 218
145 244
87 186
12 111
184 283
188 287
47 146
11 110
35 134
85 184
1 100
72 171
10 109
63 162
106 205
19 118
151 250
11 110
145 244
131 230
127 226
57 156
165 264
130 229
94 193
194 293
86 185
42 141
34 133
181 280
5 104
171 270
18 117
114 213
34 133
28 127
5 104
103 202
9 108
112 211
16 115
33 132
57 156
21 120
110 209
113 212
75 174
183 282
76 175
183 282
144 243
120 219
147 246
69 168
131 230
82 181
78 177
71 170
62 161
161 260
11 110
80 179
92 191
91 190
44 143
23 122
164 263
189 288
180 279
69 168
68 167
32 131
147 246
161 260
36 135
176 275
22 121
176 275
100 199
95 194
28 127
108 207
7 106
35 134
74 173
19 118
146 245
2 101
116 215
93 192
52 151
71 170
23 122
55 154
129 228
19 118
41 140
57 156
185 284
73 172
169 268
70 169
79 178
186 285
27 126
38 137
25 124
40 139
182 281
157 256
170 269
132 231
42 141
197 296
158 257
130 229
154 253
24 123
19 118
116 215
132 231
165 264
197 296
23 122
91 190
176 275
96 195
151 250
178 277
181 280
87 186
54 153
158 257
54 153
39 138
127 226
88 187
185 284
74 173
56 155
137 236
188 287
119 218
99 198
112 211
95 194
32 131
120 219
46 145
136 235
64 163
20 119
87 186
93 192
186 285
130 229
165 264
160 259
117 216
187 286
165 264
106 205
188 287
55 154
191 290
185 284
132 231
50 149
105 204
123 222
41 140
46 145
142 241
140 239
136 235
63 162
75 174
83 182
135 234
156 255
99 198
104 203
138 237
116 215
45 144
110 209
58 157
60 159
54 153
102 201
116 215
57 156
55 154
34 133
45 144
127 226
97 196
183 282
132 231
68 167
68 167
152 251
96 195
115 214
11 110
5 104
53 152
39 138
126 225
70 169
148 247
168 267
117 216
150 249
118 217
59 158
45 144
153 252
40 139
2 101
56 155
44 143
83 182
14 113
23 122
126 225
135 234
89 188
131 230
31 130
111 210
62 161
68 167
24 123
187 286
167 266
75 174
100 199
108 207
28 127
26 125
136 235
184 283
30 129
19 118
134 233
119 218
4 103
88 187
104 203
0 99
68 167
52 151
147 246
87 186
187 286
85 184
183 282
107 206
174 273
167 266
137 236
66 165
174 273
46 145
157 256
178 277
83 182
153 252
168 267
133 232
61 160
186 285
130 229
118 217
163 262
127 226
132 231
175 274
77 176
176 275
52 151
180 279
73 172
113 212
152 251
47 146
72 171
63 162
51 150
54 153
51 150
34 133
178 277
145 244
149 248
6 105
120 219
106 205
162 261
186 285
57 156
176 275
23 122
76 175
132 231
62 161
53 152
38 137
109 208
81 180
4 103
107 206
71 170
105 204
87 186
143 242
86 185
85 184
22 121
62 161
58 157
38 137
89 188
18 117
167 266
162 261
63 162
172 271
106 205
118 217
140 239
161 260
122 221
5 104
77 176
107 206
142 241
197 296
163 262
141 240
146 245
63 162
8 107
108 207
13 112
149 248
187 286
47 146
127 226
101 200
58 157
75 174
40 139
44 143
36 135
13 112
156 255
23 122
141 240
35 134
80 179
74 173
68 167
187 286
156 255
38 137
99 198
172 271
193 292
178 277
71 170
30 129
159 258
173 272
72 171
62 161
190 289
155 254
81 180
48 147
3 102
62 161
95 194
86 185
82 181
132 231
60 159
74 173
130 229
22 121
121 220
17 116
171 270
65 164
21 120
62 161
71 170
16 115
169 268
128 227
56 155
105 204
16 115
32 131
103 202
189 288
165 264
186 285
13 112
194 293
120 219
139 238
197 296
115 214
145 244
165 264
81 180
110 209
160 259
55 154
83 182
111 210
142 241
55 154
67 166
145 244
100 199
89 188
37 136
143 242
158 257
20 119
68 167
31 130
56 155
143 242
90 189
124 223
43 142
26 125
85 184
173 272
49 148
161 260
167 266
19 118
42 141
127 226
130 229
87 186
58 157
196 295
143 242
20 119
149 248
63 162
20 119
136 235
32 131
190 289
186 285
197 296
145 244
109 208
119 218
193 292
142 241
57 156
135 234
11 110
81 180
128 227
16 115
187 286
72 171
144 243
142 241
130 229
62 161
4 103
187 286
61 160
38 137
147 246
52 151
61 160
11 110
159 258
3 102
22 121
52 151
148 247
124 223
147 246
121 220
132 231
85 184
63 162
153 252
20 119
191 290
187 286
48 147
197 296
123 222
73 172
187 286
50 149
59 158
74 173
140 239
130 229
50 149
89 188
84 183
167 266
176 275
178 277
95 194
197 296
167 266
175 274
13 112
60 159
36 135
38 137
184 283
101 200
72 171
178 277
120 219
15 114
67 166
141 240
141 240
170 269
60 159
87 186
142 241
23 122
132 231
144 243
158 257
24 123
62 161
109 208
139 238
165 264
34 133
117 216
134 233
149 248
175 274
135 234
109 208
116 215
186 285
195 294
53 152
43 142
154 253
5 104
13 112
95 194
61 160
122 221
16 115
193 292
107 206
144 243
12 111
43 142
166 265
159 258
76 175
49 148
82 181
123 222
130 229
47 146
113 212
8 107
104 203
58 157
132 231
61 160
175 274
81 180
102 201
22 121
87 186
183 282
152 251
186 285
190 289
196 295
155 254
183 282
47 146
196 295
97 196
55 154
182 281
135 234
164 263
101 200
110 209
59 158
56 155
38 137
97 196
136 235
102 201
14 113
176 275
106 205
37 136
148 247
4 103
155 254
15 114
195 294
18 117
88 187
56 155
142 241
130 229
131 230
68 167
99 198
11 110
78 177
159 258
35 134
118 217
20 119
88 187
69 168
104 203
120 219
107 206
87 186
110 209
133 232
22 121
175 274
61 160
133 232
10 109
124 223
130 229
151 250
37 136
24 123
165 264
42 141
19 118
50 149
80 179
159 258
111 210
95 194
125 224
74 173
36 135
188 287
84 183
44 143
155 254
4 103
87 186
44 143
75 174
13 112
165 264
161 260
35 134
44 143
153 252
169 268
97 196
159 258
35 134
32 131
57 156
107 206
135 234
18 117
61 160
159 258
159 258
67 166
25 124
45 144
26 125
87 186
155 254
144 243
191 290
156 255
72 171
149 248
72 171
77 176
133 232
66 165
31 130
74 173
129 228
19 118
37 136
121 220
112 211
83 182
20 119
131 230
141 240
182 281
92 191
6 105
118 217
76 175
68 167
91 190
114 213
0 99
176 275
98 197
6 105
112 211
157 256
135 234
108 207
15 114
117 216
18 117
117 216
91 190
74 173
24 123
19 118
84 183
107 206
176 275
190 289
193 292
135 234
108 207
143 242
42 141
7 106
20 119
123 222
128 227
21 120
100 199
6 105
93 192
19 118
134 233
195 294
152 251
18 117
120 219
9 108
179 278
188 287
108 207
131 230
130 229
42 141
46 145
63 162
91 190
178 277
140 239
9 108
170 269
87 186
34 133
65 164
0 99
87 186
54 153
79 178
48 147
104 203
157 256
141 240
113 212
58 157
19 118
27 126
169 268
65 164
16 115
79 178
148 247
45 144
72 171
56 155
45 144
164 263
59 158
43 142
127 226
68 167
78 177
175 274
18 117
74 173
94 193
186 285
63 162
175 274
86 185
130 229
119 218
81 180
181 280
87 186
67 166
132 231
1 100
197 296
59 158
104 203
157 256
193 292
76 175
189 288
94 193
80 179
122 221
179 278
106 205
167 266
17 116
17 116
147 246
197 296
111 210
36 135
160 259
36 135
163 262
61 160
78 177
138 237
176 275
68 167
147 246
45 144
45 144
78 177
91 190
11 110
65 164
45 144
169 268
78 177
9 108
128 227
114 213
163 262
174 273
40 139
163 262
171 270
84 183
10 109
59 158
181 280
93 192
86 185
76 175
143 242
124 223
76 175
122 221
47 146
161 260
157 256
49 148
156 255
35 134
135 234
34 133
189 288
169 268
88 187
97 196
33 132
186 285
55 154
27 126
129 228
117 216
138 237
141 240
131 230
90 189
152 251
60 159
147 246
177 276
181 280
36 135
166 265
131 230
43 142
104 203
126 225
73 172
34 133
156 255
109 208
5 104
90 189
123 222
147 246
67 166
136 235
24 123
142 241
193 292
39 138
180 279
18 117
112 211
52 151
102 201
71 170
38 137
12 111
68 167
122 221
19 118
72 171
13 112
116 215
155 254
120 219
120 219
139 238
0 99
109 208
166 265
193 292
194 293
195 294
124 223
41 140
103 202
149 248
174 273
196 295
8 107
191 290
35 134
50 149
141 240
38 137
125 224
145 244
185 284
165 264
6 105
79 178
16 115
160 259
98 197
127 226
66 165
54 153
7 106
72 171
162 261
147 246
155 254
191 290
118 217
13 112
88 187
46 145
144 243
41 140
169 268
146 245
137 236
178 277
109 208
97 196
6 105
97 196
35 134
29 128
93 192
58 157
106 205
83 182
113 212
23 122
46 145
11 110
104 203
28 127
120 219
1 100
74 173
30 129
23 122
126 225
112 211
73 172
92 191
63 162
46 145
108 207
78 177
71 170
94 193
191 290
93 192
0 99
177 276
159 258
0 99
37 136
24 123
99 198
159 258
148 247
82 181
139 238
92 191
145 244
126 225
52 151
50 149
170 269
135 234
36 135
184 283
192 291
149 248
82 181
68 167
98 197
19 118
87 186
14 113
97 196
48 147
94 193
6 105
149 248
73 172
160 259
33 132
44 143
69 168
121 220
166 265
197 296
109 208
80 179
19 118
68 167
72 171
186 285
196 295
15 114
8 107
66 165
84 183
84 183
74 173
43 142
118 217
98 197
86 185
188 287
130 229
93 192
89 188
132 231
184 283
180 279
82 181
154 253
17 116
21 120
195 294
105 204
44 143
84 183
12 111
132 231
89 188
90 189
40 139
89 188
172 271
2 101
52 151
4 103
39 138
98 197
105 204
148 247
21 120
99 198
108 207
146 245
16 115
5 104
186 285
139 238
143 242
34 133
53 152
180 279
68 167
167 266
130 229
83 182
184 283
173 272
1 100
126 225
177 276
62 161
179 278
193 292
41 140
18 117
155 254
162 261
80 179
142 241
182 281
25 124
50 149
93 192
108 207
35 134
6 105
1 100
81 180
144 243
127 226
141 240
109 208
104 203
179 278
111 210
166 265
193 292
83 182
21 120
142 241
19 118
48 147
149 248
189 288
127 226
107 206
126 225
12 111
81 180
182 281
179 278
172 271
177 276
153 252
104 203
55 154
74 173
158 257
90 189
169 268
28 127
57 156
193 292
89 188
160 259
16 115
62 161
167 266
94 193
82 181
112 211
60 159
93 192
147 246
128 227
159 258
111 210
73 172
10 109
131 230
155 254
95 194
109 208
136 235
73 172
110 209
102 201
128 227
156 255
97 196
43 142
162 261
79 178
54 153
57 156
193 292
58 157
37 136
110 209
184 283
164 263
70 169
73 172
107 206
10 109
50 149
9 108
82 181
189 288
39 138
93 192
166 265
37 136
145 244
78 177
15 114
70 169
190 289
105 204
49 148
192 291
49 148
53 152
73 172
49 148
0 99
153 252
159 258
47 146
44 143
73 172
183 282
24 123
30 129
57 156
128 227
181 280
6 105
101 200
91 190
125 224
97 196
56 155
34 133
185 284
197 296
194 293
84 183
31 130
104 203
99 198
94 193
193 292
9 108
82 181
124 223
37 136
176 275
184 283
108 207
97 196
140 239
154 253
113 212
173 272
96 195
121 220
30 129
19 118
173 272
81 180
166 265
180 279
154 253
137 236
80 179
117 216
46 145
97 196
62 161
136 235
100 199
22 121
165 264
62 161
10 109
58 157
124 223
193 292
141 240
135 234
14 113
9 108
25 124
164 263
161 260
25 124
69 168
41 140
136 235
162 261
180 279
25 124
188 287
46 145
22 121
72 171
32 131
163 262
156 255
32 131
176 275
146 245
141 240
37 136
16 115
114 213
41 140
119 218
107 206
153 252
18 117
135 234
50 149
9 108
126 225
24 123
43 142
39 138
99 198
54 153
74 173
140 239
15 114
184 283
101 200
39 138
51 150
68 167
7 106
196 295
24 123
189 288
159 258
63 162
51 150
147 246
153 252
40 139
179 278
106 205
10 109
165 264
120 219
150 249
141 240
100 199
42 141
131 230
31 130
18 117
51 150
169 268
107 206
147 246
65 164
105 204
151 250
108 207
13 112
169 268
144 243
173 272
147 246
67 166
57 156
66 165
114 213
91 190
175 274
160 259
83 182
115 214
145 244
135 234
39 138
62 161
56 155
122 221
69 168
141 240
120 219
123 222
130 229
55 154
3 102
100 199
72 171
181 280
155 254
181 280
106 205
80 179
128 227
61 160
172 271
86 185
129 228
0 99
183 282
83 182
153 252
118 217
129 228
10 109
132 231
193 292
75 174
12 111
11 110
197 296
6 105
77 176
43 142
81 180
117 216
128 227
80 179
165 264
71 170
27 126
73 172
108 207
159 258
146 245
105 204
166 265
13 112
179 278
191 290
158 257
2 101
73 172
33 132
53 152
121 220
128 227
111 210
132 231
173 272
14 113
129 228
3 102
80 179
94 193
13 112
26;156504
5 104
23 122
1 100
57 156
63 162
99 198
192 291
49 148
54 153
112 211
189 288
29 128
160 259
4 103
135 234
179 278
188 287
30 129
144 243
153 252
189 288
59 158
192 291
41 140
160 259
76 175
35 134
6 105
127 226
115 214
151 250
62 161
34 133
137 236
193 292
188 287
35 134
105 204
182 281
47 146
98 197
184 283
57 156
157 256
152 251
168 267
138 237
136 235
91 190
22 121
187 286
164 263
71 170
122 221
147 246
73 172
67 166
68 167
115 214
109 208
0 99
105 204
52 151
137 236
141 240
16 115
79 178
89 188
80 179
166 265
91 190
98 197
54 153
44 143
153 252
185 284
62 161
31 130
45 144
177 276
84 183
88 187
96 195
57 156
127 226
88 187
27 126
92 191
196 295
169 268
18 117
82 181
11 110
103 202
79 178
66 165
168 267
190 289
45 144
17 116
161 260
64 163
107 206
38 137
117 216
45 144
128 227
134 233
187 286
91 190
45 144
170 269
118 217
21 120
145 244
151 250
29 128
160 259
129 228
32 131
3 102
19 118
29 128
164 263
148 247
131 230
131 230
30 129
148 247
78 177
129 228
25 124
108 207
15 114
8 107
24 123
150 249
26 125
186 285
6 105
61 160
72 171
141 240
0 99
132 231
64 163
100 199
128 227
88 187
144 243
66 165
14 113
154 253
115 214
185 284
28 127
185 284
56 155
179 278
92 191
118 217
175 274
108 207
194 293
87 186
64 163
112 211
20 119
153 252
1 100
97 196
196 295
172 271
8 107
98 197
77 176
54 153
156 255
187 286
176 275
47 146
170 269
29 128
91 190
145 244
171 270
21 120
164 263
142 241
103 202
20 119
170 269
100 199
161 260
49 148
182 281
98 197
117 216
196 295
125 224
156 255
9 108
66 165
65 164
61 160
194 293
64 163
159 258
140 239
11 110
25 124
129 228
113 212
177 276
0 99
72 171
195 294
36 135
8 107
138 237
70 169
190 289
157 256
146 245
66 165
131 230
137 236
34 133
133 232
85 184
140 239
110 209
116 215
101 200
71 170
142 241
177 276
163 262
189 288
18 117
184 283
15 114
164 263
102 201
31 130
58 157
67 166
183 282
49 148
136 235
87 186
36 135
63 162
23 122
89 188
184 283
42 141
165 264
28 127
84 183
9 108
66 165
17 116
94 193
187 286
27 126
106 205
41 140
20 119
123 222
73 172
97 196
144 243
15 114
165 264
195 294
176 275
137 236
157 256
140 239
29 128
153 252
107 206
140 239
53 152
98 197
195 294
182 281
141 240
184 283
189 288
2 101
108 207
133 232
170 269
177 276
17 116
143 242
185 284
189 288
152 251
40 139
8 107
77 176
4 103
179 278
144 243
69 168
127 226
111 210
66 165
169 268
101 200
158 257
185 284
168 267
169 268
184 283
102 201
172 271
126 225
72 171
117 216
23 122
184 283
187 286
37 136
126 225
99 198
23 122
196 295
79 178
99 198
90 189
196 295
4 103
96 195
89 188
182 281
138 237
130 229
113 212
29 128
182 281
90 189
118 217
33 132
181 280
166 265
188 287
26 125
55 154
91 190
128 227
45 144
126 225
1 100
17 116
46 145
18 117
140 239
186 285
197 296
4 103
25 124
149 248
90 189
108 207
164 263
20 119
175 274
191 290
67 166
125 224
133 232
70 169
109 208
7 106
184 283
74 173
189 288
146 245
170 269
80 179
3 102
71 170
151 250
3 102
138 237
36 135
8 107
117 216
30 129
43 142
183 282
60 159
70 169
187 286
156 255
84 183
133 232
109 208
134 233
82 181
31 130
63 162
89 188
83 182
112 211
169 268
15 114
188 287
57 156
99 198
177 276
189 288
66 165
22 121
87 186
175 274
117 216
119 218
95 194
74 173
67 166
183 282
13 112
169 268
16 115
131 230
120 219
190 289
126 225
25 124
171 270
193 292
77 176
176 275
6 105
159 258
8 107
29 128
33 132
41 140
5 104
65 164
164 263
87 186
85 184
180 279
127 226
190 289
24 123
138 237
37 136
101 200
27 126
158 257
67 166
37 136
39 138
36 135
136 235
71 170
116 215
99 198
44 143
51 150
189 288
59 158
36 135
191 290
42 141
32 131
165 264
21 120
115 214
75 174
133 232
186 285
31 130
172 271
62 161
89 188
28 127
85 184
188 287
64 163
8 107
23 122
120 219
134 233
9 108
70 169
173 272
102 201
68 167
170 269
132 231
178 277
90 189
2 101
74 173
185 284
65 164
111 210
87 186
43 142
131 230
192 291
67 166
192 291
167 266
82 181
35 134
42 141
190 289
169 268
151 250
101 200
79 178
72 171
168 267
73 172
192 291
110 209
123 222
158 257
49 148
31 130
36 135
27 126
89 188
34 133
134 233
101 200
173 272
179 278
9 108
79 178
188 287
72 171
27 126
22 121
86 185
10 109
134 233
2 101
84 183
169 268
97 196
195 294
13 112
91 190
20 119
173 272
139 238
34 133
56 155
140 239
20 119
164 263
116 215
62 161
92 191
175 274
91 190
87 186
44 143
132 231
5 104
37 136
171 270
106 205
76 175
161 260
142 241
84 183
50 149
184 283
172 271
7 106
146 245
97 196
79 178
126 225
151 250
119 218
38 137
108 207
127 226
18 117
161 260
28 127
195 294
99 198
183 282
54 153
70 169
7 106
92 191
170 269
72 171
150 249
52 151
140 239
29 128
114 213
112 211
105 204
93 192
15 114
167 266
75 174
180 279
35 134
31 130
149 248
97 196
23 122
57 156
134 233
93 192
194 293
110 209
99 198
69 168
132 231
191 290
45 144
53 152
11 110
49 148
5 104
107 206
181 280
84 183
82 181
189 288
132 231
126 225
47 146
168 267
30 129
51 150
106 205
7 106
30 129
90 189
162 261
164 263
155 254
175 274
111 210
18 117
41 140
173 272
27 126
161 260
168 267
80 179
132 231
74 173
156 255
96 195
18 117
130 229
169 268
43 142
94 193
194 293
3 102
6 105
32 131
115 214
155 254
103 202
124 223
158 257
6 105
97 196
109 208
182 281
143 242
130 229
169 268
147 246
76 175
30 129
172 271
29 128
49 148
152 251
12 111
108 207
81 180
34 133
44 143
105 204
158 257
154 253
197 296
136 235
96 195
5 104
68 167
63 162
21 120
154 253
141 240
178 277
82 181
95 194
189 288
183 282
158 257
163 262
79 178
102 201
196 295
25 124
156 255
27 126
6 105
42 141
161 260
80 179
158 257
97 196
147 246
66 165
66 165
137 236
115 214
165 264
41 140
98 197
72 171
77 176
189 288
90 189
128 227
184 283
38 137
10 109
167 266
76 175
54 153
116 215
64 163
41 140
174 273
178 277
43 142
104 203
156 255
49 148
175 274
81 180
170 269
110 209
163 262
22 121
33 132
188 287
42 141
148 247
161 260
51 150
143 242
0 99
191 290
186 285
14 113
9 108
155 254
1 100
143 242
90 189
108 207
23 122
129 228
9 108
64 163
87 186
46 145
25 124
105 204
174 273
10 109
172 271
120 219
27 126
122 221
161 260
68 167
105 204
105 204
17 116
38 137
162 261
165 264
170 269
0 99
77 176
163 262
33 132
73 172
180 279
119 218
110 209
189 288
137 236
65 164
37 136
14 113
12 111
80 179
56 155
96 195
165 264
47 146
56 155
109 208
181 280
126 225
171 270
140 239
90 189
69 168
176 275
87 186
143 242
46 145
143 242
6 105
2 101
126 225
20 119
10 109
169 268
119 218
66 165
29 128
40 139
64 163
115 214
123 222
192 291
11 110
98 197
197 296
22 121
45 144
14 113
90 189
76 175
26 125
68 167
113 212
70 169
171 270
157 256
179 278
138 237
86 185
24 123
55 154
135 234
97 196
33 132
197 296
58 157
128 227
43 142
115 214
14 113
111 210
165 264
160 259
89 188
116 215
50 149
154 253
73 172
91 190
131 230
194 293
109 208
19 118
112 211
174 273
149 248
32 131
37 136
145 244
61 160
71 170
0 99
99 198
121 220
59 158
191 290
130 229
66 165
196 295
129 228
109 208
52 151
25 124
93 192
4 103
34 133
2 101
135 234
168 267
30 129
150 249
174 273
124 223
85 184
190 289
56 155
114 213
3 102
120 219
84 183
185 284
54 153
136 235
172 271
74 173
150 249
13 112
36 135
90 189
113 212
56 155
101 200
102 201
196 295
48 147
55 154
43 142
8 107
74 173
9 108
197 296
63 162
32 131
56 155
87 186
83 182
141 240
163 262
20 119
17 116
173 272
62 161
119 218
15 114
92 191
125 224
7 106
114 213
166 265
8 107
29 128
147 246
40 139
193 292
124 223
17 116
119 218
107 206
165 264
196 295
65 164
126 225
181 280
44 143
98 197
114 213
159 258
50 149
15 114
101 200
88 187
75 174
106 205
182 281
148 247
180 279
65 164
188 287
78 177
154 253
17 116
154 253
120 219
157 256
137 236
86 185
6 105
37 136
144 243
177 276
100 199
36 135
98 197
104 203
174 273
119 218
119 218
175 274
75 174
111 210
191 290
136 235
141 240
123 222
191 290
95 194
47 146
190 289
35 134
48 147
141 240
133 232
51 150
49 148
7 106
65 164
14 113
95 194
14 113
160 259
90 189
54 153
25 124
96 195
168 267
19 118
42 141
154 253
196 295
68 167
141 240
12 111
35 134
33 132
3 102
73 172
108 207
94 193
109 208
28 127
193 292
56 155
31 130
162 261
194 293
196 295
85 184
158 257
150 249
19 118
81 180
3 102
116 215
175 274
181 280
181 280
36 135
8 107
150 249
92 191
112 211
87 186
91 190
81 180
18 117
184 283
186 285
39 138
180 279
16 115
33 132
142 241
174 273
163 262
121 220
185 284
127 226
145 244
67 166
168 267
51 150
109 208
13 112
57 156
92 191
53 152
25 124
147 246
168 267
183 282
52 151
129 228
173 272
144 243
49 148
106 205
122 221
156 255
55 154
22 121
116 215
125 224
69 168
34 133
55 154
69 168
167 266
170 269
14 113
122 221
154 253
165 264
131 230
46 145
139 238
18 117
158 257
57 156
10 109
83 182
134 233
138 237
147 246
41 140
83 182
93 192
74 173
190 289
21 120
9 108
41 140
83 182
80 179
75 174
53 152
174 273
39 138
187 286
3 102
131 230
168 267
16 115
33 132
46 145
141 240
28 127
62 161
141 240
78 177
47 146
80 179
120 219
78 177
150 249
128 227
177 276
184 283
153 252
29 128
92 191
109 208
188 287
104 203
25 124
150 249
7 106
122 221
40 139
123 222
58 157
91 190
108 207
105 204
113 212
19 118
189 288
79 178
61 160
110 209
149 248
45 144
142 241
55 154
179 278
170 269
13 112
79 178
179 278
107 206
43 142
126 225
193 292
179 278
184 283
64 163
50 149
166 265
164 263
140 239
84 183
76 175
54 153
126 225
160 259
73 172
74 173
86 185
66 165
134 233
171 270
113 212
196 295
98 197
53 152
99 198
67 166
102 201
54 153
106 205
161 260
113 212
64 163
93 192
99 198
8 107
192 291
82 181
188 287
113 212
138 237
67 166
179 278
51 150
30 129
52 151
15 114
30 129
68 167
3 102
179 278
14 113
53 152
145 244
58 157
68 167
136 235
88 187
79 178
37 136
158 257
65 164
80 179
0 99
182 281
117 216
99 198
30 129
185 284
172 271
95 194
72 171
99 198
137 236
188 287
12 111
4 103
137 236
163 262
4 103
110 209
87 186
140 239
9 108
179 278
154 253
84 183
5 104
187 286
182 281
126 225
151 250
175 274
88 187
128 227
49 148
96 195
110 209
183 282
49 148
1 100
89 188
25 124
34 133
192 291
89 188
27 126
154 253
182 281
16 115
163 262
94 193
26 125
29 128
98 197
165 264
129 228
142 241
150 249
105 204
25 124
176 275
192 291
132 231
170 269
103 202
57 156
113 212
167 266
135 234
42 141
110 209
106 205
83 182
192 291
32 131
60 159
112 211
41 140
117 216
114 213
108 207
64 163
77 176
96 195
56 155
180 279
78 177
150 249
182 281
185 284
92 191
55 154
163 262
124 223
146 245
180 279
159 258
19 118
140 239
79 178
186 285
77 176
130 229
103 202
174 273
108 207
175 274
91 190
38 137
191 290
140 239
17 116
86 185
83 182
70 169
57 156
23 122
66 165
134 233
136 235
31 130
13 112
114 213
159 258
185 284
159 258
177 276
178 277
46 145
105 204
147 246
97 196
109 208
101 200
133 232
28 127
129 228
126 225
35 134
126 225
84 183
184 283
66 165
81 180
56 155
81 180
41 140
138 237
174 273
108 207
146 245
53 152
139 238
197 296
118 217
94 193
42 141
178 277
167 266
155 254
0 99
47 146
165 264
151 250
39 138
126 225
162 261
151 250
86 185
32 131
162 261
180 279
70 169
195 294
163 262
165 264
176 275
1 100
66 165
37 136
51 150
175 274
35 134
83 182
104 203
119 218
140 239
133 232
47 146
188 287
9 108
153 252
88 187
71 170
58 157
77 176
187 286
189 288
122 221
120 219
64 163
48 147
52 151
146 245
65 164
61 160
126 225
181 280
49 148
144 243
108 207
38 137
184 283
39 138
121 220
141 240
192 291
142 241
106 205
125 224
173 272
23 122
130 229
129 228
67 166
172 271
141 240
135 234
125 224
82 181
115 214
56 155
3 102
186 285
197 296
7 106
112 211
175 274
107 206
85 184
107 206
6 105
189 288
128 227
117 216
154 253
127 226
121 220
174 273
75 174
58 157
182 281
119 218
160 259
10 109
153 252
4 103
148 247
34 133
63 162
161 260
104 203
13 112
39 138
61 160
183 282
41 140
134 233
80 179
79 178
25 124
44 143
96 195
165 264
95 194
52 151
187 286
2 101
89 188
68 167
128 227
37 136
156 255
193 292
2 101
55 154
154 253
138 237
32 131
132 231
67 166
40 139
11 110
119 218
165 264
105 204
39 138
186 285
75 174
74 173
156 255
170 269
112 211
131 230
174 273
150 249
89 188
187 286
68 167
52 151
8 107
20 119
100 199
181 280
179 278
5 104
42 141
151 250
83 182
136 235
57 156
171 270
52 151
38 137
0 99
95 194
181 280
117 216
107 206
132 231
126 225
188 287
123 222
52 151
158 257
31 130
61 160
43 142
66 165
196 295
32 131
112 211
196 295
190 289
0 99
27 126
145 244
126 225
32 131
11 110
87 186
93 192
148 247
90 189
117 216
49 148
152 251
123 222
131 230
0 99
53 152
189 288
190 289
60 159
72 171
39 138
187 286
19 118
94 193
138 237
1 100
141 240
151 250
16 115
137 236
130 229
142 241
77 176
123 222
122 221
137 236
195 294
117 216
155 254
26 125
88 187
193 292
108 207
12 111
24 123
131 230
122 221
97 196
2 101
119 218
94 193
27 126
69 168
33 132
184 283
136 235
92 191
70 169
28 127
56 155
162 261
99 198
42 141
125 224
78 177
112 211
16 115
168 267
107 206
18 117
89 188
180 279
186 285
197 296
196 295
181 280
97 196
138 237
164 263
118 217
52 151
174 273
184 283
150 249
169 268
76 175
50 149
171 270
104 203
59 158
9 108
45 144
57 156
58 157
113 212
26 125
76 175
193 292
137 236
77 176
35 134
43 142
149 248
152 251
119 218
35 134
118 217
75 174
22 121
193 292
84 183
164 263
140 239
176 275
124 223
97 196
184 283
90 189
67 166
0 99
78 177
182 281
166 265
152 251
104 203
70 169
130 229
90 189
160 259
137 236
6 105
11 110
102 201
135 234
176 275
188 287
3 102
35 134
72 171
118 217
51 150
173 272
48 147
82 181
39 138
13 112
115 214
38 137
163 262
118 217
76 175
51 150
125 224
31 130
182 281
181 280
161 260
44 143
141 240
15 114
180 279
167 266
183 282
7 106
103 202
182 281
167 266
124 223
194 293
150 249
43 142
159 258
142 241
133 232
0 99
90 189
167 266
15 114
72 171
192 291
103 202
165 264
2 101
196 295
48 147
59 158
63 162
15 114
143 242
173 272
71 170
70 169
134 233
10 109
121 220
189 288
147 246
112 211
192 291
61 160
151 250
125 224
94 193
72 171
57 156
176 275
180 279
162 261
29 128
51 150
183 282
67 166
67 166
196 295
195 294
47 146
133 232
39 138
156 255
148 247
196 295
136 235
29 128
50 149
144 243
121 220
13 112
189 288
74 173
52 151
184 283
186 285
112 211
87 186
36 135
51 150
71 170
40 139
178 277
11 110
103 202
94 193
189 288
125 224
81 180
11 110
165 264
62 161
122 221
170 269
144 243
96 195
36 135
66 165
27 126
178 277
138 237
123 222
3 102
190 289
113 212
84 183
128 227
178 277
172 271
56 155
183 282
108 207
155 254
176 275
9 108
194 293
188 287
8 107
99 198
92 191
73 172
2 101
94 193
165 264
8 107
121 220
72 171
112 211
1 100
86 185
58 157
37 136
9 108
14 113
31 130
152 251
106 205
136 235
146 245
75 174
6 105
148 247
132 231
98 197
39 138
88 187
74 173
183 282
85 184
71 170
177 276
156 255
8 107
112 211
68 167
2 101
32 131
14 113
10 109
94 193
19 118
132 231
108 207
189 288
44 143
140 239
92 191
64 163
158 257
9 108
65 164
160 259
57 156
101 200
172 271
105 204
166 265
99 198
146 245
89 188
132 231
195 294
128 227
140 239
78 177
8 107
10 109
32 131
116 215
97 196
46 145
95 194
129 228
4 103
175 274
175 274
168 267
114 213
84 183
127 226
5 104
75 174
113 212
188 287
78 177
30 129
24 123
142 241
115 214
136 235
16 115
179 278
19 118
170 269
171 270
105 204
172 271
13 112
92 191
92 191
132 231
52 151
154 253
101 200
183 282
71 170
68 167
64 163
116 215
108 207
17 116
58 157
167 266
47 146
68 167
143 242
196 295
140 239
61 160
102 201
46 145
191 290
182 281
81 180
127 226
126 225
112 211
58 157
19 118
78 177
31 130
115 214
119 218
26 125
104 203
142 241
23 122
147 246
181 280
154 253
32 131
186 285
64 163
118 217
30 129
153 252
88 187
33 132
132 231
37 136
76 175
17 116
162 261
173 272
30 129
134 233
144 243
176 275
86 185
36 135
69 168
21 120
98 197
3 102
173 272
171 270
125 224
153 252
197 296
136 235
114 213
56 155
195 294
192 291
71 170
53 152
23 122
109 208
44 143
123 222
147 246
160 259
90 189
55 154
141 240
171 270
30 129
115 214
29 128
63 162
72 171
60 159
31 130
69 168
113 212
192 291
17 116
47 146
10 109
74 173
162 261
120 219
70 169
140 239
182 281
169 268
126 225
84 183
196 295
5 104
38 137
76 175
93 192
34 133
49 148
34 133
85 184
30 129
124 223
131 230
196 295
186 285
8 107
166 265
54 153
9 108
11 110
34 133
116 215
112 211
184 283
170 269
6 105
46 145
109 208
131 230
189 288
122 221
99 198
166 265
112 211
105 204
34 133
169 268
15 114
116 215
191 290
82 181
48 147
135 234
161 260
104 203
67 166
178 277
113 212
128 227
108 207
68 167
114 213
157 256
52 151
25 124
39 138
22 121
32 131
192 291
11 110
21 120
156 255
100 199
24 123
18 117
49 148
133 232
189 288
5 104
89 188
185 284
113 212
154 253
31 130
114 213
139 238
160 259
4 103
58 157
66 165
16 115
129 228
110 209
129 228
14 113
153 252
194 293
166 265
4 103
183 282
184 283
113 212
120 219
185 284
15 114
6 105
35 134
170 269
3 102
68 167
128 227
90 189
188 287
81 180
126 225
162 261
123 222
82 181
67 166
193 292
17 116
177 276
163 262
117 216
146 245
188 287
112 211
150 249
94 193
1 100
141 240
108 207
23 122
44 143
36 135
24 123
34 133
137 236
155 254
115 214
107 206
132 231
10 109
97 196
7 106
193 292
81 180
95 194
167 266
150 249
196 295
114 213
188 287
142 241
68 167
85 184
171 270
59 158
61 160
97 196
16 115
43 142
126 225
31 130
184 283
191 290
8 107
19 118
55 154
59 158
108 207
131 230
106 205
108 207
153 252
182 281
74 173
180 279
77 176
57 156
113 212
11 110
70 169
152 251
105 204
153 252
46 145
108 207
15 114
37 136
113 212
84 183
10 109
4 103
6 105
23 122
128 227
92 191
38 137
156 255
73 172
155 254
6 105
98 197
85 184
19 118
186 285
191 290
83 182
1 100
144 243
184 283
1 100
189 288
193 292
9 108
108 207
53 152
43 142
25 124
79 178
170 269
127 226
167 266
74 173
125 224
34 133
144 243
170 269
71 170
180 279
95 194
164 263
169 268
74 173
7 106
93 192
196 295
32 131
10 109
57 156
94 193
56 155
41 140
10 109
84 183
135 234
168 267
89 188
184 283
40 139
15 114
10 109
159 258
145 244
68 167
4 103
195 294
128 227
144 243
95 194
45 144
44 143
68 167
135 234
149 248
69 168
146 245
133 232
34 133
73 172
180 279
156 255
17 116
41 140
172 271
12 111
77 176
146 245
121 220
181 280
41 140
153 252
190 289
66 165
72 171
187 286
136 235
73 172
178 277
81 180
70 169
176 275
181 280
59 158
95 194
114 213
62 161
87 186
113 212
186 285
95 194
174 273
111 210
28 127
135 234
52 151
100 199
55 154
191 290
174 273
95 194
45 144
63 162
163 262
169 268
40 139
49 148
31 130
189 288
128 227
18 117
196 295
147 246
128 227
54 153
142 241
118 217
161 260
175 274
72 171
135 234
17 116
76 175
182 281
27 126
184 283
19 118
39 138
114 213
51 150
15 114
0 99
104 203
25 124
154 253
103 202
83 182
94 193
11 110
39 138
132 231
97 196
192 291
16 115
7 106
88 187
167 266
47 146
67 166
178 277
139 238
187 286
96 195
119 218
192 291
188 287
63 162
53 152
90 189
3 102
41 140
100 199
137 236
86 185
71 170
68 167
136 235
5 104
19 118
121 220
47 146
184 283
46 145
72 171
70 169
118 217
95 194
138 237
49 148
95 194
88 187
36 135
158 257
180 279
19 118
171 270
50 149
82 181
159 258
96 195
131 230
61 160
48 147
20 119
63 162
127 226
50 149
97 196
130 229
121 220
60 159
193 292
152 251
184 283
27 126
61 160
192 291
64 163
127 226
191 290
190 289
141 240
178 277
20 119
183 282
144 243
105 204
114 213
156 255
187 286
162 261
67 166
154 253
118 217
159 258
78 177
103 202
5 104
85 184
149 248
130 229
73 172
81 180
122 221
161 260
127 226
158 257
19 118
126 225
27 126
76 175
91 190
7 106
153 252
2 101
152 251
184 283
54 153
188 287
103 202
153 252
132 231
122 221
134 233
86 185
64 163
135 234
31 130
102 201
125 224
97 196
65 164
1 100
91 190
184 283
113 212
49 148
100 199
22 121
47 146
106 205
70 169
8 107
153 252
84 183
108 207
28 127
106 205
95 194
132 231
131 230
19 118
1 100
97 196
44 143
85 184
13 112
57 156
41 140
45 144
113 212
173 272
7 106
151 250
29 128
68 167
4 103
1 100
51 150
39 138
174 273
193 292
178 277
141 240
29 128
149 248
149 248
193 292
192 291
75 174
60 159
6 105
124 223
48 147
137 236
177 276
183 282
67 166
134 233
30 129
20 119
13 112
89 188
3 102
178 277
178 277
113 212
153 252
66 165
174 273
79 178
116 215
174 273
140 239
143 242
90 189
14 113
80 179
173 272
68 167
106 205
175 274
61 160
25 124
164 263
153 252
23 122
191 290
180 279
189 288
73 172
191 290
27 126
45 144
67 166
77 176
195 294
178 277
73 172
57 156
69 168
178 277
103 202
121 220
12 111
22 121
92 191
148 247
149 248
160 259
13 112
98 197
99 198
2 101
3 102
172 271
123 222
41 140
84 183
184 283
119 218
97 196
177 276
156 255
125 224
100 199
31 130
77 176
86 185
84 183
70 169
110 209
97 196
125 224
86 185
134 233
179 278
78 177
133 232
44 143
77 176
98 197
139 238
3 102
8 107
165 264
143 242
5 104
58 157
152 251
50 149
145 244
68 167
119 218
22 121
131 230
10 109
9 108
44 143
21 120
13 112
46 145
24 123
157 256
118 217
189 288
122 221
182 281
154 253
46 145
156 255
194 293
116 215
186 285
178 277
186 285
54 153
41 140
102 201
90 189
163 262
32 131
123 222
151 250
48 147
48 147
63 162
153 252
105 204
67 166
113 212
49 148
8 107
36 135
155 254
58 157
136 235
65 164
31 130
118 217
101 200
104 203
110 209
49 148
171 270
148 247
80 179
33 132
22 121
57 156
140 239
77 176
71 170
129 228
34 133
142 241
173 272
159 258
143 242
184 283
12 111
84 183
184 283
44 143
193 292
60 159
152 251
181 280
15 114
103 202
12 111
149 248
81 180
115 214
76 175
25 124
22 121
12 111
153 252
187 286
62 161
18 117
114 213
175 274
83 182
173 272
51 150
186 285
188 287
3 102
18 117
60 159
60 159
111 210
43 142
36 135
21 120
128 227
169 268
144 243
1 100
34 133
95 194
122 221
94 193
169 268
30 129
2 101
115 214
41 140
117 216
56 155
53 152
92 191
43 142
128 227
77 176
66 165
166 265
167 266
21 120
155 254
148 247
158 257
137 236
13 112
132 231
111 210
82 181
105 204
23 122
13 112
24 123
70 169
19 118
108 207
82 181
75 174
69 168
32 131
109 208
32 131
178 277
25 124
85 184
123 222
123 222
104 203
4 103
31 130
70 169
139 238
74 173
36 135
38 137
117 216
63 162
97 196
166 265
173 272
92 191
152 251
181 280
149 248
91 190
54 153
186 285
192 291
60 159
137 236
122 221
158 257
38 137
155 254
138 237
77 176
60 159
115 214
2 101
158 257
17 116
29 128
70 169
101 200
102 201
181 280
95 194
182 281
195 294
28 127
142 241
170 269
73 172
33 132
94 193
20 119
125 224
24 123
28 127
99 198
163 262
129 228
63 162
121 220
156 255
108 207
67 166
149 248
63 162
165 264
59 158
33 132
127 226
83 182
114 213
38 137
22 121
39 138
140 239
40 139
43 142
164 263
19 118
121 220
35 134
170 269
165 264
23 122
122 221
48 147
78 177
105 204
156 255
138 237
135 234
85 184
136 235
100 199
68 167
67 166
108 207
197 296
34 133
2 101
71 170
70 169
168 267
87 186
59 158
177 276
145 244
95 194
51 150
70 169
82 181
41 140
175 274
148 247
36 135
80 179
23 122
5 104
1 100
191 290
149 248
126 225
29 128
18 117
128 227
117 216
51 150
141 240
132 231
60 159
42 141
187 286
151 250
29 128
76 175
111 210
1 100
136 235
104 203
50 149
161 260
190 289
29 128
133 232
31 130
192 291
24 123
98 197
178 277
63 162
197 296
134 233
90 189
101 200
194 293
132 231
43 142
115 214
111 210
76 175
131 230
21 120
52 151
37 136
2 101
8 107
153 252
136 235
163 262
68 167
164 263
10 109
147 246
84 183
187 286
152 251
119 218
132 231
130 229
174 273
27 126
194 293
48 147
47 146
170 269
58 157
108 207
91 190
3 102
117 216
179 278
179 278
33 132
183 282
49 148
13 112
111 210
74 173
127 226
190 289
46 145
43 142
103 202
84 183
28 127
115 214
185 284
15 114
110 209
97 196
197 296
147 246
60 159
103 202
14 113
17 116
47 146
49 148
41 140
23 122
190 289
26 125
48 147
5 104
162 261
112 211
14 113
89 188
108 207
90 189
156 255
57 156
46 145
30 129
101 200
37 136
150 249
143 242
168 267
71 170
95 194
52 151
84 183
36 135
82 181
38 137
154 253
52 151
123 222
36 135
79 178
88 187
49 148
32 131
126 225
137 236
19 118
98 197
74 173
169 268
120 219
194 293
144 243
126 225
161 260
4 103
97 196
192 291
125 224
14 113
131 230
117 216
17 116
125 224
65 164
14 113
58 157
31 130
19 118
132 231
11 110
60 159
192 291
97 196
190 289
128 227
102 201
77 176
159 258
175 274
37 136
126 225
79 178
47 146
47 146
173 272
82 181
188 287
145 244
105 204
139 238
78 177
116 215
1 100
125 224
173 272
137 236
111 210
26 125
69 168
180 279
180 279
79 178
36 135
135 234
184 283
148 247
59 158
153 252
174 273
160 259
170 269
186 285
157 256
122 221
52 151
126 225
68 167
166 265
129 228
120 219
63 162
30 129
193 292
46 145
46 145
132 231
116 215
138 237
13 112
166 265
86 185
146 245
51 150
32 131
100 199
115 214
127 226
64 163
108 207
68 167
23 122
176 275
132 231
98 197
190 289
49 148
172 271
86 185
65 164
162 261
11 110
70 169
68 167
43 142
49 148
72 171
47 146
10 109
1 100
177 276
25 124
115 214
160 259
177 276
87 186
131 230
174 273
107 206
37 136
140 239
29 128
195 294
41 140
149 248
48 147
86 185
89 188
120 219
100 199
168 267
76 175
157 256
102 201
24 123
45 144
17 116
90 189
45 144
104 203
79 178
54 153
188 287
157 256
178 277
8 107
75 174
81 180
76 175
78 177
185 284
108 207
49 148
87 186
103 202
142 241
26 125
150 249
66 165
22 121
79 178
39 138
153 252
3 102
109 208
107 206
113 212
116 215
180 279
90 189
188 287
197 296
179 278
21 120
84 183
35 134
43 142
108 207
92 191
94 193
49 148
32 131
12 111
34 133
186 285
195 294
86 185
8 107
89 188
84 183
90 189
27 126
135 234
93 192
85 184
60 159
159 258
105 204
41 140
167 266
141 240
73 172
107 206
132 231
153 252
34 133
195 294
169 268
161 260
47 146
123 222
114 213
3 102
66 165
113 212
52 151
46 145
105 204
125 224
127 226
19 118
109 208
126 225
159 258
171 270
181 280
75 174
190 289
12 111
38 137
95 194
27 126
5 104
114 213
13 112
123 222
78 177
164 263
119 218
105 204
174 273
145 244
70 169
192 291
49 148
136 235
62 161
129 228
84 183
150 249
173 272
171 270
111 210
169 268
83 182
143 242
135 234
132 231
8 107
71 170
64 163
73 172
26 125
7 106
131 230
150 249
84 183
64 163
138 237
48 147
164 263
197 296
158 257
92 191
168 267
192 291
109 208
161 260
44 143
137 236
112 211
75 174
10 109
69 168
162 261
158 257
175 274
87 186
96 195
18 117
6 105
74 173
184 283
185 284
171 270
60 159
58 157
131 230
83 182
169 268
73 172
38 137
151 250
121 220
66 165
156 255
21 120
114 213
23 122
82 181
164 263
81 180
170 269
66 165
74 173
129 228
113 212
32 131
173 272
46 145
192 291
133 232
110 209
87 186
60 159
53 152
197 296
121 220
70 169
115 214
0 99
127 226
1 100
46 145
100 199
143 242
172 271
70 169
167 266
23 122
78 177
34 133
10 109
50 149
65 164
109 208
101 200
126 225
184 283
181 280
44 143
175 274
72 171
15 114
11 110
155 254
189 288
7 106
164 263
143 242
53 152
60 159
25 124
68 167
101 200
2 101
11 110
142 241
142 241
180 279
19 118
51 150
35 134
64 163
104 203
133 232
51 150
118 217
99 198
56 155
165 264
56 155
64 163
166 265
41 140
5 104
166 265
154 253
170 269
157 256
112 211
104 203
15 114
150 249
180 279
29 128
139 238
161 260
6 105
93 192
21 120
7 106
133 232
18 117
54 153
143 242
25 124
33 132
79 178
117 216
42 141
177 276
159 258
135 234
115 214
17 116
73 172
113 212
51 150
49 148
26 125
41 140
180 279
152 251
76 175
89 188
4 103
197 296
197 296
118 217
40 139
156 255
144 243
181 280
197 296
98 197
5 104
186 285
47 146
197 296
149 248
185 284
120 219
27 126
47 146
98 197
105 204
180 279
100 199
22 121
91 190
4 103
114 213
23 122
41 140
86 185
36 135
5 104
81 180
148 247
72 171
120 219
111 210
59 158
81 180
92 191
45 144
78 177
68 167
121 220
26 125
194 293
192 291
62 161
172 271
168 267
146 245
99 198
9 108
51 150
126 225
16 115
8 107
70 169
154 253
23 122
139 238
127 226
24 123
11 110
181 280
70 169
109 208
94 193
64 163
186 285
41 140
108 207
160 259
84 183
98 197
13 112
187 286
193 292
163 262
117 216
131 230
57 156
82 181
176 275
153 252
70 169
149 248
23 122
73 172
128 227
77 176
178 277
101 200
192 291
66 165
66 165
192 291
193 292
136 235
39 138
53 152
144 243
50 149
173 272
111 210
170 269
155 254
13 112
168 267
169 268
78 177
66 165
1 100
184 283
74 173
36 135
167 266
100 199
79 178
134 233
1 100
157 256
177 276
55 154
93 192
117 216
67 166
7 106
50 149
140 239
114 213
27 126
116 215
71 170
43 142
11 110
119 218
7 106
82 181
120 219
89 188
27 126
197 296
103 202
30 129
11 110
149 248
134 233
113 212
164 263
22 121
154 253
17 116
57 156
160 259
43 142
154 253
61 160
78 177
91 190
20 119
43 142
135 234
43 142
63 162
97 196
135 234
74 173
173 272
46 145
152 251
49 148
177 276
183 282
175 274
15 114
26 125
165 264
57 156
8 107
62 161
167 266
154 253
20 119
82 181
133 232
6 105
27 126
55 154
162 261
86 185
161 260
154 253
24 123
188 287
97 196
187 286
7 106
25 124
8 107
132 231
63 162
124 223
57 156
148 247
76 175
68 167
177 276
3 102
145 244
74 173
31 130
63 162
182 281
93 192
102 201
189 288
118 217
184 283
14 113
34 133
115 214
4 103
96 195
105 204
12 111
74 173
189 288
38 137
109 208
90 189
1 100
153 252
84 183
46 145
125 224
179 278
49 148
57 156
70 169
142 241
107 206
175 274
4 103
51 150
83 182
111 210
84 183
63 162
18 117
31 130
188 287
31 130
180 279
59 158
4 103
59 158
104 203
130 229
193 292
2 101
122 221
26 125
68 167
128 227
179 278
31 130
39 138
186 285
77 176
13 112
51 150
114 213
35 134
157 256
74 173
13 112
170 269
156 255
53 152
1 100
183 282
116 215
171 270
115 214
5 104
33 132
83 182
146 245
8 107
155 254
98 197
52 151
28 127
50 149
90 189
135 234
165 264
146 245
129 228
102 201
76 175
47 146
110 209
109 208
145 244
147 246
116 215
19 118
54 153
193 292
146 245
57 156
184 283
66 165
191 290
47 146
134 233
14 113
36 135
174 273
22 121
196 295
100 199
13 112
92 191
145 244
66 165
72 171
109 208
146 245
47 146
1 100
50 149
124 223
95 194
183 282
188 287
104 203
192 291
6 105
84 183
180 279
22 121
106 205
193 292
74 173
94 193
75 174
12 111
8 107
56 155
69 168
13 112
31 130
161 260
56 155
109 208
189 288
39 138
173 272
146 245
12 111
136 235
175 274
161 260
186 285
174 273
71 170
23 122
75 174
140 239
70 169
4 103
56 155
51 150
71 170
58 157
84 183
9 108
119 218
103 202
48 147
94 193
34 133
91 190
85 184
150 249
46 145
167 266
149 248
58 157
110 209
141 240
141 240
54 153
159 258
87 186
120 219
127 226
95 194
112 211
130 229
21 120
162 261
35 134
102 201
73 172
35 134
82 181
26 125
152 251
130 229
121 220
79 178
3 102
1 100
109 208
145 244
156 255
43 142
55 154
91 190
78 177
101 200
153 252
17 116
113 212
67 166
118 217
84 183
143 242
5 104
70 169
82 181
151 250
133 232
51 150
141 240
23 122
195 294
89 188
63 162
155 254
143 242
147 246
20 119
5 104
130 229
98 197
154 253
128 227
80 179
36 135
196 295
126 225
99 198
170 269
162 261
98 197
177 276
32 131
63 162
169 268
153 252
19 118
157 256
188 287
40 139
154 253
107 206
55 154
50 149
113 212
69 168
136 235
20 119
159 258
197 296
69 168
85 184
40 139
117 216
182 281
47 146
66 165
11 110
175 274
74 173
22 121
186 285
54 153
60 159
137 236
51 150
116 215
57 156
120 219
184 283
130 229
78 177
43 142
43 142
196 295
8 107
148 247
18 117
104 203
28 127
1 100
194 293
18 117
180 279
42 141
163 262
2 101
143 242
170 269
176 275
75 174
126 225
161 260
68 167
80 179
172 271
186 285
57 156
133 232
89 188
138 237
176 275
23 122
182 281
13 112
187 286
85 184
49 148
15 114
8 107
49 148
162 261
111 210
33 132
187 286
147 246
2 101
99 198
99 198
87 186
128 227
97 196
10 109
145 244
17 116
137 236
171 270
181 280
76 175
133 232
120 219
45 144
171 270
18 117
59 158
169 268
148 247
98 197
124 223
87 186
160 259
166 265
41 140
159 258
1 100
71 170
174 273
117 216
78 177
31 130
132 231
151 250
1 100
78 177
175 274
92 191
172 271
33 132
26 125
22 121
87 186
193 292
148 247
131 230
184 283
1 100
137 236
98 197
138 237
196 295
149 248
84 183
136 235
123 222
88 187
40 139
102 201
196 295
185 284
193 292
132 231
79 178
184 283
32 131
5 104
157 256
40 139
175 274
151 250
75 174
137 236
196 295
173 272
167 266
144 243
86 185
115 214
134 233
55 154
106 205
144 243
110 209
74 173
105 204
6 105
161 260
40 139
28 127
26 125
150 249
5 104
193 292
84 183
161 260
47 146
47 146
147 246
2 101
161 260
25 124
6 105
172 271
90 189
46 145
57 156
74 173
13 112
123 222
142 241
85 184
10 109
65 164
101 200
176 275
93 192
2 101
58 157
62 161
193 292
128 227
104 203
30 129
52 151
14 113
41 140
61 160
62 161
115 214
157 256
51 150
34 133
56 155
22 121
16 115
181 280
65 164
146 245
16 115
86 185
65 164
61 160
146 245
181 280
6 105
27 126
180 279
87 186
83 182
30 129
136 235
157 256
12 111
120 219
157 256
47 146
85 184
158 257
115 214
124 223
56 155
88 187
59 158
122 221
81 180
143 242
29 128
57 156
27 126
147 246
194 293
178 277
106 205
67 166
12 111
47 146
117 216
120 219
59 158
187 286
75 174
190 289
5 104
43 142
102 201
109 208
30 129
22 121
79 178
27 126
161 260
11 110
82 181
159 258
112 211
142 241
173 272
149 248
164 263
161 260
152 251
92 191
123 222
69 168
136 235
138 237
150 249
182 281
163 262
58 157
57 156
17 116
34 133
135 234
96 195
69 168
134 233
9 108
36 135
95 194
73 172
56 155
75 174
101 200
171 270
124 223
172 271
195 294
40 139
184 283
186 285
130 229
139 238
130 229
135 234
74 173
192 291
118 217
89 188
133 232
42 141
142 241
5 104
70 169
16 115
105 204
51 150
138 237
76 175
89 188
23 122
45 144
147 246
163 262
180 279
156 255
161 260
165 264
136 235
23 122
68 167
151 250
78 177
187 286
154 253
21 120
173 272
175 274
73 172
32 131
169 268
22 121
176 275
83 182
91 190
0 99
197 296
130 229
93 192
30 129
78 177
48 147
48 147
166 265
157 256
23 122
153 252
21 120
31 130
78 177
138 237
165 264
191 290
139 238
2 101
128 227
16 115
35 134
168 267
176 275
0 99
170 269
95 194
120 219
38 137
28 127
169 268
112 211
143 242
22 121
105 204
25 124
66 165
61 160
145 244
120 219
11 110
53 152
83 182
42 141
87 186
196 295
178 277
149 248
18 117
38 137
175 274
138 237
178 277
74 173
60 159
153 252
119 218
69 168
105 204
66 165
180 279
39 138
20 119
192 291
77 176
4 103
149 248
192 291
32 131
75 174
42 141
137 236
161 260
54 153
25 124
151 250
56 155
92 191
165 264
5 104
114 213
29 128
67 166
165 264
65 164
129 228
63 162
167 266
32 131
5 104
120 219
43 142
96 195
0 99
3 102
45 144
48 147
163 262
141 240
14 113
188 287
11 110
188 287
188 287
149 248
107 206
133 232
45 144
29 128
182 281
40 139
93 192
180 279
87 186
93 192
24 123
116 215
118 217
36 135
154 253
24 123
123 222
105 204
118 217
96 195
60 159
186 285
121 220
112 211
196 295
9 108
36 135
30 129
82 181
67 166
100 199
121 220
169 268
24 123
173 272
127 226
194 293
158 257
118 217
101 200
185 284
127 226
107 206
180 279
165 264
10 109
26 125
9 108
192 291
23 122
158 257
7 106
91 190
23 122
60 159
120 219
115 214
19 118
110 209
111 210
116 215
61 160
45 144
170 269
137 236
141 240
32 131
73 172
33 132
140 239
59 158
86 185
44 143
82 181
39 138
107 206
148 247
181 280
73 172
34 133
144 243
34 133
46 145
62 161
71 170
94 193
65 164
47 146
9 108
145 244
77 176
168 267
110 209
88 187
73 172
155 254
40 139
150 249
53 152
126 225
170 269
90 189
78 177
134 233
48 147
193 292
22 121
193 292
139 238
162 261
166 265
40 139
46 145
56 155
152 251
115 214
133 232
147 246
15 114
110 209
32 131
17 116
84 183
22 121
36 135
129 228
99 198
126 225
127 226
116 215
86 185
7 106
6 105
97 196
180 279
159 258
64 163
151 250
160 259
127 226
116 215
27 126
80 179
56 155
175 274
146 245
193 292
8 107
179 278
76 175
150 249
56 155
172 271
35 134
2 101
196 295
8 107
39 138
119 218
144 243
13 112
48 147
97 196
185 284
6 105
123 222
46 145
36 135
94 193
194 293
190 289
80 179
146 245
152 251
120 219
152 251
99 198
100 199
73 172
148 247
160 259
165 264
78 177
104 203
29 128
188 287
99 198
133 232
2 101
148 247
5 104
85 184
2 101
2 101
97 196
115 214
18 117
25 124
137 236
69 168
89 188
133 232
38 137
160 259
5 104
5 104
91 190
163 262
163 262
188 287
115 214
85 184
182 281
98 197
180 279
4 103
10 109
103 202
91 190
99 198
89 188
183 282
60 159
72 171
91 190
27 126
56 155
118 217
151 250
125 224
39 138
41 140
162 261
9 108
133 232
102 201
70 169
193 292
187 286
188 287
170 269
76 175
129 228
71 170
161 260
34 133
109 208
151 250
114 213
147 246
178 277
30 129
189 288
73 172
131 230
39 138
84 183
132 231
93 192
62 161
58 157
147 246
129 228
98 197
67 166
63 162
102 201
63 162
160 259
14 113
38 137
173 272
40 139
122 221
118 217
182 281
15 114
102 201
92 191
29 128
4 103
112 211
41 140
51 150
194 293
7 106
94 193
172 271
163 262
152 251
164 263
151 250
78 177
55 154
11 110
51 150
14 113
121 220
167 266
69 168
1 100
164 263
21 120
110 209
24 123
184 283
1 100
139 238
13 112
104 203
142 241
76 175
148 247
138 237
168 267
71 170
96 195
16 115
16 115
112 211
90 189
149 248
82 181
155 254
104 203
49 148
92 191
196 295
195 294
57 156
138 237
188 287
150 249
130 229
40 139
65 164
9 108
133 232
94 193
132 231
185 284
14 113
34 133
93 192
13 112
197 296
189 288
78 177
178 277
184 283
92 191
48 147
97 196
92 191
41 140
36 135
171 270
119 218
81 180
64 163
193 292
42 141
185 284
150 249
80 179
33 132
30 129
150 249
150 249
139 238
169 268
145 244
68 167
154 253
147 246
80 179
174 273
142 241
84 183
194 293
175 274
184 283
51 150
117 216
186 285
129 228
19 118
43 142
49 148
196 295
10 109
187 286
70 169
162 261
170 269
174 273
48 147
91 190
49 148
190 289
155 254
27 126
192 291
65 164
127 226
114 213
27 126
138 237
193 292
127 226
72 171
101 200
41 140
137 236
128 227
145 244
94 193
136 235
107 206
160 259
141 240
145 244
122 221
99 198
7 106
99 198
72 171
50 149
18 117
82 181
11 110
97 196
86 185
11 110
71 170
193 292
125 224
95 194
137 236
103 202
6 105
77 176
21 120
192 291
157 256
126 225
11 110
43 142
192 291
108 207
157 256
167 266
23 122
23 122
129 228
54 153
25 124
109 208
29 128
22 121
156 255
28 127
72 171
70 169
149 248
182 281
95 194
193 292
104 203
51 150
108 207
118 217
181 280
102 201
74 173
180 279
26 125
102 201
147 246
99 198
17 116
43 142
179 278
110 209
67 166
51 150
183 282
150 249
43 142
124 223
92 191
2 101
37 136
72 171
159 258
78 177
133 232
6 105
24 123
139 238
190 289
60 159
117 216
41 140
14 113
149 248
165 264
144 243
31 130
53 152
166 265
174 273
107 206
151 250
9 108
62 161
13 112
28 127
174 273
118 217
97 196
156 255
44 143
43 142
148 247
110 209
14 113
156 255
147 246
8 107
53 152
3 102
147 246
129 228
93 192
125 224
0 99
65 164
14 113
93 192
109 208
64 163
126 225
46 145
167 266
76 175
102 201
100 199
47 146
130 229
92 191
103 202
63 162
17 116
126 225
161 260
13 112
54 153
43 142
66 165
61 160
72 171
90 189
136 235
183 282
54 153
8 107
43 142
158 257
29 128
197 296
176 275
40 139
148 247
51 150
57 156
13 112
87 186
173 272
0 99
162 261
140 239
13 112
108 207
71 170
31 130
82 181
174 273
188 287
78 177
16 115
148 247
157 256
28 127
171 270
71 170
130 229
115 214
2 101
48 147
143 242
130 229
16 115
139 238
41 140
96 195
156 255
90 189
79 178
87 186
163 262
123 222
186 285
30 129
55 154
178 277
45 144
130 229
193 292
32 131
62 161
185 284
34 133
194 293
17 116
88 187
80 179
109 208
81 180
107 206
54 153
10 109
148 247
76 175
10 109
24 123
119 218
130 229
181 280
166 265
174 273
88 187
7 106
64 163
8 107
46 145
140 239
192 291
86 185
157 256
47 146
86 185
63 162
148 247
69 168
106 205
160 259
52 151
52 151
187 286
51 150
164 263
92 191
145 244
102 201
60 159
37 136
111 210
192 291
74 173
109 208
24 123
177 276
76 175
147 246
16 115
144 243
178 277
17 116
92 191
193 292
117 216
175 274
49 148
178 277
190 289
39 138
65 164
15 114
54 153
155 254
186 285
178 277
137 236
98 197
145 244
2 101
86 185
111 210
101 200
71 170
20 119
30 129
66 165
45 144
38 137
185 284
81 180
74 173
147 246
127 226
99 198
173 272
147 246
7 106
175 274
177 276
41 140
118 217
150 249
162 261
6 105
12 111
146 245
135 234
187 286
26 125
123 222
73 172
125 224
140 239
48 147
138 237
184 283
89 188
185 284
26 125
87 186
150 249
170 269
62 161
48 147
83 182
196 295
171 270
146 245
54 153
5 104
17 116
128 227
108 207
125 224
150 249
17 116
128 227
151 250
71 170
98 197
167 266
175 274
54 153
171 270
129 228
139 238
158 257
90 189
51 150
169 268
127 226
76 175
67 166
100 199
172 271
33 132
123 222
94 193
151 250
112 211
59 158
47 146
1 100
97 196
138 237
175 274
89 188
102 201
69 168
98 197
45 144
75 174
127 226
172 271
41 140
89 188
138 237
131 230
39 138
125 224
77 176
95 194
105 204
14 113
98 197
192 291
98 197
143 242
169 268
120 219
113 212
185 284
132 231
129 228
176 275
36 135
40 139
172 271
120 219
126 225
138 237
139 238
3 102
39 138
167 266
41 140
66 165
110 209
23 122
122 221
117 216
153 252
103 202
60 159
113 212
187 286
184 283
165 264
50 149
186 285
133 232
22 121
45 144
150 249
173 272
130 229
52 151
59 158
7 106
18 117
90 189
94 193
58 157
52 151
7 106
168 267
93 192
28 127
21 120
168 267
80 179
128 227
147 246
153 252
159 258
40 139
179 278
140 239
147 246
83 182
51 150
194 293
62 161
82 181
80 179
51 150
42 141
112 211
173 272
71 170
28 127
88 187
181 280
164 263
29 128
69 168
16 115
7 106
85 184
157 256
124 223
70 169
6 105
92 191
183 282
11 110
105 204
158 257
114 213
130 229
140 239
121 220
163 262
140 239
107 206
79 178
92 191
54 153
191 290
187 286
169 268
153 252
67 166
62 161
177 276
151 250
36 135
2 101
43 142
155 254
15 114
187 286
108 207
173 272
154 253
10 109
66 165
20 119
191 290
32 131
175 274
82 181
96 195
115 214
24 123
172 271
125 224
171 270
51 150
144 243
154 253
153 252
180 279
5 104
89 188
12 111
44 143
116 215
86 185
188 287
39 138
88 187
61 160
58 157
150 249
43 142
38 137
186 285
102 201
41 140
148 247
164 263
28 127
111 210
170 269
98 197
195 294
100 199
1 100
165 264
144 243
41 140
58 157
161 260
56 155
69 168
134 233
53 152
38 137
122 221
29 128
86 185
106 205
153 252
15 114
23 122
142 241
120 219
98 197
59 158
34 133
14 113
164 263
2 101
117 216
48 147
149 248
173 272
83 182
110 209
180 279
34 133
46 145
196 295
8 107
66 165
138 237
60 159
138 237
74 173
0 99
133 232
110 209
67 166
176 275
129 228
5 104
134 233
101 200
77 176
121 220
165 264
150 249
175 274
140 239
126 225
4 103
197 296
184 283
154 253
93 192
121 220
23 122
2 101
183 282
41 140
156 255
71 170
3 102
195 294
172 271
123 222
165 264
93 192
78 177
196 295
133 232
113 212
160 259
182 281
108 207
87 186
62 161
190 289
70 169
155 254
163 262
91 190
46 145
96 195
150 249
59 158
169 268
114 213
127 226
112 211
164 263
147 246
87 186
51 150
82 181
15 114
53 152
95 194
86 185
100 199
185 284
150 249
161 260
168 267
116 215
3 102
143 242
142 241
140 239
132 231
98 197
113 212
15 114
55 154
97 196
13 112
53 152
88 187
70 169
166 265
11 110
197 296
63 162
51 150
112 211
133 232
76 175
179 278
26 125
146 245
69 168
73 172
13 112
161 260
181 280
152 251
105 204
170 269
178 277
14 113
122 221
197 296
37 136
72 171
44 143
79 178
38 137
160 259
55 154
124 223
185 284
197 296
87 186
151 250
106 205
109 208
165 264
152 251
121 220
12 111
145 244
93 192
21 120
4 103
58 157
197 296
181 280
133 232
118 217
155 254
139 238
74 173
59 158
18 117
106 205
117 216
184 283
13 112
35 134
95 194
179 278
36 135
0 99
171 270
4 103
47 146
73 172
124 223
141 240
8 107
163 262
39 138
17 116
95 194
134 233
43 142
15 114
54 153
165 264
152 251
40 139
100 199
71 170
2 101
196 295
110 209
87 186
33 132
175 274
9 108
20 119
99 198
25 124
121 220
20 119
78 177
130 229
14 113
5 104
128 227
97 196
92 191
32 131
153 252
85 184
127 226
15 114
164 263
73 172
168 267
111 210
116 215
43 142
80 179
77 176
14 113
27 126
130 229
95 194
59 158
158 257
79 178
171 270
2 101
171 270
85 184
2 101
113 212
171 270
87 186
47 146
88 187
42 141
155 254
110 209
27 126
197 296
35 134
28 127
49 148
101 200
142 241
95 194
132 231
159 258
82 181
114 213
92 191
131 230
106 205
146 245
183 282
187 286
37 136
130 229
56 155
142 241
4 103
50 149
67 166
144 243
185 284
15 114
92 191
195 294
186 285
137 236
83 182
30 129
88 187
190 289
25 124
87 186
50 149
118 217
129 228
119 218
166 265
165 264
16 115
102 201
197 296
184 283
31 130
37 136
147 246
154 253
124 223
54 153
12 111
43 142
53 152
29 128
117 216
28 127
2 101
155 254
36 135
91 190
151 250
72 171
93 192
86 185
114 213
1 100
26 125
50 149
62 161
33 132
190 289
195 294
71 170
93 192
120 219
37 136
169 268
188 287
65 164
137 236
76 175
83 182
52 151
176 275
20 119
136 235
183 282
137 236
18 117
165 264
163 262
123 222
49 148
20 119
54 153
138 237
101 200
153 252
17 116
125 224
94 193
42 141
158 257
180 279
178 277
30 129
114 213
94 193
11 110
38 137
54 153
181 280
161 260
25 124
68 167
24 123
24 123
67 166
16 115
55 154
47 146
143 242
132 231
56 155
123 222
151 250
143 242
160 259
63 162
65 164
29 128
155 254
125 224
69 168
18 117
158 257
133 232
177 276
10 109
84 183
121 220
182 281
9 108
95 194
80 179
84 183
102 201
35 134
91 190
144 243
9 108
126 225
114 213
30 129
192 291
87 186
14 113
100 199
104 203
36 135
165 264
8 107
23 122
106 205
83 182
138 237
17 116
148 247
140 239
62 161
146 245
29 128
174 273
63 162
21 120
1 100
15 114
104 203
103 202
196 295
42 141
167 266
154 253
171 270
60 159
197 296
148 247
165 264
24 123
137 236
174 273
160 259
64 163
53 152
192 291
35 134
77 176
166 265
186 285
0 99
129 228
2 101
29 128
185 284
91 190
35 134
170 269
102 201
189 288
25 124
174 273
155 254
170 269
58 157
95 194
47 146
20 119
68 167
192 291
12 111
112 211
142 241
166 265
124 223
172 271
13 112
86 185
155 254
107 206
162 261
46 145
34 133
112 211
193 292
153 252
138 237
102 201
67 166
11 110
123 222
95 194
34 133
39 138
108 207
58 157
25 124
145 244
185 284
95 194
87 186
110 209
110 209
69 168
51 150
178 277
14 113
154 253
27 126
135 234
84 183
39 138
59 158
143 242
33 132
55 154
146 245
104 203
162 261
111 210
120 219
181 280
175 274
109 208
125 224
25 124
62 161
147 246
117 216
182 281
86 185
116 215
189 288
55 154
89 188
195 294
45 144
195 294
48 147
33 132
77 176
195 294
101 200
106 205
88 187
9 108
104 203
119 218
0 99
50 149
43 142
59 158
68 167
83 182
66 165
31 130
53 152
150 249
52 151
178 277
86 185
11 110
134 233
92 191
161 260
130 229
6 105
84 183
138 237
46 145
96 195
135 234
141 240
136 235
145 244
168 267
12 111
60 159
92 191
164 263
101 200
154 253
193 292
68 167
132 231
87 186
177 276
125 224
155 254
4 103
23 122
103 202
119 218
117 216
143 242
103 202
37 136
127 226
118 217
14 113
119 218
83 182
128 227
179 278
18 117
13 112
137 236
56 155
97 196
191 290
6 105
44 143
126 225
65 164
9 108
114 213
71 170
124 223
11 110
1 100
28 127
174 273
111 210
72 171
29 128
38 137
138 237
10 109
181 280
20 119
5 104
137 236
163 262
120 219
102 201
191 290
136 235
0 99
120 219
137 236
56 155
101 200
146 245
122 221
61 160
46 145
170 269
157 256
172 271
131 230
63 162
21 120
141 240
122 221
111 210
87 186
23 122
171 270
46 145
65 164
92 191
65 164
115 214
49 148
182 281
175 274
168 267
44 143
192 291
82 181
180 279
109 208
113 212
81 180
158 257
2 101
166 265
141 240
179 278
124 223
48 147
152 251
56 155
79 178
90 189
167 266
135 234
43 142
55 154
105 204
161 260
71 170
162 261
144 243
50 149
31 130
97 196
46 145
190 289
160 259
195 294
142 241
65 164
97 196
127 226
47 146
91 190
182 281
0 99
56 155
141 240
128 227
87 186
129 228
58 157
150 249
0 99
16 115
6 105
107 206
27 126
196 295
182 281
115 214
22 121
49 148
154 253
104 203
55 154
70 169
133 232
70 169
46 145
92 191
141 240
25 124
1 100
92 191
136 235
71 170
99 198
160 259
191 290
43 142
138 237
28 127
123 222
175 274
109 208
52 151
147 246
30 129
94 193
45 144
148 247
23 122
20 119
1 100
143 242
185 284
177 276
187 286
120 219
191 290
188 287
53 152
29 128
70 169
193 292
58 157
5 104
166 265
13 112
110 209
170 269
38 137
71 170
79 178
111 210
159 258
55 154
169 268
73 172
161 260
182 281
87 186
43 142
65 164
40 139
137 236
155 254
85 184
90 189
47 146
119 218
53 152
59 158
5 104
135 234
80 179
33 132
132 231
143 242
2 101
130 229
61 160
191 290
127 226
29 128
69 168
82 181
184 283
5 104
153 252
22 121
101 200
63 162
6 105
190 289
97 196
131 230
192 291
66 165
83 182
120 219
166 265
74 173
82 181
35 134
54 153
141 240
166 265
2 101
53 152
107 206
92 191
36 135
89 188
116 215
99 198
20 119
78 177
168 267
104 203
6 105
16 115
8 107
11 110
4 103
72 171
170 269
99 198
104 203
24 123
192 291
40 139
126 225
155 254
112 211
108 207
172 271
37 136
8 107
58 157
191 290
183 282
77 176
174 273
111 210
116 215
70 169
182 281
29 128
174 273
137 236
126 225
180 279
2 101
170 269
49 148
186 285
31 130
166 265
71 170
97 196
169 268
72 171
12 111
38 137
27 126
78 177
83 182
127 226
92 191
186 285
68 167
194 293
13 112
134 233
92 191
42 141
192 291
196 295
88 187
104 203
116 215
146 245
14 113
171 270
34 133
149 248
108 207
14 113
162 261
91 190
14 113
120 219
3 102
121 220
53 152
35 134
177 276
168 267
52 151
112 211
114 213
22 121
174 273
55 154
36 135
129 228
142 241
111 210
183 282
27 126
139 238
126 225
122 221
183 282
109 208
192 291
81 180
154 253
182 281
50 149
188 287
66 165
114 213
62 161
153 252
77 176
169 268
134 233
194 293
12 111
115 214
106 205
19 118
176 275
73 172
46 145
141 240
159 258
9 108
149 248
158 257
124 223
49 148
83 182
162 261
1 100
36 135
15 114
100 199
79 178
39 138
115 214
175 274
183 282
77 176
50 149
148 247
16 115
103 202
165 264
42 141
29 128
179 278
183 282
73 172
194 293
25 124
3 102
72 171
117 216
123 222
148 247
149 248
93 192
116 215
19 118
8 107
119 218
29 128
131 230
178 277
171 270
92 191
45 144
157 256
157 256
140 239
9 108
111 210
89 188
11 110
107 206
80 179
176 275
113 212
108 207
23 122
30 129
193 292
28 127
156 255
31 130
58 157
11 110
126 225
180 279
16 115
167 266
147 246
133 232
178 277
71 170
134 233
43 142
13 112
181 280
140 239
182 281
34 133
89 188
197 296
161 260
3 102
14 113
33 132
7 106
34 133
101 200
133 232
194 293
157 256
190 289
173 272
150 249
91 190
73 172
48 147
168 267
58 157
133 232
180 279
175 274
104 203
50 149
88 187
70 169
4 103
124 223
151 250
80 179
196 295
66 165
126 225
129 228
78 177
14 113
85 184
76 175
124 223
25 124
25 124
157 256
158 257
171 270
114 213
17 116
165 264
178 277
8 107
14 113
31 130
180 279
96 195
27 126
196 295
75 174
176 275
176 275
12 111
116 215
145 244
146 245
31 130
15 114
3 102
49 148
57 156
98 197
63 162
181 280
153 252
38 137
29 128
60 159
45 144
107 206
192 291
120 219
44 143
80 179
46 145
139 238
35 134
57 156
131 230
139 238
15 114
66 165
42 141
136 235
99 198
72 171
188 287
139 238
167 266
11 110
182 281
176 275
191 290
122 221
56 155
132 231
176 275
142 241
62 161
52 151
99 198
12 111
57 156
51 150
177 276
40 139
147 246
83 182
125 224
47 146
7 106
136 235
124 223
147 246
5 104
132 231
159 258
112 211
41 140
9 108
115 214
4 103
46 145
167 266
158 257
148 247
47 146
13 112
40 139
115 214
50 149
39 138
64 163
149 248
66 165
21 120
100 199
77 176
76 175
177 276
195 294
197 296
117 216
23 122
159 258
147 246
136 235
22 121
21 120
170 269
121 220
15 114
97 196
134 233
59 158
158 257
47 146
106 205
159 258
192 291
102 201
106 205
3 102
93 192
135 234
115 214
72 171
144 243
52 151
168 267
195 294
135 234
147 246
151 250
43 142
140 239
97 196
67 166
192 291
186 285
134 233
24 123
196 295
132 231
64 163
91 190
177 276
95 194
14 113
3 102
22 121
148 247
49 148
95 194
64 163
47 146
10 109
9 108
118 217
102 201
173 272
141 240
97 196
104 203
110 209
92 191
15 114
127 226
30 129
172 271
118 217
95 194
2 101
56 155
55 154
30 129
98 197
56 155
179 278
103 202
106 205
102 201
19 118
3 102
38 137
184 283
42 141
98 197
18 117
80 179
67 166
57 156
160 259
188 287
12 111
179 278
14 113
88 187
14 113
8 107
177 276
74 173
182 281
96 195
116 215
66 165
145 244
126 225
102 201
117 216
152 251
60 159
142 241
3 102
2 101
132 231
102 201
29 128
38 137
108 207
174 273
52 151
192 291
112 211
165 264
57 156
146 245
51 150
115 214
111 210
147 246
91 190
146 245
139 238
190 289
52 151
107 206
190 289
95 194
101 200
30 129
21 120
183 282
120 219
50 149
196 295
84 183
44 143
109 208
55 154
68 167
47 146
16 115
133 232
56 155
94 193
13 112
152 251
18 117
4 103
64 163
163 262
152 251
65 164
20 119
173 272
126 225
78 177
171 270
8 107
60 159
76 175
188 287
33 132
86 185
49 148
130 229
20 119
127 226
126 225
113 212
111 210
140 239
89 188
114 213
80 179
9 108
145 244
121 220
113 212
152 251
14 113
42 141
168 267
162 261
178 277
89 188
194 293
139 238
99 198
127 226
139 238
194 293
181 280
45 144
54 153
2 101
92 191
16 115
59 158
64 163
22 121
72 171
98 197
89 188
56 155
63 162
146 245
82 181
172 271
76 175
1 100
140 239
0 99
19 118
36 135
134 233
3 102
6 105
7 106
42 141
18 117
189 288
32 131
72 171
181 280
116 215
29 128
64 163
69 168
119 218
105 204
72 171
91 190
43 142
26 125
77 176
4 103
183 282
130 229
51 150
6 105
59 158
110 209
132 231
155 254
197 296
166 265
114 213
62 161
43 142
129 228
154 253
192 291
93 192
1 100
104 203
112 211
102 201
112 211
129 228
176 275
123 222
83 182
168 267
81 180
95 194
195 294
131 230
75 174
46 145
166 265
131 230
35 134
53 152
25 124
134 233
10 109
92 191
112 211
21 120
101 200
11 110
97 196
158 257
169 268
82 181
142 241
127 226
94 193
89 188
179 278
120 219
97 196
20 119
66 165
87 186
132 231
80 179
126 225
192 291
18 117
115 214
4 103
158 257
27 126
142 241
36 135
68 167
137 236
93 192
29 128
188 287
6 105
50 149
54 153
42 141
87 186
168 267
13 112
68 167
2 101
79 178
11 110
105 204
132 231
27 126
129 228
10 109
171 270
74 173
162 261
158 257
38 137
144 243
165 264
1 100
73 172
17 116
143 242
48 147
171 270
18 117
93 192
45 144
82 181
50 149
3 102
139 238
169 268
6 105
130 229
87 186
177 276
196 295
175 274
183 282
174 273
164 263
25 124
96 195
119 218
0 99
197 296
111 210
122 221
132 231
67 166
190 289
145 244
85 184
122 221
167 266
112 211
192 291
93 192
76 175
139 238
11 110
181 280
55 154
186 285
181 280
172 271
98 197
50 149
153 252
69 168
184 283
150 249
168 267
95 194
105 204
16 115
46 145
157 256
62 161
161 260
183 282
141 240
135 234
147 246
53 152
156 255
30 129
14 113
83 182
68 167
107 206
131 230
100 199
155 254
31 130
190 289
126 225
189 288
14 113
194 293
122 221
164 263
150 249
59 158
194 293
185 284
32 131
12 111
112 211
97 196
128 227
176 275
132 231
153 252
11 110
124 223
66 165
59 158
189 288
188 287
194 293
92 191
178 277
152 251
196 295
63 162
11 110
134 233
164 263
24 123
188 287
108 207
89 188
112 211
191 290
26 125
195 294
171 270
17 116
155 254
45 144
159 258
175 274
61 160
65 164
124 223
140 239
136 235
104 203
139 238
45 144
182 281
43 142
175 274
44 143
50 149
182 281
63 162
41 140
37 136
15 114
109 208
100 199
158 257
176 275
51 150
22 121
56 155
135 234
19 118
41 140
14 113
163 262
161 260
118 217
131 230
92 191
183 282
97 196
53 152
2 101
125 224
186 285
170 269
187 286
2 101
179 278
193 292
61 160
194 293
178 277
33 132
68 167
16 115
34 133
60 159
184 283
66 165
164 263
154 253
46 145
39 138
125 224
31 130
2 101
138 237
109 208
54 153
15 114
94 193
125 224
185 284
101 200
141 240
135 234
17 116
123 222
137 236
155 254
85 184
191 290
0 99
145 244
53 152
44 143
176 275
28 127
176 275
1 100
129 228
76 175
66 165
86 185
77 176
15 114
152 251
113 212
96 195
127 226
83 182
43 142
177 276
191 290
61 160
57 156
186 285
195 294
58 157
33 132
41 140
166 265
58 157
125 224
159 258
67 166
103 202
119 218
23 122
147 246
148 247
189 288
72 171
124 223
22 121
60 159
116 215
103 202
195 294
63 162
77 176
76 175
116 215
37 136
197 296
120 219
33 132
140 239
87 186
183 282
50 149
177 276
137 236
94 193
35 134
23 122
7 106
13 112
86 185
60 159
144 243
24 123
159 258
128 227
13 112
14 113
116 215
192 291
63 162
5 104
25 124
70 169
22 121
0 99
34 133
75 174
97 196
152 251
61 160
137 236
125 224
116 215
85 184
71 170
169 268
157 256
91 190
0 99
30 129
113 212
40 139
193 292
138 237
113 212
187 286
12 111
51 150
87 186
82 181
5 104
59 158
75 174
55 154
41 140
118 217
168 267
94 193
59 158
195 294
4 103
55 154
111 210
17 116
184 283
42 141
37 136
123 222
191 290
5 104
55 154
45 144
26 125
17 116
58 157
57 156
164 263
12 111
191 290
87 186
126 225
160 259
17 116
154 253
63 162
171 270
95 194
193 292
154 253
16 115
87 186
13 112
52 151
46 145
142 241
84 183
123 222
102 201
25 124
66 165
2 101
55 154
120 219
192 291
24 123
170 269
53 152
56 155
193 292
185 284
190 289
101 200
26 125
30 129
97 196
42 141
149 248
191 290
117 216
79 178
126 225
163 262
48 147
109 208
134 233
153 252
73 172
55 154
87 186
30 129
166 265
58 157
48 147
86 185
99 198
71 170
166 265
71 170
165 264
123 222
47 146
72 171
63 162
88 187
120 219
41 140
164 263
55 154
16 115
131 230
64 163
177 276
28 127
11 110
65 164
89 188
14 113
40 139
153 252
121 220
185 284
112 211
106 205
2 101
185 284
113 212
93 192
121 220
58 157
193 292
24 123
112 211
91 190
9 108
74 173
0 99
55 154
190 289
94 193
138 237
171 270
39 138
63 162
57 156
179 278
163 262
49 148
187 286
3 102
148 247
141 240
190 289
163 262
12 111
32 131
72 171
24 123
183 282
23 122
13 112
5 104
105 204
121 220
18 117
170 269
148 247
6 105
34 133
99 198
27 126
137 236
184 283
56 155
92 191
170 269
64 163
67 166
19 118
18 117
19 118
75 174
28 127
135 234
57 156
136 235
129 228
151 250
197 296
15 114
165 264
193 292
105 204
30 129
17 116
155 254
98 197
140 239
140 239
179 278
193 292
6 105
64 163
178 277
32 131
116 215
66 165
13 112
37 136
36 135
132 231
91 190
154 253
106 205
93 192
143 242
124 223
146 245
16 115
128 227
177 276
166 265
65 164
141 240
69 168
92 191
139 238
159 258
18 117
20 119
113 212
38 137
5 104
118 217
134 233
185 284
74 173
134 233
69 168
58 157
47 146
7 106
183 282
84 183
7 106
6 105
24 123
8 107
24 123
59 158
180 279
105 204
62 161
52 151
24 123
92 191
167 266
101 200
47 146
197 296
111 210
63 162
119 218
94 193
54 153
106 205
173 272
93 192
1 100
48 147
15 114
54 153
49 148
103 202
29 128
178 277
48 147
87 186
28 127
48 147
15 114
68 167
108 207
114 213
45 144
115 214
174 273
21 120
137 236
189 288
179 278
183 282
152 251
58 157
137 236
40 139
57 156
65 164
132 231
106 205
109 208
146 245
62 161
108 207
179 278
163 262
186 285
22 121
133 232
192 291
17 116
141 240
19 118
162 261
194 293
42 141
126 225
9 108
80 179
142 241
84 183
175 274
39 138
136 235
178 277
35 134
127 226
39 138
145 244
152 251
195 294
186 285
117 216
69 168
67 166
20 119
185 284
56 155
191 290
174 273
156 255
58 157
100 199
185 284
52 151
189 288
9 108
70 169
144 243
138 237
116 215
130 229
92 191
168 267
192 291
10 109
64 163
134 233
153 252
186 285
143 242
111 210
185 284
93 192
39 138
138 237
88 187
38 137
77 176
47 146
44 143
170 269
50 149
9 108
56 155
49 148
151 250
122 221
193 292
45 144
75 174
134 233
148 247
130 229
93 192
96 195
38 137
18 117
57 156
27 126
71 170
127 226
95 194
126 225
59 158
123 222
33 132
190 289
185 284
69 168
128 227
50 149
71 170
174 273
89 188
153 252
138 237
4 103
105 204
196 295
8 107
115 214
7 106
24 123
125 224
116 215
49 148
128 227
68 167
0 99
72 171
59 158
18 117
39 138
80 179
150 249
17 116
167 266
195 294
92 191
92 191
97 196
35 134
101 200
192 291
0 99
116 215
95 194
25 124
157 256
158 257
175 274
96 195
151 250
101 200
103 202
50 149
61 160
153 252
168 267
109 208
174 273
38 137
104 203
40 139
65 164
156 255
130 229
195 294
195 294
76 175
120 219
120 219
105 204
120 219
184 283
120 219
193 292
26 125
113 212
64 163
87 186
17 116
38 137
12 111
175 274
160 259
23 122
28 127
98 197
113 212
86 185
184 283
123 222
5 104
91 190
163 262
190 289
51 150
192 291
112 211
194 293
28 127
44 143
99 198
134 233
152 251
34 133
126 225
102 201
46 145
117 216
192 291
18 117
2 101
152 251
53 152
68 167
41 140
194 293
110 209
108 207
54 153
3 102
144 243
66 165
182 281
6 105
173 272
22 121
33 132
187 286
157 256
72 171
16 115
112 211
75 174
59 158
145 244
148 247
160 259
37 136
77 176
59 158
194 293
67 166
128 227
176 275
125 224
138 237
116 215
61 160
12 111
101 200
3 102
74 173
174 273
112 211
173 272
9 108
192 291
4 103
174 273
149 248
158 257
10 109
175 274
171 270
100 199
83 182
27;156504
62 161
153 252
170 269
59 158
172 271
18 117
20 119
140 239
12 111
134 233
74 173
169 268
169 268
97 196
92 191
47 146
149 248
86 185
148 247
102 201
141 240
63 162
193 292
94 193
194 293
29 128
31 130
134 233
180 279
71 170
72 171
98 197
172 271
62 161
189 288
62 161
161 260
174 273
102 201
153 252
72 171
139 238
143 242
171 270
80 179
174 273
14 113
156 255
142 241
96 195
53 152
132 231
8 107
93 192
73 172
107 206
76 175
169 268
45 144
160 259
161 260
161 260
111 210
76 175
32 131
123 222
91 190
163 262
144 243
86 185
85 184
123 222
56 155
57 156
46 145
123 222
75 174
176 275
186 285
44 143
43 142
32 131
140 239
46 145
64 163
38 137
105 204
141 240
46 145
145 244
73 172
197 296
82 181
88 187
127 226
135 234
46 145
149 248
164 263
129 228
191 290
59 158
15 114
18 117
42 141
111 210
87 186
110 209
28 127
129 228
155 254
29 128
106 205
136 235
108 207
114 213
82 181
62 161
130 229
34 133
141 240
168 267
33 132
50 149
85 184
111 210
33 132
191 290
97 196
138 237
4 103
108 207
174 273
86 185
60 159
107 206
112 211
168 267
163 262
61 160
114 213
165 264
5 104
134 233
192 291
45 144
114 213
0 99
113 212
62 161
190 289
187 286
117 216
121 220
188 287
136 235
46 145
141 240
71 170
142 241
144 243
86 185
108 207
25 124
60 159
40 139
141 240
65 164
12 111
15 114
95 194
46 145
1 100
175 274
68 167
196 295
16 115
147 246
107 206
183 282
12 111
14 113
108 207
47 146
149 248
6 105
63 162
106 205
18 117
90 189
143 242
9 108
22 121
81 180
172 271
132 231
124 223
193 292
76 175
117 216
174 273
88 187
53 152
153 252
83 182
22 121
195 294
135 234
117 216
196 295
164 263
140 239
60 159
51 150
45 144
48 147
191 290
104 203
148 247
96 195
73 172
70 169
75 174
60 159
48 147
112 211
180 279
145 244
2 101
37 136
131 230
57 156
65 164
30 129
24 123
75 174
66 165
8 107
150 249
25 124
36 135
154 253
113 212
18 117
60 159
18 117
45 144
85 184
163 262
168 267
61 160
111 210
33 132
5 104
114 213
37 136
162 261
12 111
88 187
12 111
27 126
67 166
175 274
63 162
183 282
176 275
184 283
44 143
87 186
156 255
80 179
8 107
93 192
31 130
7 106
66 165
188 287
31 130
138 237
187 286
60 159
11 110
67 166
73 172
52 151
182 281
81 180
100 199
194 293
86 185
2 101
106 205
26 125
176 275
3 102
196 295
118 217
156 255
38 137
133 232
17 116
71 170
173 272
72 171
181 280
117 216
122 221
58 157
89 188
107 206
112 211
103 202
92 191
136 235
185 284
105 204
81 180
173 272
150 249
47 146
195 294
10 109
187 286
120 219
179 278
132 231
62 161
192 291
145 244
122 221
57 156
149 248
99 198
174 273
112 211
75 174
185 284
14 113
13 112
5 104
82 181
106 205
27 126
43 142
39 138
26 125
54 153
125 224
174 273
17 116
162 261
33 132
171 270
58 157
93 192
121 220
189 288
12 111
41 140
159 258
116 215
33 132
180 279
124 223
163 262
33 132
58 157
121 220
7 106
93 192
160 259
122 221
145 244
50 149
96 195
123 222
8 107
72 171
99 198
18 117
3 102
3 102
18 117
138 237
131 230
164 263
18 117
31 130
104 203
53 152
180 279
102 201
9 108
163 262
130 229
125 224
127 226
105 204
173 272
100 199
78 177
52 151
65 164
15 114
39 138
67 166
83 182
31 130
113 212
17 116
50 149
145 244
141 240
193 292
154 253
0 99
39 138
23 122
143 242
141 240
171 270
133 232
41 140
111 210
70 169
183 282
108 207
95 194
61 160
79 178
190 289
130 229
58 157
184 283
80 179
61 160
117 216
5 104
60 159
154 253
74 173
22 121
38 137
162 261
95 194
43 142
48 147
11 110
167 266
119 218
192 291
81 180
68 167
9 108
160 259
113 212
99 198
66 165
134 233
41 140
171 270
105 204
145 244
181 280
69 168
1 100
184 283
130 229
99 198
179 278
29 128
37 136
131 230
96 195
71 170
134 233
96 195
128 227
149 248
70 169
14 113
113 212
105 204
179 278
144 243
72 171
44 143
98 197
112 211
65 164
110 209
78 177
55 154
172 271
0 99
138 237
168 267
166 265
141 240
35 134
151 250
102 201
56 155
171 270
61 160
104 203
21 120
114 213
50 149
119 218
42 141
87 186
151 250
0 99
51 150
142 241
186 285
4 103
38 137
121 220
100 199
50 149
173 272
62 161
67 166
90 189
48 147
56 155
174 273
49 148
146 245
55 154
114 213
82 181
189 288
110 209
137 236
118 217
171 270
150 249
115 214
76 175
170 269
18 117
15 114
128 227
45 144
103 202
64 163
50 149
187 286
146 245
135 234
38 137
93 192
103 202
186 285
59 158
163 262
115 214
174 273
85 184
23 122
76 175
36 135
149 248
137 236
103 202
85 184
148 247
179 278
197 296
113 212
16 115
22 121
137 236
77 176
32 131
183 282
122 221
144 243
172 271
135 234
96 195
38 137
148 247
147 246
38 137
177 276
2 101
59 158
159 258
106 205
81 180
28 127
196 295
97 196
119 218
161 260
114 213
172 271
174 273
41 140
110 209
114 213
72 171
30 129
98 197
120 219
13 112
84 183
50 149
119 218
70 169
154 253
65 164
95 194
132 231
17 116
122 221
64 163
139 238
37 136
7 106
58 157
62 161
166 265
7 106
194 293
1 100
73 172
43 142
155 254
46 145
2 101
72 171
146 245
10 109
94 193
190 289
20 119
89 188
82 181
146 245
100 199
149 248
177 276
117 216
86 185
152 251
151 250
149 248
191 290
107 206
84 183
53 152
172 271
84 183
140 239
81 180
43 142
74 173
19 118
59 158
64 163
178 277
63 162
105 204
142 241
117 216
0 99
186 285
154 253
178 277
120 219
33 132
28 127
65 164
176 275
105 204
165 264
103 202
130 229
81 180
127 226
49 148
136 235
174 273
139 238
47 146
79 178
135 234
5 104
98 197
144 243
28 127
146 245
78 177
180 279
170 269
5 104
23 122
59 158
162 261
82 181
62 161
162 261
194 293
62 161
54 153
145 244
13 112
101 200
51 150
113 212
27 126
136 235
102 201
94 193
174 273
145 244
114 213
132 231
132 231
35 134
118 217
151 250
193 292
88 187
103 202
76 175
71 170
85 184
134 233
94 193
5 104
42 141
157 256
69 168
103 202
99 198
147 246
148 247
131 230
150 249
68 167
1 100
113 212
134 233
170 269
97 196
130 229
10 109
185 284
118 217
25 124
12 111
53 152
78 177
46 145
87 186
2 101
94 193
195 294
67 166
0 99
153 252
112 211
149 248
144 243
105 204
16 115
72 171
105 204
164 263
162 261
171 270
31 130
50 149
132 231
125 224
188 287
4 103
93 192
99 198
62 161
77 176
17 116
193 292
50 149
184 283
161 260
123 222
118 217
115 214
15 114
157 256
188 287
181 280
129 228
189 288
188 287
93 192
7 106
78 177
102 201
73 172
82 181
76 175
31 130
111 210
110 209
34 133
86 185
57 156
147 246
154 253
110 209
81 180
114 213
184 283
27 126
140 239
178 277
7 106
189 288
166 265
155 254
127 226
109 208
174 273
106 205
20 119
146 245
143 242
74 173
91 190
66 165
197 296
185 284
139 238
138 237
154 253
58 157
128 227
182 281
63 162
87 186
76 175
20 119
107 206
148 247
28 127
194 293
16 115
84 183
173 272
96 195
91 190
94 193
85 184
47 146
15 114
77 176
143 242
15 114
178 277
168 267
137 236
16 115
104 203
61 160
71 170
120 219
157 256
134 233
95 194
59 158
174 273
76 175
105 204
20 119
55 154
35 134
31 130
193 292
72 171
75 174
53 152
155 254
153 252
125 224
57 156
13 112
138 237
24 123
103 202
23 122
62 161
81 180
37 136
95 194
113 212
70 169
9 108
192 291
116 215
169 268
65 164
124 223
50 149
186 285
13 112
125 224
151 250
26 125
34 133
77 176
193 292
26 125
32 131
175 274
29 128
46 145
146 245
176 275
52 151
117 216
107 206
17 116
136 235
67 166
48 147
156 255
73 172
128 227
83 182
82 181
117 216
102 201
114 213
33 132
169 268
82 181
69 168
137 236
149 248
166 265
26 125
74 173
2 101
174 273
150 249
149 248
179 278
107 206
177 276
155 254
125 224
32 131
4 103
57 156
180 279
52 151
28 127
104 203
68 167
143 242
179 278
164 263
18 117
33 132
110 209
29 128
62 161
151 250
170 269
110 209
87 186
35 134
58 157
99 198
128 227
155 254
17 116
13 112
167 266
57 156
50 149
18 117
132 231
44 143
137 236
82 181
7 106
55 154
60 159
46 145
55 154
108 207
24 123
70 169
86 185
140 239
121 220
89 188
139 238
172 271
58 157
163 262
53 152
34 133
40 139
90 189
155 254
119 218
52 151
32 131
145 244
96 195
25 124
191 290
79 178
177 276
178 277
76 175
66 165
60 159
10 109
20 119
183 282
131 230
150 249
112 211
132 231
87 186
72 171
193 292
102 201
143 242
76 175
76 175
69 168
167 266
185 284
144 243
124 223
23 122
95 194
189 288
84 183
126 225
149 248
180 279
74 173
91 190
112 211
7 106
56 155
68 167
144 243
40 139
26 125
109 208
103 202
48 147
130 229
62 161
9 108
1 100
136 235
190 289
96 195
183 282
34 133
156 255
108 207
168 267
170 269
156 255
33 132
70 169
59 158
43 142
139 238
17 116
100 199
35 134
142 241
124 223
51 150
41 140
25 124
30 129
3 102
14 113
72 171
51 150
197 296
188 287
77 176
0 99
46 145
4 103
121 220
14 113
175 274
19 118
183 282
20 119
59 158
19 118
137 236
26 125
150 249
170 269
8 107
162 261
197 296
40 139
10 109
60 159
76 175
79 178
153 252
186 285
51 150
79 178
178 277
37 136
136 235
1 100
142 241
114 213
110 209
78 177
31 130
85 184
167 266
105 204
164 263
97 196
173 272
61 160
180 279
80 179
124 223
13 112
151 250
93 192
69 168
134 233
141 240
144 243
175 274
58 157
184 283
178 277
63 162
150 249
179 278
133 232
135 234
149 248
105 204
59 158
91 190
11 110
68 167
54 153
196 295
177 276
133 232
82 181
121 220
41 140
146 245
148 247
141 240
166 265
125 224
163 262
11 110
145 244
187 286
36 135
29 128
56 155
101 200
80 179
85 184
50 149
139 238
8 107
99 198
152 251
8 107
150 249
16 115
94 193
179 278
153 252
9 108
111 210
167 266
54 153
59 158
19 118
43 142
146 245
99 198
124 223
34 133
100 199
83 182
99 198
127 226
90 189
184 283
179 278
148 247
84 183
66 165
85 184
23 122
125 224
36 135
34 133
69 168
137 236
142 241
164 263
44 143
37 136
77 176
137 236
137 236
53 152
71 170
63 162
45 144
83 182
3 102
185 284
56 155
12 111
125 224
99 198
115 214
191 290
22 121
129 228
174 273
59 158
41 140
108 207
60 159
33 132
177 276
51 150
171 270
126 225
134 233
92 191
124 223
160 259
163 262
152 251
0 99
50 149
50 149
146 245
158 257
162 261
172 271
107 206
65 164
131 230
100 199
173 272
116 215
109 208
184 283
153 252
56 155
37 136
94 193
136 235
13 112
16 115
28 127
88 187
98 197
81 180
113 212
190 289
80 179
80 179
159 258
76 175
65 164
28 127
101 200
63 162
79 178
48 147
96 195
11 110
88 187
12 111
122 221
111 210
110 209
27 126
105 204
84 183
114 213
142 241
162 261
30 129
87 186
161 260
162 261
193 292
103 202
62 161
144 243
24 123
35 134
11 110
75 174
114 213
80 179
76 175
71 170
126 225
15 114
95 194
180 279
31 130
92 191
103 202
13 112
56 155
153 252
88 187
113 212
59 158
7 106
158 257
39 138
29 128
28 127
175 274
28 127
127 226
119 218
69 168
114 213
120 219
19 118
42 141
20 119
174 273
118 217
41 140
20 119
66 165
179 278
33 132
191 290
188 287
65 164
100 199
189 288
140 239
39 138
172 271
152 251
167 266
178 277
2 101
28 127
75 174
173 272
138 237
167 266
195 294
78 177
164 263
82 181
89 188
20 119
79 178
79 178
34 133
40 139
78 177
49 148
20 119
154 253
155 254
45 144
23 122
33 132
26 125
171 270
171 270
72 171
182 281
181 280
132 231
167 266
25 124
190 289
133 232
127 226
164 263
7 106
152 251
182 281
70 169
178 277
88 187
40 139
56 155
139 238
70 169
78 177
65 164
4 103
27 126
118 217
171 270
33 132
53 152
161 260
6 105
39 138
176 275
105 204
38 137
111 210
31 130
163 262
49 148
129 228
68 167
99 198
141 240
42 141
123 222
153 252
171 270
34 133
68 167
80 179
30 129
119 218
89 188
182 281
14 113
9 108
94 193
62 161
8 107
128 227
2 101
45 144
15 114
109 208
179 278
54 153
72 171
182 281
12 111
184 283
93 192
124 223
110 209
180 279
10 109
163 262
117 216
147 246
47 146
168 267
173 272
154 253
96 195
58 157
121 220
157 256
16 115
181 280
81 180
108 207
144 243
185 284
4 103
84 183
15 114
73 172
74 173
72 171
152 251
144 243
27 126
195 294
3 102
107 206
84 183
165 264
162 261
40 139
185 284
151 250
128 227
89 188
80 179
165 264
113 212
128 227
33 132
176 275
38 137
77 176
98 197
47 146
35 134
164 263
148 247
60 159
161 260
182 281
181 280
149 248
197 296
23 122
164 263
41 140
99 198
176 275
15 114
58 157
158 257
97 196
59 158
152 251
97 196
86 185
39 138
84 183
30 129
178 277
104 203
76 175
146 245
87 186
33 132
44 143
152 251
164 263
110 209
87 186
148 247
183 282
95 194
38 137
116 215
108 207
83 182
1 100
86 185
39 138
117 216
29 128
9 108
23 122
128 227
57 156
30 129
15 114
184 283
51 150
32 131
170 269
140 239
101 200
55 154
114 213
50 149
58 157
116 215
102 201
172 271
32 131
162 261
187 286
93 192
121 220
111 210
190 289
74 173
104 203
187 286
115 214
29 128
68 167
99 198
82 181
157 256
58 157
94 193
157 256
92 191
59 158
155 254
62 161
42 141
185 284
30 129
128 227
92 191
55 154
42 141
134 233
149 248
125 224
151 250
177 276
121 220
193 292
28 127
108 207
112 211
121 220
122 221
74 173
193 292
182 281
24 123
62 161
173 272
48 147
76 175
120 219
102 201
91 190
197 296
84 183
111 210
125 224
149 248
182 281
178 277
22 121
90 189
181 280
179 278
34 133
119 218
19 118
188 287
194 293
25 124
104 203
49 148
13 112
40 139
63 162
182 281
37 136
181 280
122 221
82 181
129 228
84 183
52 151
68 167
36 135
22 121
95 194
3 102
193 292
140 239
178 277
157 256
50 149
108 207
159 258
150 249
174 273
155 254
7 106
13 112
20 119
136 235
58 157
100 199
5 104
76 175
165 264
18 117
80 179
196 295
175 274
107 206
31 130
188 287
73 172
93 192
17 116
43 142
62 161
31 130
131 230
120 219
55 154
142 241
134 233
128 227
163 262
78 177
63 162
124 223
156 255
38 137
117 216
92 191
183 282
75 174
7 106
145 244
120 219
105 204
20 119
11 110
92 191
2 101
117 216
48 147
170 269
57 156
118 217
28 127
39 138
53 152
144 243
127 226
173 272
64 163
138 237
142 241
104 203
67 166
48 147
78 177
159 258
68 167
32 131
135 234
23 122
126 225
121 220
85 184
85 184
4 103
59 158
114 213
109 208
171 270
195 294
148 247
61 160
84 183
136 235
49 148
42 141
189 288
4 103
158 257
173 272
146 245
150 249
169 268
185 284
158 257
90 189
146 245
143 242
43 142
162 261
46 145
185 284
131 230
125 224
87 186
118 217
75 174
196 295
115 214
144 243
193 292
99 198
196 295
139 238
60 159
4 103
133 232
112 211
112 211
65 164
156 255
53 152
59 158
52 151
141 240
84 183
148 247
18 117
48 147
40 139
44 143
108 207
187 286
15 114
71 170
8 107
89 188
111 210
153 252
172 271
29 128
76 175
116 215
12 111
183 282
121 220
173 272
117 216
1 100
52 151
35 134
126 225
104 203
101 200
117 216
139 238
34 133
172 271
44 143
123 222
16 115
1 100
168 267
185 284
61 160
91 190
85 184
173 272
100 199
111 210
143 242
19 118
47 146
10 109
62 161
83 182
19 118
25 124
104 203
81 180
178 277
100 199
186 285
193 292
38 137
151 250
127 226
162 261
149 248
181 280
176 275
191 290
97 196
31 130
86 185
83 182
77 176
172 271
120 219
109 208
33 132
56 155
127 226
152 251
186 285
96 195
57 156
132 231
119 218
53 152
90 189
97 196
10 109
20 119
120 219
25 124
176 275
49 148
110 209
56 155
173 272
63 162
186 285
188 287
50 149
85 184
51 150
71 170
62 161
100 199
125 224
162 261
144 243
196 295
76 175
162 261
178 277
153 252
23 122
151 250
4 103
51 150
14 113
91 190
8 107
78 177
81 180
0 99
40 139
30 129
93 192
187 286
18 117
110 209
11 110
58 157
93 192
76 175
107 206
102 201
83 182
182 281
132 231
55 154
57 156
90 189
102 201
88 187
132 231
10 109
54 153
106 205
113 212
106 205
3 102
62 161
47 146
48 147
78 177
22 121
93 192
172 271
123 222
195 294
136 235
52 151
62 161
46 145
166 265
72 171
119 218
47 146
189 288
194 293
120 219
34 133
92 191
118 217
98 197
97 196
123 222
50 149
60 159
152 251
159 258
87 186
194 293
6 105
50 149
138 237
44 143
90 189
151 250
91 190
77 176
84 183
84 183
31 130
55 154
152 251
41 140
162 261
83 182
35 134
88 187
2 101
157 256
151 250
128 227
123 222
136 235
17 116
96 195
169 268
11 110
111 210
168 267
46 145
6 105
97 196
116 215
121 220
34 133
82 181
38 137
98 197
195 294
102 201
174 273
5 104
151 250
121 220
69 168
178 277
32 131
47 146
145 244
45 144
101 200
98 197
71 170
19 118
75 174
64 163
56 155
50 149
61 160
42 141
190 289
135 234
157 256
21 120
70 169
152 251
103 202
50 149
151 250
59 158
6 105
181 280
95 194
16 115
164 263
13 112
42 141
70 169
55 154
156 255
79 178
122 221
97 196
25 124
134 233
43 142
131 230
194 293
18 117
95 194
143 242
105 204
197 296
33 132
30 129
127 226
175 274
195 294
32 131
24 123
59 158
159 258
47 146
97 196
151 250
122 221
189 288
18 117
183 282
46 145
17 116
119 218
185 284
175 274
145 244
29 128
62 161
100 199
63 162
23 122
32 131
143 242
157 256
30 129
150 249
64 163
73 172
46 145
104 203
118 217
197 296
166 265
147 246
122 221
146 245
184 283
23 122
82 181
189 288
167 266
90 189
145 244
68 167
189 288
64 163
82 181
60 159
13 112
90 189
25 124
122 221
63 162
110 209
74 173
107 206
31 130
128 227
115 214
106 205
60 159
169 268
171 270
145 244
163 262
120 219
101 200
89 188
122 221
56 155
133 232
174 273
25 124
49 148
20 119
123 222
104 203
118 217
187 286
11 110
42 141
138 237
127 226
101 200
161 260
41 140
138 237
112 211
134 233
105 204
171 270
16 115
106 205
88 187
23 122
5 104
63 162
84 183
191 290
94 193
155 254
87 186
188 287
136 235
153 252
118 217
32 131
151 250
178 277
186 285
17 116
36 135
117 216
189 288
83 182
111 210
4 103
130 229
155 254
8 107
66 165
101 200
1 100
7 106
163 262
161 260
52 151
17 116
154 253
119 218
103 202
67 166
67 166
83 182
20 119
164 263
167 266
160 259
12 111
136 235
33 132
18 117
136 235
69 168
102 201
156 255
4 103
158 257
78 177
78 177
126 225
15 114
22 121
82 181
115 214
80 179
173 272
149 248
129 228
14 113
85 184
85 184
6 105
60 159
127 226
16 115
158 257
6 105
3 102
179 278
121 220
36 135
40 139
123 222
115 214
62 161
48 147
53 152
7 106
102 201
71 170
17 116
151 250
104 203
74 173
108 207
81 180
156 255
109 208
99 198
151 250
180 279
145 244
79 178
45 144
155 254
90 189
130 229
16 115
157 256
48 147
96 195
131 230
161 260
176 275
91 190
129 228
94 193
64 163
13 112
129 228
48 147
118 217
114 213
62 161
0 99
113 212
160 259
122 221
78 177
125 224
184 283
178 277
119 218
67 166
39 138
38 137
153 252
159 258
44 143
29 128
153 252
65 164
108 207
172 271
137 236
187 286
20 119
190 289
155 254
28 127
83 182
141 240
10 109
152 251
126 225
172 271
36 135
102 201
55 154
62 161
197 296
155 254
168 267
110 209
64 163
78 177
96 195
34 133
109 208
150 249
173 272
53 152
48 147
28 127
20 119
100 199
139 238
95 194
135 234
41 140
180 279
53 152
99 198
167 266
70 169
97 196
99 198
174 273
36 135
4 103
151 250
44 143
177 276
88 187
85 184
82 181
130 229
131 230
95 194
175 274
55 154
171 270
115 214
72 171
154 253
45 144
1 100
113 212
122 221
60 159
22 121
5 104
60 159
108 207
190 289
176 275
173 272
185 284
197 296
65 164
70 169
72 171
176 275
72 171
46 145
113 212
9 108
116 215
134 233
131 230
195 294
118 217
186 285
53 152
81 180
142 241
175 274
134 233
155 254
183 282
71 170
132 231
154 253
78 177
47 146
2 101
195 294
166 265
94 193
38 137
197 296
110 209
25 124
166 265
126 225
52 151
145 244
141 240
96 195
115 214
1 100
168 267
157 256
35 134
52 151
145 244
93 192
155 254
4 103
88 187
16 115
119 218
140 239
178 277
50 149
188 287
54 153
6 105
154 253
22 121
76 175
114 213
125 224
18 117
183 282
6 105
147 246
20 119
114 213
176 275
19 118
113 212
119 218
124 223
9 108
20 119
183 282
31 130
71 170
56 155
9 108
182 281
40 139
115 214
3 102
70 169
26 125
187 286
37 136
113 212
112 211
100 199
32 131
144 243
23 122
125 224
31 130
55 154
161 260
78 177
52 151
99 198
62 161
4 103
5 104
148 247
134 233
98 197
84 183
38 137
59 158
69 168
180 279
106 205
35 134
168 267
171 270
93 192
102 201
178 277
61 160
15 114
166 265
76 175
178 277
171 270
90 189
78 177
192 291
192 291
80 179
67 166
131 230
197 296
179 278
193 292
5 104
74 173
165 264
155 254
34 133
106 205
3 102
48 147
105 204
61 160
86 185
33 132
194 293
134 233
77 176
77 176
109 208
37 136
110 209
105 204
120 219
86 185
10 109
40 139
169 268
137 236
60 159
23 122
123 222
116 215
52 151
77 176
92 191
40 139
128 227
146 245
115 214
123 222
139 238
150 249
52 151
80 179
73 172
21 120
113 212
88 187
144 243
27 126
113 212
91 190
172 271
76 175
95 194
39 138
181 280
175 274
158 257
31 130
59 158
173 272
188 287
44 143
78 177
95 194
142 241
157 256
77 176
124 223
79 178
25 124
27 126
156 255
170 269
188 287
131 230
174 273
187 286
94 193
153 252
165 264
82 181
67 166
28 127
119 218
190 289
15 114
97 196
57 156
68 167
30 129
57 156
122 221
54 153
10 109
35 134
124 223
157 256
123 222
101 200
149 248
105 204
51 150
36 135
84 183
89 188
177 276
50 149
15 114
12 111
48 147
177 276
21 120
3 102
69 168
146 245
90 189
125 224
122 221
149 248
142 241
193 292
51 150
179 278
13 112
95 194
69 168
125 224
164 263
75 174
70 169
20 119
56 155
18 117
185 284
69 168
4 103
182 281
135 234
51 150
38 137
82 181
70 169
38 137
104 203
0 99
9 108
76 175
15 114
149 248
57 156
192 291
19 118
178 277
31 130
84 183
15 114
144 243
17 116
76 175
60 159
155 254
193 292
139 238
52 151
188 287
69 168
69 168
160 259
106 205
130 229
38 137
183 282
181 280
137 236
104 203
100 199
118 217
6 105
20 119
121 220
154 253
5 104
46 145
63 162
45 144
173 272
154 253
67 166
121 220
173 272
166 265
75 174
26 125
170 269
99 198
10 109
81 180
155 254
104 203
129 228
179 278
183 282
45 144
19 118
97 196
195 294
16 115
56 155
183 282
136 235
193 292
130 229
150 249
86 185
100 199
102 201
54 153
72 171
197 296
118 217
20 119
26 125
143 242
144 243
194 293
180 279
23 122
182 281
107 206
30 129
35 134
124 223
85 184
71 170
109 208
141 240
11 110
18 117
135 234
108 207
21 120
139 238
82 181
157 256
46 145
51 150
23 122
111 210
158 257
94 193
37 136
63 162
6 105
127 226
118 217
53 152
179 278
36 135
40 139
133 232
44 143
117 216
119 218
4 103
51 150
170 269
88 187
57 156
122 221
169 268
69 168
168 267
192 291
146 245
107 206
130 229
48 147
81 180
97 196
33 132
86 185
123 222
82 181
65 164
138 237
89 188
111 210
148 247
70 169
183 282
5 104
45 144
165 264
16 115
62 161
117 216
120 219
137 236
154 253
76 175
126 225
163 262
40 139
125 224
161 260
163 262
28 127
104 203
76 175
148 247
109 208
187 286
0 99
59 158
64 163
74 173
170 269
43 142
41 140
130 229
52 151
18 117
76 175
128 227
59 158
192 291
107 206
12 111
178 277
125 224
180 279
171 270
40 139
156 255
119 218
120 219
167 266
180 279
53 152
21 120
27 126
46 145
107 206
51 150
121 220
36 135
21 120
114 213
73 172
18 117
165 264
138 237
76 175
114 213
35 134
64 163
67 166
145 244
44 143
37 136
0 99
69 168
174 273
151 250
107 206
18 117
132 231
161 260
24 123
143 242
60 159
139 238
63 162
10 109
138 237
29 128
82 181
108 207
158 257
76 175
136 235
152 251
32 131
150 249
121 220
125 224
127 226
137 236
28 127
67 166
63 162
111 210
158 257
155 254
67 166
162 261
165 264
116 215
93 192
54 153
193 292
134 233
152 251
178 277
52 151
3 102
196 295
25 124
78 177
169 268
38 137
112 211
196 295
123 222
134 233
57 156
183 282
18 117
98 197
160 259
97 196
62 161
187 286
146 245
4 103
191 290
157 256
59 158
61 160
80 179
169 268
191 290
79 178
11 110
126 225
48 147
184 283
51 150
19 118
167 266
119 218
38 137
133 232
131 230
112 211
18 117
155 254
98 197
66 165
39 138
111 210
160 259
189 288
171 270
48 147
20 119
3 102
51 150
48 147
95 194
164 263
67 166
7 106
47 146
64 163
11 110
186 285
135 234
92 191
82 181
126 225
157 256
30 129
89 188
146 245
164 263
134 233
33 132
121 220
132 231
113 212
149 248
124 223
8 107
35 134
16 115
160 259
146 245
133 232
124 223
169 268
105 204
5 104
194 293
123 222
41 140
34 133
9 108
165 264
127 226
145 244
46 145
41 140
103 202
150 249
146 245
45 144
103 202
191 290
12 111
147 246
125 224
150 249
181 280
176 275
173 272
196 295
40 139
152 251
85 184
4 103
128 227
54 153
17 116
24 123
3 102
70 169
2 101
14 113
162 261
47 146
38 137
152 251
19 118
65 164
119 218
130 229
37 136
153 252
144 243
28 127
139 238
78 177
157 256
195 294
24 123
23 122
180 279
176 275
42 141
84 183
182 281
39 138
12 111
79 178
17 116
89 188
119 218
6 105
8 107
0 99
32 131
57 156
8 107
24 123
44 143
135 234
47 146
132 231
155 254
88 187
129 228
93 192
191 290
4 103
87 186
57 156
187 286
122 221
132 231
33 132
155 254
165 264
170 269
86 185
40 139
55 154
90 189
184 283
94 193
179 278
14 113
14 113
124 223
42 141
55 154
93 192
147 246
156 255
104 203
186 285
195 294
35 134
10 109
186 285
108 207
109 208
185 284
129 228
3 102
191 290
28 127
60 159
91 190
177 276
104 203
104 203
194 293
137 236
173 272
65 164
65 164
17 116
79 178
185 284
178 277
167 266
130 229
43 142
131 230
189 288
82 181
98 197
110 209
150 249
115 214
67 166
67 166
120 219
18 117
15 114
43 142
174 273
134 233
183 282
99 198
33 132
81 180
193 292
113 212
152 251
82 181
113 212
196 295
61 160
60 159
188 287
136 235
153 252
7 106
126 225
92 191
148 247
83 182
142 241
192 291
192 291
86 185
24 123
175 274
130 229
37 136
97 196
180 279
110 209
49 148
123 222
22 121
9 108
123 222
37 136
13 112
145 244
32 131
11 110
72 171
56 155
111 210
45 144
151 250
61 160
45 144
184 283
5 104
84 183
77 176
97 196
39 138
119 218
139 238
129 228
41 140
2 101
54 153
4 103
37 136
41 140
92 191
80 179
94 193
112 211
54 153
122 221
46 145
98 197
108 207
61 160
77 176
141 240
34 133
174 273
0 99
117 216
114 213
15 114
119 218
68 167
122 221
90 189
149 248
54 153
19 118
59 158
19 118
64 163
31 130
49 148
117 216
127 226
161 260
50 149
31 130
39 138
185 284
166 265
195 294
195 294
170 269
91 190
191 290
138 237
1 100
135 234
124 223
159 258
39 138
180 279
127 226
76 175
29 128
8 107
25 124
113 212
109 208
52 151
188 287
53 152
102 201
142 241
186 285
127 226
168 267
129 228
182 281
99 198
151 250
56 155
90 189
5 104
16 115
36 135
25 124
13 112
27 126
165 264
31 130
72 171
181 280
65 164
2 101
0 99
101 200
190 289
70 169
83 182
109 208
157 256
157 256
18 117
115 214
54 153
80 179
188 287
162 261
12 111
36 135
93 192
64 163
49 148
59 158
195 294
105 204
140 239
98 197
59 158
108 207
155 254
38 137
117 216
94 193
179 278
187 286
194 293
11 110
77 176
72 171
75 174
157 256
164 263
116 215
104 203
127 226
105 204
20 119
0 99
25 124
129 228
148 247
112 211
139 238
63 162
76 175
164 263
125 224
31 130
52 151
60 159
132 231
148 247
80 179
186 285
9 108
10 109
83 182
157 256
118 217
30 129
48 147
168 267
2 101
151 250
48 147
99 198
20 119
41 140
136 235
79 178
121 220
91 190
22 121
80 179
134 233
93 192
140 239
93 192
54 153
170 269
77 176
13 112
53 152
32 131
32 131
138 237
132 231
160 259
58 157
180 279
58 157
196 295
77 176
47 146
49 148
178 277
147 246
174 273
108 207
143 242
152 251
146 245
190 289
9 108
11 110
54 153
11 110
88 187
102 201
149 248
62 161
5 104
167 266
175 274
168 267
119 218
154 253
185 284
125 224
163 262
91 190
181 280
73 172
95 194
16 115
18 117
82 181
187 286
67 166
196 295
143 242
103 202
27 126
133 232
83 182
10 109
152 251
180 279
8 107
8 107
195 294
90 189
75 174
62 161
23 122
122 221
53 152
25 124
120 219
48 147
29 128
35 134
156 255
136 235
49 148
162 261
20 119
160 259
105 204
7 106
18 117
28 127
32 131
140 239
131 230
50 149
53 152
112 211
68 167
13 112
50 149
148 247
172 271
157 256
83 182
57 156
120 219
125 224
189 288
47 146
33 132
4 103
124 223
81 180
148 247
196 295
155 254
13 112
106 205
7 106
137 236
127 226
188 287
190 289
77 176
104 203
69 168
136 235
0 99
22 121
48 147
117 216
79 178
105 204
181 280
67 166
168 267
169 268
166 265
54 153
178 277
153 252
134 233
165 264
59 158
85 184
174 273
28 127
27 126
51 150
189 288
130 229
161 260
23 122
55 154
40 139
116 215
82 181
88 187
125 224
6 105
174 273
36 135
193 292
165 264
126 225
30 129
192 291
137 236
97 196
195 294
25 124
81 180
18 117
54 153
78 177
90 189
55 154
182 281
192 291
0 99
128 227
93 192
0 99
161 260
139 238
25 124
17 116
12 111
14 113
75 174
17 116
83 182
92 191
123 222
171 270
85 184
32 131
190 289
14 113
168 267
39 138
165 264
51 150
99 198
31 130
176 275
109 208
144 243
0 99
171 270
181 280
184 283
121 220
92 191
26 125
146 245
182 281
24 123
179 278
28 127
69 168
167 266
133 232
15 114
102 201
74 173
143 242
40 139
85 184
164 263
71 170
24 123
10 109
7 106
166 265
90 189
138 237
97 196
1 100
118 217
16 115
123 222
74 173
106 205
138 237
110 209
93 192
137 236
60 159
144 243
10 109
21 120
4 103
105 204
43 142
16 115
177 276
147 246
184 283
55 154
60 159
129 228
91 190
160 259
134 233
20 119
82 181
125 224
172 271
43 142
54 153
123 222
74 173
89 188
177 276
13 112
120 219
185 284
133 232
138 237
182 281
148 247
182 281
85 184
28 127
133 232
166 265
71 170
163 262
188 287
61 160
138 237
177 276
189 288
138 237
120 219
83 182
136 235
39 138
132 231
188 287
9 108
60 159
186 285
48 147
93 192
185 284
168 267
14 113
160 259
149 248
146 245
21 120
4 103
70 169
23 122
116 215
138 237
51 150
118 217
164 263
16 115
155 254
128 227
127 226
15 114
123 222
24 123
169 268
65 164
61 160
35 134
138 237
147 246
60 159
87 186
114 213
123 222
61 160
51 150
22 121
196 295
22 121
87 186
79 178
139 238
138 237
169 268
10 109
102 201
88 187
142 241
55 154
40 139
18 117
162 261
23 122
19 118
67 166
114 213
99 198
154 253
107 206
84 183
194 293
169 268
171 270
167 266
181 280
56 155
182 281
89 188
189 288
64 163
150 249
152 251
74 173
181 280
93 192
188 287
99 198
109 208
63 162
23 122
145 244
82 181
92 191
49 148
113 212
35 134
92 191
0 99
9 108
12 111
11 110
121 220
7 106
26 125
10 109
15 114
9 108
16 115
65 164
34 133
60 159
117 216
155 254
18 117
194 293
92 191
166 265
146 245
151 250
148 247
181 280
147 246
195 294
52 151
0 99
15 114
175 274
121 220
105 204
129 228
17 116
156 255
54 153
70 169
66 165
87 186
62 161
95 194
182 281
174 273
176 275
91 190
4 103
55 154
115 214
24 123
168 267
135 234
8 107
127 226
151 250
38 137
45 144
44 143
175 274
191 290
145 244
193 292
95 194
109 208
185 284
13 112
48 147
124 223
185 284
112 211
155 254
58 157
41 140
130 229
3 102
144 243
97 196
137 236
35 134
168 267
174 273
16 115
143 242
122 221
119 218
190 289
113 212
158 257
74 173
41 140
50 149
30 129
173 272
86 185
150 249
162 261
125 224
58 157
182 281
91 190
5 104
76 175
175 274
146 245
11 110
122 221
1 100
128 227
57 156
141 240
42 141
2 101
71 170
194 293
162 261
176 275
40 139
176 275
151 250
128 227
15 114
186 285
65 164
133 232
73 172
180 279
177 276
31 130
28 127
163 262
29 128
58 157
67 166
22 121
115 214
70 169
124 223
122 221
153 252
181 280
124 223
62 161
12 111
46 145
51 150
27 126
118 217
66 165
79 178
177 276
85 184
52 151
126 225
148 247
175 274
145 244
41 140
171 270
128 227
149 248
175 274
101 200
66 165
85 184
100 199
93 192
194 293
180 279
7 106
174 273
86 185
46 145
145 244
37 136
132 231
51 150
148 247
18 117
125 224
72 171
12 111
109 208
39 138
180 279
62 161
116 215
155 254
141 240
140 239
196 295
45 144
152 251
57 156
29 128
132 231
96 195
105 204
3 102
15 114
120 219
112 211
73 172
4 103
134 233
165 264
188 287
144 243
56 155
34 133
108 207
82 181
80 179
161 260
132 231
32 131
86 185
105 204
186 285
150 249
30 129
181 280
183 282
173 272
109 208
97 196
53 152
97 196
189 288
70 169
117 216
30 129
147 246
110 209
169 268
113 212
66 165
162 261
79 178
79 178
92 191
115 214
142 241
28 127
143 242
163 262
140 239
90 189
178 277
187 286
16 115
126 225
58 157
127 226
55 154
17 116
167 266
4 103
67 166
180 279
168 267
66 165
123 222
6 105
140 239
131 230
180 279
141 240
133 232
191 290
190 289
62 161
65 164
103 202
84 183
136 235
128 227
5 104
124 223
82 181
77 176
41 140
139 238
149 248
106 205
30 129
187 286
102 201
80 179
121 220
35 134
98 197
141 240
11 110
51 150
94 193
1 100
190 289
25 124
176 275
107 206
28 127
58 157
81 180
26 125
25 124
195 294
125 224
153 252
172 271
191 290
179 278
16 115
15 114
174 273
33 132
29 128
14 113
191 290
86 185
62 161
18 117
127 226
190 289
6 105
81 180
194 293
3 102
116 215
18 117
181 280
83 182
136 235
28 127
85 184
40 139
68 167
33 132
40 139
69 168
161 260
164 263
196 295
31 130
81 180
103 202
116 215
79 178
29 128
68 167
14 113
56 155
36 135
46 145
103 202
158 257
157 256
68 167
139 238
145 244
87 186
101 200
28 127
190 289
150 249
24 123
84 183
172 271
174 273
170 269
81 180
79 178
131 230
134 233
10 109
16 115
89 188
27 126
22 121
23 122
50 149
22 121
26 125
136 235
137 236
5 104
191 290
151 250
63 162
189 288
4 103
186 285
20 119
76 175
34 133
184 283
113 212
180 279
170 269
18 117
30 129
104 203
157 256
36 135
151 250
45 144
51 150
69 168
19 118
28 127
174 273
52 151
19 118
186 285
177 276
96 195
39 138
90 189
78 177
85 184
76 175
94 193
122 221
119 218
66 165
99 198
197 296
133 232
32 131
87 186
54 153
34 133
150 249
159 258
147 246
166 265
34 133
30 129
35 134
175 274
44 143
151 250
139 238
193 292
14 113
129 228
143 242
27 126
54 153
164 263
133 232
45 144
42 141
17 116
154 253
127 226
32 131
12 111
159 258
44 143
112 211
146 245
178 277
81 180
34 133
89 188
103 202
33 132
134 233
153 252
134 233
79 178
124 223
3 102
30 129
184 283
116 215
165 264
86 185
41 140
42 141
38 137
124 223
112 211
150 249
75 174
192 291
182 281
42 141
64 163
17 116
162 261
70 169
149 248
74 173
135 234
144 243
101 200
143 242
175 274
143 242
29 128
104 203
124 223
27 126
78 177
74 173
102 201
193 292
86 185
63 162
119 218
196 295
43 142
182 281
103 202
178 277
117 216
122 221
67 166
112 211
114 213
120 219
122 221
14 113
162 261
172 271
56 155
164 263
194 293
183 282
165 264
197 296
53 152
155 254
168 267
66 165
79 178
13 112
63 162
84 183
113 212
112 211
111 210
123 222
163 262
143 242
110 209
53 152
113 212
123 222
190 289
147 246
135 234
147 246
188 287
166 265
56 155
177 276
128 227
170 269
172 271
4 103
85 184
81 180
43 142
31 130
64 163
88 187
76 175
107 206
187 286
196 295
31 130
117 216
6 105
55 154
105 204
114 213
38 137
188 287
139 238
108 207
21 120
28 127
77 176
151 250
161 260
70 169
58 157
28 127
54 153
128 227
148 247
39 138
171 270
131 230
167 266
97 196
25 124
178 277
64 163
86 185
28 127
188 287
143 242
58 157
80 179
195 294
55 154
93 192
192 291
68 167
12 111
19 118
182 281
61 160
30 129
179 278
128 227
161 260
156 255
19 118
187 286
197 296
170 269
5 104
189 288
80 179
127 226
182 281
65 164
22 121
40 139
189 288
141 240
117 216
133 232
129 228
15 114
99 198
0 99
49 148
93 192
101 200
104 203
141 240
13 112
176 275
18 117
175 274
109 208
1 100
43 142
17 116
142 241
193 292
155 254
66 165
109 208
98 197
37 136
29 128
118 217
67 166
190 289
158 257
158 257
8 107
148 247
20 119
111 210
166 265
104 203
142 241
68 167
121 220
155 254
180 279
182 281
48 147
158 257
157 256
183 282
99 198
63 162
147 246
50 149
142 241
25 124
63 162
99 198
146 245
95 194
145 244
95 194
52 151
93 192
81 180
36 135
95 194
25 124
158 257
66 165
58 157
50 149
91 190
101 200
184 283
10 109
127 226
117 216
13 112
192 291
13 112
167 266
101 200
17 116
89 188
83 182
3 102
194 293
126 225
187 286
103 202
43 142
3 102
0 99
124 223
26 125
45 144
93 192
94 193
179 278
186 285
13 112
53 152
100 199
129 228
29 128
82 181
54 153
54 153
0 99
26 125
187 286
179 278
9 108
123 222
29 128
177 276
10 109
103 202
195 294
143 242
139 238
37 136
43 142
106 205
110 209
91 190
196 295
166 265
144 243
114 213
76 175
176 275
191 290
95 194
135 234
164 263
58 157
166 265
94 193
20 119
156 255
114 213
159 258
86 185
4 103
86 185
170 269
117 216
110 209
161 260
147 246
146 245
85 184
60 159
186 285
7 106
115 214
97 196
111 210
117 216
143 242
79 178
23 122
195 294
127 226
137 236
173 272
15 114
89 188
141 240
169 268
108 207
103 202
18 117
10 109
187 286
92 191
16 115
138 237
15 114
102 201
138 237
186 285
154 253
148 247
145 244
115 214
188 287
77 176
83 182
124 223
57 156
111 210
176 275
182 281
106 205
186 285
64 163
65 164
191 290
20 119
175 274
95 194
159 258
0 99
58 157
124 223
125 224
42 141
74 173
8 107
60 159
41 140
123 222
14 113
177 276
185 284
20 119
140 239
147 246
33 132
164 263
80 179
91 190
39 138
169 268
93 192
6 105
174 273
99 198
119 218
121 220
73 172
89 188
71 170
143 242
112 211
26 125
27 126
0 99
96 195
115 214
76 175
165 264
37 136
70 169
192 291
74 173
40 139
1 100
2 101
151 250
119 218
48 147
15 114
110 209
90 189
120 219
105 204
75 174
175 274
137 236
96 195
131 230
112 211
21 120
38 137
124 223
49 148
124 223
182 281
62 161
174 273
29 128
1 100
132 231
157 256
117 216
132 231
184 283
123 222
189 288
190 289
110 209
38 137
23 122
174 273
182 281
70 169
39 138
145 244
21 120
27 126
6 105
163 262
196 295
97 196
73 172
194 293
32 131
62 161
124 223
8 107
183 282
136 235
18 117
22 121
95 194
50 149
46 145
95 194
174 273
61 160
177 276
179 278
14 113
89 188
67 166
102 201
160 259
120 219
50 149
122 221
38 137
59 158
64 163
4 103
46 145
15 114
20 119
83 182
186 285
175 274
87 186
92 191
31 130
141 240
108 207
96 195
91 190
80 179
31 130
12 111
95 194
23 122
155 254
118 217
45 144
59 158
49 148
155 254
98 197
178 277
137 236
175 274
161 260
179 278
21 120
102 201
135 234
67 166
32 131
163 262
170 269
195 294
105 204
32 131
163 262
21 120
39 138
89 188
114 213
181 280
114 213
78 177
92 191
61 160
0 99
28 127
43 142
74 173
29 128
168 267
117 216
66 165
191 290
4 103
35 134
165 264
194 293
51 150
140 239
183 282
134 233
50 149
166 265
132 231
28 127
147 246
44 143
113 212
89 188
186 285
17 116
26 125
126 225
104 203
116 215
62 161
161 260
135 234
86 185
51 150
22 121
152 251
38 137
139 238
115 214
144 243
196 295
136 235
18 117
145 244
105 204
112 211
79 178
72 171
50 149
177 276
118 217
187 286
81 180
67 166
111 210
140 239
160 259
38 137
46 145
34 133
0 99
54 153
36 135
84 183
43 142
75 174
100 199
35 134
58 157
38 137
149 248
119 218
82 181
13 112
25 124
187 286
185 284
79 178
62 161
163 262
193 292
109 208
158 257
130 229
146 245
190 289
65 164
44 143
68 167
174 273
138 237
120 219
190 289
176 275
137 236
58 157
163 262
165 264
157 256
183 282
0 99
48 147
180 279
130 229
177 276
117 216
72 171
81 180
87 186
77 176
124 223
55 154
41 140
111 210
24 123
15 114
51 150
118 217
162 261
65 164
90 189
109 208
159 258
92 191
192 291
50 149
197 296
83 182
152 251
31 130
48 147
6 105
48 147
188 287
66 165
128 227
136 235
96 195
152 251
185 284
156 255
184 283
61 160
115 214
127 226
154 253
171 270
7 106
182 281
49 148
127 226
31 130
157 256
33 132
65 164
82 181
124 223
81 180
116 215
93 192
123 222
79 178
156 255
41 140
29 128
175 274
22 121
50 149
66 165
30 129
32 131
51 150
57 156
12 111
30 129
52 151
91 190
155 254
150 249
161 260
121 220
63 162
43 142
165 264
25 124
173 272
185 284
123 222
62 161
143 242
167 266
114 213
142 241
113 212
82 181
44 143
64 163
84 183
114 213
152 251
143 242
123 222
150 249
193 292
94 193
191 290
75 174
140 239
128 227
2 101
185 284
104 203
76 175
55 154
44 143
108 207
69 168
176 275
6 105
69 168
61 160
157 256
195 294
125 224
10 109
102 201
9 108
2 101
45 144
42 141
167 266
154 253
69 168
35 134
125 224
119 218
8 107
119 218
24 123
73 172
185 284
16 115
166 265
114 213
144 243
115 214
37 136
111 210
191 290
26 125
30 129
182 281
184 283
36 135
22 121
107 206
54 153
19 118
56 155
53 152
123 222
26 125
160 259
112 211
54 153
91 190
176 275
142 241
62 161
29 128
139 238
15 114
109 208
128 227
118 217
74 173
181 280
58 157
192 291
11 110
159 258
154 253
163 262
84 183
4 103
42 141
60 159
53 152
7 106
107 206
94 193
169 268
40 139
111 210
20 119
121 220
56 155
55 154
16 115
87 186
121 220
91 190
102 201
117 216
48 147
17 116
186 285
189 288
56 155
43 142
50 149
159 258
99 198
148 247
36 135
24 123
151 250
5 104
175 274
28 127
45 144
129 228
192 291
25 124
138 237
93 192
141 240
59 158
26 125
191 290
148 247
87 186
50 149
174 273
0 99
190 289
128 227
143 242
56 155
123 222
177 276
82 181
140 239
2 101
1 100
125 224
189 288
81 180
26 125
7 106
98 197
143 242
34 133
20 119
150 249
122 221
185 284
157 256
92 191
163 262
42 141
60 159
61 160
174 273
50 149
90 189
178 277
18 117
99 198
172 271
54 153
101 200
148 247
145 244
15 114
7 106
197 296
19 118
105 204
56 155
130 229
21 120
4 103
128 227
24 123
40 139
1 100
174 273
32 131
33 132
51 150
149 248
47 146
133 232
23 122
137 236
190 289
71 170
6 105
88 187
193 292
135 234
139 238
52 151
20 119
67 166
197 296
161 260
65 164
122 221
51 150
88 187
64 163
164 263
57 156
182 281
177 276
168 267
149 248
172 271
168 267
25 124
117 216
127 226
55 154
7 106
39 138
183 282
25 124
110 209
35 134
19 118
94 193
156 255
158 257
76 175
23 122
144 243
155 254
3 102
132 231
36 135
4 103
46 145
58 157
98 197
55 154
158 257
28 127
47 146
126 225
116 215
194 293
45 144
66 165
23 122
170 269
111 210
92 191
177 276
97 196
78 177
113 212
79 178
129 228
109 208
153 252
167 266
44 143
184 283
183 282
178 277
196 295
7 106
94 193
69 168
188 287
113 212
67 166
88 187
49 148
58 157
134 233
83 182
107 206
23 122
122 221
47 146
185 284
142 241
174 273
44 143
100 199
66 165
51 150
20 119
117 216
53 152
81 180
98 197
4 103
91 190
126 225
7 106
113 212
86 185
193 292
133 232
21 120
56 155
74 173
74 173
19 118
63 162
137 236
59 158
189 288
148 247
71 170
135 234
171 270
171 270
72 171
60 159
95 194
148 247
91 190
165 264
147 246
50 149
37 136
158 257
129 228
45 144
44 143
143 242
1 100
91 190
109 208
89 188
158 257
84 183
103 202
168 267
28 127
123 222
11 110
46 145
80 179
68 167
72 171
123 222
8 107
71 170
32 131
90 189
88 187
113 212
5 104
56 155
148 247
37 136
32 131
4 103
62 161
148 247
119 218
117 216
176 275
131 230
129 228
193 292
4 103
152 251
121 220
34 133
83 182
182 281
53 152
159 258
192 291
29 128
76 175
120 219
68 167
60 159
197 296
35 134
37 136
183 282
178 277
193 292
171 270
157 256
189 288
135 234
88 187
119 218
136 235
115 214
9 108
160 259
191 290
128 227
47 146
131 230
65 164
50 149
33 132
64 163
197 296
145 244
116 215
184 283
152 251
152 251
39 138
12 111
28 127
60 159
190 289
57 156
24 123
42 141
1 100
149 248
130 229
186 285
106 205
67 166
78 177
153 252
89 188
137 236
165 264
158 257
109 208
8 107
128 227
131 230
37 136
66 165
106 205
134 233
70 169
21 120
47 146
151 250
124 223
174 273
142 241
190 289
97 196
16 115
117 216
45 144
100 199
45 144
74 173
95 194
89 188
148 247
128 227
113 212
152 251
165 264
85 184
37 136
4 103
131 230
1 100
16 115
99 198
48 147
117 216
158 257
171 270
24 123
135 234
131 230
175 274
141 240
36 135
99 198
32 131
111 210
141 240
196 295
126 225
109 208
18 117
128 227
100 199
105 204
153 252
93 192
6 105
99 198
64 163
180 279
38 137
122 221
88 187
41 140
140 239
178 277
117 216
76 175
8 107
130 229
25 124
88 187
190 289
97 196
137 236
136 235
141 240
9 108
17 116
193 292
26 125
33 132
70 169
151 250
64 163
75 174
132 231
106 205
45 144
161 260
3 102
99 198
192 291
180 279
34 133
163 262
57 156
39 138
50 149
13 112
70 169
70 169
83 182
1 100
20 119
112 211
93 192
76 175
176 275
104 203
175 274
55 154
0 99
72 171
98 197
154 253
6 105
162 261
177 276
142 241
165 264
123 222
13 112
45 144
169 268
75 174
140 239
100 199
31 130
136 235
12 111
41 140
57 156
78 177
96 195
141 240
105 204
24 123
91 190
163 262
133 232
158 257
76 175
164 263
141 240
18 117
42 141
68 167
122 221
33 132
26 125
33 132
139 238
192 291
14 113
181 280
149 248
39 138
184 283
139 238
72 171
128 227
1 100
29 128
112 211
122 221
191 290
186 285
22 121
184 283
87 186
105 204
177 276
164 263
97 196
153 252
40 139
30 129
165 264
25 124
33 132
191 290
135 234
110 209
53 152
64 163
108 207
146 245
72 171
112 211
78 177
27 126
86 185
28 127
119 218
158 257
181 280
6 105
75 174
188 287
61 160
119 218
35 134
98 197
85 184
134 233
85 184
74 173
144 243
122 221
152 251
184 283
15 114
32 131
191 290
56 155
89 188
162 261
184 283
24 123
62 161
156 255
141 240
111 210
69 168
67 166
122 221
70 169
107 206
138 237
29 128
82 181
134 233
52 151
177 276
12 111
25 124
135 234
43 142
9 108
23 122
182 281
69 168
130 229
133 232
195 294
42 141
20 119
103 202
61 160
145 244
171 270
102 201
67 166
34 133
166 265
164 263
178 277
34 133
108 207
117 216
11 110
146 245
86 185
153 252
7 106
132 231
58 157
106 205
154 253
183 282
23 122
100 199
162 261
47 146
135 234
72 171
43 142
39 138
159 258
15 114
3 102
92 191
93 192
67 166
62 161
188 287
54 153
14 113
18 117
139 238
114 213
124 223
47 146
136 235
107 206
132 231
83 182
156 255
69 168
68 167
149 248
112 211
26 125
107 206
81 180
113 212
70 169
110 209
28 127
1 100
148 247
11 110
34 133
162 261
111 210
183 282
108 207
28 127
141 240
34 133
193 292
182 281
54 153
112 211
169 268
39 138
174 273
13 112
32 131
132 231
2 101
149 248
51 150
67 166
183 282
59 158
169 268
177 276
67 166
151 250
81 180
88 187
51 150
54 153
36 135
134 233
183 282
190 289
171 270
186 285
97 196
14 113
96 195
190 289
39 138
22 121
159 258
166 265
191 290
106 205
56 155
85 184
151 250
53 152
5 104
48 147
187 286
175 274
123 222
107 206
36 135
52 151
132 231
100 199
21 120
179 278
146 245
146 245
142 241
149 248
116 215
96 195
131 230
124 223
182 281
78 177
61 160
13 112
74 173
124 223
90 189
35 134
93 192
184 283
118 217
99 198
176 275
110 209
185 284
37 136
148 247
126 225
162 261
72 171
129 228
156 255
119 218
135 234
6 105
153 252
194 293
140 239
89 188
157 256
119 218
174 273
152 251
168 267
140 239
36 135
59 158
163 262
13 112
177 276
102 201
37 136
130 229
108 207
67 166
72 171
4 103
96 195
109 208
135 234
146 245
27 126
117 216
159 258
58 157
178 277
170 269
160 259
90 189
104 203
10 109
4 103
110 209
79 178
163 262
22 121
184 283
20 119
9 108
66 165
51 150
187 286
107 206
57 156
69 168
11 110
112 211
22 121
74 173
102 201
103 202
15 114
66 165
77 176
138 237
96 195
101 200
87 186
35 134
165 264
196 295
8 107
166 265
111 210
35 134
73 172
133 232
37 136
190 289
105 204
178 277
150 249
43 142
150 249
51 150
197 296
194 293
158 257
37 136
50 149
32 131
148 247
130 229
31 130
64 163
169 268
158 257
165 264
103 202
165 264
61 160
136 235
73 172
195 294
97 196
47 146
178 277
136 235
22 121
143 242
66 165
12 111
141 240
167 266
121 220
73 172
150 249
147 246
105 204
15 114
74 173
194 293
122 221
47 146
38 137
65 164
5 104
65 164
58 157
24 123
42 141
135 234
15 114
120 219
58 157
162 261
57 156
67 166
70 169
51 150
145 244
186 285
123 222
190 289
72 171
151 250
73 172
78 177
51 150
180 279
122 221
169 268
91 190
51 150
26 125
150 249
187 286
183 282
40 139
148 247
172 271
105 204
13 112
120 219
112 211
191 290
165 264
177 276
78 177
72 171
63 162
133 232
52 151
60 159
166 265
90 189
152 251
122 221
21 120
178 277
193 292
32 131
65 164
155 254
110 209
86 185
62 161
96 195
187 286
129 228
4 103
1 100
136 235
129 228
152 251
54 153
191 290
95 194
189 288
13 112
0 99
38 137
0 99
9 108
155 254
45 144
17 116
71 170
139 238
2 101
105 204
196 295
187 286
43 142
26 125
102 201
186 285
108 207
100 199
187 286
12 111
79 178
75 174
47 146
124 223
172 271
145 244
125 224
3 102
159 258
102 201
114 213
82 181
188 287
152 251
104 203
117 216
145 244
160 259
158 257
144 243
138 237
67 166
185 284
168 267
97 196
124 223
193 292
102 201
15 114
70 169
185 284
86 185
103 202
195 294
12 111
165 264
112 211
47 146
37 136
8 107
110 209
106 205
82 181
175 274
9 108
4 103
98 197
169 268
162 261
123 222
63 162
102 201
81 180
146 245
47 146
127 226
2 101
11 110
2 101
26 125
60 159
190 289
176 275
75 174
1 100
59 158
187 286
87 186
28 127
131 230
154 253
196 295
171 270
125 224
197 296
83 182
168 267
110 209
89 188
82 181
130 229
111 210
175 274
141 240
175 274
2 101
97 196
180 279
100 199
125 224
87 186
176 275
166 265
119 218
69 168
61 160
46 145
64 163
146 245
110 209
185 284
38 137
104 203
197 296
154 253
156 255
164 263
136 235
33 132
54 153
172 271
111 210
83 182
75 174
67 166
56 155
79 178
63 162
64 163
21 120
42 141
127 226
10 109
94 193
58 157
47 146
146 245
156 255
88 187
73 172
151 250
119 218
98 197
64 163
82 181
29 128
96 195
74 173
96 195
2 101
14 113
70 169
37 136
88 187
19 118
65 164
89 188
124 223
155 254
86 185
27 126
112 211
49 148
14 113
74 173
140 239
108 207
36 135
104 203
19 118
151 250
112 211
51 150
155 254
170 269
155 254
146 245
91 190
102 201
66 165
164 263
51 150
74 173
171 270
83 182
41 140
178 277
95 194
175 274
179 278
126 225
60 159
166 265
193 292
74 173
42 141
131 230
63 162
82 181
144 243
168 267
109 208
48 147
1 100
9 108
60 159
54 153
110 209
99 198
197 296
106 205
129 228
150 249
93 192
35 134
178 277
121 220
174 273
132 231
130 229
170 269
149 248
95 194
78 177
30 129
182 281
173 272
13 112
25 124
106 205
164 263
154 253
109 208
114 213
194 293
116 215
115 214
63 162
121 220
160 259
14 113
105 204
173 272
29 128
175 274
190 289
138 237
15 114
87 186
137 236
7 106
14 113
13 112
117 216
91 190
106 205
40 139
6 105
174 273
88 187
43 142
105 204
121 220
17 116
144 243
78 177
74 173
88 187
70 169
92 191
84 183
59 158
109 208
133 232
165 264
72 171
116 215
101 200
94 193
64 163
137 236
96 195
163 262
17 116
18 117
150 249
68 167
72 171
50 149
15 114
44 143
11 110
31 130
160 259
44 143
56 155
188 287
190 289
89 188
146 245
184 283
109 208
133 232
6 105
133 232
153 252
161 260
143 242
26 125
184 283
108 207
17 116
105 204
95 194
103 202
134 233
102 201
35 134
41 140
39 138
161 260
83 182
150 249
171 270
106 205
23 122
11 110
144 243
61 160
3 102
153 252
139 238
46 145
157 256
28 127
38 137
11 110
23 122
157 256
91 190
155 254
105 204
145 244
25 124
90 189
184 283
104 203
147 246
192 291
100 199
179 278
150 249
65 164
144 243
52 151
12 111
118 217
163 262
64 163
95 194
188 287
5 104
104 203
100 199
76 175
60 159
184 283
163 262
83 182
51 150
54 153
32 131
102 201
15 114
192 291
151 250
8 107
147 246
168 267
61 160
29 128
148 247
121 220
67 166
23 122
15 114
167 266
182 281
78 177
83 182
22 121
138 237
196 295
150 249
137 236
10 109
95 194
106 205
98 197
35 134
39 138
72 171
2 101
71 170
37 136
97 196
145 244
76 175
113 212
50 149
128 227
159 258
185 284
97 196
15 114
65 164
131 230
189 288
13 112
16 115
1 100
79 178
165 264
181 280
193 292
138 237
113 212
165 264
116 215
0 99
170 269
156 255
13 112
94 193
84 183
75 174
146 245
2 101
168 267
90 189
41 140
49 148
58 157
73 172
112 211
150 249
187 286
2 101
104 203
92 191
57 156
11 110
98 197
81 180
58 157
103 202
136 235
52 151
162 261
108 207
5 104
68 167
46 145
67 166
155 254
119 218
12 111
153 252
46 145
188 287
173 272
141 240
111 210
64 163
58 157
144 243
186 285
132 231
165 264
76 175
72 171
34 133
160 259
164 263
197 296
62 161
47 146
81 180
141 240
47 146
39 138
196 295
65 164
9 108
168 267
70 169
14 113
2 101
79 178
182 281
185 284
158 257
73 172
12 111
56 155
192 291
126 225
89 188
104 203
195 294
166 265
82 181
148 247
110 209
86 185
163 262
142 241
125 224
4 103
91 190
56 155
55 154
6 105
154 253
101 200
53 152
114 213
15 114
167 266
8 107
155 254
181 280
131 230
161 260
106 205
191 290
180 279
136 235
71 170
192 291
166 265
119 218
107 206
111 210
148 247
31 130
78 177
22 121
168 267
83 182
33 132
142 241
138 237
124 223
98 197
118 217
15 114
107 206
62 161
177 276
190 289
189 288
178 277
69 168
174 273
38 137
193 292
49 148
172 271
134 233
0 99
8 107
27 126
84 183
157 256
15 114
177 276
27 126
13 112
165 264
99 198
11 110
81 180
11 110
158 257
156 255
33 132
147 246
193 292
134 233
173 272
44 143
34 133
172 271
161 260
166 265
117 216
108 207
189 288
127 226
98 197
93 192
36 135
132 231
56 155
60 159
123 222
58 157
52 151
94 193
42 141
23 122
134 233
147 246
165 264
50 149
119 218
153 252
5 104
97 196
104 203
178 277
35 134
183 282
54 153
104 203
133 232
137 236
13 112
84 183
162 261
190 289
31 130
151 250
187 286
6 105
64 163
109 208
2 101
45 144
125 224
97 196
40 139
36 135
86 185
115 214
25 124
42 141
67 166
194 293
65 164
187 286
24 123
95 194
27 126
102 201
27 126
196 295
175 274
52 151
1 100
189 288
84 183
20 119
62 161
112 211
50 149
161 260
189 288
78 177
59 158
55 154
159 258
48 147
15 114
143 242
89 188
137 236
71 170
16 115
28 127
50 149
178 277
120 219
97 196
177 276
154 253
160 259
140 239
52 151
124 223
108 207
148 247
13 112
174 273
92 191
123 222
16 115
147 246
70 169
83 182
20 119
5 104
74 173
169 268
72 171
197 296
43 142
116 215
8 107
32 131
174 273
148 247
194 293
196 295
34 133
146 245
176 275
145 244
48 147
46 145
67 166
143 242
17 116
166 265
168 267
116 215
164 263
89 188
152 251
140 239
159 258
82 181
127 226
56 155
27 126
165 264
31 130
186 285
142 241
171 270
33 132
45 144
95 194
108 207
31 130
54 153
141 240
111 210
22 121
164 263
49 148
193 292
58 157
165 264
154 253
91 190
95 194
171 270
108 207
42 141
4 103
7 106
158 257
106 205
124 223
65 164
52 151
17 116
158 257
138 237
76 175
53 152
178 277
33 132
138 237
98 197
152 251
97 196
132 231
136 235
65 164
66 165
54 153
75 174
169 268
3 102
60 159
48 147
27 126
177 276
12 111
146 245
9 108
179 278
65 164
175 274
78 177
177 276
89 188
97 196
91 190
100 199
179 278
14 113
7 106
89 188
121 220
76 175
15 114
92 191
187 286
8 107
72 171
33 132
13 112
190 289
130 229
104 203
116 215
76 175
89 188
136 235
67 166
184 283
40 139
187 286
69 168
77 176
156 255
3 102
80 179
146 245
143 242
44 143
28 127
123 222
43 142
128 227
27 126
43 142
165 264
122 221
2 101
23 122
197 296
31 130
72 171
181 280
85 184
182 281
31 130
48 147
144 243
48 147
13 112
175 274
116 215
153 252
102 201
158 257
15 114
165 264
18 117
102 201
122 221
181 280
53 152
80 179
180 279
1 100
196 295
110 209
103 202
137 236
168 267
152 251
81 180
32 131
44 143
12 111
68 167
57 156
194 293
16 115
91 190
49 148
24 123
164 263
52 151
152 251
93 192
64 163
117 216
40 139
179 278
135 234
142 241
79 178
13 112
101 200
122 221
135 234
126 225
13 112
17 116
149 248
74 173
69 168
196 295
76 175
191 290
45 144
101 200
194 293
99 198
45 144
139 238
44 143
177 276
133 232
116 215
37 136
87 186
163 262
48 147
34 133
73 172
43 142
67 166
138 237
111 210
18 117
192 291
75 174
36 135
176 275
48 147
162 261
132 231
7 106
75 174
141 240
107 206
174 273
196 295
0 99
162 261
49 148
113 212
188 287
99 198
195 294
14 113
9 108
171 270
84 183
71 170
103 202
24 123
95 194
64 163
154 253
9 108
36 135
96 195
2 101
105 204
105 204
138 237
183 282
97 196
145 244
52 151
27 126
127 226
85 184
192 291
18 117
19 118
129 228
170 269
101 200
92 191
166 265
36 135
149 248
185 284
119 218
123 222
192 291
180 279
38 137
81 180
74 173
78 177
173 272
139 238
2 101
44 143
169 268
94 193
76 175
118 217
111 210
177 276
27 126
181 280
114 213
1 100
27 126
78 177
17 116
9 108
120 219
43 142
120 219
155 254
120 219
106 205
129 228
180 279
162 261
22 121
169 268
4 103
84 183
147 246
78 177
37 136
97 196
138 237
116 215
195 294
6 105
31 130
158 257
64 163
182 281
123 222
59 158
163 262
116 215
141 240
133 232
23 122
18 117
103 202
131 230
6 105
177 276
70 169
66 165
126 225
127 226
164 263
140 239
165 264
177 276
121 220
58 157
118 217
173 272
91 190
131 230
100 199
179 278
13 112
12 111
139 238
98 197
4 103
64 163
160 259
197 296
117 216
192 291
15 114
38 137
134 233
130 229
169 268
138 237
18 117
128 227
79 178
140 239
18 117
196 295
149 248
2 101
12 111
167 266
87 186
68 167
85 184
123 222
150 249
32 131
171 270
70 169
10 109
116 215
137 236
147 246
69 168
165 264
165 264
149 248
60 159
96 195
115 214
147 246
188 287
187 286
139 238
187 286
59 158
116 215
33 132
58 157
146 245
0 99
128 227
73 172
52 151
159 258
70 169
10 109
79 178
191 290
73 172
95 194
90 189
16 115
172 271
45 144
52 151
139 238
123 222
0 99
141 240
6 105
147 246
192 291
195 294
180 279
31 130
147 246
196 295
44 143
137 236
55 154
13 112
190 289
144 243
37 136
193 292
11 110
147 246
83 182
29 128
50 149
19 118
46 145
119 218
132 231
132 231
11 110
22 121
131 230
87 186
17 116
28 127
18 117
24 123
136 235
19 118
30 129
47 146
195 294
87 186
167 266
157 256
50 149
39 138
25 124
51 150
145 244
25 124
93 192
43 142
78 177
65 164
106 205
38 137
35 134
116 215
4 103
185 284
55 154
113 212
127 226
112 211
111 210
21 120
6 105
110 209
52 151
89 188
189 288
184 283
91 190
148 247
85 184
5 104
12 111
49 148
15 114
57 156
73 172
52 151
129 228
122 221
143 242
107 206
4 103
155 254
63 162
105 204
178 277
188 287
62 161
147 246
154 253
37 136
66 165
153 252
29 128
30 129
62 161
1 100
127 226
39 138
26 125
133 232
159 258
43 142
164 263
64 163
51 150
31 130
24 123
15 114
4 103
47 146
27 126
15 114
73 172
182 281
133 232
119 218
156 255
111 210
158 257
183 282
137 236
75 174
65 164
159 258
79 178
139 238
173 272
117 216
52 151
119 218
92 191
95 194
16 115
185 284
143 242
160 259
174 273
114 213
146 245
174 273
15 114
172 271
96 195
180 279
111 210
179 278
17 116
30 129
147 246
40 139
172 271
27 126
92 191
106 205
60 159
132 231
160 259
166 265
39 138
39 138
123 222
131 230
139 238
85 184
134 233
88 187
155 254
45 144
134 233
180 279
175 274
184 283
130 229
37 136
147 246
139 238
70 169
101 200
144 243
57 156
87 186
118 217
29 128
9 108
1 100
40 139
167 266
109 208
116 215
108 207
17 116
16 115
98 197
62 161
123 222
48 147
145 244
155 254
137 236
145 244
5 104
75 174
189 288
79 178
22 121
130 229
47 146
61 160
183 282
20 119
19 118
32 131
148 247
56 155
105 204
159 258
6 105
149 248
2 101
99 198
10 109
160 259
53 152
139 238
88 187
100 199
42 141
124 223
94 193
129 228
97 196
100 199
103 202
16 115
112 211
60 159
25 124
48 147
192 291
7 106
115 214
109 208
169 268
108 207
33 132
79 178
10 109
177 276
100 199
73 172
120 219
179 278
145 244
49 148
178 277
62 161
46 145
184 283
37 136
184 283
120 219
180 279
104 203
78 177
191 290
149 248
124 223
31 130
25 124
37 136
116 215
134 233
61 160
80 179
173 272
112 211
29 128
37 136
184 283
82 181
33 132
165 264
70 169
107 206
137 236
43 142
9 108
33 132
177 276
19 118
190 289
1 100
85 184
180 279
33 132
157 256
128 227
142 241
83 182
80 179
89 188
13 112
163 262
13 112
102 201
38 137
86 185
138 237
28 127
189 288
195 294
113 212
170 269
136 235
87 186
6 105
126 225
115 214
107 206
5 104
84 183
94 193
51 150
141 240
75 174
141 240
77 176
11 110
52 151
37 136
53 152
38 137
150 249
90 189
50 149
20 119
87 186
178 277
168 267
184 283
44 143
144 243
73 172
155 254
163 262
75 174
135 234
98 197
157 256
46 145
101 200
59 158
40 139
167 266
47 146
32 131
140 239
64 163
111 210
81 180
140 239
13 112
71 170
114 213
101 200
172 271
122 221
4 103
192 291
162 261
128 227
7 106
5 104
35 134
197 296
176 275
15 114
57 156
135 234
62 161
21 120
130 229
93 192
43 142
104 203
83 182
156 255
70 169
153 252
186 285
77 176
69 168
166 265
93 192
76 175
44 143
168 267
123 222
92 191
27 126
192 291
1 100
33 132
96 195
53 152
29 128
119 218
6 105
6 105
136 235
4 103
187 286
191 290
171 270
46 145
180 279
151 250
180 279
159 258
25 124
169 268
195 294
133 232
112 211
158 257
8 107
174 273
3 102
32 131
42 141
179 278
7 106
192 291
191 290
26 125
92 191
48 147
38 137
94 193
116 215
78 177
134 233
163 262
143 242
67 166
149 248
19 118
69 168
46 145
59 158
40 139
63 162
7 106
169 268
38 137
64 163
107 206
88 187
29 128
109 208
36 135
141 240
107 206
79 178
74 173
79 178
8 107
32 131
189 288
50 149
28 127
125 224
68 167
38 137
182 281
73 172
142 241
132 231
83 182
84 183
103 202
86 185
126 225
76 175
163 262
195 294
56 155
61 160
108 207
97 196
88 187
196 295
171 270
22 121
56 155
9 108
58 157
181 280
4 103
121 220
195 294
108 207
141 240
120 219
196 295
153 252
157 256
148 247
11 110
38 137
94 193
189 288
85 184
143 242
180 279
52 151
166 265
3 102
97 196
9 108
18 117
3 102
137 236
117 216
76 175
132 231
169 268
140 239
192 291
84 183
150 249
69 168
21 120
8 107
156 255
148 247
148 247
87 186
179 278
119 218
194 293
82 181
74 173
10 109
19 118
148 247
172 271
66 165
143 242
44 143
97 196
152 251
109 208
31 130
112 211
20 119
129 228
58 157
73 172
60 159
50 149
22 121
168 267
15 114
101 200
85 184
23 122
196 295
58 157
132 231
26 125
118 217
177 276
25 124
151 250
86 185
71 170
60 159
2 101
124 223
175 274
187 286
133 232
28;156504
90 189
39 138
53 152
137 236
103 202
118 217
15 114
107 206
1 100
54 153
58 157
99 198
40 139
40 139
162 261
31 130
154 253
174 273
180 279
64 163
102 201
3 102
43 142
174 273
133 232
44 143
150 249
43 142
4 103
180 279
9 108
164 263
43 142
103 202
106 205
23 122
166 265
120 219
187 286
31 130
104 203
78 177
1 100
146 245
147 246
27 126
21 120
149 248
89 188
91 190
158 257
40 139
149 248
39 138
91 190
36 135
126 225
96 195
32 131
56 155
19 118
10 109
113 212
108 207
191 290
137 236
125 224
178 277
53 152
144 243
132 231
0 99
168 267
77 176
149 248
16 115
197 296
179 278
115 214
174 273
113 212
30 129
113 212
197 296
131 230
42 141
168 267
106 205
108 207
147 246
56 155
32 131
146 245
8 107
61 160
53 152
56 155
139 238
153 252
162 261
53 152
84 183
21 120
49 148
85 184
172 271
20 119
54 153
78 177
88 187
21 120
31 130
102 201
91 190
69 168
1 100
83 182
167 266
152 251
104 203
108 207
163 262
194 293
146 245
52 151
24 123
54 153
81 180
20 119
84 183
160 259
26 125
177 276
44 143
188 287
45 144
65 164
40 139
158 257
186 285
33 132
56 155
182 281
160 259
83 182
4 103
18 117
127 226
50 149
179 278
86 185
43 142
120 219
85 184
51 150
163 262
91 190
22 121
157 256
127 226
7 106
110 209
117 216
87 186
46 145
99 198
52 151
159 258
92 191
161 260
116 215
151 250
181 280
71 170
61 160
189 288
7 106
40 139
2 101
40 139
63 162
169 268
58 157
172 271
172 271
189 288
151 250
118 217
12 111
133 232
189 288
150 249
54 153
147 246
11 110
79 178
5 104
64 163
165 264
100 199
37 136
10 109
74 173
30 129
165 264
1 100
45 144
132 231
195 294
151 250
69 168
114 213
120 219
177 276
99 198
164 263
64 163
53 152
54 153
183 282
41 140
101 200
149 248
8 107
29 128
39 138
111 210
1 100
20 119
50 149
118 217
90 189
117 216
17 116
145 244
106 205
39 138
165 264
159 258
81 180
96 195
74 173
180 279
143 242
184 283
51 150
78 177
95 194
122 221
11 110
180 279
129 228
132 231
167 266
102 201
141 240
101 200
4 103
171 270
173 272
22 121
177 276
185 284
40 139
17 116
108 207
191 290
59 158
125 224
32 131
154 253
22 121
139 238
6 105
69 168
52 151
149 248
142 241
49 148
96 195
77 176
5 104
150 249
109 208
157 256
14 113
36 135
163 262
101 200
166 265
87 186
75 174
86 185
72 171
178 277
42 141
89 188
139 238
127 226
18 117
133 232
33 132
173 272
21 120
3 102
48 147
42 141
104 203
93 192
128 227
187 286
170 269
28 127
25 124
150 249
107 206
6 105
6 105
28 127
117 216
164 263
134 233
96 195
4 103
90 189
101 200
92 191
136 235
23 122
30 129
115 214
116 215
90 189
118 217
146 245
65 164
99 198
138 237
152 251
179 278
149 248
164 263
160 259
95 194
120 219
125 224
15 114
105 204
181 280
84 183
76 175
115 214
51 150
146 245
20 119
67 166
181 280
88 187
154 253
132 231
175 274
181 280
8 107
21 120
161 260
184 283
173 272
29 128
129 228
4 103
52 151
37 136
34 133
36 135
121 220
50 149
139 238
183 282
94 193
52 151
65 164
95 194
136 235
26 125
169 268
175 274
57 156
96 195
0 99
110 209
80 179
68 167
146 245
58 157
2 101
148 247
65 164
145 244
156 255
79 178
131 230
107 206
191 290
22 121
98 197
18 117
122 221
88 187
11 110
57 156
17 116
98 197
98 197
147 246
43 142
22 121
23 122
183 282
190 289
165 264
171 270
166 265
154 253
156 255
94 193
55 154
152 251
134 233
34 133
169 268
197 296
70 169
154 253
172 271
64 163
21 120
148 247
34 133
80 179
32 131
186 285
168 267
80 179
167 266
61 160
121 220
142 241
162 261
6 105
86 185
94 193
79 178
120 219
175 274
37 136
114 213
2 101
85 184
84 183
154 253
52 151
126 225
197 296
108 207
83 182
87 186
49 148
68 167
160 259
37 136
192 291
54 153
71 170
29 128
133 232
54 153
145 244
59 158
91 190
116 215
47 146
63 162
169 268
31 130
27 126
52 151
185 284
73 172
113 212
106 205
185 284
5 104
144 243
110 209
87 186
39 138
45 144
145 244
155 254
72 171
106 205
182 281
80 179
35 134
53 152
29 128
186 285
40 139
93 192
194 293
166 265
163 262
5 104
130 229
138 237
192 291
24 123
21 120
42 141
57 156
107 206
41 140
59 158
170 269
78 177
100 199
152 251
125 224
193 292
127 226
122 221
37 136
90 189
163 262
25 124
86 185
192 291
2 101
102 201
92 191
57 156
132 231
80 179
60 159
79 178
181 280
193 292
17 116
169 268
88 187
7 106
71 170
104 203
24 123
121 220
187 286
189 288
127 226
137 236
112 211
10 109
86 185
103 202
100 199
91 190
121 220
111 210
0 99
190 289
103 202
114 213
167 266
132 231
191 290
68 167
152 251
158 257
19 118
160 259
129 228
17 116
119 218
159 258
99 198
148 247
142 241
59 158
189 288
169 268
88 187
124 223
173 272
28 127
138 237
83 182
73 172
25 124
126 225
32 131
188 287
116 215
135 234
135 234
94 193
178 277
61 160
54 153
43 142
165 264
132 231
81 180
174 273
72 171
195 294
117 216
152 251
7 106
165 264
114 213
174 273
88 187
121 220
119 218
158 257
11 110
13 112
16 115
188 287
105 204
30 129
23 122
116 215
102 201
60 159
175 274
162 261
69 168
163 262
18 117
11 110
77 176
177 276
194 293
102 201
58 157
144 243
70 169
12 111
148 247
67 166
32 131
146 245
54 153
110 209
19 118
121 220
147 246
17 116
107 206
125 224
140 239
126 225
97 196
61 160
83 182
25 124
192 291
126 225
63 162
125 224
147 246
81 180
28 127
128 227
122 221
128 227
56 155
185 284
120 219
160 259
150 249
20 119
3 102
10 109
85 184
115 214
37 136
183 282
191 290
46 145
118 217
100 199
149 248
188 287
16 115
62 161
111 210
3 102
92 191
3 102
88 187
88 187
21 120
36 135
65 164
128 227
79 178
56 155
105 204
46 145
177 276
143 242
87 186
193 292
10 109
161 260
55 154
146 245
172 271
128 227
141 240
120 219
69 168
160 259
68 167
119 218
60 159
102 201
57 156
161 260
155 254
55 154
19 118
30 129
8 107
28 127
52 151
187 286
67 166
12 111
152 251
81 180
34 133
197 296
169 268
158 257
138 237
53 152
178 277
77 176
17 116
79 178
26 125
171 270
72 171
149 248
125 224
157 256
61 160
102 201
93 192
189 288
173 272
24 123
164 263
76 175
59 158
148 247
131 230
76 175
182 281
108 207
103 202
36 135
61 160
123 222
126 225
195 294
169 268
86 185
149 248
64 163
57 156
139 238
150 249
0 99
186 285
43 142
105 204
190 289
54 153
98 197
19 118
47 146
148 247
58 157
176 275
146 245
159 258
45 144
76 175
63 162
103 202
0 99
87 186
158 257
18 117
88 187
59 158
154 253
141 240
5 104
188 287
73 172
21 120
79 178
167 266
9 108
68 167
51 150
170 269
106 205
143 242
36 135
21 120
197 296
7 106
163 262
144 243
118 217
48 147
173 272
8 107
150 249
185 284
74 173
2 101
147 246
62 161
175 274
63 162
75 174
84 183
124 223
145 244
177 276
33 132
168 267
129 228
160 259
39 138
33 132
25 124
140 239
65 164
155 254
122 221
70 169
183 282
109 208
103 202
118 217
36 135
169 268
175 274
137 236
28 127
6 105
118 217
74 173
94 193
20 119
18 117
150 249
40 139
140 239
14 113
107 206
181 280
172 271
145 244
129 228
144 243
107 206
110 209
183 282
37 136
137 236
13 112
84 183
117 216
181 280
185 284
4 103
106 205
26 125
81 180
67 166
54 153
192 291
158 257
6 105
117 216
102 201
153 252
60 159
29 128
145 244
98 197
93 192
150 249
73 172
197 296
98 197
168 267
30 129
132 231
151 250
171 270
124 223
92 191
178 277
134 233
150 249
82 181
99 198
179 278
39 138
162 261
91 190
125 224
81 180
119 218
94 193
188 287
93 192
84 183
109 208
93 192
152 251
33 132
176 275
72 171
57 156
176 275
194 293
77 176
99 198
62 161
189 288
138 237
22 121
186 285
125 224
80 179
174 273
102 201
147 246
128 227
38 137
56 155
131 230
16 115
6 105
136 235
19 118
52 151
32 131
152 251
112 211
180 279
36 135
95 194
170 269
128 227
90 189
135 234
106 205
39 138
94 193
22 121
105 204
41 140
104 203
38 137
72 171
20 119
5 104
195 294
99 198
28 127
133 232
187 286
156 255
58 157
36 135
28 127
130 229
70 169
82 181
174 273
143 242
164 263
151 250
150 249
150 249
186 285
186 285
121 220
176 275
146 245
95 194
69 168
129 228
141 240
182 281
108 207
65 164
137 236
194 293
175 274
11 110
128 227
101 200
31 130
191 290
186 285
29 128
44 143
128 227
186 285
135 234
167 266
10 109
73 172
55 154
158 257
157 256
177 276
147 246
83 182
150 249
7 106
151 250
163 262
8 107
61 160
195 294
196 295
26 125
9 108
11 110
82 181
69 168
111 210
116 215
0 99
16 115
117 216
179 278
98 197
98 197
14 113
22 121
35 134
0 99
94 193
118 217
47 146
29 128
141 240
111 210
185 284
189 288
26 125
11 110
44 143
134 233
181 280
80 179
187 286
148 247
178 277
80 179
107 206
39 138
133 232
45 144
37 136
133 232
181 280
88 187
41 140
115 214
99 198
0 99
5 104
170 269
167 266
104 203
89 188
91 190
83 182
123 222
66 165
75 174
81 180
112 211
155 254
106 205
163 262
56 155
187 286
64 163
107 206
144 243
68 167
137 236
61 160
122 221
168 267
15 114
30 129
66 165
53 152
106 205
43 142
25 124
37 136
138 237
84 183
178 277
79 178
164 263
190 289
112 211
195 294
172 271
115 214
117 216
111 210
156 255
132 231
129 228
130 229
38 137
43 142
73 172
142 241
163 262
93 192
160 259
114 213
100 199
1 100
127 226
42 141
130 229
87 186
194 293
115 214
188 287
139 238
110 209
105 204
197 296
56 155
52 151
171 270
122 221
65 164
166 265
118 217
89 188
114 213
144 243
191 290
135 234
197 296
121 220
32 131
12 111
181 280
151 250
91 190
109 208
193 292
133 232
96 195
91 190
3 102
39 138
3 102
183 282
53 152
145 244
31 130
115 214
149 248
45 144
126 225
168 267
177 276
179 278
3 102
182 281
65 164
10 109
125 224
98 197
144 243
125 224
167 266
85 184
54 153
197 296
5 104
176 275
139 238
64 163
7 106
166 265
23 122
141 240
157 256
165 264
156 255
73 172
140 239
60 159
191 290
80 179
17 116
128 227
99 198
161 260
137 236
156 255
104 203
196 295
72 171
158 257
122 221
131 230
168 267
167 266
192 291
99 198
62 161
83 182
27 126
165 264
70 169
136 235
76 175
182 281
191 290
55 154
48 147
179 278
31 130
21 120
132 231
11 110
10 109
159 258
37 136
4 103
15 114
14 113
162 261
24 123
29 128
28 127
116 215
29 128
41 140
147 246
182 281
89 188
55 154
95 194
3 102
187 286
135 234
3 102
60 159
27 126
10 109
68 167
86 185
106 205
189 288
77 176
21 120
99 198
193 292
141 240
194 293
70 169
21 120
9 108
163 262
5 104
59 158
149 248
171 270
189 288
181 280
106 205
63 162
134 233
175 274
66 165
77 176
126 225
82 181
45 144
164 263
184 283
9 108
160 259
190 289
188 287
33 132
161 260
110 209
99 198
179 278
71 170
94 193
92 191
148 247
93 192
21 120
122 221
128 227
146 245
134 233
62 161
166 265
114 213
13 112
63 162
86 185
125 224
131 230
169 268
98 197
177 276
158 257
69 168
186 285
175 274
95 194
123 222
11 110
101 200
128 227
194 293
61 160
84 183
68 167
105 204
105 204
84 183
71 170
11 110
35 134
132 231
112 211
129 228
75 174
46 145
96 195
40 139
106 205
76 175
54 153
197 296
106 205
17 116
22 121
42 141
129 228
47 146
193 292
5 104
137 236
186 285
194 293
95 194
40 139
77 176
44 143
135 234
161 260
125 224
18 117
59 158
46 145
49 148
148 247
98 197
108 207
71 170
37 136
54 153
55 154
186 285
61 160
193 292
41 140
81 180
112 211
143 242
149 248
162 261
104 203
56 155
99 198
53 152
184 283
33 132
73 172
110 209
121 220
172 271
8 107
191 290
31 130
181 280
55 154
139 238
189 288
11 110
29 128
185 284
181 280
129 228
159 258
136 235
192 291
161 260
187 286
196 295
79 178
81 180
55 154
38 137
189 288
183 282
41 140
109 208
119 218
13 112
58 157
36 135
107 206
133 232
132 231
1 100
122 221
138 237
33 132
178 277
118 217
74 173
12 111
109 208
167 266
75 174
159 258
82 181
85 184
39 138
190 289
113 212
165 264
32 131
95 194
98 197
95 194
193 292
121 220
20 119
49 148
44 143
20 119
49 148
196 295
61 160
179 278
34 133
0 99
84 183
18 117
78 177
19 118
76 175
108 207
38 137
119 218
81 180
37 136
75 174
40 139
146 245
20 119
2 101
151 250
14 113
168 267
146 245
80 179
114 213
12 111
34 133
62 161
50 149
50 149
151 250
148 247
157 256
29 128
179 278
185 284
4 103
46 145
174 273
51 150
52 151
67 166
11 110
67 166
114 213
179 278
178 277
167 266
34 133
58 157
80 179
129 228
132 231
38 137
152 251
131 230
170 269
177 276
197 296
58 157
105 204
48 147
65 164
54 153
81 180
91 190
174 273
146 245
85 184
70 169
190 289
33 132
34 133
3 102
90 189
137 236
34 133
2 101
184 283
62 161
99 198
131 230
14 113
69 168
126 225
41 140
129 228
157 256
84 183
135 234
166 265
131 230
117 216
45 144
72 171
192 291
47 146
26 125
151 250
22 121
178 277
41 140
173 272
0 99
91 190
46 145
55 154
175 274
40 139
101 200
140 239
58 157
14 113
135 234
157 256
147 246
149 248
184 283
38 137
180 279
40 139
11 110
181 280
53 152
165 264
45 144
189 288
145 244
114 213
162 261
157 256
58 157
124 223
40 139
95 194
117 216
42 141
61 160
172 271
156 255
48 147
116 215
36 135
4 103
159 258
100 199
114 213
82 181
115 214
98 197
19 118
191 290
87 186
23 122
60 159
54 153
142 241
115 214
96 195
171 270
44 143
33 132
42 141
13 112
183 282
55 154
144 243
173 272
196 295
45 144
30 129
123 222
66 165
167 266
93 192
31 130
21 120
52 151
193 292
150 249
57 156
46 145
110 209
7 106
94 193
56 155
139 238
116 215
153 252
98 197
130 229
164 263
89 188
158 257
1 100
135 234
30 129
94 193
56 155
132 231
34 133
131 230
9 108
182 281
129 228
176 275
189 288
116 215
43 142
169 268
8 107
141 240
188 287
18 117
63 162
132 231
132 231
58 157
132 231
155 254
139 238
119 218
98 197
147 246
64 163
8 107
69 168
44 143
35 134
13 112
136 235
84 183
150 249
90 189
105 204
123 222
65 164
131 230
46 145
98 197
46 145
171 270
176 275
93 192
14 113
83 182
115 214
172 271
75 174
36 135
0 99
109 208
55 154
168 267
80 179
18 117
172 271
192 291
79 178
160 259
174 273
2 101
48 147
23 122
149 248
110 209
110 209
24 123
9 108
9 108
125 224
82 181
174 273
19 118
86 185
54 153
147 246
125 224
51 150
128 227
92 191
173 272
128 227
180 279
121 220
97 196
107 206
123 222
79 178
121 220
118 217
183 282
116 215
62 161
78 177
32 131
162 261
189 288
108 207
139 238
176 275
50 149
48 147
75 174
127 226
75 174
144 243
81 180
91 190
47 146
50 149
194 293
36 135
36 135
124 223
23 122
24 123
157 256
64 163
140 239
34 133
157 256
35 134
173 272
45 144
112 211
191 290
115 214
97 196
95 194
18 117
89 188
88 187
17 116
67 166
20 119
36 135
5 104
79 178
117 216
67 166
136 235
95 194
47 146
171 270
184 283
141 240
97 196
30 129
166 265
83 182
150 249
91 190
21 120
107 206
3 102
155 254
196 295
26 125
109 208
44 143
63 162
66 165
162 261
167 266
107 206
36 135
56 155
36 135
146 245
179 278
26 125
67 166
109 208
188 287
123 222
108 207
39 138
168 267
58 157
36 135
67 166
147 246
69 168
140 239
111 210
26 125
183 282
4 103
16 115
88 187
87 186
128 227
99 198
106 205
101 200
181 280
58 157
25 124
98 197
163 262
14 113
72 171
173 272
33 132
192 291
49 148
129 228
58 157
71 170
159 258
70 169
156 255
41 140
80 179
107 206
56 155
79 178
135 234
173 272
110 209
101 200
84 183
5 104
39 138
159 258
193 292
90 189
177 276
21 120
2 101
65 164
134 233
33 132
152 251
13 112
49 148
143 242
13 112
48 147
195 294
27 126
85 184
44 143
87 186
27 126
66 165
170 269
94 193
108 207
100 199
141 240
143 242
157 256
25 124
46 145
182 281
44 143
182 281
191 290
76 175
116 215
4 103
89 188
128 227
46 145
0 99
177 276
142 241
160 259
62 161
175 274
114 213
118 217
118 217
74 173
67 166
126 225
40 139
155 254
87 186
73 172
163 262
25 124
22 121
146 245
73 172
28 127
135 234
98 197
89 188
152 251
75 174
144 243
183 282
138 237
172 271
5 104
93 192
149 248
18 117
148 247
70 169
59 158
162 261
119 218
123 222
77 176
48 147
186 285
16 115
88 187
144 243
97 196
154 253
100 199
62 161
148 247
64 163
188 287
62 161
51 150
68 167
76 175
187 286
128 227
172 271
60 159
187 286
162 261
18 117
34 133
13 112
69 168
75 174
40 139
165 264
82 181
46 145
38 137
178 277
111 210
183 282
148 247
72 171
49 148
15 114
3 102
136 235
142 241
195 294
163 262
0 99
64 163
190 289
188 287
169 268
191 290
137 236
51 150
2 101
37 136
21 120
0 99
86 185
72 171
132 231
27 126
108 207
177 276
29 128
55 154
5 104
45 144
110 209
12 111
105 204
188 287
162 261
145 244
147 246
132 231
68 167
131 230
167 266
39 138
141 240
24 123
157 256
126 225
121 220
72 171
66 165
173 272
127 226
195 294
74 173
162 261
128 227
95 194
9 108
178 277
110 209
135 234
143 242
69 168
83 182
177 276
24 123
145 244
16 115
114 213
191 290
71 170
75 174
69 168
71 170
182 281
23 122
85 184
116 215
114 213
43 142
144 243
115 214
36 135
31 130
168 267
118 217
25 124
26 125
10 109
194 293
51 150
105 204
164 263
82 181
133 232
91 190
47 146
104 203
5 104
179 278
99 198
134 233
178 277
165 264
147 246
11 110
94 193
159 258
51 150
173 272
97 196
30 129
189 288
151 250
149 248
145 244
20 119
58 157
106 205
110 209
122 221
137 236
54 153
5 104
14 113
141 240
27 126
21 120
10 109
141 240
142 241
161 260
103 202
135 234
83 182
111 210
7 106
2 101
178 277
151 250
92 191
177 276
10 109
0 99
43 142
167 266
195 294
26 125
127 226
36 135
45 144
132 231
57 156
60 159
182 281
77 176
49 148
23 122
43 142
177 276
49 148
143 242
148 247
197 296
152 251
142 241
13 112
74 173
1 100
137 236
73 172
178 277
76 175
88 187
160 259
115 214
104 203
122 221
23 122
120 219
77 176
25 124
172 271
50 149
132 231
31 130
174 273
16 115
13 112
138 237
180 279
47 146
124 223
81 180
35 134
6 105
176 275
77 176
58 157
62 161
108 207
131 230
100 199
196 295
67 166
18 117
78 177
61 160
103 202
62 161
51 150
101 200
100 199
36 135
86 185
175 274
185 284
186 285
155 254
30 129
73 172
74 173
192 291
128 227
194 293
89 188
158 257
10 109
173 272
108 207
130 229
38 137
152 251
30 129
153 252
135 234
30 129
166 265
20 119
80 179
79 178
99 198
93 192
190 289
52 151
175 274
88 187
118 217
49 148
158 257
150 249
27 126
97 196
191 290
196 295
80 179
128 227
127 226
20 119
180 279
192 291
175 274
163 262
127 226
102 201
20 119
118 217
18 117
187 286
68 167
45 144
161 260
94 193
176 275
141 240
70 169
195 294
195 294
114 213
46 145
95 194
42 141
179 278
143 242
1 100
182 281
141 240
103 202
187 286
159 258
48 147
196 295
43 142
166 265
172 271
193 292
150 249
127 226
3 102
129 228
158 257
177 276
96 195
0 99
79 178
101 200
26 125
190 289
79 178
15 114
116 215
105 204
180 279
108 207
177 276
52 151
107 206
82 181
124 223
117 216
72 171
135 234
74 173
40 139
162 261
113 212
56 155
20 119
139 238
141 240
2 101
121 220
197 296
19 118
35 134
84 183
44 143
175 274
154 253
23 122
144 243
111 210
154 253
38 137
19 118
127 226
68 167
33 132
82 181
165 264
57 156
10 109
47 146
156 255
105 204
3 102
119 218
99 198
162 261
15 114
20 119
108 207
19 118
81 180
82 181
146 245
102 201
57 156
27 126
181 280
61 160
27 126
27 126
194 293
105 204
115 214
179 278
50 149
36 135
8 107
87 186
140 239
163 262
116 215
55 154
11 110
65 164
134 233
89 188
48 147
179 278
127 226
4 103
27 126
100 199
105 204
130 229
76 175
31 130
124 223
58 157
152 251
7 106
160 259
16 115
10 109
61 160
183 282
115 214
159 258
105 204
106 205
188 287
60 159
157 256
145 244
170 269
47 146
147 246
141 240
164 263
76 175
114 213
38 137
71 170
83 182
17 116
121 220
51 150
94 193
25 124
87 186
66 165
82 181
94 193
184 283
135 234
153 252
76 175
84 183
141 240
78 177
14 113
191 290
94 193
86 185
26 125
116 215
193 292
168 267
189 288
158 257
18 117
155 254
100 199
97 196
63 162
154 253
110 209
138 237
167 266
19 118
119 218
165 264
153 252
189 288
43 142
158 257
53 152
10 109
43 142
128 227
86 185
130 229
84 183
151 250
159 258
132 231
166 265
107 206
133 232
114 213
89 188
65 164
54 153
187 286
95 194
49 148
131 230
119 218
22 121
105 204
107 206
56 155
119 218
197 296
7 106
57 156
197 296
7 106
5 104
75 174
100 199
17 116
172 271
2 101
104 203
139 238
31 130
170 269
135 234
104 203
167 266
154 253
184 283
132 231
104 203
98 197
129 228
63 162
87 186
107 206
188 287
168 267
14 113
135 234
76 175
34 133
0 99
94 193
90 189
155 254
61 160
80 179
155 254
98 197
79 178
89 188
11 110
194 293
51 150
103 202
85 184
66 165
7 106
135 234
48 147
82 181
100 199
118 217
9 108
58 157
120 219
135 234
68 167
112 211
105 204
38 137
147 246
132 231
145 244
115 214
185 284
14 113
174 273
50 149
181 280
18 117
17 116
32 131
63 162
63 162
105 204
52 151
157 256
43 142
21 120
187 286
1 100
154 253
129 228
90 189
147 246
140 239
24 123
41 140
59 158
90 189
59 158
74 173
133 232
107 206
1 100
162 261
185 284
193 292
106 205
18 117
92 191
135 234
86 185
1 100
173 272
62 161
21 120
173 272
157 256
170 269
138 237
139 238
151 250
169 268
27 126
19 118
195 294
126 225
11 110
191 290
28 127
123 222
86 185
189 288
73 172
197 296
64 163
34 133
195 294
163 262
71 170
95 194
1 100
34 133
188 287
76 175
44 143
14 113
125 224
127 226
152 251
182 281
173 272
34 133
94 193
116 215
86 185
65 164
37 136
113 212
79 178
119 218
92 191
162 261
131 230
155 254
120 219
191 290
118 217
28 127
22 121
171 270
19 118
106 205
160 259
107 206
20 119
146 245
74 173
61 160
69 168
103 202
148 247
111 210
84 183
11 110
179 278
59 158
66 165
44 143
150 249
26 125
89 188
8 107
23 122
70 169
173 272
136 235
35 134
138 237
179 278
53 152
98 197
32 131
154 253
182 281
71 170
90 189
57 156
163 262
50 149
192 291
161 260
2 101
80 179
35 134
33 132
114 213
54 153
191 290
159 258
28 127
71 170
86 185
12 111
152 251
49 148
155 254
64 163
167 266
79 178
108 207
39 138
70 169
89 188
185 284
82 181
140 239
72 171
13 112
37 136
146 245
169 268
138 237
55 154
44 143
33 132
32 131
181 280
43 142
138 237
145 244
46 145
147 246
183 282
14 113
26 125
131 230
40 139
14 113
57 156
33 132
25 124
9 108
122 221
112 211
119 218
116 215
58 157
4 103
77 176
52 151
173 272
76 175
125 224
71 170
9 108
19 118
162 261
84 183
157 256
51 150
3 102
3 102
123 222
39 138
145 244
92 191
46 145
173 272
110 209
114 213
74 173
187 286
85 184
50 149
42 141
104 203
31 130
182 281
90 189
100 199
66 165
109 208
102 201
5 104
192 291
48 147
178 277
175 274
20 119
15 114
157 256
133 232
52 151
31 130
82 181
20 119
164 263
172 271
176 275
23 122
71 170
65 164
45 144
44 143
13 112
40 139
179 278
177 276
83 182
55 154
6 105
185 284
69 168
68 167
30 129
19 118
11 110
121 220
37 136
26 125
128 227
197 296
151 250
51 150
109 208
96 195
47 146
171 270
110 209
91 190
5 104
90 189
103 202
57 156
162 261
133 232
177 276
139 238
30 129
120 219
137 236
171 270
124 223
112 211
22 121
170 269
1 100
23 122
27 126
103 202
100 199
161 260
102 201
98 197
136 235
77 176
51 150
131 230
36 135
99 198
41 140
71 170
196 295
17 116
119 218
116 215
188 287
49 148
84 183
175 274
195 294
74 173
63 162
41 140
4 103
42 141
106 205
0 99
194 293
37 136
143 242
8 107
20 119
142 241
159 258
48 147
87 186
29 128
155 254
13 112
139 238
28 127
48 147
59 158
144 243
130 229
97 196
144 243
129 228
160 259
113 212
164 263
24 123
153 252
44 143
67 166
68 167
9 108
20 119
48 147
141 240
108 207
146 245
31 130
13 112
21 120
182 281
72 171
109 208
114 213
67 166
112 211
114 213
93 192
20 119
162 261
16 115
13 112
186 285
104 203
43 142
133 232
34 133
127 226
80 179
67 166
92 191
85 184
69 168
28 127
72 171
82 181
115 214
58 157
134 233
163 262
4 103
80 179
91 190
49 148
86 185
11 110
39 138
45 144
8 107
81 180
130 229
21 120
63 162
7 106
157 256
176 275
52 151
51 150
20 119
135 234
125 224
110 209
96 195
150 249
91 190
38 137
55 154
146 245
3 102
190 289
193 292
58 157
5 104
192 291
58 157
156 255
33 132
90 189
83 182
56 155
107 206
70 169
170 269
191 290
70 169
63 162
138 237
38 137
2 101
144 243
92 191
99 198
7 106
127 226
137 236
113 212
11 110
86 185
94 193
49 148
187 286
157 256
17 116
169 268
168 267
131 230
167 266
88 187
171 270
118 217
108 207
37 136
71 170
52 151
57 156
78 177
56 155
59 158
54 153
186 285
19 118
8 107
16 115
89 188
122 221
173 272
89 188
79 178
10 109
61 160
96 195
187 286
16 115
47 146
73 172
0 99
131 230
189 288
97 196
182 281
131 230
0 99
55 154
12 111
14 113
35 134
131 230
134 233
134 233
135 234
183 282
44 143
194 293
12 111
37 136
192 291
113 212
46 145
4 103
116 215
56 155
4 103
19 118
127 226
16 115
107 206
8 107
177 276
8 107
55 154
182 281
150 249
98 197
50 149
127 226
90 189
79 178
125 224
144 243
57 156
56 155
17 116
96 195
187 286
94 193
75 174
24 123
112 211
47 146
142 241
154 253
17 116
175 274
189 288
174 273
71 170
192 291
7 106
153 252
130 229
137 236
65 164
183 282
62 161
174 273
176 275
124 223
126 225
26 125
105 204
14 113
188 287
38 137
184 283
196 295
7 106
10 109
166 265
142 241
94 193
137 236
189 288
193 292
55 154
127 226
85 184
11 110
12 111
117 216
120 219
182 281
164 263
58 157
131 230
28 127
121 220
105 204
42 141
8 107
7 106
34 133
51 150
190 289
192 291
196 295
70 169
162 261
84 183
196 295
166 265
118 217
115 214
85 184
194 293
122 221
156 255
150 249
91 190
45 144
191 290
70 169
138 237
88 187
46 145
95 194
148 247
29 128
28 127
174 273
117 216
49 148
79 178
134 233
34 133
39 138
30 129
159 258
123 222
169 268
190 289
174 273
25 124
106 205
41 140
30 129
46 145
49 148
158 257
65 164
194 293
42 141
106 205
165 264
148 247
117 216
5 104
39 138
122 221
66 165
95 194
177 276
34 133
122 221
88 187
177 276
168 267
166 265
149 248
57 156
107 206
91 190
56 155
165 264
18 117
186 285
33 132
113 212
169 268
125 224
164 263
117 216
170 269
20 119
193 292
49 148
157 256
27 126
134 233
166 265
3 102
67 166
76 175
101 200
113 212
181 280
168 267
38 137
164 263
6 105
182 281
78 177
83 182
105 204
35 134
130 229
122 221
102 201
90 189
57 156
47 146
58 157
191 290
55 154
60 159
168 267
137 236
17 116
84 183
61 160
10 109
162 261
71 170
27 126
81 180
85 184
195 294
70 169
28 127
6 105
56 155
188 287
105 204
50 149
38 137
14 113
182 281
153 252
159 258
110 209
8 107
107 206
128 227
110 209
12 111
59 158
122 221
90 189
163 262
84 183
58 157
171 270
182 281
86 185
189 288
9 108
181 280
30 129
114 213
120 219
52 151
175 274
99 198
80 179
53 152
156 255
133 232
62 161
52 151
138 237
81 180
19 118
41 140
133 232
186 285
135 234
107 206
35 134
106 205
146 245
114 213
63 162
77 176
56 155
156 255
44 143
111 210
24 123
55 154
116 215
126 225
154 253
57 156
157 256
97 196
54 153
171 270
192 291
64 163
2 101
137 236
56 155
66 165
187 286
161 260
129 228
28 127
111 210
190 289
78 177
139 238
12 111
45 144
156 255
72 171
158 257
194 293
107 206
50 149
161 260
103 202
2 101
171 270
187 286
144 243
104 203
80 179
7 106
44 143
7 106
155 254
122 221
86 185
31 130
139 238
93 192
83 182
39 138
179 278
173 272
178 277
24 123
126 225
91 190
110 209
110 209
138 237
133 232
117 216
126 225
190 289
163 262
187 286
189 288
157 256
73 172
163 262
102 201
5 104
93 192
166 265
142 241
31 130
171 270
20 119
91 190
180 279
40 139
32 131
101 200
45 144
152 251
109 208
57 156
140 239
24 123
178 277
98 197
6 105
183 282
31 130
59 158
130 229
20 119
11 110
195 294
118 217
130 229
55 154
189 288
178 277
186 285
168 267
49 148
166 265
173 272
164 263
12 111
76 175
76 175
84 183
122 221
180 279
140 239
87 186
82 181
184 283
147 246
85 184
168 267
160 259
26 125
145 244
193 292
148 247
95 194
114 213
21 120
108 207
59 158
86 185
179 278
61 160
181 280
77 176
59 158
181 280
33 132
127 226
80 179
107 206
139 238
185 284
161 260
105 204
155 254
192 291
23 122
4 103
90 189
82 181
141 240
147 246
13 112
13 112
197 296
175 274
175 274
107 206
159 258
19 118
20 119
79 178
102 201
78 177
156 255
9 108
63 162
59 158
180 279
169 268
66 165
1 100
127 226
164 263
13 112
103 202
31 130
146 245
187 286
87 186
87 186
27 126
104 203
131 230
7 106
115 214
179 278
132 231
36 135
76 175
19 118
78 177
15 114
190 289
55 154
26 125
175 274
162 261
129 228
78 177
59 158
168 267
26 125
196 295
115 214
141 240
42 141
86 185
196 295
167 266
77 176
94 193
30 129
94 193
62 161
62 161
103 202
114 213
170 269
89 188
52 151
25 124
11 110
173 272
2 101
190 289
32 131
54 153
102 201
161 260
81 180
174 273
152 251
12 111
96 195
150 249
119 218
28 127
43 142
139 238
196 295
75 174
121 220
95 194
35 134
14 113
58 157
22 121
65 164
18 117
157 256
77 176
10 109
78 177
15 114
179 278
110 209
148 247
77 176
193 292
3 102
111 210
89 188
178 277
47 146
183 282
7 106
4 103
47 146
195 294
126 225
27 126
133 232
45 144
167 266
116 215
39 138
108 207
34 133
7 106
98 197
26 125
131 230
159 258
9 108
108 207
42 141
195 294
15 114
60 159
99 198
196 295
193 292
5 104
29 128
67 166
191 290
28 127
117 216
176 275
106 205
179 278
162 261
46 145
61 160
71 170
25 124
165 264
63 162
92 191
157 256
142 241
20 119
112 211
104 203
88 187
108 207
70 169
78 177
168 267
168 267
107 206
76 175
75 174
83 182
65 164
149 248
119 218
152 251
135 234
182 281
137 236
79 178
52 151
196 295
65 164
196 295
191 290
40 139
28 127
180 279
21 120
99 198
103 202
78 177
42 141
38 137
102 201
119 218
68 167
102 201
96 195
124 223
22 121
18 117
39 138
136 235
36 135
174 273
60 159
131 230
18 117
85 184
164 263
87 186
189 288
147 246
140 239
81 180
159 258
43 142
84 183
26 125
75 174
106 205
42 141
70 169
90 189
170 269
86 185
181 280
39 138
147 246
21 120
30 129
160 259
126 225
20 119
1 100
72 171
127 226
1 100
187 286
23 122
85 184
187 286
3 102
61 160
132 231
1 100
33 132
66 165
165 264
57 156
79 178
193 292
139 238
99 198
142 241
18 117
50 149
45 144
118 217
16 115
139 238
171 270
46 145
79 178
125 224
114 213
120 219
195 294
64 163
57 156
102 201
148 247
177 276
98 197
49 148
191 290
178 277
174 273
168 267
141 240
192 291
99 198
45 144
90 189
7 106
68 167
88 187
169 268
70 169
177 276
107 206
18 117
191 290
188 287
178 277
14 113
117 216
163 262
190 289
138 237
16 115
64 163
67 166
50 149
127 226
195 294
89 188
0 99
49 148
111 210
23 122
123 222
189 288
109 208
90 189
88 187
11 110
5 104
190 289
120 219
96 195
94 193
141 240
114 213
32 131
103 202
1 100
167 266
158 257
186 285
85 184
3 102
113 212
114 213
139 238
147 246
170 269
11 110
188 287
17 116
125 224
71 170
58 157
123 222
92 191
45 144
57 156
21 120
5 104
194 293
19 118
14 113
6 105
123 222
10 109
137 236
13 112
106 205
110 209
99 198
37 136
40 139
103 202
31 130
144 243
76 175
147 246
91 190
183 282
37 136
32 131
8 107
110 209
6 105
75 174
131 230
154 253
99 198
174 273
54 153
137 236
92 191
173 272
190 289
192 291
147 246
58 157
92 191
134 233
98 197
155 254
107 206
5 104
170 269
173 272
48 147
163 262
150 249
71 170
90 189
76 175
168 267
187 286
97 196
59 158
37 136
8 107
41 140
20 119
110 209
54 153
116 215
197 296
92 191
156 255
34 133
111 210
15 114
117 216
171 270
97 196
39 138
82 181
118 217
56 155
112 211
160 259
174 273
117 216
128 227
12 111
146 245
182 281
182 281
149 248
5 104
115 214
121 220
10 109
33 132
153 252
42 141
53 152
3 102
124 223
160 259
168 267
25 124
63 162
175 274
38 137
148 247
57 156
197 296
110 209
119 218
177 276
149 248
101 200
44 143
33 132
35 134
23 122
167 266
170 269
42 141
68 167
74 173
161 260
196 295
28 127
53 152
152 251
192 291
76 175
129 228
39 138
144 243
191 290
18 117
10 109
160 259
27 126
39 138
178 277
175 274
22 121
68 167
10 109
174 273
83 182
112 211
110 209
21 120
13 112
60 159
195 294
70 169
26 125
17 116
120 219
130 229
47 146
60 159
121 220
47 146
53 152
34 133
148 247
178 277
181 280
84 183
5 104
111 210
29 128
189 288
159 258
135 234
181 280
25 124
194 293
121 220
147 246
153 252
171 270
161 260
169 268
187 286
193 292
24 123
97 196
146 245
5 104
73 172
52 151
145 244
104 203
110 209
26 125
68 167
185 284
148 247
180 279
71 170
67 166
108 207
47 146
123 222
54 153
77 176
86 185
19 118
67 166
123 222
76 175
118 217
23 122
58 157
93 192
146 245
140 239
159 258
164 263
121 220
1 100
23 122
76 175
157 256
50 149
30 129
28 127
95 194
128 227
190 289
157 256
169 268
111 210
117 216
190 289
69 168
168 267
153 252
22 121
137 236
183 282
140 239
18 117
41 140
166 265
65 164
134 233
104 203
161 260
166 265
65 164
93 192
111 210
58 157
178 277
156 255
20 119
142 241
61 160
99 198
48 147
141 240
192 291
129 228
148 247
150 249
42 141
117 216
170 269
17 116
100 199
191 290
160 259
96 195
35 134
156 255
107 206
58 157
147 246
7 106
115 214
24 123
113 212
84 183
90 189
170 269
173 272
195 294
145 244
189 288
191 290
20 119
77 176
0 99
59 158
180 279
99 198
129 228
120 219
89 188
184 283
105 204
21 120
95 194
48 147
161 260
22 121
21 120
120 219
9 108
13 112
63 162
152 251
94 193
38 137
112 211
147 246
154 253
14 113
137 236
186 285
112 211
174 273
143 242
149 248
35 134
63 162
20 119
45 144
197 296
93 192
139 238
121 220
145 244
99 198
76 175
48 147
41 140
85 184
167 266
29 128
16 115
8 107
25 124
7 106
14 113
20 119
120 219
157 256
170 269
71 170
12 111
22 121
66 165
111 210
11 110
17 116
127 226
169 268
168 267
127 226
64 163
55 154
130 229
149 248
96 195
67 166
104 203
113 212
2 101
193 292
172 271
106 205
5 104
184 283
124 223
88 187
158 257
175 274
176 275
152 251
195 294
177 276
48 147
24 123
135 234
55 154
108 207
165 264
110 209
58 157
150 249
102 201
81 180
133 232
27 126
97 196
74 173
112 211
38 137
167 266
85 184
9 108
35 134
163 262
174 273
66 165
172 271
116 215
130 229
84 183
54 153
99 198
144 243
93 192
63 162
102 201
119 218
14 113
7 106
142 241
92 191
26 125
115 214
174 273
150 249
15 114
135 234
80 179
45 144
52 151
108 207
175 274
0 99
117 216
117 216
43 142
47 146
141 240
179 278
76 175
169 268
26 125
52 151
161 260
32 131
51 150
3 102
78 177
118 217
95 194
107 206
145 244
191 290
120 219
50 149
4 103
1 100
10 109
106 205
69 168
82 181
11 110
21 120
117 216
36 135
50 149
109 208
157 256
94 193
91 190
43 142
57 156
187 286
30 129
57 156
29 128
185 284
21 120
6 105
61 160
107 206
10 109
150 249
135 234
87 186
6 105
48 147
57 156
75 174
190 289
13 112
149 248
1 100
193 292
19 118
43 142
105 204
33 132
194 293
72 171
1 100
56 155
119 218
161 260
157 256
174 273
86 185
162 261
138 237
9 108
150 249
102 201
148 247
20 119
24 123
71 170
148 247
8 107
111 210
137 236
185 284
7 106
57 156
81 180
160 259
108 207
46 145
36 135
192 291
39 138
25 124
129 228
84 183
171 270
77 176
117 216
68 167
114 213
138 237
114 213
31 130
69 168
47 146
114 213
72 171
32 131
195 294
5 104
174 273
49 148
130 229
69 168
146 245
44 143
41 140
127 226
190 289
95 194
164 263
96 195
180 279
85 184
18 117
76 175
47 146
56 155
129 228
171 270
113 212
192 291
20 119
79 178
177 276
136 235
1 100
28 127
172 271
117 216
187 286
63 162
158 257
168 267
125 224
71 170
144 243
74 173
106 205
147 246
64 163
17 116
98 197
190 289
14 113
9 108
10 109
6 105
54 153
80 179
48 147
59 158
71 170
72 171
94 193
188 287
104 203
36 135
94 193
82 181
54 153
186 285
101 200
129 228
172 271
194 293
159 258
39 138
44 143
64 163
123 222
97 196
45 144
180 279
6 105
89 188
37 136
83 182
125 224
43 142
196 295
83 182
163 262
177 276
60 159
0 99
67 166
82 181
73 172
192 291
17 116
164 263
58 157
55 154
40 139
95 194
172 271
2 101
11 110
185 284
118 217
54 153
119 218
62 161
17 116
149 248
100 199
81 180
4 103
174 273
180 279
192 291
33 132
26 125
155 254
145 244
59 158
110 209
186 285
128 227
66 165
65 164
104 203
72 171
124 223
40 139
134 233
68 167
123 222
99 198
166 265
148 247
196 295
158 257
65 164
78 177
69 168
182 281
136 235
105 204
92 191
28 127
108 207
196 295
2 101
61 160
47 146
43 142
148 247
170 269
167 266
27 126
15 114
184 283
169 268
24 123
130 229
130 229
104 203
24 123
54 153
123 222
127 226
38 137
121 220
104 203
141 240
114 213
94 193
114 213
154 253
134 233
31 130
30 129
91 190
104 203
146 245
23 122
41 140
35 134
182 281
29 128
31 130
126 225
34 133
193 292
32 131
66 165
172 271
163 262
100 199
196 295
5 104
173 272
31 130
197 296
45 144
16 115
5 104
189 288
27 126
155 254
188 287
167 266
133 232
77 176
163 262
5 104
134 233
67 166
103 202
18 117
191 290
46 145
80 179
150 249
43 142
2 101
135 234
24 123
141 240
92 191
153 252
45 144
14 113
69 168
172 271
131 230
164 263
66 165
120 219
57 156
91 190
61 160
78 177
115 214
152 251
147 246
176 275
149 248
36 135
110 209
5 104
155 254
90 189
174 273
189 288
64 163
144 243
9 108
175 274
121 220
84 183
92 191
145 244
37 136
128 227
100 199
45 144
197 296
6 105
99 198
178 277
181 280
157 256
191 290
133 232
137 236
81 180
141 240
190 289
194 293
185 284
148 247
54 153
183 282
47 146
105 204
114 213
17 116
97 196
11 110
15 114
65 164
62 161
38 137
131 230
65 164
4 103
89 188
9 108
16 115
95 194
88 187
36 135
58 157
94 193
178 277
105 204
110 209
128 227
27 126
80 179
152 251
138 237
17 116
162 261
177 276
80 179
130 229
148 247
31 130
73 172
43 142
85 184
59 158
145 244
74 173
130 229
37 136
184 283
105 204
49 148
105 204
168 267
113 212
99 198
17 116
2 101
99 198
96 195
174 273
7 106
74 173
56 155
58 157
56 155
69 168
113 212
99 198
109 208
157 256
80 179
123 222
136 235
129 228
118 217
145 244
111 210
80 179
181 280
131 230
122 221
53 152
3 102
179 278
142 241
187 286
61 160
197 296
79 178
66 165
160 259
103 202
197 296
42 141
131 230
160 259
86 185
143 242
146 245
167 266
120 219
156 255
41 140
8 107
141 240
72 171
7 106
65 164
69 168
43 142
29 128
30 129
135 234
131 230
129 228
161 260
158 257
63 162
159 258
158 257
184 283
119 218
144 243
62 161
196 295
183 282
154 253
163 262
153 252
17 116
186 285
20 119
1 100
98 197
41 140
152 251
77 176
99 198
49 148
196 295
93 192
66 165
25 124
197 296
61 160
36 135
15 114
28 127
151 250
22 121
184 283
43 142
59 158
108 207
175 274
36 135
94 193
130 229
7 106
85 184
39 138
98 197
119 218
115 214
6 105
152 251
116 215
8 107
51 150
14 113
157 256
187 286
132 231
143 242
135 234
37 136
193 292
87 186
55 154
122 221
68 167
75 174
15 114
29 128
28 127
178 277
132 231
181 280
75 174
144 243
140 239
71 170
11 110
169 268
114 213
138 237
21 120
88 187
147 246
123 222
46 145
178 277
153 252
3 102
171 270
39 138
165 264
157 256
98 197
28 127
58 157
108 207
113 212
59 158
27 126
151 250
63 162
88 187
165 264
69 168
96 195
30 129
96 195
7 106
190 289
190 289
5 104
53 152
89 188
92 191
25 124
7 106
89 188
172 271
6 105
143 242
38 137
23 122
143 242
87 186
1 100
15 114
120 219
91 190
20 119
13 112
56 155
56 155
178 277
185 284
165 264
35 134
67 166
110 209
113 212
161 260
25 124
2 101
71 170
110 209
42 141
104 203
129 228
28 127
22 121
130 229
20 119
97 196
180 279
52 151
5 104
75 174
34 133
179 278
15 114
140 239
120 219
121 220
49 148
17 116
29 128
7 106
77 176
165 264
136 235
116 215
51 150
180 279
31 130
24 123
159 258
132 231
84 183
45 144
54 153
38 137
93 192
78 177
183 282
134 233
82 181
21 120
90 189
183 282
108 207
59 158
68 167
162 261
172 271
124 223
0 99
191 290
190 289
82 181
109 208
143 242
176 275
150 249
165 264
14 113
96 195
193 292
54 153
105 204
72 171
139 238
2 101
133 232
172 271
75 174
48 147
165 264
146 245
28 127
121 220
197 296
87 186
106 205
72 171
164 263
68 167
121 220
37 136
169 268
21 120
159 258
72 171
125 224
124 223
176 275
190 289
73 172
62 161
3 102
188 287
84 183
147 246
36 135
107 206
146 245
164 263
49 148
47 146
172 271
73 172
196 295
3 102
178 277
174 273
7 106
100 199
38 137
127 226
95 194
105 204
49 148
87 186
34 133
4 103
179 278
96 195
5 104
175 274
123 222
54 153
164 263
105 204
156 255
93 192
73 172
142 241
31 130
99 198
179 278
126 225
113 212
180 279
82 181
94 193
153 252
31 130
131 230
36 135
196 295
101 200
8 107
90 189
44 143
123 222
191 290
113 212
123 222
85 184
3 102
30 129
13 112
31 130
169 268
197 296
138 237
174 273
22 121
22 121
195 294
62 161
104 203
187 286
196 295
48 147
20 119
98 197
45 144
166 265
72 171
144 243
93 192
109 208
3 102
89 188
71 170
117 216
132 231
171 270
42 141
171 270
186 285
97 196
98 197
85 184
147 246
59 158
70 169
52 151
29 128
192 291
84 183
49 148
84 183
73 172
114 213
158 257
179 278
40 139
170 269
152 251
163 262
177 276
142 241
76 175
2 101
75 174
47 146
55 154
190 289
172 271
147 246
155 254
142 241
24 123
144 243
149 248
98 197
107 206
19 118
4 103
71 170
147 246
161 260
152 251
152 251
16 115
71 170
35 134
179 278
185 284
116 215
61 160
26 125
74 173
89 188
82 181
74 173
146 245
112 211
18 117
151 250
157 256
107 206
90 189
80 179
157 256
112 211
148 247
160 259
169 268
140 239
11 110
153 252
11 110
185 284
149 248
81 180
12 111
31 130
78 177
107 206
177 276
110 209
1 100
77 176
185 284
184 283
20 119
81 180
50 149
153 252
157 256
76 175
176 275
60 159
182 281
50 149
168 267
60 159
19 118
131 230
132 231
39 138
40 139
18 117
61 160
128 227
130 229
192 291
127 226
13 112
0 99
182 281
141 240
62 161
182 281
41 140
98 197
121 220
140 239
186 285
182 281
14 113
28 127
191 290
147 246
132 231
45 144
110 209
174 273
88 187
24 123
149 248
31 130
180 279
1 100
124 223
122 221
173 272
21 120
26 125
146 245
49 148
3 102
133 232
190 289
65 164
173 272
27 126
181 280
39 138
172 271
35 134
182 281
7 106
163 262
192 291
59 158
31 130
29 128
113 212
120 219
84 183
30 129
124 223
150 249
116 215
33 132
6 105
24 123
44 143
102 201
13 112
141 240
35 134
111 210
51 150
125 224
99 198
140 239
42 141
178 277
36 135
8 107
114 213
40 139
179 278
112 211
163 262
57 156
119 218
173 272
100 199
197 296
146 245
18 117
116 215
67 166
98 197
58 157
48 147
157 256
98 197
59 158
35 134
20 119
14 113
85 184
52 151
69 168
192 291
0 99
30 129
161 260
45 144
168 267
47 146
52 151
128 227
119 218
22 121
189 288
181 280
80 179
72 171
123 222
100 199
48 147
166 265
29 128
190 289
163 262
86 185
170 269
14 113
42 141
172 271
45 144
99 198
164 263
117 216
100 199
38 137
162 261
122 221
57 156
100 199
41 140
111 210
174 273
80 179
141 240
172 271
19 118
174 273
78 177
155 254
93 192
55 154
138 237
47 146
144 243
161 260
38 137
169 268
162 261
164 263
190 289
92 191
82 181
146 245
172 271
3 102
67 166
30 129
58 157
29 128
38 137
194 293
33 132
178 277
125 224
79 178
89 188
160 259
89 188
98 197
72 171
165 264
184 283
192 291
57 156
197 296
141 240
7 106
179 278
169 268
189 288
196 295
75 174
29 128
123 222
20 119
30 129
99 198
180 279
80 179
81 180
155 254
10 109
68 167
164 263
54 153
182 281
109 208
97 196
7 106
140 239
7 106
62 161
163 262
133 232
69 168
44 143
9 108
73 172
143 242
170 269
133 232
152 251
20 119
163 262
134 233
50 149
136 235
30 129
195 294
145 244
26 125
105 204
73 172
5 104
99 198
132 231
81 180
106 205
160 259
70 169
21 120
133 232
100 199
125 224
72 171
105 204
65 164
143 242
83 182
135 234
96 195
6 105
47 146
119 218
81 180
141 240
178 277
172 271
168 267
164 263
32 131
33 132
110 209
149 248
0 99
185 284
141 240
112 211
168 267
118 217
185 284
194 293
157 256
51 150
103 202
123 222
112 211
22 121
186 285
139 238
100 199
179 278
192 291
153 252
37 136
63 162
125 224
115 214
41 140
159 258
166 265
187 286
164 263
171 270
51 150
122 221
109 208
99 198
184 283
37 136
48 147
58 157
131 230
107 206
49 148
124 223
111 210
110 209
22 121
42 141
148 247
123 222
5 104
164 263
105 204
97 196
186 285
87 186
130 229
123 222
121 220
49 148
86 185
176 275
16 115
95 194
60 159
134 233
3 102
162 261
16 115
139 238
91 190
29 128
117 216
56 155
23 122
124 223
130 229
162 261
21 120
47 146
126 225
86 185
170 269
141 240
182 281
144 243
73 172
93 192
90 189
187 286
162 261
175 274
72 171
81 180
25 124
116 215
116 215
34 133
20 119
190 289
196 295
160 259
68 167
111 210
26 125
24 123
84 183
148 247
51 150
166 265
102 201
180 279
163 262
35 134
2 101
193 292
16 115
182 281
0 99
194 293
10 109
58 157
69 168
25 124
31 130
180 279
162 261
104 203
18 117
130 229
171 270
103 202
182 281
133 232
177 276
114 213
144 243
155 254
168 267
172 271
57 156
100 199
27 126
65 164
89 188
75 174
116 215
153 252
179 278
3 102
19 118
47 146
92 191
147 246
155 254
126 225
118 217
176 275
32 131
87 186
195 294
62 161
91 190
41 140
43 142
17 116
116 215
76 175
178 277
179 278
133 232
59 158
158 257
134 233
189 288
112 211
48 147
161 260
77 176
165 264
30 129
174 273
73 172
187 286
165 264
52 151
11 110
57 156
176 275
126 225
28 127
37 136
88 187
185 284
0 99
83 182
141 240
17 116
36 135
30 129
20 119
161 260
136 235
26 125
135 234
39 138
4 103
101 200
140 239
38 137
169 268
66 165
136 235
116 215
163 262
108 207
160 259
102 201
37 136
188 287
185 284
191 290
47 146
76 175
118 217
91 190
98 197
12 111
84 183
128 227
50 149
61 160
45 144
131 230
172 271
195 294
155 254
179 278
23 122
129 228
180 279
24 123
53 152
84 183
91 190
161 260
123 222
93 192
122 221
16 115
142 241
43 142
6 105
22 121
86 185
177 276
173 272
27 126
97 196
154 253
83 182
8 107
147 246
111 210
123 222
34 133
82 181
151 250
126 225
195 294
180 279
20 119
89 188
135 234
68 167
13 112
166 265
42 141
146 245
156 255
162 261
58 157
24 123
185 284
68 167
53 152
79 178
126 225
76 175
127 226
115 214
152 251
145 244
51 150
139 238
191 290
65 164
41 140
137 236
52 151
62 161
177 276
184 283
30 129
14 113
10 109
105 204
56 155
192 291
184 283
170 269
40 139
83 182
56 155
161 260
164 263
115 214
189 288
184 283
83 182
18 117
48 147
166 265
191 290
120 219
146 245
153 252
111 210
95 194
51 150
157 256
34 133
26 125
108 207
34 133
50 149
62 161
154 253
100 199
22 121
89 188
80 179
100 199
154 253
54 153
157 256
58 157
116 215
55 154
174 273
107 206
143 242
57 156
162 261
108 207
115 214
10 109
189 288
32 131
24 123
45 144
126 225
100 199
58 157
45 144
139 238
64 163
57 156
111 210
5 104
184 283
118 217
188 287
11 110
15 114
157 256
29 128
61 160
141 240
173 272
12 111
182 281
190 289
169 268
111 210
134 233
107 206
27 126
124 223
143 242
12 111
62 161
121 220
182 281
81 180
73 172
3 102
110 209
141 240
61 160
76 175
102 201
123 222
35 134
17 116
87 186
96 195
179 278
186 285
106 205
74 173
39 138
168 267
36 135
168 267
76 175
94 193
56 155
143 242
139 238
4 103
89 188
119 218
148 247
67 166
85 184
175 274
103 202
32 131
56 155
16 115
162 261
180 279
8 107
194 293
86 185
102 201
109 208
74 173
147 246
48 147
28 127
124 223
140 239
93 192
121 220
167 266
182 281
196 295
129 228
126 225
36 135
19 118
99 198
106 205
128 227
91 190
115 214
131 230
12 111
40 139
6 105
114 213
189 288
145 244
152 251
47 146
102 201
15 114
8 107
175 274
180 279
153 252
6 105
109 208
180 279
20 119
57 156
105 204
3 102
84 183
91 190
184 283
131 230
7 106
21 120
86 185
73 172
158 257
83 182
180 279
86 185
190 289
163 262
179 278
24 123
137 236
84 183
88 187
114 213
113 212
49 148
136 235
172 271
52 151
166 265
157 256
54 153
191 290
192 291
6 105
34 133
2 101
185 284
107 206
0 99
5 104
126 225
82 181
159 258
166 265
114 213
151 250
175 274
40 139
126 225
147 246
9 108
27 126
90 189
113 212
123 222
76 175
189 288
192 291
79 178
16 115
56 155
165 264
190 289
63 162
15 114
33 132
106 205
42 141
39 138
43 142
43 142
103 202
64 163
25 124
20 119
50 149
85 184
91 190
39 138
123 222
133 232
18 117
38 137
9 108
191 290
163 262
111 210
74 173
187 286
51 150
192 291
188 287
82 181
68 167
123 222
92 191
164 263
80 179
82 181
184 283
23 122
86 185
116 215
14 113
51 150
130 229
173 272
40 139
105 204
49 148
137 236
147 246
130 229
1 100
32 131
159 258
90 189
38 137
19 118
62 161
5 104
68 167
106 205
145 244
157 256
54 153
81 180
87 186
2 101
108 207
123 222
43 142
92 191
156 255
176 275
75 174
134 233
50 149
166 265
139 238
101 200
7 106
182 281
21 120
125 224
1 100
69 168
159 258
106 205
177 276
34 133
177 276
121 220
144 243
133 232
154 253
59 158
71 170
180 279
65 164
63 162
45 144
54 153
112 211
173 272
44 143
105 204
123 222
97 196
120 219
117 216
116 215
102 201
34 133
165 264
189 288
172 271
190 289
149 248
147 246
169 268
23 122
31 130
31 130
163 262
8 107
38 137
131 230
76 175
117 216
171 270
118 217
184 283
196 295
189 288
154 253
70 169
117 216
153 252
33 132
191 290
131 230
107 206
58 157
92 191
171 270
55 154
32 131
65 164
111 210
18 117
58 157
192 291
22 121
104 203
16 115
117 216
87 186
83 182
183 282
10 109
78 177
30 129
102 201
54 153
128 227
160 259
192 291
19 118
133 232
108 207
77 176
148 247
21 120
195 294
143 242
182 281
37 136
108 207
69 168
192 291
120 219
99 198
129 228
143 242
33 132
48 147
166 265
93 192
121 220
113 212
50 149
107 206
195 294
52 151
179 278
136 235
123 222
4 103
50 149
174 273
64 163
106 205
87 186
169 268
34 133
57 156
4 103
103 202
5 104
18 117
95 194
117 216
143 242
47 146
20 119
26 125
98 197
87 186
147 246
192 291
167 266
130 229
33 132
81 180
110 209
83 182
113 212
100 199
133 232
149 248
84 183
61 160
175 274
148 247
167 266
121 220
33 132
94 193
143 242
185 284
69 168
69 168
181 280
93 192
142 241
123 222
31 130
142 241
143 242
71 170
135 234
169 268
172 271
33 132
63 162
16 115
64 163
70 169
20 119
72 171
124 223
184 283
75 174
64 163
9 108
92 191
57 156
131 230
174 273
4 103
141 240
37 136
129 228
118 217
155 254
67 166
110 209
106 205
47 146
164 263
14 113
94 193
163 262
192 291
130 229
174 273
4 103
145 244
15 114
138 237
128 227
40 139
196 295
114 213
60 159
103 202
79 178
172 271
91 190
62 161
139 238
103 202
52 151
38 137
11 110
155 254
128 227
147 246
56 155
132 231
35 134
84 183
44 143
159 258
96 195
75 174
19 118
100 199
41 140
78 177
138 237
18 117
39 138
29 128
151 250
10 109
0 99
74 173
188 287
183 282
91 190
176 275
26 125
48 147
114 213
58 157
22 121
134 233
55 154
167 266
179 278
167 266
124 223
161 260
47 146
76 175
47 146
102 201
104 203
87 186
113 212
63 162
20 119
154 253
17 116
54 153
12 111
137 236
163 262
156 255
112 211
122 221
91 190
93 192
62 161
84 183
62 161
1 100
130 229
7 106
44 143
109 208
64 163
55 154
160 259
130 229
51 150
76 175
175 274
86 185
82 181
120 219
32 131
188 287
97 196
158 257
82 181
99 198
147 246
16 115
167 266
135 234
160 259
100 199
134 233
88 187
49 148
52 151
1 100
35 134
19 118
107 206
106 205
125 224
187 286
51 150
109 208
11 110
61 160
5 104
91 190
109 208
105 204
137 236
147 246
11 110
90 189
134 233
102 201
80 179
190 289
176 275
31 130
98 197
106 205
195 294
40 139
42 141
68 167
194 293
123 222
67 166
16 115
61 160
184 283
25 124
123 222
145 244
66 165
122 221
70 169
156 255
161 260
68 167
7 106
144 243
57 156
133 232
83 182
93 192
106 205
75 174
162 261
72 171
170 269
151 250
39 138
44 143
52 151
159 258
170 269
89 188
92 191
189 288
169 268
157 256
171 270
129 228
143 242
101 200
90 189
55 154
12 111
69 168
162 261
27 126
144 243
141 240
119 218
180 279
161 260
125 224
128 227
189 288
41 140
19 118
2 101
195 294
117 216
16 115
27 126
27 126
2 101
76 175
195 294
31 130
31 130
42 141
11 110
97 196
189 288
105 204
76 175
127 226
95 194
171 270
169 268
98 197
23 122
104 203
54 153
193 292
6 105
71 170
97 196
118 217
190 289
84 183
35 134
84 183
140 239
60 159
140 239
167 266
91 190
121 220
6 105
138 237
77 176
72 171
180 279
129 228
157 256
155 254
118 217
170 269
65 164
172 271
94 193
172 271
134 233
56 155
172 271
0 99
0 99
156 255
104 203
118 217
91 190
108 207
197 296
97 196
80 179
126 225
123 222
186 285
49 148
169 268
35 134
49 148
17 116
69 168
142 241
112 211
0 99
167 266
100 199
193 292
52 151
5 104
120 219
194 293
31 130
14 113
136 235
67 166
106 205
191 290
76 175
41 140
90 189
8 107
78 177
50 149
138 237
11 110
21 120
120 219
186 285
38 137
170 269
167 266
27 126
61 160
89 188
183 282
185 284
76 175
164 263
66 165
5 104
128 227
43 142
69 168
64 163
150 249
30 129
76 175
75 174
121 220
25 124
66 165
15 114
150 249
170 269
110 209
111 210
15 114
58 157
0 99
176 275
15 114
152 251
139 238
2 101
186 285
15 114
151 250
165 264
82 181
33 132
47 146
147 246
7 106
130 229
21 120
129 228
6 105
3 102
175 274
124 223
66 165
58 157
109 208
102 201
165 264
60 159
43 142
76 175
66 165
10 109
57 156
50 149
74 173
141 240
50 149
145 244
117 216
26 125
110 209
88 187
76 175
85 184
138 237
100 199
118 217
150 249
61 160
105 204
32 131
6 105
196 295
108 207
106 205
35 134
9 108
61 160
28 127
122 221
56 155
175 274
100 199
7 106
180 279
12 111
168 267
103 202
118 217
151 250
146 245
184 283
38 137
156 255
146 245
154 253
71 170
67 166
148 247
55 154
43 142
106 205
25 124
98 197
0 99
154 253
1 100
99 198
39 138
113 212
180 279
1 100
146 245
123 222
80 179
47 146
90 189
66 165
10 109
84 183
185 284
148 247
56 155
74 173
40 139
89 188
69 168
41 140
35 134
123 222
180 279
109 208
133 232
61 160
72 171
197 296
175 274
197 296
89 188
57 156
13 112
107 206
66 165
167 266
162 261
28 127
95 194
81 180
126 225
46 145
96 195
99 198
191 290
107 206
0 99
42 141
173 272
114 213
21 120
140 239
135 234
134 233
59 158
41 140
84 183
65 164
96 195
114 213
37 136
11 110
72 171
92 191
54 153
34 133
176 275
0 99
180 279
193 292
14 113
107 206
142 241
54 153
81 180
191 290
52 151
101 200
108 207
19 118
127 226
22 121
49 148
102 201
130 229
113 212
105 204
76 175
81 180
177 276
163 262
111 210
65 164
121 220
101 200
153 252
22 121
195 294
131 230
176 275
110 209
66 165
74 173
44 143
151 250
106 205
195 294
7 106
62 161
58 157
40 139
23 122
76 175
16 115
75 174
129 228
173 272
79 178
43 142
150 249
0 99
70 169
74 173
78 177
52 151
154 253
53 152
123 222
111 210
99 198
158 257
66 165
88 187
69 168
120 219
5 104
106 205
186 285
193 292
9 108
132 231
33 132
181 280
83 182
157 256
40 139
181 280
92 191
17 116
34 133
66 165
118 217
41 140
66 165
133 232
60 159
28 127
33 132
89 188
190 289
52 151
162 261
81 180
158 257
23 122
162 261
1 100
108 207
46 145
64 163
153 252
95 194
157 256
102 201
18 117
178 277
152 251
1 100
144 243
54 153
163 262
170 269
53 152
128 227
80 179
175 274
79 178
34 133
21 120
129 228
90 189
18 117
61 160
195 294
142 241
153 252
115 214
5 104
148 247
191 290
173 272
146 245
44 143
18 117
151 250
76 175
25 124
173 272
169 268
104 203
103 202
36 135
37 136
139 238
69 168
3 102
133 232
64 163
135 234
137 236
63 162
151 250
78 177
57 156
186 285
192 291
66 165
150 249
197 296
54 153
193 292
164 263
24 123
61 160
57 156
10 109
149 248
173 272
73 172
78 177
131 230
149 248
39 138
87 186
76 175
138 237
149 248
152 251
59 158
27 126
138 237
188 287
183 282
152 251
170 269
193 292
89 188
7 106
166 265
8 107
137 236
177 276
40 139
115 214
191 290
124 223
78 177
96 195
6 105
123 222
195 294
66 165
150 249
92 191
58 157
85 184
22 121
95 194
66 165
80 179
65 164
118 217
31 130
61 160
38 137
55 154
178 277
29 128
132 231
90 189
32 131
51 150
106 205
132 231
128 227
41 140
51 150
165 264
36 135
195 294
38 137
153 252
60 159
177 276
107 206
66 165
126 225
157 256
193 292
168 267
46 145
108 207
6 105
173 272
180 279
113 212
158 257
59 158
140 239
168 267
66 165
135 234
187 286
122 221
141 240
89 188
51 150
179 278
7 106
143 242
75 174
115 214
4 103
91 190
30 129
22 121
166 265
184 283
58 157
8 107
145 244
53 152
19 118
71 170
52 151
123 222
16 115
147 246
135 234
21 120
140 239
110 209
100 199
112 211
27 126
142 241
23 122
128 227
74 173
36 135
113 212
69 168
88 187
157 256
122 221
92 191
116 215
77 176
50 149
131 230
8 107
18 117
174 273
75 174
61 160
4 103
118 217
2 101
59 158
21 120
142 241
47 146
163 262
97 196
133 232
71 170
36 135
162 261
60 159
103 202
181 280
119 218
129 228
162 261
173 272
162 261
176 275
126 225
29 128
180 279
123 222
62 161
35 134
118 217
172 271
182 281
78 177
186 285
29 128
165 264
170 269
121 220
56 155
81 180
158 257
95 194
62 161
92 191
136 235
180 279
135 234
23 122
22 121
167 266
195 294
130 229
167 266
153 252
34 133
66 165
133 232
89 188
40 139
180 279
189 288
81 180
186 285
40 139
164 263
148 247
52 151
134 233
54 153
136 235
55 154
188 287
129 228
104 203
194 293
80 179
55 154
12 111
134 233
98 197
152 251
161 260
26 125
41 140
77 176
138 237
75 174
8 107
83 182
178 277
8 107
28 127
24 123
9 108
139 238
8 107
11 110
185 284
137 236
10 109
123 222
20 119
58 157
112 211
116 215
115 214
82 181
107 206
46 145
135 234
97 196
132 231
36 135
139 238
90 189
118 217
91 190
100 199
80 179
1 100
94 193
23 122
20 119
71 170
170 269
156 255
10 109
111 210
169 268
132 231
41 140
187 286
182 281
128 227
118 217
136 235
129 228
53 152
84 183
103 202
110 209
98 197
188 287
104 203
79 178
70 169
29 128
140 239
117 216
171 270
42 141
183 282
149 248
176 275
105 204
55 154
76 175
25 124
91 190
27 126
22 121
28 127
48 147
7 106
134 233
58 157
174 273
41 140
71 170
72 171
106 205
4 103
28 127
152 251
179 278
81 180
77 176
191 290
84 183
35 134
26 125
35 134
167 266
14 113
86 185
156 255
88 187
45 144
35 134
3 102
4 103
46 145
137 236
95 194
53 152
164 263
70 169
139 238
74 173
78 177
74 173
31 130
144 243
183 282
6 105
1 100
46 145
56 155
80 179
13 112
52 151
141 240
97 196
33 132
119 218
101 200
61 160
6 105
39 138
49 148
114 213
181 280
178 277
167 266
54 153
107 206
79 178
90 189
2 101
189 288
115 214
77 176
96 195
172 271
159 258
196 295
169 268
187 286
173 272
118 217
71 170
36 135
196 295
39 138
121 220
188 287
177 276
186 285
175 274
106 205
78 177
146 245
104 203
95 194
76 175
116 215
49 148
110 209
174 273
123 222
160 259
197 296
102 201
194 293
86 185
8 107
114 213
70 169
44 143
193 292
190 289
151 250
86 185
51 150
95 194
160 259
119 218
114 213
139 238
125 224
152 251
3 102
133 232
114 213
104 203
21 120
81 180
60 159
190 289
14 113
35 134
49 148
118 217
98 197
65 164
187 286
135 234
121 220
102 201
138 237
170 269
60 159
164 263
189 288
163 262
53 152
48 147
172 271
161 260
42 141
188 287
40 139
15 114
92 191
117 216
0 99
86 185
115 214
76 175
103 202
74 173
97 196
32 131
37 136
151 250
8 107
189 288
159 258
191 290
18 117
14 113
108 207
10 109
16 115
63 162
59 158
84 183
102 201
134 233
152 251
62 161
54 153
23 122
21 120
28 127
11 110
15 114
65 164
18 117
95 194
193 292
157 256
132 231
89 188
168 267
62 161
145 244
121 220
56 155
45 144
157 256
58 157
18 117
1 100
91 190
35 134
56 155
124 223
40 139
166 265
183 282
38 137
166 265
119 218
87 186
134 233
21 120
152 251
191 290
17 116
99 198
39 138
158 257
92 191
192 291
23 122
173 272
158 257
38 137
44 143
163 262
47 146
124 223
170 269
133 232
144 243
186 285
124 223
120 219
79 178
69 168
6 105
26 125
142 241
55 154
179 278
19 118
38 137
172 271
150 249
108 207
55 154
91 190
143 242
145 244
109 208
57 156
82 181
120 219
2 101
101 200
67 166
81 180
56 155
191 290
164 263
191 290
159 258
83 182
77 176
110 209
36 135
65 164
12 111
162 261
21 120
11 110
62 161
169 268
171 270
86 185
60 159
17 116
95 194
7 106
104 203
66 165
62 161
37 136
113 212
129 228
87 186
170 269
165 264
91 190
8 107
115 214
125 224
156 255
72 171
2 101
152 251
115 214
69 168
188 287
128 227
107 206
72 171
114 213
118 217
50 149
163 262
107 206
33 132
83 182
187 286
81 180
24 123
1 100
153 252
133 232
141 240
50 149
121 220
98 197
175 274
84 183
67 166
146 245
181 280
128 227
89 188
14 113
129 228
54 153
98 197
71 170
32 131
73 172
17 116
72 171
15 114
29 128
144 243
62 161
83 182
28 127
123 222
134 233
4 103
66 165
180 279
67 166
159 258
6 105
156 255
38 137
34 133
89 188
170 269
79 178
35 134
12 111
139 238
3 102
139 238
59 158
192 291
75 174
15 114
192 291
182 281
164 263
8 107
84 183
104 203
154 253
48 147
61 160
159 258
12 111
32 131
5 104
159 258
146 245
152 251
168 267
158 257
51 150
54 153
137 236
82 181
178 277
90 189
95 194
76 175
87 186
20 119
186 285
55 154
17 116
18 117
113 212
78 177
125 224
48 147
189 288
148 247
57 156
67 166
90 189
101 200
56 155
134 233
190 289
116 215
38 137
183 282
91 190
189 288
180 279
87 186
123 222
54 153
124 223
141 240
173 272
174 273
57 156
179 278
107 206
164 263
58 157
33 132
194 293
85 184
173 272
173 272
85 184
115 214
139 238
65 164
112 211
139 238
97 196
105 204
147 246
53 152
107 206
3 102
163 262
85 184
89 188
134 233
83 182
188 287
100 199
142 241
39 138
159 258
19 118
1 100
83 182
79 178
41 140
113 212
117 216
68 167
24 123
9 108
103 202
165 264
192 291
154 253
194 293
9 108
148 247
116 215
7 106
104 203
182 281
94 193
84 183
186 285
5 104
172 271
11 110
169 268
98 197
156 255
33 132
190 289
61 160
137 236
26 125
50 149
52 151
184 283
137 236
65 164
106 205
15 114
149 248
102 201
4 103
185 284
80 179
159 258
34 133
59 158
69 168
136 235
122 221
39 138
151 250
124 223
188 287
184 283
150 249
38 137
162 261
134 233
139 238
196 295
141 240
49 148
42 141
3 102
101 200
158 257
146 245
152 251
195 294
182 281
149 248
128 227
16 115
184 283
169 268
51 150
108 207
0 99
36 135
196 295
32 131
91 190
123 222
67 166
63 162
105 204
104 203
32 131
148 247
103 202
19 118
100 199
118 217
25 124
54 153
197 296
123 222
184 283
118 217
119 218
50 149
176 275
112 211
35 134
141 240
19 118
25 124
122 221
88 187
50 149
43 142
194 293
101 200
180 279
115 214
137 236
136 235
58 157
145 244
41 140
53 152
73 172
92 191
114 213
71 170
20 119
179 278
62 161
184 283
157 256
139 238
29;156504
11 110
36 135
87 186
78 177
96 195
23 122
184 283
156 255
50 149
148 247
191 290
99 198
175 274
175 274
137 236
82 181
107 206
119 218
166 265
59 158
184 283
128 227
36 135
180 279
39 138
54 153
69 168
74 173
160 259
173 272
155 254
110 209
23 122
116 215
153 252
67 166
75 174
94 193
156 255
5 104
192 291
7 106
45 144
53 152
87 186
28 127
164 263
116 215
168 267
147 246
70 169
76 175
186 285
68 167
120 219
122 221
191 290
4 103
51 150
156 255
13 112
170 269
176 275
130 229
3 102
86 185
15 114
104 203
32 131
47 146
75 174
28 127
21 120
58 157
96 195
100 199
61 160
25 124
82 181
128 227
49 148
161 260
11 110
160 259
30 129
54 153
186 285
12 111
36 135
98 197
87 186
197 296
105 204
100 199
121 220
76 175
66 165
30 129
42 141
97 196
61 160
22 121
86 185
53 152
141 240
60 159
100 199
187 286
15 114
77 176
56 155
7 106
173 272
108 207
154 253
140 239
167 266
117 216
173 272
86 185
125 224
47 146
30 129
99 198
148 247
135 234
97 196
99 198
45 144
90 189
19 118
66 165
136 235
55 154
177 276
7 106
153 252
136 235
163 262
2 101
120 219
9 108
147 246
0 99
170 269
99 198
118 217
23 122
164 263
71 170
186 285
175 274
188 287
64 163
180 279
179 278
120 219
159 258
137 236
175 274
177 276
167 266
80 179
103 202
157 256
27 126
121 220
106 205
193 292
16 115
101 200
165 264
115 214
41 140
119 218
107 206
31 130
33 132
163 262
180 279
187 286
189 288
132 231
59 158
83 182
18 117
169 268
76 175
146 245
169 268
138 237
166 265
80 179
171 270
9 108
189 288
78 177
75 174
116 215
43 142
85 184
75 174
120 219
93 192
53 152
10 109
190 289
192 291
148 247
142 241
169 268
139 238
27 126
58 157
149 248
77 176
29 128
19 118
12 111
120 219
171 270
105 204
111 210
76 175
115 214
95 194
160 259
54 153
118 217
68 167
16 115
185 284
181 280
14 113
144 243
178 277
197 296
164 263
173 272
17 116
144 243
71 170
122 221
130 229
13 112
91 190
89 188
192 291
140 239
18 117
2 101
110 209
180 279
183 282
98 197
130 229
111 210
37 136
77 176
31 130
170 269
126 225
171 270
89 188
26 125
142 241
109 208
29 128
157 256
13 112
186 285
81 180
7 106
41 140
160 259
183 282
191 290
90 189
70 169
178 277
36 135
10 109
18 117
195 294
45 144
5 104
144 243
180 279
40 139
40 139
4 103
189 288
149 248
69 168
148 247
171 270
22 121
52 151
91 190
105 204
154 253
182 281
106 205
86 185
0 99
174 273
125 224
78 177
129 228
191 290
158 257
194 293
195 294
154 253
23 122
67 166
4 103
124 223
121 220
192 291
187 286
60 159
70 169
17 116
145 244
156 255
192 291
184 283
70 169
15 114
79 178
59 158
59 158
74 173
173 272
75 174
155 254
120 219
175 274
11 110
100 199
108 207
194 293
119 218
55 154
194 293
145 244
42 141
23 122
20 119
188 287
108 207
163 262
174 273
177 276
142 241
40 139
29 128
71 170
61 160
3 102
78 177
72 171
10 109
70 169
193 292
77 176
35 134
46 145
72 171
84 183
21 120
172 271
73 172
33 132
27 126
187 286
42 141
109 208
45 144
33 132
24 123
90 189
151 250
180 279
38 137
9 108
171 270
7 106
188 287
102 201
187 286
173 272
85 184
29 128
63 162
172 271
172 271
186 285
197 296
44 143
87 186
174 273
37 136
197 296
168 267
82 181
160 259
26 125
159 258
197 296
69 168
31 130
148 247
162 261
79 178
117 216
113 212
16 115
78 177
190 289
159 258
161 260
101 200
186 285
97 196
134 233
150 249
49 148
138 237
188 287
149 248
132 231
101 200
170 269
123 222
1 100
93 192
149 248
91 190
150 249
146 245
34 133
173 272
195 294
178 277
145 244
120 219
145 244
93 192
9 108
121 220
193 292
10 109
189 288
45 144
38 137
111 210
118 217
188 287
196 295
13 112
120 219
53 152
186 285
118 217
155 254
37 136
85 184
133 232
146 245
131 230
153 252
81 180
149 248
96 195
51 150
148 247
37 136
155 254
168 267
43 142
7 106
105 204
170 269
24 123
161 260
64 163
28 127
114 213
13 112
136 235
141 240
121 220
6 105
113 212
87 186
128 227
25 124
147 246
127 226
8 107
130 229
133 232
171 270
192 291
90 189
25 124
160 259
32 131
14 113
48 147
87 186
90 189
129 228
97 196
55 154
2 101
167 266
124 223
58 157
53 152
85 184
150 249
124 223
120 219
125 224
149 248
88 187
154 253
182 281
160 259
25 124
37 136
81 180
163 262
19 118
50 149
167 266
113 212
75 174
9 108
53 152
79 178
77 176
120 219
107 206
74 173
131 230
173 272
183 282
115 214
55 154
95 194
99 198
114 213
85 184
148 247
84 183
83 182
191 290
45 144
135 234
69 168
83 182
149 248
107 206
75 174
12 111
7 106
154 253
34 133
65 164
109 208
38 137
71 170
101 200
124 223
26 125
173 272
131 230
69 168
150 249
110 209
187 286
108 207
133 232
156 255
186 285
80 179
30 129
147 246
153 252
123 222
106 205
121 220
127 226
182 281
64 163
195 294
91 190
119 218
178 277
137 236
161 260
184 283
27 126
30 129
43 142
136 235
104 203
38 137
22 121
122 221
111 210
53 152
147 246
106 205
134 233
81 180
29 128
31 130
34 133
112 211
169 268
87 186
76 175
89 188
25 124
168 267
119 218
90 189
19 118
161 260
39 138
20 119
65 164
72 171
96 195
146 245
82 181
79 178
123 222
122 221
6 105
96 195
58 157
59 158
131 230
151 250
45 144
147 246
174 273
38 137
154 253
142 241
107 206
195 294
37 136
32 131
4 103
121 220
177 276
145 244
93 192
185 284
81 180
185 284
27 126
113 212
88 187
25 124
74 173
158 257
103 202
192 291
35 134
87 186
132 231
88 187
113 212
97 196
140 239
191 290
179 278
165 264
54 153
73 172
127 226
28 127
108 207
162 261
172 271
134 233
95 194
119 218
25 124
34 133
112 211
121 220
17 116
94 193
89 188
181 280
115 214
107 206
16 115
151 250
120 219
99 198
1 100
140 239
129 228
128 227
78 177
44 143
54 153
86 185
81 180
142 241
74 173
3 102
145 244
25 124
29 128
167 266
185 284
19 118
134 233
146 245
48 147
170 269
75 174
127 226
195 294
6 105
24 123
123 222
77 176
37 136
113 212
155 254
52 151
167 266
140 239
23 122
117 216
15 114
83 182
175 274
186 285
17 116
183 282
107 206
174 273
145 244
41 140
139 238
114 213
191 290
190 289
103 202
88 187
132 231
146 245
21 120
139 238
124 223
104 203
100 199
178 277
20 119
149 248
133 232
66 165
96 195
24 123
168 267
42 141
118 217
73 172
130 229
2 101
165 264
40 139
172 271
50 149
138 237
73 172
35 134
54 153
125 224
6 105
57 156
132 231
24 123
68 167
54 153
179 278
148 247
11 110
174 273
182 281
34 133
165 264
41 140
57 156
88 187
50 149
94 193
103 202
3 102
97 196
41 140
100 199
126 225
27 126
20 119
55 154
174 273
125 224
91 190
184 283
78 177
42 141
53 152
109 208
183 282
92 191
125 224
30 129
56 155
81 180
3 102
150 249
15 114
196 295
167 266
53 152
177 276
113 212
58 157
1 100
122 221
117 216
2 101
189 288
114 213
73 172
31 130
55 154
6 105
138 237
152 251
109 208
115 214
7 106
10 109
109 208
0 99
196 295
56 155
68 167
154 253
26 125
184 283
155 254
177 276
40 139
75 174
88 187
65 164
180 279
117 216
89 188
1 100
90 189
120 219
51 150
56 155
64 163
71 170
49 148
39 138
192 291
95 194
118 217
40 139
14 113
164 263
141 240
138 237
171 270
31 130
37 136
1 100
176 275
21 120
100 199
127 226
136 235
74 173
76 175
27 126
44 143
130 229
124 223
42 141
195 294
67 166
101 200
169 268
91 190
36 135
25 124
103 202
11 110
22 121
58 157
6 105
75 174
152 251
39 138
5 104
142 241
14 113
110 209
145 244
86 185
145 244
157 256
35 134
188 287
65 164
5 104
137 236
156 255
185 284
130 229
119 218
164 263
184 283
118 217
71 170
169 268
15 114
118 217
29 128
20 119
150 249
131 230
158 257
167 266
48 147
60 159
142 241
131 230
173 272
12 111
177 276
147 246
21 120
32 131
83 182
28 127
26 125
116 215
51 150
192 291
164 263
71 170
68 167
20 119
97 196
1 100
136 235
52 151
118 217
180 279
156 255
115 214
148 247
177 276
182 281
9 108
109 208
176 275
103 202
88 187
192 291
160 259
51 150
165 264
168 267
149 248
192 291
91 190
25 124
98 197
140 239
68 167
20 119
104 203
180 279
145 244
167 266
105 204
91 190
68 167
39 138
49 148
114 213
95 194
125 224
94 193
31 130
39 138
129 228
7 106
69 168
175 274
188 287
35 134
183 282
147 246
26 125
1 100
194 293
177 276
90 189
177 276
119 218
89 188
11 110
38 137
142 241
115 214
129 228
9 108
164 263
19 118
162 261
193 292
97 196
39 138
106 205
102 201
112 211
11 110
132 231
54 153
37 136
180 279
122 221
127 226
162 261
187 286
29 128
168 267
116 215
81 180
118 217
110 209
7 106
193 292
112 211
134 233
64 163
111 210
104 203
95 194
99 198
189 288
59 158
184 283
98 197
166 265
8 107
62 161
135 234
111 210
52 151
68 167
101 200
125 224
64 163
51 150
75 174
18 117
125 224
16 115
28 127
184 283
53 152
127 226
80 179
104 203
169 268
65 164
52 151
121 220
20 119
178 277
110 209
50 149
173 272
15 114
172 271
83 182
154 253
93 192
52 151
82 181
93 192
40 139
179 278
53 152
18 117
86 185
170 269
186 285
27 126
42 141
5 104
147 246
4 103
193 292
191 290
93 192
195 294
118 217
155 254
4 103
90 189
146 245
28 127
27 126
0 99
98 197
178 277
154 253
23 122
120 219
18 117
33 132
73 172
172 271
105 204
23 122
191 290
41 140
170 269
72 171
153 252
196 295
120 219
96 195
65 164
149 248
87 186
17 116
119 218
87 186
38 137
188 287
57 156
144 243
139 238
80 179
35 134
153 252
97 196
87 186
48 147
84 183
176 275
132 231
129 228
76 175
183 282
84 183
117 216
151 250
52 151
178 277
118 217
140 239
124 223
21 120
14 113
101 200
116 215
62 161
83 182
55 154
80 179
153 252
87 186
49 148
140 239
126 225
117 216
15 114
91 190
48 147
34 133
149 248
96 195
150 249
93 192
40 139
78 177
111 210
114 213
45 144
168 267
88 187
155 254
21 120
53 152
27 126
79 178
94 193
154 253
189 288
29 128
89 188
196 295
34 133
98 197
110 209
9 108
56 155
34 133
157 256
100 199
34 133
194 293
72 171
157 256
129 228
179 278
20 119
139 238
100 199
29 128
195 294
107 206
121 220
68 167
49 148
181 280
88 187
41 140
59 158
1 100
120 219
92 191
54 153
72 171
61 160
38 137
74 173
51 150
184 283
162 261
20 119
168 267
56 155
161 260
176 275
88 187
87 186
37 136
131 230
84 183
186 285
189 288
149 248
155 254
193 292
87 186
2 101
49 148
126 225
160 259
1 100
122 221
98 197
7 106
120 219
190 289
9 108
17 116
189 288
13 112
4 103
114 213
33 132
183 282
114 213
131 230
56 155
27 126
44 143
74 173
170 269
183 282
104 203
64 163
67 166
151 250
86 185
190 289
54 153
192 291
6 105
103 202
162 261
141 240
45 144
107 206
29 128
137 236
120 219
68 167
111 210
171 270
137 236
190 289
122 221
178 277
181 280
43 142
86 185
139 238
97 196
154 253
193 292
2 101
150 249
36 135
150 249
119 218
38 137
154 253
33 132
64 163
123 222
38 137
17 116
163 262
21 120
157 256
52 151
87 186
42 141
8 107
131 230
149 248
53 152
192 291
40 139
62 161
137 236
6 105
163 262
37 136
33 132
197 296
101 200
130 229
163 262
23 122
107 206
101 200
175 274
140 239
104 203
133 232
140 239
79 178
89 188
104 203
182 281
42 141
75 174
95 194
85 184
194 293
32 131
82 181
174 273
96 195
74 173
35 134
155 254
162 261
107 206
10 109
110 209
71 170
156 255
40 139
121 220
74 173
30 129
114 213
141 240
157 256
162 261
61 160
167 266
4 103
190 289
101 200
43 142
84 183
22 121
192 291
7 106
123 222
126 225
154 253
45 144
14 113
6 105
76 175
162 261
152 251
189 288
7 106
63 162
22 121
182 281
116 215
156 255
174 273
192 291
150 249
133 232
38 137
61 160
101 200
33 132
133 232
159 258
136 235
132 231
156 255
177 276
196 295
182 281
52 151
92 191
19 118
92 191
147 246
101 200
149 248
37 136
94 193
56 155
153 252
31 130
175 274
18 117
74 173
163 262
42 141
39 138
52 151
29 128
136 235
78 177
29 128
23 122
156 255
148 247
77 176
97 196
173 272
126 225
89 188
36 135
14 113
21 120
175 274
97 196
94 193
161 260
104 203
127 226
113 212
69 168
48 147
52 151
49 148
44 143
186 285
65 164
138 237
124 223
159 258
102 201
45 144
66 165
145 244
171 270
4 103
28 127
78 177
128 227
77 176
99 198
146 245
166 265
24 123
175 274
93 192
159 258
38 137
16 115
87 186
142 241
25 124
21 120
35 134
165 264
0 99
7 106
120 219
37 136
114 213
65 164
60 159
97 196
119 218
118 217
32 131
97 196
42 141
32 131
190 289
129 228
165 264
25 124
167 266
154 253
35 134
60 159
20 119
73 172
51 150
88 187
141 240
108 207
64 163
180 279
187 286
135 234
26 125
38 137
134 233
142 241
176 275
16 115
106 205
39 138
125 224
11 110
164 263
105 204
181 280
29 128
191 290
76 175
171 270
177 276
110 209
44 143
124 223
64 163
164 263
142 241
25 124
188 287
136 235
75 174
81 180
121 220
126 225
191 290
48 147
63 162
131 230
79 178
117 216
122 221
158 257
80 179
149 248
31 130
162 261
118 217
70 169
29 128
174 273
113 212
1 100
195 294
177 276
54 153
20 119
70 169
176 275
79 178
61 160
53 152
71 170
81 180
26 125
75 174
100 199
5 104
171 270
193 292
124 223
141 240
143 242
186 285
126 225
194 293
175 274
53 152
52 151
130 229
173 272
155 254
119 218
95 194
45 144
91 190
121 220
165 264
96 195
69 168
69 168
85 184
144 243
75 174
73 172
45 144
50 149
175 274
167 266
1 100
165 264
29 128
134 233
23 122
14 113
146 245
196 295
167 266
62 161
159 258
113 212
74 173
145 244
96 195
28 127
60 159
58 157
130 229
68 167
127 226
124 223
76 175
2 101
99 198
116 215
197 296
12 111
186 285
103 202
18 117
81 180
153 252
149 248
155 254
20 119
29 128
180 279
121 220
150 249
103 202
10 109
135 234
86 185
7 106
109 208
194 293
131 230
18 117
108 207
72 171
120 219
188 287
110 209
26 125
26 125
5 104
110 209
45 144
3 102
124 223
49 148
112 211
150 249
81 180
67 166
109 208
153 252
0 99
141 240
145 244
82 181
84 183
57 156
100 199
142 241
43 142
37 136
192 291
32 131
144 243
92 191
16 115
126 225
66 165
182 281
149 248
53 152
38 137
82 181
63 162
196 295
83 182
163 262
100 199
101 200
147 246
45 144
54 153
172 271
187 286
5 104
190 289
21 120
70 169
176 275
121 220
164 263
151 250
129 228
108 207
49 148
67 166
124 223
151 250
92 191
128 227
0 99
187 286
79 178
123 222
82 181
182 281
39 138
137 236
88 187
113 212
68 167
129 228
190 289
122 221
51 150
7 106
31 130
154 253
144 243
71 170
147 246
106 205
195 294
61 160
71 170
57 156
124 223
36 135
85 184
127 226
36 135
156 255
146 245
159 258
58 157
16 115
55 154
140 239
195 294
104 203
95 194
135 234
19 118
166 265
54 153
65 164
1 100
183 282
8 107
82 181
157 256
148 247
42 141
10 109
58 157
82 181
141 240
80 179
177 276
32 131
106 205
52 151
102 201
137 236
165 264
144 243
175 274
121 220
65 164
57 156
174 273
38 137
56 155
158 257
43 142
88 187
109 208
116 215
134 233
108 207
142 241
123 222
93 192
30 129
49 148
150 249
57 156
134 233
61 160
165 264
60 159
55 154
20 119
81 180
195 294
10 109
62 161
145 244
194 293
193 292
31 130
175 274
152 251
128 227
191 290
189 288
10 109
17 116
136 235
30 129
37 136
159 258
143 242
145 244
8 107
26 125
144 243
64 163
5 104
9 108
20 119
6 105
136 235
13 112
55 154
62 161
138 237
73 172
103 202
152 251
146 245
196 295
167 266
39 138
50 149
86 185
121 220
118 217
147 246
130 229
161 260
178 277
189 288
30 129
141 240
52 151
27 126
123 222
104 203
149 248
152 251
168 267
12 111
11 110
60 159
158 257
106 205
3 102
18 117
127 226
66 165
193 292
86 185
127 226
150 249
78 177
86 185
45 144
23 122
107 206
66 165
87 186
2 101
112 211
72 171
84 183
125 224
18 117
171 270
82 181
60 159
193 292
126 225
177 276
132 231
101 200
132 231
105 204
125 224
108 207
115 214
39 138
154 253
84 183
26 125
21 120
40 139
93 192
75 174
87 186
178 277
36 135
2 101
162 261
43 142
99 198
41 140
41 140
62 161
189 288
171 270
162 261
19 118
126 225
188 287
21 120
169 268
93 192
145 244
87 186
97 196
158 257
31 130
36 135
91 190
9 108
13 112
191 290
45 144
32 131
61 160
115 214
157 256
176 275
179 278
196 295
119 218
60 159
22 121
38 137
160 259
135 234
162 261
26 125
143 242
84 183
182 281
142 241
133 232
108 207
134 233
73 172
86 185
136 235
176 275
54 153
189 288
129 228
190 289
103 202
158 257
134 233
59 158
50 149
50 149
31 130
18 117
16 115
26 125
73 172
108 207
67 166
60 159
15 114
181 280
110 209
105 204
8 107
140 239
184 283
82 181
165 264
142 241
70 169
169 268
187 286
40 139
106 205
120 219
60 159
105 204
20 119
75 174
184 283
166 265
159 258
53 152
55 154
21 120
197 296
81 180
168 267
147 246
120 219
156 255
172 271
76 175
72 171
161 260
38 137
99 198
145 244
112 211
187 286
5 104
45 144
124 223
137 236
57 156
187 286
20 119
150 249
182 281
17 116
31 130
113 212
144 243
93 192
169 268
78 177
116 215
152 251
107 206
54 153
184 283
59 158
163 262
52 151
13 112
122 221
31 130
188 287
104 203
17 116
24 123
172 271
10 109
195 294
169 268
64 163
59 158
12 111
121 220
94 193
142 241
44 143
55 154
14 113
87 186
94 193
59 158
26 125
73 172
0 99
150 249
70 169
6 105
149 248
49 148
174 273
65 164
70 169
173 272
3 102
182 281
148 247
70 169
125 224
87 186
38 137
8 107
156 255
49 148
25 124
155 254
60 159
142 241
48 147
153 252
74 173
16 115
104 203
74 173
157 256
105 204
5 104
162 261
157 256
1 100
22 121
10 109
2 101
49 148
83 182
89 188
136 235
142 241
144 243
123 222
103 202
186 285
195 294
119 218
147 246
27 126
60 159
111 210
4 103
158 257
183 282
89 188
134 233
33 132
162 261
46 145
150 249
108 207
192 291
79 178
44 143
72 171
97 196
181 280
121 220
100 199
134 233
60 159
18 117
88 187
136 235
13 112
15 114
1 100
181 280
191 290
97 196
13 112
43 142
97 196
68 167
180 279
87 186
75 174
80 179
191 290
26 125
23 122
101 200
87 186
12 111
95 194
35 134
19 118
40 139
40 139
94 193
27 126
144 243
61 160
2 101
194 293
183 282
3 102
70 169
179 278
191 290
161 260
110 209
175 274
15 114
60 159
50 149
32 131
67 166
113 212
144 243
185 284
187 286
188 287
38 137
29 128
1 100
17 116
30 129
99 198
125 224
63 162
131 230
160 259
33 132
191 290
179 278
119 218
83 182
160 259
118 217
36 135
72 171
29 128
172 271
176 275
123 222
29 128
20 119
93 192
36 135
22 121
19 118
123 222
28 127
69 168
176 275
119 218
169 268
113 212
123 222
2 101
196 295
59 158
68 167
145 244
70 169
194 293
125 224
135 234
71 170
109 208
3 102
155 254
152 251
39 138
145 244
17 116
130 229
50 149
160 259
75 174
165 264
66 165
8 107
114 213
42 141
136 235
47 146
132 231
98 197
159 258
85 184
103 202
19 118
117 216
106 205
171 270
146 245
52 151
147 246
169 268
105 204
65 164
126 225
18 117
183 282
54 153
98 197
160 259
105 204
69 168
32 131
128 227
175 274
122 221
116 215
89 188
116 215
151 250
149 248
184 283
106 205
158 257
72 171
57 156
124 223
146 245
174 273
65 164
47 146
58 157
56 155
175 274
140 239
42 141
22 121
152 251
135 234
61 160
154 253
140 239
46 145
123 222
195 294
189 288
39 138
72 171
24 123
1 100
133 232
8 107
60 159
168 267
126 225
71 170
4 103
3 102
81 180
104 203
27 126
151 250
87 186
17 116
78 177
57 156
84 183
86 185
84 183
180 279
114 213
144 243
78 177
166 265
84 183
86 185
72 171
0 99
31 130
155 254
99 198
11 110
2 101
151 250
59 158
175 274
40 139
35 134
163 262
17 116
178 277
127 226
72 171
76 175
23 122
14 113
51 150
8 107
53 152
93 192
57 156
196 295
8 107
78 177
142 241
24 123
81 180
132 231
30 129
191 290
149 248
44 143
41 140
12 111
11 110
151 250
136 235
28 127
172 271
176 275
111 210
103 202
114 213
178 277
79 178
45 144
94 193
22 121
194 293
34 133
54 153
36 135
138 237
77 176
36 135
163 262
145 244
94 193
48 147
53 152
44 143
6 105
135 234
128 227
8 107
78 177
39 138
150 249
88 187
56 155
182 281
159 258
112 211
196 295
168 267
49 148
86 185
157 256
86 185
102 201
191 290
67 166
134 233
189 288
196 295
20 119
9 108
49 148
169 268
37 136
72 171
55 154
96 195
136 235
120 219
49 148
17 116
47 146
81 180
88 187
168 267
156 255
150 249
95 194
171 270
181 280
196 295
34 133
125 224
23 122
57 156
173 272
85 184
15 114
168 267
181 280
107 206
185 284
121 220
141 240
53 152
45 144
9 108
125 224
87 186
186 285
185 284
173 272
82 181
75 174
77 176
83 182
15 114
25 124
163 262
182 281
156 255
34 133
58 157
97 196
1 100
130 229
136 235
162 261
124 223
62 161
48 147
20 119
65 164
25 124
197 296
19 118
132 231
123 222
132 231
166 265
93 192
50 149
192 291
21 120
61 160
46 145
45 144
139 238
138 237
60 159
102 201
83 182
104 203
168 267
42 141
91 190
145 244
114 213
51 150
97 196
129 228
192 291
94 193
36 135
78 177
171 270
23 122
91 190
129 228
85 184
28 127
127 226
152 251
58 157
10 109
29 128
7 106
146 245
79 178
191 290
134 233
75 174
166 265
169 268
63 162
86 185
169 268
181 280
94 193
37 136
131 230
151 250
47 146
16 115
15 114
137 236
10 109
6 105
87 186
53 152
158 257
87 186
190 289
155 254
32 131
143 242
127 226
188 287
158 257
54 153
190 289
117 216
44 143
19 118
106 205
54 153
141 240
133 232
147 246
153 252
72 171
128 227
62 161
20 119
143 242
149 248
12 111
170 269
120 219
30 129
157 256
195 294
163 262
82 181
180 279
37 136
17 116
12 111
57 156
161 260
52 151
53 152
4 103
102 201
94 193
96 195
96 195
167 266
79 178
5 104
36 135
130 229
110 209
44 143
191 290
106 205
161 260
29 128
32 131
78 177
124 223
121 220
17 116
77 176
30 129
131 230
97 196
32 131
135 234
30 129
94 193
77 176
54 153
88 187
51 150
38 137
21 120
145 244
166 265
22 121
54 153
118 217
153 252
36 135
191 290
93 192
70 169
23 122
191 290
174 273
86 185
172 271
61 160
91 190
162 261
18 117
98 197
72 171
146 245
197 296
112 211
142 241
112 211
105 204
96 195
78 177
107 206
58 157
54 153
70 169
158 257
59 158
147 246
165 264
196 295
162 261
132 231
133 232
92 191
184 283
35 134
141 240
40 139
24 123
112 211
134 233
34 133
183 282
139 238
176 275
100 199
108 207
34 133
180 279
158 257
97 196
117 216
128 227
64 163
80 179
160 259
26 125
25 124
137 236
124 223
152 251
157 256
72 171
9 108
58 157
163 262
192 291
98 197
186 285
126 225
52 151
21 120
55 154
169 268
20 119
13 112
100 199
128 227
184 283
189 288
101 200
17 116
12 111
64 163
106 205
185 284
87 186
82 181
96 195
6 105
6 105
159 258
53 152
99 198
15 114
145 244
136 235
158 257
163 262
120 219
16 115
193 292
159 258
38 137
89 188
194 293
111 210
162 261
120 219
119 218
42 141
184 283
95 194
64 163
4 103
168 267
54 153
61 160
75 174
109 208
100 199
98 197
40 139
98 197
146 245
117 216
28 127
50 149
177 276
108 207
65 164
46 145
86 185
18 117
54 153
176 275
117 216
37 136
175 274
83 182
119 218
188 287
169 268
132 231
125 224
1 100
128 227
85 184
66 165
125 224
28 127
154 253
192 291
146 245
56 155
1 100
126 225
161 260
166 265
128 227
189 288
143 242
151 250
4 103
171 270
77 176
93 192
8 107
60 159
37 136
149 248
45 144
123 222
54 153
23 122
174 273
78 177
168 267
58 157
51 150
36 135
128 227
61 160
173 272
2 101
12 111
139 238
138 237
119 218
156 255
55 154
42 141
144 243
188 287
13 112
190 289
92 191
7 106
47 146
112 211
111 210
186 285
170 269
139 238
69 168
184 283
104 203
124 223
86 185
70 169
186 285
8 107
24 123
103 202
71 170
154 253
105 204
183 282
0 99
68 167
58 157
80 179
49 148
196 295
172 271
50 149
163 262
106 205
161 260
26 125
19 118
10 109
175 274
60 159
161 260
11 110
46 145
55 154
35 134
14 113
133 232
40 139
169 268
109 208
113 212
132 231
25 124
167 266
164 263
62 161
132 231
140 239
130 229
173 272
41 140
136 235
52 151
77 176
68 167
179 278
15 114
91 190
113 212
7 106
34 133
110 209
94 193
5 104
12 111
54 153
105 204
195 294
113 212
92 191
74 173
53 152
6 105
162 261
89 188
9 108
150 249
55 154
86 185
176 275
160 259
20 119
131 230
118 217
99 198
124 223
164 263
84 183
160 259
126 225
88 187
13 112
81 180
130 229
156 255
123 222
181 280
135 234
121 220
70 169
174 273
3 102
166 265
2 101
26 125
65 164
48 147
154 253
4 103
87 186
116 215
139 238
195 294
45 144
146 245
37 136
171 270
54 153
69 168
154 253
70 169
126 225
105 204
28 127
15 114
12 111
171 270
48 147
12 111
116 215
117 216
141 240
71 170
6 105
8 107
86 185
113 212
167 266
44 143
3 102
123 222
145 244
180 279
120 219
20 119
161 260
176 275
168 267
124 223
42 141
78 177
53 152
127 226
193 292
24 123
106 205
3 102
77 176
3 102
132 231
134 233
91 190
90 189
40 139
98 197
97 196
181 280
100 199
74 173
42 141
93 192
25 124
52 151
50 149
155 254
24 123
146 245
66 165
132 231
54 153
19 118
110 209
134 233
1 100
49 148
188 287
161 260
157 256
168 267
103 202
15 114
155 254
182 281
83 182
137 236
60 159
44 143
190 289
99 198
56 155
156 255
135 234
164 263
59 158
40 139
33 132
8 107
79 178
161 260
76 175
102 201
44 143
159 258
10 109
164 263
189 288
128 227
133 232
60 159
179 278
123 222
166 265
59 158
166 265
125 224
72 171
175 274
133 232
48 147
159 258
161 260
82 181
43 142
67 166
95 194
111 210
63 162
44 143
33 132
94 193
147 246
54 153
81 180
104 203
33 132
163 262
152 251
12 111
7 106
171 270
130 229
25 124
165 264
139 238
5 104
37 136
66 165
64 163
83 182
70 169
123 222
95 194
54 153
160 259
38 137
6 105
167 266
74 173
65 164
188 287
23 122
44 143
163 262
24 123
41 140
120 219
38 137
187 286
152 251
19 118
153 252
12 111
195 294
131 230
0 99
6 105
119 218
29 128
0 99
167 266
21 120
95 194
30 129
81 180
80 179
109 208
158 257
180 279
155 254
186 285
187 286
51 150
106 205
193 292
155 254
195 294
174 273
123 222
51 150
136 235
154 253
127 226
40 139
116 215
154 253
135 234
116 215
16 115
62 161
79 178
130 229
108 207
37 136
186 285
122 221
131 230
138 237
51 150
142 241
117 216
190 289
94 193
173 272
82 181
146 245
46 145
191 290
71 170
170 269
110 209
170 269
185 284
15 114
195 294
153 252
46 145
39 138
100 199
29 128
125 224
60 159
189 288
34 133
157 256
188 287
159 258
104 203
111 210
48 147
76 175
151 250
16 115
33 132
123 222
111 210
180 279
98 197
154 253
40 139
107 206
189 288
106 205
111 210
61 160
97 196
34 133
149 248
3 102
183 282
66 165
58 157
180 279
161 260
38 137
192 291
110 209
81 180
46 145
88 187
80 179
157 256
49 148
135 234
30 129
105 204
68 167
17 116
123 222
30 129
13 112
191 290
177 276
148 247
74 173
143 242
73 172
101 200
84 183
126 225
104 203
48 147
68 167
110 209
94 193
37 136
80 179
184 283
88 187
59 158
164 263
30 129
34 133
95 194
138 237
54 153
61 160
108 207
12 111
34 133
93 192
154 253
21 120
174 273
161 260
145 244
114 213
125 224
86 185
88 187
77 176
110 209
116 215
151 250
75 174
123 222
39 138
164 263
40 139
35 134
149 248
189 288
127 226
48 147
190 289
120 219
196 295
172 271
45 144
70 169
162 261
177 276
27 126
98 197
16 115
168 267
54 153
178 277
184 283
160 259
159 258
86 185
105 204
187 286
197 296
88 187
195 294
0 99
179 278
45 144
14 113
3 102
29 128
177 276
163 262
42 141
78 177
135 234
108 207
150 249
52 151
22 121
76 175
107 206
79 178
59 158
84 183
113 212
145 244
55 154
171 270
127 226
155 254
42 141
168 267
77 176
20 119
84 183
88 187
152 251
122 221
5 104
39 138
29 128
118 217
130 229
59 158
49 148
12 111
165 264
76 175
64 163
172 271
81 180
149 248
47 146
141 240
79 178
140 239
161 260
104 203
130 229
26 125
158 257
45 144
4 103
102 201
74 173
98 197
110 209
84 183
92 191
12 111
42 141
191 290
34 133
190 289
39 138
23 122
32 131
120 219
182 281
55 154
92 191
25 124
38 137
12 111
59 158
103 202
159 258
160 259
94 193
192 291
78 177
138 237
152 251
141 240
129 228
133 232
15 114
173 272
194 293
108 207
101 200
100 199
116 215
60 159
68 167
64 163
50 149
17 116
139 238
152 251
20 119
134 233
105 204
84 183
196 295
80 179
186 285
181 280
84 183
98 197
63 162
105 204
92 191
60 159
165 264
132 231
45 144
75 174
126 225
37 136
112 211
145 244
66 165
184 283
118 217
75 174
58 157
185 284
142 241
115 214
150 249
154 253
62 161
152 251
159 258
60 159
166 265
48 147
185 284
150 249
154 253
70 169
28 127
98 197
179 278
9 108
179 278
99 198
141 240
9 108
77 176
126 225
170 269
9 108
26 125
75 174
151 250
4 103
37 136
101 200
181 280
6 105
129 228
67 166
178 277
102 201
39 138
182 281
25 124
184 283
113 212
119 218
173 272
119 218
133 232
57 156
41 140
192 291
0 99
119 218
114 213
69 168
166 265
101 200
172 271
112 211
169 268
93 192
148 247
121 220
13 112
52 151
84 183
17 116
1 100
125 224
37 136
127 226
168 267
152 251
47 146
37 136
44 143
76 175
153 252
7 106
32 131
163 262
158 257
92 191
25 124
103 202
4 103
130 229
74 173
163 262
49 148
61 160
14 113
126 225
158 257
140 239
80 179
125 224
178 277
18 117
56 155
89 188
192 291
68 167
150 249
7 106
173 272
31 130
177 276
3 102
26 125
26 125
69 168
67 166
178 277
121 220
197 296
124 223
86 185
31 130
34 133
175 274
101 200
97 196
14 113
106 205
30 129
60 159
144 243
116 215
54 153
177 276
55 154
71 170
100 199
94 193
47 146
75 174
104 203
131 230
177 276
5 104
21 120
73 172
195 294
69 168
152 251
84 183
186 285
36 135
51 150
175 274
43 142
58 157
154 253
62 161
87 186
44 143
178 277
170 269
107 206
146 245
128 227
177 276
89 188
135 234
176 275
108 207
63 162
123 222
165 264
160 259
145 244
165 264
85 184
170 269
187 286
40 139
185 284
77 176
135 234
133 232
142 241
91 190
68 167
167 266
92 191
3 102
49 148
97 196
19 118
97 196
116 215
32 131
140 239
184 283
66 165
49 148
116 215
41 140
40 139
115 214
85 184
170 269
65 164
144 243
82 181
83 182
123 222
89 188
23 122
137 236
67 166
102 201
45 144
155 254
7 106
138 237
25 124
104 203
31 130
72 171
135 234
110 209
20 119
98 197
43 142
58 157
103 202
186 285
111 210
63 162
51 150
25 124
15 114
119 218
12 111
34 133
181 280
115 214
143 242
25 124
73 172
154 253
31 130
185 284
177 276
164 263
7 106
28 127
88 187
55 154
72 171
166 265
195 294
139 238
51 150
128 227
179 278
133 232
82 181
49 148
101 200
84 183
160 259
6 105
77 176
164 263
153 252
18 117
1 100
43 142
72 171
12 111
192 291
195 294
46 145
16 115
76 175
116 215
126 225
101 200
140 239
113 212
123 222
150 249
29 128
108 207
46 145
121 220
109 208
52 151
112 211
121 220
26 125
11 110
16 115
171 270
59 158
139 238
169 268
70 169
197 296
142 241
195 294
109 208
83 182
175 274
152 251
195 294
44 143
123 222
35 134
99 198
5 104
132 231
89 188
182 281
191 290
5 104
121 220
31 130
15 114
128 227
20 119
113 212
49 148
115 214
70 169
128 227
30 129
168 267
93 192
122 221
111 210
90 189
145 244
101 200
69 168
4 103
91 190
104 203
171 270
115 214
133 232
81 180
157 256
143 242
22 121
178 277
36 135
56 155
153 252
23 122
160 259
164 263
122 221
148 247
96 195
24 123
122 221
146 245
37 136
101 200
153 252
192 291
182 281
52 151
196 295
55 154
123 222
97 196
32 131
46 145
120 219
45 144
96 195
155 254
1 100
130 229
57 156
175 274
180 279
107 206
104 203
138 237
51 150
173 272
110 209
118 217
147 246
14 113
153 252
75 174
136 235
17 116
21 120
195 294
135 234
188 287
132 231
32 131
71 170
39 138
99 198
7 106
101 200
61 160
137 236
182 281
72 171
63 162
192 291
145 244
152 251
20 119
138 237
147 246
28 127
151 250
87 186
151 250
54 153
179 278
142 241
11 110
113 212
194 293
165 264
86 185
18 117
129 228
123 222
171 270
188 287
23 122
61 160
110 209
148 247
191 290
98 197
42 141
180 279
65 164
35 134
148 247
175 274
16 115
118 217
194 293
165 264
132 231
115 214
24 123
57 156
134 233
59 158
75 174
18 117
183 282
137 236
148 247
143 242
132 231
55 154
11 110
105 204
101 200
61 160
83 182
181 280
68 167
7 106
125 224
63 162
16 115
58 157
177 276
196 295
46 145
194 293
142 241
21 120
139 238
197 296
106 205
144 243
77 176
185 284
44 143
74 173
98 197
153 252
104 203
95 194
166 265
99 198
26 125
39 138
4 103
75 174
63 162
60 159
143 242
140 239
37 136
0 99
51 150
8 107
86 185
146 245
60 159
167 266
122 221
52 151
20 119
18 117
4 103
0 99
163 262
27 126
60 159
10 109
123 222
79 178
142 241
1 100
99 198
178 277
43 142
179 278
115 214
25 124
127 226
115 214
11 110
197 296
159 258
175 274
169 268
39 138
79 178
190 289
143 242
19 118
185 284
178 277
59 158
176 275
20 119
105 204
45 144
110 209
133 232
86 185
191 290
194 293
103 202
158 257
59 158
140 239
163 262
109 208
152 251
87 186
167 266
68 167
184 283
144 243
22 121
3 102
175 274
147 246
87 186
29 128
24 123
157 256
189 288
85 184
51 150
160 259
26 125
77 176
130 229
159 258
91 190
119 218
71 170
133 232
165 264
158 257
55 154
53 152
136 235
30 129
137 236
126 225
46 145
138 237
179 278
49 148
182 281
166 265
22 121
64 163
158 257
172 271
175 274
52 151
48 147
54 153
145 244
148 247
163 262
48 147
119 218
144 243
92 191
86 185
151 250
74 173
95 194
174 273
174 273
143 242
56 155
45 144
90 189
98 197
24 123
167 266
196 295
104 203
158 257
13 112
115 214
104 203
55 154
172 271
179 278
164 263
114 213
157 256
179 278
172 271
125 224
91 190
17 116
36 135
100 199
122 221
109 208
63 162
77 176
101 200
77 176
105 204
77 176
112 211
35 134
59 158
5 104
88 187
194 293
48 147
4 103
3 102
172 271
21 120
89 188
47 146
69 168
64 163
6 105
170 269
134 233
54 153
117 216
71 170
7 106
93 192
99 198
189 288
34 133
54 153
34 133
95 194
18 117
183 282
2 101
43 142
62 161
145 244
34 133
193 292
3 102
67 166
169 268
172 271
109 208
23 122
46 145
33 132
196 295
133 232
149 248
40 139
66 165
54 153
197 296
164 263
73 172
97 196
61 160
172 271
155 254
140 239
77 176
152 251
104 203
40 139
22 121
105 204
98 197
187 286
185 284
13 112
129 228
73 172
67 166
108 207
45 144
90 189
99 198
61 160
175 274
174 273
195 294
150 249
176 275
18 117
115 214
78 177
163 262
137 236
128 227
38 137
77 176
160 259
152 251
184 283
81 180
62 161
4 103
93 192
15 114
68 167
172 271
63 162
129 228
116 215
93 192
40 139
89 188
40 139
26 125
4 103
95 194
82 181
126 225
43 142
141 240
186 285
48 147
53 152
132 231
49 148
116 215
110 209
62 161
10 109
11 110
94 193
187 286
172 271
77 176
1 100
149 248
89 188
88 187
193 292
136 235
61 160
174 273
156 255
6 105
14 113
98 197
8 107
174 273
94 193
38 137
61 160
41 140
148 247
6 105
30 129
128 227
97 196
161 260
100 199
34 133
180 279
102 201
1 100
111 210
135 234
79 178
84 183
127 226
185 284
147 246
94 193
161 260
14 113
127 226
50 149
103 202
196 295
54 153
184 283
167 266
118 217
167 266
169 268
80 179
17 116
162 261
115 214
32 131
54 153
55 154
13 112
68 167
65 164
166 265
142 241
104 203
106 205
86 185
135 234
103 202
6 105
133 232
178 277
107 206
101 200
57 156
185 284
33 132
91 190
172 271
20 119
24 123
104 203
27 126
55 154
114 213
79 178
177 276
122 221
178 277
153 252
46 145
105 204
1 100
172 271
60 159
13 112
15 114
122 221
133 232
35 134
181 280
159 258
101 200
95 194
51 150
60 159
115 214
102 201
75 174
180 279
79 178
157 256
131 230
13 112
172 271
25 124
166 265
34 133
24 123
31 130
14 113
98 197
74 173
75 174
40 139
159 258
48 147
118 217
71 170
38 137
168 267
81 180
58 157
28 127
196 295
151 250
22 121
28 127
176 275
84 183
149 248
177 276
168 267
180 279
182 281
54 153
111 210
140 239
177 276
65 164
129 228
166 265
194 293
125 224
134 233
68 167
34 133
114 213
54 153
154 253
9 108
41 140
37 136
58 157
71 170
75 174
13 112
69 168
127 226
55 154
50 149
122 221
125 224
118 217
169 268
151 250
37 136
98 197
84 183
189 288
29 128
142 241
184 283
192 291
7 106
37 136
75 174
18 117
130 229
128 227
116 215
27 126
9 108
185 284
177 276
7 106
117 216
66 165
100 199
93 192
100 199
52 151
182 281
144 243
47 146
130 229
127 226
45 144
40 139
193 292
8 107
20 119
32 131
136 235
143 242
75 174
179 278
86 185
141 240
92 191
94 193
98 197
190 289
74 173
106 205
197 296
34 133
124 223
32 131
107 206
33 132
65 164
11 110
119 218
195 294
106 205
100 199
52 151
46 145
182 281
133 232
71 170
144 243
119 218
52 151
86 185
60 159
70 169
13 112
96 195
177 276
25 124
174 273
23 122
41 140
82 181
112 211
73 172
11 110
92 191
126 225
179 278
178 277
24 123
82 181
29 128
173 272
0 99
156 255
34 133
7 106
23 122
106 205
151 250
180 279
68 167
132 231
126 225
169 268
141 240
71 170
52 151
23 122
153 252
193 292
156 255
126 225
143 242
61 160
85 184
63 162
190 289
72 171
170 269
53 152
46 145
8 107
31 130
160 259
100 199
159 258
160 259
52 151
171 270
69 168
88 187
39 138
141 240
125 224
44 143
168 267
50 149
132 231
193 292
58 157
30 129
175 274
2 101
80 179
34 133
43 142
117 216
184 283
49 148
192 291
116 215
191 290
32 131
88 187
14 113
125 224
72 171
191 290
134 233
20 119
37 136
52 151
172 271
103 202
4 103
36 135
96 195
56 155
130 229
19 118
191 290
17 116
16 115
28 127
111 210
16 115
118 217
18 117
40 139
119 218
113 212
175 274
43 142
36 135
6 105
159 258
49 148
131 230
118 217
36 135
153 252
32 131
40 139
87 186
37 136
160 259
5 104
78 177
165 264
184 283
118 217
178 277
170 269
180 279
146 245
142 241
140 239
122 221
76 175
20 119
32 131
12 111
2 101
98 197
185 284
0 99
119 218
88 187
71 170
184 283
74 173
164 263
68 167
58 157
68 167
111 210
172 271
23 122
108 207
109 208
116 215
145 244
180 279
161 260
184 283
77 176
44 143
2 101
2 101
183 282
24 123
156 255
71 170
183 282
50 149
1 100
188 287
36 135
172 271
100 199
100 199
123 222
177 276
92 191
127 226
125 224
80 179
65 164
1 100
134 233
164 263
163 262
123 222
174 273
47 146
84 183
7 106
116 215
94 193
142 241
120 219
168 267
165 264
19 118
130 229
41 140
126 225
137 236
8 107
108 207
106 205
76 175
154 253
88 187
114 213
78 177
58 157
11 110
134 233
105 204
29 128
46 145
65 164
67 166
118 217
68 167
152 251
34 133
166 265
54 153
64 163
172 271
114 213
188 287
29 128
41 140
120 219
170 269
99 198
182 281
187 286
96 195
8 107
151 250
49 148
106 205
181 280
80 179
41 140
42 141
182 281
88 187
94 193
91 190
168 267
49 148
22 121
112 211
19 118
75 174
3 102
120 219
78 177
165 264
103 202
103 202
160 259
68 167
71 170
176 275
19 118
58 157
196 295
46 145
103 202
91 190
48 147
73 172
88 187
11 110
125 224
51 150
130 229
112 211
104 203
144 243
8 107
118 217
52 151
106 205
98 197
89 188
102 201
76 175
1 100
121 220
108 207
105 204
92 191
135 234
187 286
183 282
108 207
141 240
137 236
187 286
54 153
121 220
44 143
153 252
152 251
168 267
137 236
151 250
14 113
197 296
121 220
140 239
80 179
42 141
195 294
3 102
162 261
59 158
120 219
6 105
46 145
6 105
158 257
186 285
54 153
125 224
94 193
75 174
9 108
61 160
196 295
124 223
0 99
134 233
164 263
24 123
138 237
13 112
5 104
104 203
59 158
174 273
128 227
147 246
48 147
148 247
184 283
111 210
104 203
196 295
31 130
74 173
153 252
27 126
55 154
176 275
118 217
145 244
197 296
46 145
142 241
165 264
182 281
82 181
106 205
16 115
124 223
12 111
44 143
46 145
110 209
197 296
167 266
81 180
159 258
83 182
140 239
114 213
117 216
162 261
9 108
161 260
27 126
105 204
36 135
107 206
127 226
167 266
89 188
11 110
21 120
2 101
167 266
108 207
192 291
124 223
46 145
89 188
87 186
33 132
143 242
8 107
31 130
64 163
40 139
108 207
177 276
132 231
54 153
69 168
11 110
63 162
120 219
22 121
193 292
109 208
25 124
65 164
47 146
147 246
102 201
75 174
164 263
163 262
11 110
50 149
105 204
108 207
58 157
55 154
45 144
114 213
119 218
145 244
69 168
106 205
82 181
144 243
154 253
147 246
68 167
163 262
79 178
17 116
94 193
13 112
15 114
63 162
153 252
175 274
80 179
10 109
134 233
187 286
13 112
93 192
20 119
177 276
186 285
53 152
184 283
130 229
114 213
20 119
44 143
134 233
158 257
159 258
12 111
136 235
63 162
126 225
158 257
114 213
175 274
56 155
173 272
111 210
34 133
17 116
62 161
77 176
172 271
66 165
111 210
91 190
62 161
78 177
42 141
62 161
72 171
56 155
65 164
163 262
24 123
41 140
55 154
128 227
101 200
56 155
183 282
125 224
148 247
60 159
138 237
45 144
88 187
107 206
11 110
55 154
90 189
152 251
157 256
158 257
55 154
106 205
182 281
125 224
122 221
119 218
1 100
181 280
66 165
62 161
85 184
69 168
66 165
92 191
179 278
121 220
176 275
88 187
132 231
75 174
5 104
168 267
183 282
43 142
192 291
2 101
157 256
159 258
189 288
179 278
79 178
57 156
50 149
147 246
173 272
48 147
85 184
186 285
142 241
6 105
94 193
25 124
185 284
194 293
52 151
169 268
124 223
72 171
84 183
82 181
58 157
17 116
80 179
80 179
5 104
149 248
167 266
150 249
14 113
119 218
103 202
105 204
61 160
48 147
131 230
113 212
86 185
68 167
85 184
36 135
95 194
105 204
124 223
69 168
134 233
140 239
176 275
174 273
3 102
155 254
190 289
18 117
106 205
115 214
38 137
11 110
18 117
129 228
3 102
60 159
8 107
42 141
191 290
32 131
76 175
34 133
163 262
117 216
61 160
87 186
70 169
38 137
151 250
49 148
102 201
104 203
189 288
107 206
108 207
192 291
178 277
100 199
73 172
76 175
138 237
166 265
70 169
110 209
0 99
29 128
188 287
129 228
84 183
197 296
146 245
164 263
160 259
27 126
27 126
23 122
86 185
84 183
7 106
196 295
142 241
25 124
55 154
120 219
85 184
10 109
52 151
4 103
48 147
181 280
125 224
38 137
78 177
184 283
88 187
72 171
135 234
85 184
164 263
90 189
92 191
88 187
82 181
118 217
168 267
123 222
151 250
29 128
83 182
109 208
83 182
155 254
195 294
80 179
97 196
86 185
153 252
57 156
17 116
173 272
136 235
177 276
99 198
26 125
145 244
5 104
78 177
17 116
68 167
138 237
102 201
110 209
24 123
166 265
1 100
66 165
142 241
143 242
124 223
127 226
10 109
62 161
143 242
48 147
99 198
92 191
137 236
187 286
52 151
79 178
109 208
43 142
32 131
173 272
169 268
22 121
17 116
15 114
103 202
12 111
45 144
32 131
131 230
150 249
139 238
132 231
50 149
184 283
41 140
153 252
158 257
57 156
81 180
33 132
126 225
56 155
179 278
15 114
191 290
136 235
34 133
6 105
171 270
15 114
182 281
134 233
3 102
16 115
7 106
87 186
146 245
33 132
114 213
124 223
28 127
80 179
72 171
119 218
159 258
113 212
152 251
77 176
105 204
143 242
121 220
197 296
122 221
47 146
173 272
64 163
136 235
45 144
27 126
99 198
104 203
25 124
78 177
26 125
64 163
83 182
30 129
123 222
17 116
168 267
104 203
197 296
176 275
126 225
133 232
27 126
173 272
46 145
155 254
129 228
131 230
18 117
103 202
99 198
77 176
33 132
55 154
72 171
75 174
67 166
149 248
7 106
137 236
172 271
34 133
100 199
182 281
106 205
191 290
3 102
53 152
92 191
38 137
46 145
149 248
142 241
88 187
126 225
136 235
163 262
159 258
156 255
19 118
94 193
120 219
180 279
110 209
127 226
105 204
20 119
13 112
173 272
175 274
11 110
35 134
75 174
62 161
3 102
50 149
86 185
173 272
111 210
177 276
40 139
131 230
182 281
151 250
107 206
104 203
161 260
32 131
148 247
179 278
47 146
156 255
189 288
107 206
35 134
139 238
8 107
177 276
37 136
4 103
134 233
166 265
11 110
82 181
55 154
20 119
16 115
163 262
161 260
176 275
22 121
11 110
188 287
185 284
4 103
114 213
134 233
44 143
11 110
180 279
128 227
43 142
140 239
18 117
106 205
16 115
53 152
175 274
57 156
79 178
177 276
94 193
183 282
42 141
92 191
151 250
56 155
18 117
171 270
182 281
185 284
78 177
75 174
82 181
7 106
110 209
14 113
64 163
13 112
25 124
9 108
61 160
85 184
132 231
180 279
180 279
134 233
85 184
140 239
136 235
170 269
171 270
58 157
76 175
3 102
34 133
183 282
123 222
131 230
67 166
189 288
131 230
91 190
191 290
184 283
81 180
51 150
149 248
25 124
179 278
141 240
143 242
126 225
189 288
80 179
42 141
127 226
97 196
45 144
104 203
110 209
92 191
175 274
159 258
68 167
177 276
142 241
74 173
173 272
61 160
138 237
26 125
170 269
69 168
11 110
141 240
188 287
189 288
118 217
49 148
150 249
53 152
152 251
111 210
32 131
105 204
136 235
155 254
42 141
123 222
48 147
8 107
172 271
130 229
39 138
105 204
112 211
41 140
134 233
45 144
47 146
88 187
178 277
123 222
79 178
38 137
101 200
115 214
176 275
82 181
128 227
90 189
193 292
70 169
131 230
172 271
188 287
5 104
189 288
14 113
22 121
133 232
1 100
93 192
33 132
161 260
124 223
155 254
62 161
125 224
17 116
51 150
165 264
60 159
95 194
52 151
10 109
172 271
128 227
48 147
160 259
127 226
193 292
79 178
11 110
184 283
110 209
141 240
150 249
151 250
93 192
31 130
38 137
77 176
62 161
88 187
55 154
126 225
189 288
125 224
7 106
30 129
154 253
172 271
177 276
91 190
118 217
187 286
68 167
30 129
8 107
107 206
129 228
62 161
16 115
101 200
186 285
119 218
96 195
132 231
31 130
98 197
19 118
195 294
85 184
178 277
25 124
46 145
74 173
45 144
147 246
38 137
168 267
1 100
170 269
16 115
160 259
187 286
126 225
82 181
157 256
106 205
34 133
108 207
153 252
23 122
105 204
137 236
3 102
51 150
18 117
176 275
155 254
184 283
150 249
173 272
51 150
73 172
149 248
53 152
32 131
143 242
177 276
171 270
142 241
11 110
100 199
103 202
13 112
129 228
156 255
120 219
58 157
136 235
149 248
35 134
56 155
114 213
176 275
141 240
47 146
14 113
87 186
110 209
40 139
3 102
89 188
127 226
74 173
181 280
49 148
19 118
140 239
125 224
139 238
140 239
119 218
93 192
112 211
93 192
14 113
11 110
169 268
88 187
37 136
133 232
30 129
80 179
32 131
161 260
29 128
194 293
121 220
158 257
14 113
23 122
191 290
29 128
183 282
90 189
94 193
89 188
159 258
165 264
144 243
141 240
7 106
101 200
58 157
57 156
165 264
159 258
149 248
172 271
101 200
2 101
142 241
79 178
196 295
177 276
176 275
78 177
109 208
24 123
43 142
74 173
183 282
169 268
166 265
155 254
72 171
1 100
125 224
149 248
132 231
96 195
2 101
94 193
50 149
52 151
81 180
42 141
158 257
130 229
149 248
142 241
167 266
168 267
76 175
90 189
169 268
172 271
112 211
17 116
123 222
101 200
179 278
139 238
22 121
160 259
183 282
53 152
53 152
126 225
178 277
197 296
101 200
63 162
181 280
104 203
194 293
21 120
22 121
174 273
34 133
88 187
62 161
167 266
190 289
40 139
147 246
17 116
99 198
57 156
113 212
151 250
22 121
158 257
46 145
26 125
94 193
40 139
162 261
44 143
196 295
87 186
25 124
191 290
122 221
112 211
57 156
138 237
57 156
101 200
126 225
80 179
98 197
103 202
27 126
132 231
151 250
32 131
130 229
32 131
61 160
46 145
5 104
2 101
23 122
70 169
23 122
130 229
173 272
6 105
55 154
179 278
9 108
27 126
110 209
36 135
125 224
174 273
82 181
53 152
63 162
120 219
56 155
173 272
137 236
66 165
35 134
46 145
92 191
169 268
109 208
87 186
159 258
29 128
120 219
1 100
131 230
67 166
150 249
68 167
144 243
11 110
56 155
107 206
39 138
32 131
170 269
77 176
184 283
9 108
71 170
195 294
23 122
179 278
184 283
46 145
83 182
161 260
174 273
188 287
165 264
94 193
179 278
24 123
21 120
66 165
97 196
181 280
122 221
105 204
99 198
190 289
81 180
178 277
3 102
62 161
64 163
20 119
116 215
14 113
164 263
114 213
75 174
5 104
170 269
21 120
58 157
154 253
124 223
180 279
170 269
1 100
13 112
101 200
122 221
24 123
112 211
12 111
189 288
21 120
176 275
133 232
110 209
31 130
32 131
77 176
148 247
130 229
29 128
117 216
99 198
175 274
67 166
21 120
96 195
137 236
92 191
23 122
141 240
81 180
55 154
36 135
82 181
112 211
142 241
81 180
109 208
93 192
118 217
32 131
188 287
56 155
156 255
119 218
142 241
59 158
67 166
142 241
45 144
76 175
0 99
36 135
175 274
112 211
4 103
176 275
104 203
180 279
166 265
44 143
72 171
61 160
155 254
66 165
117 216
192 291
127 226
45 144
11 110
93 192
147 246
80 179
135 234
5 104
118 217
40 139
101 200
36 135
154 253
47 146
46 145
138 237
117 216
110 209
123 222
113 212
13 112
111 210
70 169
9 108
110 209
143 242
182 281
23 122
18 117
188 287
21 120
72 171
106 205
194 293
48 147
65 164
66 165
78 177
71 170
133 232
149 248
135 234
195 294
125 224
174 273
64 163
8 107
165 264
29 128
188 287
157 256
119 218
102 201
73 172
169 268
27 126
94 193
116 215
47 146
11 110
101 200
52 151
173 272
39 138
188 287
65 164
64 163
40 139
58 157
81 180
45 144
43 142
92 191
195 294
191 290
84 183
2 101
100 199
194 293
153 252
69 168
8 107
133 232
19 118
44 143
162 261
130 229
128 227
164 263
30 129
87 186
120 219
197 296
52 151
105 204
176 275
118 217
172 271
79 178
100 199
37 136
60 159
141 240
22 121
148 247
110 209
18 117
183 282
191 290
69 168
98 197
39 138
53 152
179 278
8 107
159 258
161 260
46 145
99 198
36 135
43 142
95 194
149 248
159 258
160 259
88 187
80 179
162 261
90 189
7 106
0 99
169 268
116 215
195 294
55 154
110 209
147 246
138 237
86 185
135 234
82 181
167 266
62 161
96 195
103 202
6 105
154 253
120 219
110 209
70 169
61 160
73 172
119 218
4 103
34 133
103 202
109 208
87 186
194 293
106 205
75 174
28 127
62 161
121 220
81 180
88 187
101 200
131 230
7 106
123 222
85 184
186 285
137 236
11 110
189 288
68 167
80 179
105 204
21 120
197 296
10 109
161 260
95 194
145 244
179 278
51 150
175 274
91 190
106 205
35 134
194 293
151 250
5 104
78 177
65 164
26 125
188 287
29 128
9 108
79 178
54 153
100 199
139 238
143 242
42 141
128 227
52 151
60 159
46 145
2 101
135 234
191 290
138 237
15 114
160 259
155 254
20 119
168 267
139 238
115 214
133 232
35 134
113 212
64 163
23 122
29 128
22 121
44 143
122 221
111 210
150 249
15 114
43 142
7 106
98 197
11 110
99 198
158 257
151 250
182 281
64 163
47 146
54 153
124 223
110 209
123 222
28 127
153 252
154 253
52 151
30 129
181 280
132 231
57 156
163 262
98 197
5 104
25 124
166 265
134 233
104 203
38 137
4 103
1 100
5 104
115 214
30 129
145 244
1 100
92 191
194 293
130 229
192 291
152 251
119 218
182 281
58 157
104 203
166 265
166 265
41 140
139 238
1 100
120 219
117 216
99 198
91 190
105 204
120 219
135 234
98 197
194 293
24 123
183 282
81 180
183 282
16 115
19 118
111 210
181 280
167 266
79 178
76 175
177 276
57 156
156 255
31 130
44 143
170 269
121 220
49 148
13 112
157 256
87 186
189 288
160 259
145 244
124 223
147 246
32 131
43 142
63 162
85 184
81 180
142 241
136 235
91 190
44 143
91 190
193 292
63 162
6 105
91 190
101 200
109 208
168 267
155 254
183 282
184 283
15 114
68 167
128 227
55 154
175 274
127 226
99 198
160 259
87 186
13 112
84 183
83 182
0 99
189 288
80 179
61 160
82 181
8 107
173 272
160 259
98 197
190 289
168 267
53 152
129 228
157 256
148 247
4 103
81 180
194 293
139 238
38 137
82 181
14 113
69 168
102 201
80 179
99 198
166 265
157 256
166 265
180 279
100 199
173 272
190 289
32 131
90 189
3 102
60 159
99 198
93 192
159 258
192 291
52 151
153 252
52 151
106 205
33 132
36 135
38 137
89 188
45 144
4 103
7 106
62 161
178 277
148 247
174 273
111 210
98 197
8 107
172 271
12 111
22 121
161 260
40 139
188 287
45 144
119 218
152 251
7 106
2 101
29 128
114 213
129 228
183 282
21 120
118 217
5 104
159 258
4 103
24 123
106 205
93 192
118 217
33 132
141 240
59 158
5 104
174 273
7 106
159 258
42 141
166 265
106 205
177 276
32 131
144 243
53 152
157 256
100 199
178 277
121 220
182 281
158 257
174 273
45 144
20 119
195 294
3 102
20 119
135 234
130 229
168 267
29 128
19 118
177 276
197 296
180 279
131 230
190 289
87 186
135 234
185 284
76 175
82 181
33 132
138 237
29 128
181 280
132 231
116 215
179 278
127 226
185 284
62 161
50 149
129 228
191 290
119 218
109 208
24 123
40 139
20 119
41 140
110 209
175 274
149 248
90 189
184 283
61 160
180 279
105 204
188 287
72 171
160 259
103 202
112 211
3 102
170 269
142 241
22 121
77 176
155 254
155 254
179 278
57 156
63 162
186 285
46 145
172 271
155 254
106 205
91 190
73 172
148 247
16 115
9 108
185 284
102 201
30 129
105 204
127 226
131 230
136 235
87 186
2 101
102 201
185 284
194 293
69 168
72 171
162 261
62 161
174 273
35 134
122 221
33 132
121 220
123 222
5 104
161 260
141 240
110 209
91 190
163 262
74 173
195 294
92 191
10 109
71 170
94 193
95 194
188 287
6 105
155 254
152 251
189 288
161 260
131 230
67 166
61 160
101 200
28 127
189 288
79 178
11 110
191 290
185 284
59 158
9 108
24 123
116 215
188 287
100 199
71 170
139 238
113 212
192 291
82 181
52 151
67 166
106 205
70 169
86 185
129 228
45 144
152 251
65 164
117 216
8 107
177 276
44 143
69 168
5 104
54 153
115 214
80 179
98 197
165 264
49 148
47 146
76 175
4 103
19 118
58 157
19 118
188 287
156 255
146 245
130 229
71 170
6 105
85 184
167 266
77 176
120 219
97 196
188 287
86 185
15 114
84 183
8 107
47 146
11 110
173 272
14 113
137 236
174 273
130 229
10 109
110 209
112 211
158 257
166 265
152 251
73 172
117 216
88 187
2 101
154 253
186 285
84 183
25 124
13 112
126 225
16 115
39 138
121 220
120 219
37 136
102 201
123 222
22 121
190 289
144 243
169 268
39 138
4 103
75 174
159 258
14 113
126 225
138 237
93 192
44 143
141 240
100 199
175 274
94 193
193 292
44 143
192 291
191 290
161 260
41 140
197 296
142 241
142 241
160 259
171 270
169 268
125 224
60 159
59 158
127 226
94 193
181 280
141 240
65 164
189 288
150 249
152 251
162 261
91 190
25 124
54 153
28 127
17 116
104 203
55 154
159 258
58 157
196 295
121 220
114 213
33 132
188 287
171 270
88 187
49 148
114 213
137 236
1 100
105 204
27 126
11 110
191 290
8 107
19 118
148 247
142 241
89 188
151 250
69 168
71 170
124 223
19 118
143 242
115 214
170 269
2 101
96 195
142 241
12 111
107 206
48 147
11 110
149 248
92 191
181 280
107 206
164 263
53 152
170 269
130 229
33 132
192 291
13 112
152 251
10 109
173 272
167 266
0 99
54 153
186 285
28 127
90 189
160 259
112 211
97 196
3 102
14 113
43 142
163 262
6 105
50 149
193 292
48 147
111 210
37 136
24 123
50 149
113 212
40 139
10 109
76 175
16 115
49 148
135 234
98 197
28 127
139 238
32 131
100 199
3 102
191 290
181 280
33 132
151 250
48 147
134 233
84 183
179 278
163 262
167 266
109 208
138 237
169 268
85 184
98 197
124 223
197 296
99 198
18 117
12 111
35 134
142 241
118 217
30 129
172 271
56 155
120 219
180 279
3 102
49 148
73 172
68 167
124 223
184 283
191 290
128 227
100 199
197 296
13 112
111 210
134 233
21 120
72 171
67 166
164 263
7 106
96 195
55 154
83 182
175 274
195 294
13 112
87 186
163 262
175 274
157 256
55 154
34 133
103 202
83 182
71 170
143 242
33 132
136 235
127 226
9 108
126 225
26 125
127 226
134 233
37 136
57 156
57 156
138 237
72 171
195 294
43 142
115 214
151 250
162 261
86 185
3 102
59 158
125 224
124 223
11 110
129 228
163 262
42 141
160 259
56 155
7 106
193 292
178 277
18 117
186 285
135 234
193 292
64 163
151 250
178 277
127 226
197 296
64 163
186 285
67 166
102 201
104 203
127 226
74 173
171 270
151 250
190 289
10 109
147 246
61 160
1 100
38 137
60 159
49 148
65 164
158 257
67 166
87 186
183 282
75 174
116 215
116 215
179 278
23 122
22 121
27 126
19 118
97 196
137 236
95 194
88 187
135 234
93 192
126 225
134 233
146 245
28 127
126 225
127 226
189 288
154 253
146 245
132 231
78 177
12 111
11 110
167 266
21 120
36 135
76 175
102 201
67 166
35 134
16 115
49 148
86 185
169 268
61 160
160 259
29 128
38 137
182 281
132 231
108 207
27 126
79 178
122 221
76 175
48 147
77 176
132 231
34 133
43 142
145 244
7 106
130 229
135 234
68 167
190 289
41 140
17 116
115 214
109 208
13 112
126 225
97 196
105 204
79 178
128 227
45 144
54 153
143 242
66 165
137 236
84 183
186 285
43 142
105 204
80 179
196 295
197 296
77 176
160 259
36 135
196 295
21 120
118 217
151 250
140 239
93 192
91 190
130 229
133 232
71 170
109 208
127 226
110 209
20 119
152 251
27 126
174 273
71 170
48 147
127 226
64 163
27 126
191 290
75 174
40 139
15 114
154 253
119 218
90 189
152 251
67 166
162 261
4 103
21 120
172 271
80 179
58 157
131 230
87 186
1 100
21 120
30 129
9 108
91 190
0 99
125 224
181 280
101 200
194 293
134 233
35 134
153 252
14 113
116 215
98 197
73 172
33 132
65 164
116 215
114 213
133 232
57 156
159 258
134 233
97 196
52 151
14 113
93 192
119 218
120 219
186 285
21 120
95 194
153 252
178 277
25 124
51 150
148 247
95 194
103 202
68 167
173 272
28 127
124 223
176 275
192 291
112 211
87 186
161 260
108 207
42 141
175 274
175 274
125 224
187 286
79 178
5 104
186 285
165 264
176 275
195 294
104 203
76 175
145 244
102 201
165 264
175 274
132 231
127 226
30 129
4 103
150 249
76 175
53 152
163 262
193 292
47 146
141 240
149 248
35 134
166 265
11 110
36 135
155 254
15 114
60 159
141 240
133 232
84 183
86 185
127 226
107 206
95 194
159 258
33 132
196 295
170 269
49 148
22 121
33 132
144 243
153 252
99 198
196 295
97 196
32 131
136 235
160 259
119 218
24 123
33 132
13 112
30 129
51 150
129 228
6 105
29 128
175 274
0 99
68 167
173 272
167 266
76 175
170 269
137 236
128 227
133 232
16 115
10 109
55 154
118 217
3 102
17 116
13 112
155 254
133 232
69 168
63 162
132 231
25 124
40 139
146 245
159 258
28 127
47 146
141 240
20 119
36 135
160 259
149 248
115 214
183 282
113 212
189 288
194 293
12 111
75 174
62 161
171 270
53 152
68 167
23 122
78 177
173 272
105 204
39 138
9 108
152 251
49 148
6 105
135 234
31 130
146 245
168 267
58 157
152 251
77 176
88 187
45 144
118 217
105 204
131 230
124 223
87 186
106 205
152 251
142 241
163 262
41 140
73 172
130 229
101 200
134 233
189 288
72 171
70 169
112 211
131 230
151 250
130 229
47 146
117 216
123 222
150 249
27 126
20 119
154 253
90 189
6 105
158 257
12 111
66 165
126 225
129 228
140 239
19 118
169 268
141 240
29 128
16 115
155 254
53 152
140 239
87 186
88 187
180 279
169 268
69 168
88 187
141 240
159 258
101 200
89 188
61 160
152 251
62 161
150 249
44 143
73 172
42 141
90 189
24 123
25 124
188 287
99 198
114 213
124 223
94 193
35 134
63 162
130 229
55 154
47 146
122 221
123 222
111 210
188 287
35 134
135 234
135 234
2 101
89 188
123 222
102 201
181 280
96 195
133 232
91 190
103 202
150 249
49 148
104 203
75 174
179 278
30 129
196 295
81 180
76 175
46 145
177 276
26 125
19 118
157 256
54 153
140 239
86 185
72 171
127 226
88 187
112 211
28 127
133 232
185 284
138 237
171 270
79 178
10 109
171 270
80 179
162 261
10 109
166 265
119 218
127 226
42 141
62 161
25 124
30 129
187 286
192 291
156 255
161 260
57 156
122 221
111 210
175 274
135 234
184 283
32 131
63 162
74 173
155 254
75 174
173 272
52 151
165 264
37 136
144 243
87 186
143 242
168 267
12 111
135 234
134 233
32 131
117 216
6 105
18 117
81 180
58 157
116 215
48 147
113 212
64 163
192 291
55 154
98 197
32 131
179 278
81 180
106 205
22 121
57 156
39 138
188 287
160 259
2 101
62 161
136 235
144 243
80 179
26 125
0 99
144 243
187 286
84 183
102 201
126 225
12 111
160 259
27 126
184 283
46 145
188 287
43 142
134 233
23 122
95 194
61 160
116 215
12 111
174 273
154 253
30 129
135 234
150 249
13 112
19 118
165 264
123 222
126 225
163 262
131 230
23 122
72 171
20 119
79 178
98 197
9 108
139 238
93 192
177 276
105 204
85 184
161 260
44 143
117 216
80 179
161 260
161 260
53 152
165 264
187 286
84 183
39 138
105 204
84 183
55 154
0 99
32 131
101 200
78 177
97 196
80 179
81 180
192 291
22 121
183 282
96 195
96 195
108 207
160 259
55 154
181 280
70 169
38 137
126 225
72 171
183 282
176 275
79 178
50 149
107 206
101 200
97 196
152 251
41 140
6 105
188 287
139 238
60 159
36 135
121 220
194 293
88 187
184 283
96 195
120 219
64 163
33 132
90 189
50 149
1 100
31 130
183 282
140 239
103 202
142 241
20 119
4 103
41 140
23 122
7 106
47 146
12 111
148 247
97 196
53 152
151 250
75 174
4 103
15 114
170 269
22 121
49 148
152 251
3 102
144 243
112 211
16 115
148 247
40 139
128 227
17 116
9 108
83 182
60 159
50 149
57 156
127 226
186 285
136 235
133 232
149 248
125 224
88 187
118 217
38 137
147 246
96 195
116 215
119 218
85 184
48 147
80 179
72 171
154 253
117 216
126 225
19 118
41 140
46 145
195 294
39 138
95 194
181 280
33 132
14 113
91 190
196 295
105 204
2 101
96 195
179 278
9 108
121 220
106 205
94 193
47 146
53 152
145 244
13 112
155 254
105 204
61 160
52 151
62 161
197 296
51 150
193 292
64 163
196 295
142 241
114 213
56 155
126 225
12 111
33 132
94 193
127 226
88 187
57 156
187 286
69 168
156 255
126 225
180 279
158 257
70 169
19 118
23 122
178 277
187 286
15 114
57 156
82 181
85 184
89 188
6 105
154 253
24 123
9 108
85 184
104 203
28 127
61 160
139 238
17 116
167 266
139 238
142 241
162 261
64 163
78 177
138 237
165 264
172 271
6 105
154 253
75 174
60 159
7 106
169 268
95 194
164 263
2 101
22 121
121 220
118 217
158 257
86 185
142 241
136 235
19 118
81 180
102 201
130 229
30;156504
105 204
64 163
88 187
158 257
139 238
8 107
17 116
99 198
6 105
122 221
22 121
188 287
20 119
100 199
48 147
51 150
78 177
106 205
66 165
148 247
140 239
111 210
155 254
177 276
54 153
156 255
150 249
20 119
181 280
148 247
104 203
32 131
34 133
143 242
116 215
141 240
84 183
39 138
148 247
169 268
124 223
96 195
140 239
32 131
29 128
196 295
192 291
67 166
151 250
104 203
63 162
151 250
80 179
108 207
185 284
16 115
66 165
141 240
192 291
167 266
25 124
92 191
118 217
161 260
182 281
89 188
149 248
77 176
10 109
149 248
39 138
54 153
48 147
19 118
10 109
90 189
81 180
115 214
102 201
126 225
85 184
16 115
18 117
134 233
74 173
107 206
184 283
27 126
149 248
58 157
178 277
31 130
13 112
145 244
188 287
111 210
133 232
45 144
61 160
135 234
120 219
164 263
102 201
66 165
181 280
0 99
71 170
103 202
197 296
145 244
188 287
72 171
119 218
3 102
38 137
15 114
175 274
48 147
141 240
144 243
154 253
158 257
106 205
49 148
37 136
27 126
139 238
120 219
28 127
84 183
45 144
34 133
62 161
163 262
9 108
12 111
169 268
56 155
86 185
124 223
9 108
79 178
188 287
17 116
3 102
145 244
102 201
128 227
104 203
159 258
20 119
185 284
66 165
23 122
24 123
94 193
94 193
120 219
159 258
144 243
69 168
185 284
113 212
35 134
72 171
38 137
153 252
24 123
102 201
139 238
170 269
129 228
80 179
13 112
77 176
34 133
61 160
121 220
22 121
132 231
65 164
124 223
147 246
17 116
101 200
48 147
70 169
38 137
17 116
106 205
130 229
57 156
63 162
182 281
162 261
171 270
61 160
186 285
13 112
151 250
96 195
18 117
1 100
66 165
135 234
164 263
64 163
102 201
158 257
141 240
188 287
9 108
38 137
61 160
102 201
136 235
82 181
31 130
70 169
99 198
183 282
178 277
27 126
40 139
170 269
79 178
196 295
145 244
136 235
23 122
121 220
3 102
62 161
67 166
81 180
88 187
56 155
181 280
150 249
29 128
179 278
37 136
185 284
165 264
146 245
152 251
49 148
23 122
46 145
92 191
44 143
180 279
145 244
3 102
51 150
57 156
13 112
25 124
107 206
194 293
58 157
131 230
134 233
186 285
30 129
48 147
154 253
116 215
139 238
120 219
46 145
66 165
156 255
21 120
32 131
188 287
152 251
41 140
162 261
66 165
4 103
61 160
65 164
135 234
147 246
165 264
194 293
31 130
37 136
197 296
45 144
174 273
1 100
101 200
24 123
119 218
8 107
3 102
25 124
152 251
65 164
79 178
22 121
174 273
74 173
104 203
76 175
50 149
122 221
16 115
131 230
101 200
28 127
168 267
147 246
19 118
106 205
193 292
120 219
192 291
22 121
12 111
49 148
112 211
164 263
67 166
177 276
178 277
160 259
43 142
107 206
4 103
86 185
129 228
186 285
37 136
93 192
111 210
64 163
97 196
163 262
47 146
19 118
151 250
158 257
10 109
139 238
116 215
134 233
75 174
145 244
90 189
42 141
70 169
110 209
77 176
13 112
165 264
183 282
96 195
173 272
190 289
153 252
183 282
120 219
170 269
55 154
102 201
101 200
181 280
6 105
160 259
151 250
148 247
2 101
169 268
19 118
117 216
141 240
42 141
175 274
71 170
136 235
158 257
95 194
14 113
20 119
95 194
93 192
115 214
72 171
83 182
162 261
108 207
64 163
187 286
193 292
34 133
16 115
69 168
25 124
138 237
101 200
28 127
103 202
167 266
11 110
131 230
31 130
47 146
2 101
61 160
125 224
4 103
20 119
38 137
93 192
121 220
111 210
53 152
114 213
154 253
46 145
2 101
8 107
177 276
82 181
9 108
131 230
74 173
58 157
139 238
192 291
186 285
18 117
26 125
76 175
40 139
60 159
67 166
183 282
121 220
112 211
173 272
149 248
63 162
133 232
131 230
57 156
119 218
74 173
108 207
132 231
164 263
178 277
62 161
163 262
17 116
35 134
41 140
35 134
53 152
95 194
111 210
130 229
149 248
125 224
73 172
14 113
135 234
1 100
34 133
83 182
147 246
175 274
158 257
65 164
74 173
193 292
131 230
167 266
97 196
22 121
62 161
52 151
30 129
187 286
14 113
8 107
159 258
194 293
175 274
88 187
138 237
195 294
55 154
96 195
83 182
100 199
155 254
0 99
176 275
2 101
147 246
29 128
46 145
166 265
163 262
37 136
31 130
168 267
17 116
37 136
53 152
120 219
135 234
98 197
6 105
155 254
122 221
164 263
139 238
25 124
139 238
124 223
5 104
44 143
165 264
33 132
32 131
9 108
174 273
137 236
23 122
171 270
128 227
178 277
159 258
111 210
176 275
84 183
88 187
188 287
107 206
185 284
193 292
74 173
157 256
105 204
40 139
152 251
172 271
130 229
179 278
28 127
157 256
7 106
181 280
192 291
28 127
10 109
154 253
11 110
130 229
143 242
177 276
17 116
119 218
88 187
127 226
39 138
78 177
54 153
134 233
18 117
3 102
184 283
101 200
32 131
158 257
63 162
190 289
145 244
32 131
96 195
8 107
38 137
79 178
16 115
48 147
170 269
172 271
150 249
12 111
0 99
39 138
173 272
166 265
57 156
163 262
23 122
4 103
116 215
35 134
60 159
159 258
35 134
72 171
124 223
69 168
150 249
92 191
116 215
47 146
55 154
154 253
168 267
186 285
130 229
14 113
86 185
110 209
165 264
12 111
133 232
141 240
35 134
68 167
176 275
97 196
16 115
155 254
154 253
35 134
175 274
141 240
189 288
122 221
90 189
139 238
107 206
172 271
8 107
171 270
0 99
50 149
122 221
60 159
150 249
43 142
172 271
68 167
6 105
159 258
114 213
125 224
112 211
121 220
32 131
37 136
154 253
125 224
10 109
144 243
142 241
138 237
44 143
47 146
179 278
132 231
50 149
79 178
79 178
37 136
137 236
58 157
3 102
114 213
79 178
94 193
182 281
42 141
155 254
113 212
146 245
179 278
64 163
144 243
110 209
187 286
168 267
145 244
86 185
29 128
82 181
163 262
151 250
88 187
169 268
185 284
53 152
158 257
21 120
174 273
170 269
142 241
64 163
83 182
34 133
37 136
176 275
4 103
196 295
31 130
69 168
155 254
145 244
120 219
65 164
121 220
10 109
183 282
107 206
11 110
143 242
58 157
47 146
71 170
158 257
52 151
104 203
44 143
189 288
152 251
51 150
160 259
88 187
114 213
183 282
86 185
93 192
73 172
22 121
109 208
30 129
196 295
142 241
146 245
66 165
56 155
154 253
151 250
42 141
114 213
26 125
32 131
23 122
104 203
77 176
89 188
122 221
54 153
157 256
39 138
0 99
169 268
158 257
183 282
2 101
91 190
65 164
178 277
150 249
48 147
122 221
107 206
68 167
73 172
146 245
107 206
123 222
95 194
164 263
120 219
100 199
10 109
34 133
29 128
74 173
36 135
140 239
136 235
28 127
148 247
55 154
67 166
136 235
1 100
178 277
117 216
22 121
146 245
172 271
55 154
37 136
157 256
24 123
20 119
170 269
131 230
164 263
181 280
190 289
119 218
44 143
61 160
141 240
55 154
161 260
44 143
27 126
47 146
18 117
176 275
13 112
132 231
155 254
100 199
105 204
188 287
68 167
26 125
54 153
166 265
23 122
133 232
82 181
43 142
89 188
28 127
43 142
165 264
57 156
127 226
72 171
27 126
73 172
92 191
174 273
21 120
197 296
130 229
117 216
173 272
23 122
7 106
101 200
130 229
94 193
139 238
51 150
135 234
153 252
53 152
60 159
15 114
3 102
189 288
164 263
90 189
115 214
31 130
169 268
21 120
114 213
21 120
127 226
128 227
183 282
160 259
175 274
125 224
94 193
103 202
157 256
193 292
170 269
79 178
178 277
108 207
141 240
55 154
103 202
14 113
192 291
127 226
179 278
80 179
5 104
166 265
156 255
9 108
158 257
45 144
16 115
124 223
136 235
163 262
116 215
39 138
40 139
50 149
158 257
197 296
10 109
24 123
49 148
125 224
59 158
19 118
187 286
96 195
3 102
149 248
179 278
13 112
61 160
39 138
154 253
191 290
97 196
16 115
78 177
181 280
79 178
173 272
122 221
88 187
35 134
137 236
146 245
180 279
26 125
108 207
70 169
98 197
86 185
155 254
5 104
30 129
19 118
117 216
82 181
64 163
127 226
86 185
131 230
188 287
22 121
78 177
5 104
11 110
111 210
152 251
116 215
69 168
141 240
97 196
50 149
185 284
74 173
41 140
90 189
145 244
78 177
16 115
143 242
46 145
179 278
154 253
182 281
91 190
26 125
192 291
81 180
191 290
69 168
159 258
16 115
20 119
158 257
37 136
23 122
4 103
86 185
38 137
149 248
193 292
158 257
171 270
7 106
139 238
41 140
113 212
7 106
48 147
169 268
195 294
40 139
107 206
100 199
160 259
27 126
189 288
25 124
16 115
29 128
46 145
189 288
1 100
156 255
75 174
76 175
64 163
103 202
69 168
80 179
92 191
32 131
164 263
144 243
168 267
6 105
163 262
194 293
170 269
66 165
172 271
110 209
162 261
50 149
9 108
191 290
63 162
187 286
47 146
146 245
10 109
75 174
139 238
0 99
121 220
117 216
107 206
70 169
58 157
138 237
192 291
135 234
130 229
21 120
107 206
65 164
30 129
180 279
192 291
0 99
139 238
126 225
153 252
182 281
173 272
197 296
83 182
8 107
195 294
164 263
57 156
108 207
13 112
34 133
45 144
171 270
93 192
74 173
165 264
48 147
65 164
94 193
66 165
146 245
73 172
130 229
58 157
0 99
175 274
29 128
112 211
122 221
111 210
140 239
44 143
30 129
101 200
149 248
167 266
196 295
138 237
53 152
187 286
83 182
170 269
181 280
55 154
89 188
166 265
71 170
185 284
118 217
90 189
69 168
197 296
146 245
30 129
129 228
98 197
150 249
100 199
75 174
47 146
79 178
13 112
53 152
178 277
57 156
14 113
58 157
40 139
76 175
96 195
137 236
169 268
80 179
118 217
20 119
44 143
113 212
133 232
74 173
5 104
53 152
23 122
182 281
26 125
183 282
138 237
15 114
39 138
101 200
140 239
191 290
167 266
18 117
62 161
70 169
184 283
4 103
160 259
61 160
167 266
167 266
23 122
133 232
64 163
23 122
170 269
152 251
9 108
68 167
26 125
84 183
88 187
83 182
60 159
36 135
35 134
191 290
82 181
33 132
9 108
101 200
15 114
144 243
132 231
113 212
192 291
34 133
62 161
62 161
175 274
85 184
149 248
142 241
13 112
125 224
92 191
113 212
165 264
43 142
104 203
28 127
12 111
128 227
40 139
152 251
139 238
190 289
163 262
136 235
178 277
49 148
29 128
186 285
104 203
131 230
35 134
17 116
104 203
59 158
31 130
134 233
170 269
50 149
104 203
15 114
196 295
148 247
112 211
101 200
121 220
26 125
94 193
116 215
127 226
55 154
86 185
0 99
61 160
103 202
24 123
21 120
55 154
106 205
145 244
3 102
180 279
18 117
181 280
34 133
4 103
37 136
188 287
70 169
102 201
42 141
113 212
151 250
193 292
39 138
47 146
165 264
47 146
1 100
92 191
178 277
79 178
44 143
139 238
108 207
12 111
9 108
116 215
14 113
125 224
45 144
1 100
56 155
76 175
165 264
49 148
44 143
7 106
107 206
123 222
20 119
147 246
24 123
16 115
21 120
30 129
35 134
0 99
170 269
54 153
177 276
102 201
21 120
15 114
179 278
148 247
147 246
178 277
11 110
64 163
158 257
145 244
141 240
140 239
175 274
178 277
153 252
71 170
99 198
33 132
109 208
167 266
58 157
63 162
14 113
134 233
102 201
5 104
78 177
53 152
62 161
124 223
128 227
21 120
95 194
75 174
158 257
95 194
2 101
93 192
21 120
49 148
101 200
142 241
41 140
22 121
140 239
112 211
51 150
186 285
26 125
147 246
117 216
55 154
46 145
29 128
133 232
190 289
25 124
101 200
48 147
167 266
118 217
138 237
48 147
97 196
30 129
133 232
171 270
153 252
127 226
100 199
32 131
103 202
89 188
38 137
0 99
127 226
131 230
133 232
97 196
100 199
141 240
96 195
177 276
148 247
94 193
80 179
197 296
114 213
76 175
10 109
122 221
5 104
192 291
185 284
120 219
192 291
172 271
38 137
109 208
20 119
38 137
42 141
117 216
84 183
182 281
41 140
119 218
82 181
125 224
22 121
50 149
118 217
23 122
147 246
195 294
110 209
108 207
44 143
85 184
51 150
3 102
193 292
92 191
155 254
159 258
173 272
120 219
84 183
94 193
34 133
121 220
66 165
121 220
117 216
83 182
165 264
99 198
114 213
146 245
79 178
125 224
164 263
197 296
31 130
27 126
111 210
2 101
102 201
186 285
52 151
182 281
56 155
147 246
187 286
161 260
48 147
197 296
128 227
159 258
8 107
129 228
120 219
15 114
169 268
61 160
171 270
41 140
124 223
183 282
175 274
42 141
116 215
187 286
121 220
96 195
138 237
53 152
85 184
3 102
181 280
77 176
96 195
77 176
152 251
37 136
166 265
159 258
124 223
85 184
173 272
173 272
49 148
135 234
62 161
100 199
186 285
159 258
38 137
39 138
179 278
137 236
42 141
11 110
31 130
162 261
157 256
106 205
143 242
67 166
96 195
7 106
190 289
94 193
0 99
144 243
115 214
197 296
106 205
23 122
151 250
76 175
79 178
112 211
92 191
36 135
118 217
179 278
71 170
50 149
152 251
65 164
189 288
131 230
128 227
28 127
192 291
60 159
157 256
49 148
101 200
191 290
56 155
13 112
172 271
64 163
184 283
160 259
66 165
163 262
182 281
99 198
119 218
142 241
113 212
52 151
83 182
56 155
53 152
22 121
81 180
41 140
32 131
151 250
11 110
2 101
174 273
23 122
70 169
96 195
83 182
192 291
20 119
5 104
87 186
157 256
171 270
141 240
89 188
4 103
112 211
107 206
143 242
150 249
138 237
67 166
126 225
183 282
99 198
29 128
141 240
162 261
86 185
43 142
171 270
11 110
98 197
29 128
57 156
2 101
179 278
84 183
31 130
183 282
144 243
155 254
114 213
32 131
184 283
17 116
96 195
167 266
144 243
169 268
6 105
132 231
4 103
92 191
117 216
180 279
49 148
175 274
117 216
41 140
171 270
114 213
102 201
187 286
171 270
134 233
118 217
51 150
91 190
49 148
110 209
83 182
182 281
81 180
122 221
70 169
50 149
42 141
167 266
98 197
80 179
87 186
124 223
175 274
141 240
147 246
49 148
142 241
172 271
67 166
90 189
121 220
135 234
101 200
161 260
172 271
49 148
69 168
182 281
12 111
160 259
51 150
37 136
4 103
60 159
153 252
10 109
98 197
91 190
17 116
24 123
3 102
63 162
195 294
41 140
110 209
120 219
104 203
193 292
100 199
193 292
148 247
152 251
144 243
162 261
22 121
166 265
3 102
37 136
15 114
191 290
28 127
190 289
113 212
162 261
175 274
17 116
145 244
63 162
111 210
109 208
30 129
86 185
122 221
79 178
44 143
34 133
78 177
153 252
189 288
152 251
39 138
163 262
151 250
31 130
76 175
54 153
38 137
144 243
112 211
4 103
38 137
88 187
129 228
30 129
153 252
58 157
159 258
194 293
184 283
62 161
175 274
106 205
83 182
155 254
155 254
133 232
92 191
81 180
12 111
109 208
9 108
105 204
190 289
151 250
128 227
155 254
20 119
141 240
183 282
165 264
18 117
18 117
138 237
166 265
128 227
91 190
31 130
171 270
64 163
110 209
25 124
19 118
52 151
20 119
135 234
172 271
6 105
107 206
133 232
44 143
48 147
136 235
148 247
55 154
125 224
153 252
149 248
67 166
122 221
16 115
95 194
57 156
36 135
187 286
105 204
178 277
27 126
37 136
61 160
51 150
129 228
6 105
16 115
20 119
0 99
167 266
166 265
36 135
43 142
72 171
16 115
88 187
126 225
127 226
154 253
154 253
112 211
98 197
135 234
78 177
32 131
3 102
177 276
0 99
113 212
35 134
193 292
96 195
82 181
47 146
113 212
147 246
174 273
20 119
151 250
109 208
172 271
136 235
5 104
138 237
45 144
104 203
121 220
5 104
146 245
169 268
82 181
79 178
183 282
163 262
82 181
64 163
171 270
119 218
135 234
123 222
190 289
67 166
27 126
35 134
96 195
118 217
85 184
154 253
147 246
11 110
79 178
145 244
68 167
194 293
71 170
81 180
17 116
106 205
168 267
0 99
86 185
63 162
92 191
148 247
116 215
4 103
182 281
56 155
37 136
161 260
105 204
8 107
85 184
36 135
27 126
25 124
61 160
194 293
125 224
102 201
62 161
174 273
21 120
92 191
171 270
33 132
25 124
87 186
105 204
45 144
66 165
171 270
77 176
4 103
96 195
116 215
123 222
147 246
16 115
184 283
115 214
178 277
117 216
116 215
55 154
114 213
68 167
71 170
142 241
158 257
115 214
1 100
57 156
117 216
188 287
31 130
46 145
45 144
124 223
78 177
170 269
120 219
65 164
61 160
174 273
60 159
103 202
41 140
33 132
84 183
183 282
143 242
51 150
14 113
6 105
189 288
30 129
192 291
45 144
18 117
54 153
159 258
73 172
146 245
181 280
68 167
62 161
39 138
140 239
164 263
48 147
155 254
158 257
127 226
137 236
187 286
114 213
131 230
106 205
17 116
36 135
123 222
157 256
163 262
104 203
6 105
106 205
170 269
105 204
38 137
94 193
24 123
197 296
166 265
87 186
127 226
54 153
67 166
74 173
74 173
0 99
185 284
184 283
68 167
131 230
4 103
4 103
32 131
71 170
60 159
68 167
164 263
111 210
91 190
155 254
142 241
4 103
60 159
179 278
142 241
80 179
146 245
155 254
196 295
117 216
154 253
43 142
13 112
130 229
118 217
58 157
31 130
173 272
13 112
91 190
105 204
85 184
131 230
113 212
97 196
191 290
165 264
73 172
5 104
97 196
79 178
51 150
193 292
18 117
81 180
65 164
136 235
21 120
137 236
168 267
97 196
57 156
2 101
32 131
36 135
180 279
14 113
57 156
75 174
197 296
74 173
83 182
27 126
166 265
171 270
140 239
135 234
80 179
56 155
51 150
93 192
16 115
113 212
49 148
117 216
188 287
121 220
173 272
29 128
70 169
51 150
192 291
169 268
173 272
158 257
7 106
184 283
175 274
169 268
95 194
114 213
81 180
24 123
129 228
135 234
161 260
21 120
32 131
35 134
160 259
126 225
79 178
42 141
26 125
71 170
173 272
29 128
2 101
38 137
184 283
4 103
84 183
0 99
138 237
79 178
153 252
153 252
106 205
63 162
19 118
157 256
189 288
153 252
175 274
136 235
136 235
164 263
134 233
155 254
128 227
191 290
1 100
67 166
34 133
106 205
73 172
191 290
107 206
25 124
77 176
168 267
172 271
196 295
68 167
181 280
108 207
138 237
182 281
72 171
168 267
148 247
162 261
12 111
115 214
140 239
22 121
117 216
146 245
127 226
158 257
75 174
149 248
185 284
160 259
177 276
141 240
177 276
177 276
83 182
174 273
138 237
146 245
18 117
70 169
38 137
79 178
14 113
158 257
171 270
97 196
131 230
184 283
77 176
145 244
71 170
56 155
96 195
173 272
39 138
91 190
129 228
78 177
62 161
172 271
117 216
39 138
11 110
59 158
193 292
48 147
48 147
188 287
80 179
110 209
106 205
124 223
175 274
60 159
79 178
172 271
10 109
133 232
170 269
73 172
60 159
183 282
100 199
45 144
37 136
128 227
180 279
113 212
119 218
174 273
18 117
72 171
103 202
20 119
36 135
25 124
142 241
75 174
126 225
53 152
33 132
56 155
63 162
33 132
117 216
77 176
161 260
73 172
170 269
51 150
194 293
177 276
25 124
130 229
106 205
117 216
32 131
102 201
175 274
146 245
45 144
24 123
135 234
58 157
54 153
158 257
78 177
25 124
95 194
86 185
143 242
174 273
40 139
26 125
86 185
66 165
184 283
74 173
38 137
18 117
21 120
165 264
80 179
100 199
69 168
20 119
84 183
133 232
151 250
188 287
114 213
178 277
142 241
178 277
53 152
37 136
141 240
107 206
153 252
82 181
138 237
180 279
118 217
98 197
67 166
1 100
41 140
22 121
115 214
118 217
172 271
27 126
98 197
46 145
104 203
41 140
48 147
183 282
22 121
174 273
141 240
129 228
121 220
32 131
16 115
121 220
116 215
40 139
106 205
188 287
137 236
86 185
77 176
114 213
63 162
10 109
106 205
85 184
117 216
50 149
183 282
117 216
61 160
6 105
153 252
39 138
47 146
139 238
53 152
54 153
57 156
74 173
123 222
174 273
53 152
82 181
55 154
31 130
37 136
72 171
87 186
193 292
32 131
117 216
144 243
136 235
122 221
89 188
0 99
157 256
80 179
84 183
94 193
97 196
181 280
105 204
4 103
141 240
120 219
130 229
149 248
57 156
156 255
126 225
89 188
8 107
21 120
180 279
113 212
17 116
149 248
103 202
139 238
162 261
165 264
115 214
79 178
139 238
47 146
134 233
39 138
109 208
187 286
193 292
106 205
94 193
134 233
153 252
185 284
189 288
48 147
22 121
124 223
189 288
148 247
108 207
4 103
189 288
48 147
109 208
135 234
55 154
85 184
94 193
106 205
26 125
1 100
117 216
115 214
154 253
38 137
48 147
24 123
126 225
58 157
189 288
31 130
106 205
70 169
24 123
166 265
50 149
19 118
196 295
50 149
111 210
129 228
124 223
138 237
138 237
120 219
60 159
95 194
139 238
119 218
146 245
144 243
177 276
134 233
73 172
0 99
183 282
76 175
55 154
160 259
89 188
137 236
42 141
79 178
117 216
144 243
98 197
136 235
75 174
123 222
8 107
148 247
106 205
48 147
183 282
76 175
48 147
117 216
168 267
22 121
49 148
189 288
56 155
123 222
170 269
187 286
45 144
116 215
20 119
54 153
53 152
45 144
114 213
34 133
145 244
191 290
4 103
105 204
65 164
189 288
123 222
8 107
139 238
10 109
129 228
61 160
153 252
75 174
98 197
54 153
189 288
125 224
118 217
193 292
45 144
139 238
37 136
43 142
104 203
164 263
46 145
187 286
190 289
64 163
18 117
196 295
17 116
98 197
195 294
36 135
82 181
158 257
45 144
87 186
125 224
54 153
71 170
187 286
115 214
10 109
196 295
19 118
173 272
11 110
160 259
187 286
102 201
41 140
69 168
76 175
183 282
65 164
142 241
106 205
153 252
29 128
54 153
190 289
58 157
169 268
180 279
123 222
39 138
130 229
136 235
95 194
117 216
125 224
182 281
11 110
29 128
32 131
178 277
68 167
30 129
114 213
139 238
100 199
96 195
22 121
21 120
0 99
42 141
79 178
113 212
165 264
146 245
132 231
161 260
159 258
165 264
104 203
21 120
45 144
172 271
112 211
154 253
34 133
128 227
147 246
124 223
181 280
99 198
50 149
30 129
132 231
147 246
126 225
159 258
11 110
169 268
19 118
34 133
195 294
166 265
40 139
3 102
179 278
91 190
47 146
1 100
107 206
147 246
93 192
69 168
66 165
38 137
115 214
93 192
195 294
103 202
101 200
119 218
98 197
67 166
124 223
11 110
74 173
176 275
156 255
16 115
32 131
148 247
63 162
185 284
131 230
171 270
23 122
181 280
62 161
39 138
20 119
54 153
53 152
115 214
194 293
27 126
187 286
158 257
176 275
103 202
191 290
22 121
184 283
130 229
176 275
41 140
125 224
15 114
59 158
182 281
76 175
3 102
60 159
137 236
37 136
125 224
42 141
165 264
145 244
171 270
45 144
49 148
138 237
20 119
68 167
5 104
81 180
11 110
186 285
167 266
188 287
71 170
191 290
163 262
78 177
66 165
2 101
24 123
116 215
36 135
122 221
40 139
54 153
72 171
98 197
1 100
90 189
117 216
68 167
125 224
41 140
40 139
95 194
27 126
26 125
39 138
159 258
130 229
146 245
128 227
140 239
180 279
135 234
21 120
193 292
43 142
184 283
83 182
43 142
94 193
158 257
192 291
95 194
123 222
185 284
171 270
124 223
172 271
152 251
181 280
48 147
2 101
139 238
67 166
27 126
106 205
70 169
72 171
62 161
55 154
184 283
140 239
147 246
43 142
102 201
89 188
9 108
182 281
144 243
183 282
65 164
126 225
161 260
127 226
35 134
123 222
32 131
148 247
196 295
67 166
172 271
178 277
9 108
32 131
9 108
12 111
165 264
15 114
44 143
100 199
61 160
76 175
90 189
149 248
50 149
131 230
195 294
194 293
34 133
81 180
105 204
137 236
21 120
177 276
132 231
72 171
36 135
142 241
100 199
149 248
77 176
161 260
69 168
141 240
62 161
121 220
78 177
141 240
32 131
9 108
116 215
173 272
7 106
108 207
155 254
177 276
12 111
60 159
155 254
16 115
156 255
121 220
157 256
130 229
108 207
124 223
137 236
9 108
95 194
61 160
131 230
65 164
6 105
160 259
57 156
20 119
10 109
166 265
190 289
122 221
122 221
196 295
55 154
11 110
148 247
25 124
54 153
59 158
126 225
33 132
119 218
106 205
24 123
64 163
65 164
95 194
36 135
42 141
60 159
176 275
18 117
26 125
101 200
59 158
140 239
98 197
3 102
108 207
189 288
193 292
190 289
188 287
190 289
124 223
150 249
73 172
58 157
186 285
189 288
28 127
61 160
26 125
7 106
105 204
80 179
194 293
148 247
81 180
61 160
188 287
125 224
108 207
79 178
44 143
187 286
151 250
122 221
144 243
44 143
148 247
48 147
22 121
186 285
172 271
195 294
67 166
83 182
146 245
138 237
48 147
180 279
164 263
141 240
40 139
39 138
138 237
93 192
30 129
168 267
87 186
145 244
88 187
138 237
51 150
46 145
99 198
35 134
174 273
195 294
64 163
120 219
150 249
194 293
188 287
197 296
158 257
154 253
24 123
69 168
120 219
80 179
131 230
151 250
168 267
26 125
60 159
105 204
45 144
168 267
194 293
19 118
99 198
44 143
147 246
101 200
142 241
92 191
23 122
116 215
169 268
96 195
170 269
63 162
32 131
144 243
84 183
132 231
48 147
162 261
14 113
135 234
90 189
155 254
7 106
92 191
31 130
127 226
13 112
64 163
16 115
63 162
175 274
69 168
140 239
32 131
16 115
179 278
178 277
94 193
97 196
106 205
21 120
74 173
96 195
166 265
108 207
5 104
90 189
112 211
58 157
124 223
124 223
23 122
126 225
155 254
64 163
74 173
40 139
159 258
164 263
91 190
116 215
139 238
43 142
14 113
111 210
8 107
158 257
53 152
139 238
179 278
185 284
138 237
23 122
69 168
163 262
48 147
136 235
133 232
77 176
138 237
180 279
2 101
45 144
194 293
181 280
61 160
182 281
41 140
97 196
134 233
0 99
26 125
106 205
34 133
134 233
168 267
80 179
98 197
10 109
123 222
127 226
39 138
110 209
145 244
76 175
186 285
144 243
90 189
176 275
123 222
59 158
142 241
144 243
185 284
105 204
87 186
167 266
74 173
7 106
105 204
153 252
40 139
30 129
56 155
38 137
171 270
166 265
73 172
181 280
138 237
175 274
94 193
65 164
102 201
22 121
90 189
55 154
183 282
21 120
53 152
116 215
95 194
119 218
137 236
180 279
76 175
114 213
139 238
55 154
193 292
157 256
67 166
105 204
132 231
158 257
62 161
2 101
101 200
46 145
4 103
84 183
184 283
156 255
68 167
115 214
112 211
26 125
42 141
74 173
63 162
122 221
53 152
66 165
105 204
83 182
54 153
157 256
85 184
5 104
166 265
100 199
157 256
47 146
30 129
17 116
30 129
150 249
100 199
7 106
192 291
189 288
157 256
30 129
21 120
167 266
66 165
93 192
88 187
29 128
53 152
86 185
122 221
103 202
182 281
13 112
76 175
78 177
184 283
52 151
58 157
15 114
105 204
136 235
17 116
94 193
11 110
189 288
117 216
142 241
50 149
129 228
33 132
123 222
180 279
194 293
182 281
94 193
53 152
20 119
94 193
140 239
191 290
107 206
62 161
161 260
83 182
57 156
27 126
54 153
32 131
189 288
19 118
146 245
8 107
147 246
130 229
82 181
161 260
20 119
52 151
49 148
149 248
141 240
55 154
165 264
145 244
51 150
110 209
5 104
15 114
131 230
3 102
156 255
138 237
162 261
117 216
19 118
10 109
77 176
77 176
53 152
63 162
131 230
31 130
185 284
8 107
5 104
112 211
16 115
79 178
120 219
155 254
182 281
33 132
27 126
41 140
53 152
68 167
20 119
150 249
98 197
59 158
165 264
157 256
148 247
23 122
74 173
139 238
73 172
14 113
35 134
170 269
114 213
146 245
131 230
77 176
44 143
137 236
146 245
36 135
7 106
17 116
72 171
62 161
27 126
38 137
131 230
2 101
93 192
108 207
86 185
105 204
10 109
149 248
180 279
174 273
191 290
115 214
16 115
149 248
98 197
147 246
125 224
113 212
65 164
121 220
37 136
145 244
42 141
143 242
123 222
82 181
60 159
81 180
4 103
114 213
131 230
150 249
148 247
144 243
53 152
58 157
143 242
98 197
13 112
16 115
84 183
176 275
55 154
188 287
55 154
20 119
193 292
86 185
9 108
91 190
32 131
61 160
84 183
117 216
81 180
3 102
64 163
117 216
178 277
172 271
172 271
137 236
35 134
132 231
144 243
79 178
9 108
76 175
131 230
93 192
55 154
176 275
43 142
93 192
41 140
123 222
159 258
48 147
64 163
73 172
125 224
124 223
24 123
149 248
120 219
25 124
59 158
59 158
63 162
184 283
131 230
2 101
48 147
52 151
73 172
20 119
132 231
41 140
80 179
108 207
101 200
80 179
118 217
45 144
23 122
53 152
59 158
32 131
135 234
122 221
77 176
70 169
133 232
134 233
4 103
81 180
137 236
25 124
163 262
69 168
183 282
42 141
67 166
105 204
119 218
28 127
34 133
40 139
71 170
21 120
19 118
129 228
4 103
109 208
139 238
154 253
104 203
133 232
128 227
146 245
131 230
146 245
19 118
62 161
49 148
153 252
151 250
83 182
153 252
140 239
124 223
34 133
109 208
37 136
84 183
72 171
20 119
79 178
104 203
62 161
18 117
92 191
45 144
109 208
19 118
86 185
145 244
15 114
189 288
167 266
1 100
44 143
84 183
130 229
23 122
132 231
37 136
161 260
139 238
63 162
33 132
72 171
86 185
101 200
162 261
148 247
7 106
139 238
175 274
35 134
0 99
77 176
66 165
29 128
22 121
82 181
61 160
128 227
35 134
162 261
150 249
187 286
139 238
58 157
102 201
43 142
35 134
79 178
43 142
64 163
144 243
88 187
113 212
136 235
80 179
1 100
37 136
132 231
60 159
160 259
46 145
45 144
134 233
120 219
40 139
1 100
160 259
144 243
151 250
117 216
160 259
71 170
157 256
95 194
187 286
26 125
33 132
118 217
6 105
161 260
153 252
54 153
0 99
112 211
89 188
129 228
84 183
165 264
162 261
51 150
58 157
34 133
51 150
149 248
53 152
112 211
131 230
188 287
114 213
178 277
106 205
85 184
108 207
95 194
185 284
45 144
74 173
26 125
135 234
15 114
28 127
191 290
119 218
51 150
106 205
125 224
182 281
177 276
153 252
19 118
28 127
110 209
162 261
173 272
6 105
107 206
13 112
10 109
129 228
50 149
175 274
123 222
6 105
175 274
18 117
106 205
154 253
139 238
47 146
116 215
105 204
45 144
92 191
21 120
133 232
5 104
130 229
136 235
132 231
9 108
41 140
9 108
103 202
40 139
67 166
88 187
193 292
110 209
186 285
135 234
93 192
177 276
114 213
118 217
52 151
141 240
171 270
193 292
150 249
147 246
98 197
126 225
22 121
109 208
86 185
21 120
190 289
85 184
111 210
55 154
10 109
165 264
73 172
75 174
57 156
196 295
8 107
4 103
193 292
123 222
186 285
52 151
115 214
53 152
119 218
16 115
65 164
85 184
134 233
19 118
71 170
3 102
53 152
15 114
176 275
99 198
64 163
194 293
60 159
197 296
167 266
113 212
27 126
18 117
20 119
62 161
150 249
76 175
188 287
10 109
115 214
49 148
122 221
141 240
12 111
129 228
67 166
124 223
114 213
72 171
125 224
61 160
177 276
75 174
131 230
47 146
179 278
135 234
147 246
14 113
165 264
172 271
71 170
121 220
124 223
122 221
197 296
55 154
26 125
156 255
26 125
122 221
78 177
21 120
83 182
40 139
33 132
14 113
118 217
165 264
9 108
131 230
37 136
2 101
172 271
160 259
81 180
83 182
93 192
111 210
78 177
35 134
1 100
98 197
97 196
165 264
65 164
101 200
71 170
9 108
11 110
2 101
45 144
46 145
45 144
9 108
41 140
176 275
169 268
121 220
144 243
195 294
116 215
10 109
7 106
95 194
59 158
11 110
107 206
57 156
28 127
179 278
143 242
47 146
71 170
66 165
143 242
98 197
190 289
187 286
131 230
13 112
99 198
145 244
33 132
178 277
36 135
96 195
160 259
107 206
81 180
46 145
47 146
148 247
177 276
62 161
25 124
118 217
137 236
181 280
189 288
21 120
145 244
185 284
31 130
91 190
59 158
94 193
153 252
51 150
119 218
132 231
132 231
186 285
39 138
5 104
29 128
71 170
144 243
141 240
20 119
143 242
121 220
145 244
105 204
101 200
97 196
139 238
44 143
96 195
129 228
146 245
140 239
159 258
190 289
96 195
187 286
196 295
78 177
119 218
105 204
139 238
197 296
89 188
123 222
68 167
158 257
146 245
69 168
44 143
106 205
157 256
124 223
44 143
28 127
11 110
19 118
135 234
178 277
13 112
85 184
58 157
185 284
195 294
97 196
34 133
126 225
86 185
136 235
145 244
82 181
67 166
178 277
64 163
21 120
3 102
37 136
185 284
74 173
182 281
27 126
18 117
78 177
189 288
73 172
51 150
113 212
196 295
28 127
126 225
174 273
146 245
101 200
136 235
162 261
93 192
118 217
20 119
152 251
77 176
90 189
165 264
140 239
99 198
184 283
133 232
41 140
196 295
129 228
163 262
36 135
156 255
5 104
129 228
15 114
175 274
133 232
134 233
59 158
88 187
196 295
33 132
101 200
130 229
70 169
96 195
104 203
177 276
157 256
186 285
174 273
11 110
36 135
51 150
189 288
24 123
127 226
68 167
196 295
175 274
135 234
28 127
171 270
156 255
21 120
144 243
142 241
152 251
116 215
113 212
155 254
21 120
141 240
94 193
106 205
97 196
79 178
100 199
28 127
10 109
3 102
190 289
192 291
129 228
81 180
82 181
9 108
24 123
70 169
86 185
154 253
174 273
179 278
53 152
141 240
118 217
8 107
153 252
193 292
152 251
42 141
1 100
68 167
44 143
112 211
152 251
172 271
164 263
65 164
31 130
134 233
196 295
179 278
161 260
109 208
74 173
157 256
185 284
98 197
146 245
25 124
5 104
1 100
185 284
45 144
176 275
80 179
166 265
138 237
25 124
101 200
111 210
188 287
31 130
180 279
6 105
116 215
128 227
122 221
142 241
181 280
21 120
134 233
22 121
117 216
48 147
14 113
197 296
124 223
118 217
41 140
67 166
104 203
162 261
17 116
6 105
137 236
131 230
20 119
196 295
177 276
174 273
195 294
24 123
81 180
125 224
143 242
75 174
91 190
146 245
85 184
20 119
151 250
101 200
45 144
185 284
108 207
81 180
121 220
57 156
136 235
189 288
61 160
72 171
178 277
85 184
36 135
151 250
181 280
148 247
125 224
16 115
160 259
130 229
149 248
160 259
120 219
54 153
183 282
82 181
121 220
115 214
89 188
172 271
58 157
141 240
9 108
51 150
60 159
132 231
42 141
174 273
149 248
114 213
37 136
151 250
141 240
57 156
190 289
3 102
173 272
111 210
52 151
76 175
136 235
83 182
122 221
103 202
150 249
104 203
15 114
39 138
116 215
154 253
29 128
101 200
74 173
71 170
55 154
163 262
110 209
157 256
102 201
23 122
63 162
44 143
181 280
154 253
100 199
31 130
66 165
47 146
116 215
71 170
156 255
116 215
81 180
154 253
169 268
22 121
44 143
102 201
7 106
80 179
149 248
104 203
99 198
190 289
29 128
19 118
31 130
2 101
150 249
186 285
163 262
102 201
0 99
170 269
49 148
7 106
71 170
99 198
36 135
101 200
69 168
112 211
7 106
14 113
82 181
123 222
8 107
71 170
125 224
51 150
80 179
193 292
81 180
175 274
92 191
148 247
175 274
156 255
118 217
171 270
5 104
114 213
8 107
8 107
30 129
125 224
134 233
90 189
101 200
139 238
24 123
115 214
87 186
146 245
95 194
171 270
179 278
88 187
80 179
102 201
179 278
171 270
76 175
77 176
133 232
53 152
119 218
118 217
151 250
45 144
110 209
8 107
86 185
50 149
68 167
131 230
28 127
44 143
75 174
35 134
184 283
84 183
134 233
27 126
180 279
54 153
58 157
51 150
21 120
151 250
74 173
32 131
13 112
132 231
180 279
33 132
108 207
27 126
148 247
115 214
156 255
138 237
27 126
177 276
3 102
78 177
117 216
27 126
4 103
3 102
128 227
87 186
159 258
88 187
85 184
133 232
100 199
130 229
31 130
155 254
192 291
77 176
69 168
82 181
119 218
17 116
155 254
142 241
89 188
92 191
55 154
57 156
86 185
100 199
124 223
29 128
132 231
88 187
20 119
110 209
185 284
11 110
119 218
125 224
164 263
155 254
126 225
38 137
34 133
147 246
22 121
44 143
169 268
53 152
48 147
180 279
154 253
192 291
23 122
189 288
84 183
49 148
112 211
145 244
121 220
162 261
167 266
14 113
74 173
1 100
159 258
50 149
135 234
193 292
196 295
160 259
197 296
112 211
109 208
2 101
29 128
154 253
51 150
70 169
49 148
33 132
31 130
143 242
4 103
0 99
30 129
118 217
27 126
142 241
38 137
35 134
32 131
140 239
197 296
142 241
62 161
20 119
34 133
155 254
177 276
44 143
87 186
138 237
118 217
25 124
73 172
145 244
121 220
25 124
134 233
14 113
15 114
70 169
181 280
196 295
66 165
15 114
131 230
82 181
117 216
60 159
67 166
45 144
141 240
84 183
33 132
107 206
59 158
51 150
103 202
107 206
197 296
107 206
151 250
59 158
32 131
155 254
52 151
47 146
191 290
114 213
75 174
194 293
178 277
168 267
55 154
76 175
161 260
114 213
116 215
143 242
115 214
50 149
194 293
148 247
149 248
134 233
115 214
177 276
41 140
169 268
138 237
129 228
185 284
74 173
175 274
142 241
149 248
163 262
57 156
148 247
124 223
151 250
64 163
14 113
33 132
92 191
142 241
81 180
66 165
128 227
151 250
181 280
131 230
185 284
131 230
0 99
77 176
126 225
17 116
118 217
120 219
140 239
10 109
180 279
25 124
161 260
5 104
125 224
106 205
169 268
24 123
118 217
60 159
68 167
120 219
34 133
149 248
173 272
168 267
154 253
92 191
168 267
75 174
65 164
22 121
5 104
86 185
14 113
163 262
96 195
31 130
184 283
64 163
150 249
119 218
144 243
167 266
87 186
189 288
141 240
155 254
9 108
178 277
81 180
9 108
141 240
118 217
140 239
152 251
150 249
148 247
139 238
130 229
58 157
153 252
17 116
8 107
102 201
170 269
11 110
164 263
131 230
150 249
86 185
188 287
152 251
75 174
26 125
34 133
128 227
57 156
60 159
41 140
71 170
80 179
82 181
74 173
128 227
54 153
141 240
52 151
50 149
82 181
129 228
194 293
178 277
29 128
9 108
137 236
75 174
45 144
189 288
192 291
115 214
197 296
33 132
157 256
76 175
146 245
128 227
98 197
188 287
119 218
85 184
2 101
5 104
150 249
146 245
117 216
182 281
83 182
172 271
54 153
161 260
174 273
85 184
108 207
7 106
164 263
175 274
35 134
78 177
20 119
155 254
77 176
143 242
131 230
122 221
167 266
21 120
53 152
80 179
7 106
100 199
24 123
1 100
4 103
146 245
189 288
94 193
44 143
161 260
51 150
105 204
24 123
75 174
130 229
31 130
8 107
6 105
97 196
48 147
92 191
35 134
50 149
146 245
92 191
36 135
155 254
183 282
33 132
39 138
36 135
6 105
48 147
98 197
83 182
88 187
40 139
197 296
103 202
49 148
18 117
172 271
115 214
138 237
121 220
136 235
90 189
3 102
16 115
184 283
37 136
179 278
176 275
162 261
123 222
49 148
195 294
82 181
112 211
189 288
59 158
155 254
30 129
167 266
176 275
63 162
29 128
53 152
165 264
92 191
73 172
86 185
80 179
54 153
54 153
75 174
88 187
6 105
80 179
173 272
95 194
93 192
39 138
28 127
3 102
12 111
144 243
35 134
119 218
153 252
114 213
80 179
116 215
149 248
77 176
140 239
93 192
193 292
25 124
193 292
35 134
1 100
129 228
35 134
64 163
169 268
8 107
137 236
130 229
132 231
57 156
159 258
97 196
136 235
9 108
158 257
171 270
148 247
45 144
64 163
126 225
17 116
193 292
155 254
186 285
189 288
121 220
188 287
132 231
0 99
140 239
14 113
80 179
58 157
50 149
165 264
78 177
192 291
10 109
93 192
79 178
36 135
147 246
169 268
175 274
151 250
158 257
12 111
190 289
170 269
69 168
194 293
85 184
106 205
88 187
43 142
72 171
159 258
163 262
162 261
185 284
165 264
150 249
82 181
180 279
35 134
131 230
33 132
176 275
73 172
0 99
128 227
43 142
37 136
84 183
81 180
58 157
155 254
133 232
34 133
149 248
50 149
77 176
15 114
3 102
133 232
129 228
158 257
33 132
44 143
63 162
129 228
189 288
118 217
73 172
96 195
37 136
143 242
137 236
26 125
57 156
151 250
110 209
38 137
68 167
10 109
145 244
72 171
124 223
124 223
76 175
141 240
14 113
81 180
126 225
156 255
134 233
60 159
36 135
109 208
40 139
168 267
146 245
48 147
1 100
54 153
187 286
69 168
159 258
1 100
44 143
96 195
186 285
32 131
106 205
119 218
13 112
26 125
111 210
41 140
148 247
8 107
131 230
181 280
195 294
135 234
74 173
172 271
4 103
181 280
61 160
31 130
187 286
197 296
40 139
82 181
58 157
191 290
20 119
131 230
161 260
72 171
167 266
124 223
69 168
40 139
44 143
172 271
135 234
144 243
49 148
184 283
184 283
104 203
139 238
152 251
35 134
110 209
166 265
148 247
134 233
157 256
65 164
102 201
191 290
50 149
169 268
70 169
95 194
85 184
124 223
1 100
24 123
34 133
45 144
53 152
193 292
14 113
21 120
84 183
18 117
175 274
8 107
40 139
66 165
65 164
113 212
28 127
143 242
193 292
39 138
160 259
124 223
135 234
43 142
99 198
191 290
118 217
78 177
16 115
92 191
114 213
191 290
21 120
36 135
165 264
47 146
188 287
60 159
37 136
141 240
138 237
40 139
64 163
92 191
91 190
18 117
182 281
191 290
127 226
175 274
43 142
159 258
187 286
160 259
148 247
190 289
144 243
37 136
95 194
118 217
103 202
0 99
130 229
20 119
40 139
177 276
175 274
77 176
7 106
43 142
108 207
131 230
52 151
63 162
108 207
16 115
26 125
176 275
144 243
101 200
80 179
0 99
194 293
29 128
117 216
49 148
7 106
15 114
120 219
22 121
188 287
61 160
192 291
28 127
47 146
106 205
91 190
131 230
103 202
72 171
75 174
30 129
86 185
72 171
123 222
95 194
152 251
130 229
112 211
158 257
147 246
47 146
175 274
98 197
150 249
16 115
83 182
92 191
157 256
169 268
26 125
47 146
112 211
105 204
70 169
158 257
108 207
121 220
107 206
173 272
174 273
86 185
118 217
158 257
0 99
140 239
136 235
60 159
152 251
112 211
179 278
157 256
77 176
181 280
129 228
62 161
1 100
46 145
193 292
47 146
113 212
10 109
23 122
183 282
104 203
65 164
23 122
146 245
126 225
4 103
70 169
196 295
92 191
108 207
97 196
151 250
164 263
23 122
138 237
121 220
100 199
68 167
154 253
76 175
189 288
153 252
144 243
171 270
177 276
35 134
56 155
56 155
51 150
125 224
172 271
109 208
115 214
169 268
111 210
141 240
120 219
92 191
158 257
186 285
163 262
141 240
177 276
88 187
66 165
61 160
74 173
98 197
71 170
96 195
105 204
51 150
21 120
195 294
166 265
149 248
140 239
103 202
132 231
61 160
34 133
170 269
37 136
14 113
164 263
191 290
89 188
94 193
121 220
108 207
178 277
100 199
163 262
185 284
128 227
60 159
57 156
132 231
41 140
46 145
19 118
164 263
28 127
7 106
34 133
22 121
98 197
20 119
192 291
33 132
76 175
102 201
113 212
101 200
169 268
94 193
111 210
20 119
115 214
82 181
115 214
30 129
64 163
60 159
195 294
27 126
195 294
179 278
85 184
120 219
106 205
79 178
63 162
77 176
22 121
147 246
182 281
89 188
189 288
162 261
55 154
156 255
32 131
112 211
94 193
98 197
160 259
119 218
138 237
182 281
123 222
8 107
168 267
153 252
167 266
15 114
11 110
21 120
144 243
63 162
2 101
130 229
43 142
8 107
146 245
49 148
15 114
59 158
142 241
196 295
125 224
194 293
5 104
142 241
47 146
73 172
51 150
74 173
106 205
90 189
161 260
22 121
122 221
65 164
113 212
185 284
122 221
119 218
70 169
61 160
39 138
179 278
15 114
72 171
40 139
25 124
71 170
2 101
143 242
81 180
3 102
104 203
155 254
46 145
112 211
3 102
45 144
2 101
62 161
17 116
129 228
124 223
94 193
128 227
192 291
86 185
178 277
130 229
185 284
79 178
71 170
99 198
34 133
34 133
69 168
85 184
111 210
120 219
104 203
18 117
50 149
86 185
172 271
71 170
59 158
60 159
46 145
113 212
4 103
169 268
104 203
140 239
83 182
151 250
132 231
60 159
155 254
50 149
20 119
155 254
101 200
137 236
52 151
12 111
158 257
32 131
181 280
140 239
159 258
2 101
137 236
195 294
95 194
127 226
182 281
42 141
119 218
94 193
40 139
143 242
90 189
145 244
193 292
50 149
20 119
128 227
89 188
192 291
114 213
58 157
114 213
58 157
99 198
148 247
25 124
10 109
117 216
69 168
190 289
103 202
6 105
11 110
54 153
139 238
187 286
56 155
173 272
58 157
153 252
195 294
186 285
50 149
197 296
101 200
62 161
74 173
73 172
19 118
46 145
88 187
135 234
40 139
163 262
140 239
92 191
76 175
44 143
111 210
95 194
77 176
59 158
115 214
145 244
94 193
129 228
16 115
46 145
109 208
33 132
194 293
128 227
190 289
33 132
61 160
123 222
160 259
173 272
9 108
54 153
11 110
31 130
134 233
168 267
124 223
135 234
118 217
173 272
184 283
62 161
110 209
168 267
85 184
195 294
81 180
131 230
96 195
12 111
145 244
41 140
25 124
57 156
148 247
193 292
182 281
124 223
178 277
39 138
144 243
50 149
167 266
26 125
24 123
169 268
148 247
166 265
182 281
126 225
31 130
74 173
161 260
20 119
26 125
150 249
106 205
172 271
30 129
30 129
172 271
52 151
112 211
99 198
160 259
102 201
92 191
44 143
77 176
107 206
153 252
111 210
76 175
50 149
186 285
49 148
2 101
190 289
114 213
116 215
83 182
142 241
50 149
28 127
136 235
55 154
48 147
141 240
75 174
10 109
6 105
7 106
172 271
155 254
142 241
4 103
139 238
45 144
80 179
79 178
11 110
69 168
177 276
189 288
38 137
63 162
80 179
134 233
79 178
191 290
172 271
96 195
193 292
34 133
17 116
100 199
6 105
167 266
19 118
90 189
57 156
76 175
89 188
3 102
33 132
28 127
138 237
91 190
135 234
152 251
149 248
160 259
154 253
156 255
189 288
195 294
46 145
47 146
14 113
130 229
31 130
183 282
189 288
171 270
100 199
4 103
163 262
102 201
119 218
0 99
67 166
65 164
106 205
79 178
117 216
89 188
52 151
149 248
110 209
134 233
21 120
85 184
56 155
139 238
157 256
116 215
157 256
2 101
38 137
117 216
42 141
150 249
69 168
148 247
157 256
173 272
52 151
94 193
115 214
43 142
80 179
115 214
172 271
150 249
172 271
18 117
109 208
20 119
166 265
23 122
156 255
189 288
12 111
195 294
70 169
110 209
31 130
164 263
190 289
118 217
194 293
51 150
148 247
7 106
104 203
170 269
47 146
64 163
173 272
91 190
47 146
48 147
181 280
194 293
178 277
150 249
36 135
156 255
188 287
87 186
0 99
145 244
90 189
173 272
168 267
0 99
64 163
55 154
10 109
138 237
117 216
75 174
40 139
47 146
90 189
141 240
110 209
97 196
187 286
6 105
140 239
25 124
146 245
40 139
59 158
59 158
118 217
134 233
26 125
83 182
119 218
53 152
38 137
6 105
113 212
7 106
98 197
95 194
183 282
61 160
73 172
189 288
35 134
45 144
89 188
142 241
166 265
73 172
103 202
54 153
190 289
5 104
6 105
92 191
13 112
11 110
18 117
74 173
173 272
163 262
74 173
24 123
27 126
111 210
132 231
6 105
193 292
90 189
181 280
27 126
89 188
129 228
148 247
139 238
72 171
144 243
102 201
170 269
97 196
178 277
144 243
84 183
73 172
28 127
195 294
191 290
36 135
164 263
103 202
13 112
188 287
102 201
105 204
57 156
45 144
142 241
1 100
13 112
130 229
84 183
60 159
62 161
185 284
154 253
167 266
153 252
50 149
116 215
172 271
196 295
77 176
69 168
157 256
41 140
26 125
7 106
101 200
136 235
90 189
1 100
94 193
51 150
138 237
167 266
188 287
66 165
0 99
7 106
62 161
0 99
79 178
5 104
64 163
101 200
25 124
141 240
197 296
37 136
115 214
29 128
92 191
77 176
142 241
91 190
140 239
104 203
44 143
98 197
71 170
146 245
38 137
57 156
154 253
169 268
192 291
116 215
193 292
151 250
149 248
73 172
77 176
109 208
129 228
172 271
32 131
157 256
26 125
63 162
89 188
92 191
114 213
123 222
18 117
111 210
45 144
87 186
27 126
43 142
17 116
174 273
122 221
68 167
151 250
66 165
163 262
128 227
101 200
83 182
24 123
115 214
54 153
157 256
52 151
114 213
187 286
189 288
162 261
7 106
113 212
34 133
65 164
87 186
56 155
141 240
169 268
66 165
75 174
149 248
10 109
155 254
43 142
103 202
195 294
108 207
194 293
129 228
37 136
176 275
97 196
85 184
65 164
185 284
179 278
2 101
170 269
4 103
147 246
61 160
110 209
128 227
5 104
177 276
39 138
184 283
116 215
147 246
168 267
113 212
139 238
154 253
39 138
59 158
11 110
164 263
113 212
96 195
64 163
195 294
55 154
22 121
14 113
56 155
127 226
154 253
139 238
159 258
47 146
92 191
89 188
14 113
166 265
104 203
95 194
120 219
139 238
146 245
152 251
89 188
21 120
132 231
59 158
59 158
54 153
10 109
34 133
114 213
101 200
108 207
169 268
40 139
154 253
41 140
8 107
15 114
172 271
99 198
23 122
60 159
101 200
188 287
19 118
49 148
52 151
153 252
175 274
6 105
51 150
195 294
128 227
36 135
82 181
13 112
56 155
10 109
149 248
145 244
165 264
78 177
135 234
63 162
50 149
3 102
78 177
169 268
60 159
187 286
120 219
75 174
7 106
134 233
126 225
31 130
130 229
75 174
39 138
14 113
80 179
4 103
89 188
131 230
120 219
24 123
129 228
169 268
60 159
34 133
33 132
74 173
31 130
9 108
33 132
174 273
65 164
44 143
30 129
56 155
153 252
102 201
36 135
53 152
50 149
9 108
59 158
22 121
93 192
134 233
140 239
92 191
42 141
137 236
9 108
2 101
128 227
164 263
122 221
62 161
68 167
188 287
75 174
0 99
152 251
45 144
141 240
161 260
35 134
120 219
115 214
178 277
50 149
82 181
101 200
147 246
93 192
74 173
59 158
128 227
117 216
38 137
141 240
91 190
100 199
120 219
135 234
10 109
176 275
188 287
64 163
180 279
171 270
190 289
122 221
57 156
138 237
117 216
96 195
38 137
5 104
53 152
49 148
151 250
186 285
196 295
53 152
105 204
29 128
161 260
9 108
163 262
176 275
97 196
136 235
120 219
20 119
171 270
53 152
53 152
55 154
172 271
125 224
127 226
140 239
131 230
155 254
154 253
184 283
121 220
25 124
183 282
147 246
95 194
72 171
21 120
175 274
146 245
31 130
53 152
181 280
15 114
19 118
49 148
62 161
144 243
183 282
36 135
9 108
173 272
192 291
26 125
75 174
51 150
52 151
67 166
18 117
140 239
129 228
12 111
177 276
170 269
50 149
27 126
194 293
102 201
126 225
179 278
108 207
109 208
108 207
60 159
133 232
150 249
35 134
59 158
92 191
46 145
85 184
28 127
84 183
13 112
108 207
149 248
148 247
183 282
107 206
45 144
164 263
172 271
19 118
19 118
44 143
28 127
76 175
102 201
83 182
25 124
161 260
72 171
80 179
23 122
115 214
84 183
38 137
26 125
76 175
107 206
193 292
177 276
0 99
149 248
8 107
52 151
21 120
0 99
155 254
148 247
124 223
180 279
74 173
19 118
20 119
84 183
162 261
54 153
87 186
134 233
74 173
73 172
112 211
196 295
115 214
113 212
145 244
174 273
44 143
169 268
39 138
59 158
90 189
84 183
123 222
5 104
135 234
98 197
62 161
148 247
129 228
69 168
59 158
182 281
61 160
13 112
77 176
150 249
68 167
172 271
171 270
113 212
187 286
111 210
197 296
117 216
67 166
104 203
34 133
6 105
59 158
23 122
90 189
91 190
193 292
64 163
187 286
125 224
160 259
195 294
192 291
25 124
119 218
167 266
141 240
40 139
63 162
136 235
119 218
146 245
44 143
156 255
17 116
152 251
90 189
73 172
186 285
74 173
59 158
0 99
60 159
127 226
170 269
178 277
104 203
33 132
120 219
88 187
116 215
154 253
59 158
150 249
72 171
78 177
104 203
171 270
163 262
139 238
89 188
2 101
93 192
144 243
114 213
81 180
144 243
160 259
169 268
20 119
94 193
51 150
131 230
23 122
15 114
96 195
168 267
104 203
61 160
177 276
170 269
193 292
176 275
23 122
9 108
150 249
113 212
48 147
69 168
138 237
81 180
40 139
129 228
88 187
95 194
43 142
10 109
125 224
113 212
113 212
107 206
85 184
37 136
99 198
24 123
20 119
138 237
194 293
133 232
31 130
145 244
172 271
177 276
122 221
89 188
123 222
116 215
55 154
76 175
139 238
164 263
172 271
11 110
95 194
55 154
128 227
24 123
129 228
178 277
134 233
26 125
141 240
74 173
183 282
194 293
195 294
152 251
8 107
77 176
39 138
102 201
50 149
166 265
78 177
13 112
146 245
140 239
143 242
123 222
108 207
72 171
150 249
95 194
68 167
90 189
52 151
31 130
178 277
46 145
8 107
107 206
52 151
155 254
2 101
170 269
21 120
93 192
51 150
171 270
8 107
37 136
173 272
172 271
124 223
176 275
164 263
86 185
34 133
156 255
136 235
38 137
43 142
173 272
197 296
57 156
149 248
33 132
73 172
120 219
38 137
111 210
136 235
88 187
62 161
44 143
136 235
110 209
65 164
21 120
79 178
148 247
28 127
4 103
51 150
104 203
166 265
170 269
148 247
125 224
98 197
135 234
160 259
54 153
101 200
193 292
36 135
50 149
17 116
95 194
179 278
79 178
86 185
19 118
17 116
176 275
50 149
176 275
169 268
45 144
194 293
87 186
129 228
139 238
19 118
4 103
148 247
108 207
55 154
99 198
25 124
142 241
21 120
185 284
127 226
64 163
183 282
126 225
26 125
173 272
2 101
153 252
138 237
136 235
171 270
167 266
76 175
53 152
147 246
165 264
183 282
133 232
146 245
20 119
180 279
123 222
193 292
1 100
41 140
97 196
49 148
20 119
40 139
180 279
78 177
77 176
110 209
157 256
160 259
22 121
117 216
24 123
98 197
87 186
95 194
41 140
39 138
61 160
43 142
161 260
58 157
139 238
127 226
128 227
188 287
6 105
42 141
150 249
102 201
175 274
131 230
129 228
12 111
81 180
36 135
194 293
63 162
71 170
62 161
142 241
159 258
82 181
45 144
154 253
196 295
42 141
49 148
23 122
90 189
58 157
109 208
46 145
167 266
108 207
124 223
86 185
58 157
50 149
78 177
111 210
142 241
104 203
57 156
147 246
89 188
105 204
54 153
151 250
197 296
81 180
104 203
141 240
120 219
49 148
188 287
10 109
134 233
29 128
95 194
52 151
10 109
164 263
113 212
156 255
70 169
87 186
172 271
118 217
185 284
4 103
17 116
120 219
50 149
24 123
35 134
41 140
98 197
55 154
153 252
57 156
18 117
101 200
25 124
109 208
108 207
83 182
152 251
100 199
75 174
91 190
81 180
95 194
120 219
141 240
28 127
60 159
97 196
161 260
85 184
137 236
5 104
164 263
169 268
127 226
196 295
63 162
127 226
78 177
18 117
188 287
39 138
150 249
92 191
82 181
189 288
121 220
37 136
85 184
40 139
37 136
162 261
99 198
189 288
130 229
153 252
85 184
171 270
192 291
62 161
132 231
45 144
84 183
101 200
146 245
69 168
5 104
178 277
154 253
13 112
29 128
61 160
139 238
21 120
14 113
156 255
197 296
131 230
105 204
95 194
103 202
73 172
101 200
41 140
185 284
48 147
68 167
80 179
114 213
120 219
173 272
127 226
107 206
138 237
45 144
118 217
55 154
60 159
84 183
9 108
156 255
128 227
92 191
116 215
129 228
83 182
126 225
174 273
79 178
81 180
136 235
16 115
52 151
42 141
182 281
35 134
144 243
52 151
176 275
153 252
140 239
104 203
72 171
113 212
26 125
196 295
99 198
132 231
114 213
95 194
156 255
142 241
192 291
103 202
43 142
157 256
93 192
121 220
31 130
183 282
46 145
57 156
49 148
51 150
112 211
58 157
48 147
112 211
112 211
148 247
188 287
185 284
67 166
110 209
72 171
82 181
37 136
149 248
157 256
183 282
148 247
118 217
150 249
18 117
41 140
3 102
15 114
84 183
50 149
185 284
99 198
161 260
133 232
191 290
185 284
94 193
167 266
195 294
27 126
19 118
68 167
185 284
25 124
179 278
164 263
171 270
81 180
35 134
100 199
151 250
103 202
121 220
76 175
137 236
51 150
112 211
175 274
169 268
51 150
39 138
129 228
24 123
126 225
140 239
98 197
160 259
160 259
114 213
121 220
111 210
99 198
118 217
157 256
122 221
2 101
65 164
108 207
95 194
27 126
41 140
9 108
171 270
34 133
42 141
24 123
73 172
197 296
80 179
60 159
58 157
133 232
62 161
183 282
145 244
117 216
123 222
31 130
155 254
92 191
122 221
131 230
17 116
110 209
91 190
125 224
46 145
103 202
155 254
187 286
160 259
92 191
194 293
35 134
167 266
180 279
132 231
13 112
3 102
176 275
137 236
40 139
158 257
188 287
106 205
134 233
117 216
45 144
195 294
119 218
16 115
192 291
160 259
184 283
89 188
180 279
117 216
87 186
171 270
52 151
119 218
151 250
165 264
39 138
58 157
68 167
132 231
103 202
77 176
122 221
22 121
69 168
143 242
192 291
19 118
175 274
28 127
101 200
191 290
61 160
90 189
53 152
121 220
65 164
60 159
79 178
133 232
43 142
93 192
175 274
124 223
15 114
58 157
13 112
153 252
101 200
80 179
74 173
10 109
186 285
124 223
103 202
163 262
38 137
30 129
60 159
4 103
125 224
109 208
18 117
26 125
165 264
123 222
29 128
80 179
107 206
65 164
58 157
11 110
7 106
183 282
142 241
156 255
54 153
133 232
77 176
115 214
136 235
187 286
163 262
177 276
67 166
151 250
157 256
57 156
65 164
10 109
76 175
85 184
140 239
22 121
131 230
82 181
71 170
48 147
68 167
170 269
104 203
158 257
7 106
165 264
27 126
28 127
30 129
98 197
184 283
17 116
157 256
142 241
180 279
180 279
181 280
43 142
197 296
136 235
98 197
119 218
149 248
39 138
192 291
6 105
154 253
64 163
145 244
152 251
13 112
162 261
124 223
37 136
181 280
107 206
157 256
63 162
153 252
88 187
75 174
177 276
13 112
33 132
180 279
144 243
51 150
168 267
80 179
142 241
83 182
45 144
78 177
52 151
128 227
96 195
134 233
179 278
7 106
135 234
13 112
137 236
128 227
178 277
8 107
50 149
51 150
135 234
178 277
73 172
17 116
45 144
142 241
39 138
76 175
128 227
166 265
31 130
12 111
104 203
72 171
195 294
50 149
50 149
7 106
109 208
173 272
194 293
85 184
58 157
42 141
42 141
56 155
29 128
173 272
118 217
154 253
168 267
40 139
102 201
76 175
180 279
60 159
83 182
90 189
111 210
160 259
66 165
49 148
160 259
158 257
67 166
29 128
82 181
50 149
166 265
147 246
132 231
148 247
122 221
134 233
83 182
71 170
131 230
187 286
89 188
146 245
152 251
172 271
196 295
189 288
181 280
38 137
20 119
10 109
71 170
186 285
13 112
129 228
52 151
184 283
87 186
16 115
115 214
162 261
148 247
65 164
130 229
122 221
24 123
160 259
114 213
64 163
117 216
121 220
146 245
160 259
18 117
44 143
137 236
165 264
39 138
47 146
136 235
39 138
192 291
140 239
66 165
68 167
139 238
87 186
90 189
190 289
129 228
79 178
172 271
73 172
71 170
82 181
197 296
187 286
194 293
11 110
53 152
112 211
34 133
114 213
149 248
129 228
172 271
86 185
38 137
131 230
80 179
19 118
40 139
96 195
71 170
75 174
5 104
65 164
14 113
1 100
32 131
5 104
148 247
110 209
118 217
173 272
96 195
111 210
151 250
113 212
54 153
50 149
86 185
4 103
178 277
75 174
128 227
22 121
42 141
153 252
65 164
103 202
135 234
99 198
36 135
146 245
21 120
61 160
188 287
34 133
86 185
146 245
11 110
62 161
125 224
191 290
149 248
10 109
39 138
166 265
59 158
105 204
92 191
191 290
108 207
146 245
75 174
34 133
98 197
128 227
197 296
108 207
172 271
4 103
97 196
15 114
171 270
30 129
87 186
3 102
135 234
63 162
38 137
103 202
171 270
151 250
190 289
109 208
172 271
84 183
14 113
95 194
57 156
179 278
117 216
108 207
132 231
118 217
110 209
117 216
179 278
102 201
8 107
20 119
166 265
74 173
7 106
126 225
58 157
32 131
56 155
68 167
91 190
12 111
96 195
44 143
170 269
126 225
170 269
35 134
168 267
97 196
47 146
143 242
2 101
91 190
147 246
23 122
116 215
63 162
155 254
100 199
88 187
113 212
26 125
4 103
142 241
173 272
69 168
140 239
186 285
169 268
20 119
99 198
173 272
167 266
124 223
57 156
141 240
141 240
142 241
194 293
55 154
131 230
137 236
180 279
4 103
195 294
115 214
21 120
156 255
76 175
170 269
116 215
92 191
26 125
125 224
139 238
181 280
25 124
56 155
148 247
83 182
107 206
120 219
10 109
163 262
26 125
168 267
157 256
9 108
63 162
7 106
104 203
76 175
42 141
60 159
184 283
184 283
189 288
85 184
54 153
98 197
127 226
76 175
164 263
195 294
149 248
149 248
84 183
93 192
182 281
141 240
76 175
24 123
168 267
175 274
21 120
30 129
37 136
73 172
137 236
38 137
27 126
195 294
38 137
107 206
142 241
31 130
148 247
185 284
143 242
166 265
102 201
115 214
10 109
154 253
67 166
105 204
124 223
54 153
67 166
101 200
192 291
185 284
96 195
32 131
78 177
133 232
169 268
20 119
121 220
74 173
127 226
59 158
34 133
183 282
137 236
52 151
79 178
93 192
10 109
196 295
170 269
118 217
21 120
171 270
153 252
52 151
109 208
88 187
100 199
177 276
116 215
84 183
130 229
85 184
194 293
141 240
128 227
90 189
158 257
166 265
29 128
93 192
80 179
18 117
75 174
178 277
129 228
27 126
152 251
139 238
149 248
15 114
142 241
169 268
110 209
118 217
170 269
192 291
10 109
91 190
128 227
161 260
147 246
153 252
118 217
177 276
102 201
171 270
15 114
62 161
49 148
167 266
162 261
136 235
18 117
21 120
132 231
105 204
89 188
98 197
39 138
8 107
81 180
134 233
151 250
51 150
182 281
59 158
168 267
161 260
47 146
153 252
24 123
43 142
137 236
44 143
130 229
116 215
23 122
79 178
7 106
73 172
63 162
179 278
173 272
21 120
120 219
175 274
60 159
91 190
64 163
72 171
157 256
140 239
23 122
126 225
167 266
51 150
45 144
134 233
24 123
38 137
17 116
101 200
58 157
38 137
57 156
87 186
92 191
52 151
55 154
84 183
112 211
74 173
142 241
179 278
117 216
80 179
119 218
89 188
181 280
15 114
159 258
98 197
169 268
103 202
147 246
71 170
147 246
46 145
114 213
59 158
50 149
168 267
23 122
150 249
186 285
114 213
8 107
153 252
197 296
181 280
71 170
188 287
158 257
6 105
74 173
23 122
61 160
75 174
94 193
96 195
145 244
177 276
51 150
128 227
134 233
46 145
121 220
53 152
152 251
192 291
192 291
139 238
81 180
162 261
2 101
83 182
166 265
11 110
186 285
83 182
145 244
48 147
164 263
46 145
37 136
171 270
52 151
1 100
69 168
67 166
162 261
175 274
162 261
22 121
163 262
111 210
25 124
76 175
95 194
14 113
52 151
111 210
136 235
3 102
26 125
49 148
138 237
23 122
62 161
112 211
32 131
174 273
57 156
146 245
93 192
150 249
87 186
135 234
139 238
34 133
35 134
22 121
25 124
43 142
0 99
92 191
193 292
92 191
127 226
76 175
123 222
23 122
167 266
182 281
179 278
39 138
196 295
61 160
108 207
67 166
107 206
185 284
64 163
159 258
37 136
195 294
92 191
63 162
77 176
196 295
25 124
14 113
92 191
2 101
27 126
2 101
56 155
171 270
77 176
97 196
89 188
87 186
197 296
29 128
92 191
196 295
69 168
97 196
92 191
88 187
63 162
60 159
164 263
141 240
80 179
186 285
132 231
196 295
91 190
111 210
135 234
143 242
151 250
0 99
11 110
32 131
41 140
90 189
29 128
122 221
100 199
88 187
57 156
164 263
170 269
194 293
179 278
11 110
171 270
131 230
69 168
89 188
9 108
90 189
112 211
187 286
13 112
150 249
35 134
129 228
57 156
60 159
145 244
134 233
66 165
75 174
195 294
81 180
91 190
93 192
29 128
83 182
103 202
33 132
80 179
78 177
31 130
132 231
72 171
99 198
24 123
38 137
96 195
62 161
111 210
16 115
99 198
52 151
65 164
194 293
168 267
167 266
158 257
107 206
50 149
23 122
139 238
0 99
16 115
124 223
152 251
130 229
109 208
115 214
180 279
112 211
5 104
25 124
57 156
71 170
3 102
71 170
78 177
186 285
109 208
10 109
154 253
147 246
50 149
178 277
59 158
17 116
167 266
63 162
172 271
144 243
68 167
43 142
21 120
133 232
64 163
66 165
192 291
91 190
154 253
120 219
99 198
70 169
17 116
23 122
19 118
20 119
62 161
57 156
150 249
73 172
69 168
91 190
186 285
158 257
157 256
91 190
115 214
108 207
135 234
131 230
94 193
63 162
141 240
66 165
64 163
177 276
167 266
191 290
117 216
142 241
109 208
160 259
37 136
26 125
107 206
74 173
125 224
140 239
114 213
160 259
133 232
33 132
134 233
52 151
10 109
107 206
169 268
174 273
191 290
103 202
32 131
144 243
130 229
71 170
156 255
24 123
143 242
138 237
136 235
124 223
92 191
92 191
106 205
6 105
148 247
113 212
103 202
152 251
69 168
30 129
147 246
165 264
170 269
30 129
158 257
3 102
19 118
107 206
55 154
102 201
10 109
101 200
82 181
46 145
24 123
107 206
146 245
104 203
33 132
107 206
93 192
187 286
113 212
31;156504
169 268
132 231
43 142
61 160
50 149
20 119
4 103
76 175
60 159
165 264
167 266
48 147
61 160
172 271
190 289
94 193
60 159
110 209
182 281
58 157
153 252
119 218
88 187
52 151
56 155
124 223
164 263
169 268
169 268
130 229
58 157
38 137
116 215
187 286
88 187
116 215
131 230
168 267
95 194
13 112
16 115
194 293
190 289
40 139
123 222
188 287
168 267
174 273
193 292
41 140
173 272
186 285
85 184
136 235
121 220
77 176
187 286
178 277
48 147
34 133
21 120
183 282
96 195
98 197
147 246
146 245
136 235
125 224
51 150
155 254
166 265
129 228
142 241
109 208
11 110
183 282
110 209
24 123
103 202
182 281
54 153
135 234
27 126
128 227
45 144
83 182
77 176
196 295
85 184
180 279
1 100
60 159
147 246
125 224
93 192
134 233
71 170
91 190
140 239
130 229
115 214
37 136
109 208
101 200
92 191
107 206
124 223
169 268
150 249
104 203
85 184
40 139
195 294
40 139
58 157
99 198
19 118
55 154
95 194
36 135
29 128
166 265
57 156
121 220
13 112
127 226
185 284
34 133
153 252
26 125
138 237
30 129
166 265
196 295
83 182
42 141
175 274
102 201
8 107
71 170
31 130
192 291
168 267
41 140
83 182
110 209
159 258
28 127
150 249
117 216
125 224
165 264
175 274
21 120
20 119
143 242
61 160
185 284
54 153
196 295
194 293
19 118
131 230
87 186
165 264
27 126
70 169
72 171
79 178
177 276
78 177
81 180
121 220
2 101
55 154
69 168
62 161
107 206
193 292
85 184
72 171
192 291
67 166
50 149
59 158
61 160
152 251
54 153
72 171
17 116
122 221
30 129
10 109
149 248
127 226
103 202
186 285
116 215
176 275
29 128
169 268
16 115
80 179
76 175
145 244
25 124
34 133
42 141
6 105
136 235
128 227
196 295
150 249
161 260
150 249
34 133
131 230
55 154
160 259
196 295
189 288
118 217
143 242
165 264
182 281
109 208
76 175
194 293
138 237
30 129
75 174
103 202
59 158
188 287
122 221
129 228
116 215
177 276
195 294
1 100
11 110
148 247
152 251
120 219
36 135
141 240
42 141
121 220
128 227
13 112
150 249
181 280
57 156
154 253
117 216
192 291
142 241
166 265
79 178
133 232
47 146
9 108
108 207
56 155
9 108
17 116
128 227
164 263
99 198
18 117
123 222
80 179
3 102
78 177
107 206
67 166
156 255
72 171
127 226
36 135
42 141
99 198
20 119
92 191
88 187
49 148
54 153
13 112
1 100
178 277
94 193
187 286
162 261
56 155
114 213
181 280
43 142
125 224
192 291
68 167
166 265
89 188
108 207
51 150
173 272
18 117
155 254
126 225
189 288
86 185
49 148
3 102
82 181
87 186
154 253
116 215
77 176
139 238
89 188
28 127
122 221
47 146
167 266
103 202
80 179
155 254
0 99
88 187
187 286
143 242
82 181
42 141
31 130
106 205
187 286
194 293
183 282
26 125
185 284
159 258
146 245
44 143
115 214
112 211
87 186
36 135
114 213
41 140
182 281
94 193
63 162
55 154
71 170
77 176
72 171
44 143
27 126
72 171
69 168
17 116
5 104
120 219
37 136
182 281
126 225
38 137
29 128
101 200
127 226
89 188
126 225
2 101
147 246
108 207
40 139
104 203
48 147
57 156
93 192
14 113
47 146
116 215
116 215
183 282
136 235
40 139
119 218
158 257
61 160
42 141
33 132
142 241
3 102
181 280
172 271
94 193
42 141
19 118
5 104
137 236
176 275
86 185
92 191
165 264
46 145
23 122
123 222
60 159
110 209
108 207
58 157
131 230
18 117
112 211
45 144
81 180
78 177
94 193
80 179
138 237
133 232
144 243
188 287
101 200
65 164
53 152
15 114
186 285
30 129
4 103
105 204
168 267
160 259
66 165
16 115
145 244
97 196
101 200
73 172
1 100
70 169
167 266
158 257
168 267
84 183
26 125
149 248
74 173
131 230
127 226
82 181
13 112
127 226
23 122
29 128
74 173
141 240
60 159
185 284
30 129
175 274
129 228
181 280
75 174
65 164
95 194
15 114
124 223
8 107
160 259
120 219
107 206
145 244
130 229
177 276
183 282
72 171
120 219
44 143
138 237
57 156
133 232
82 181
86 185
24 123
107 206
72 171
181 280
74 173
88 187
179 278
53 152
136 235
18 117
164 263
167 266
124 223
133 232
185 284
23 122
77 176
69 168
10 109
91 190
115 214
73 172
95 194
117 216
196 295
30 129
163 262
81 180
116 215
86 185
44 143
95 194
31 130
55 154
121 220
81 180
137 236
155 254
151 250
92 191
133 232
4 103
80 179
113 212
16 115
69 168
172 271
191 290
105 204
137 236
114 213
86 185
55 154
166 265
114 213
28 127
138 237
21 120
132 231
122 221
55 154
98 197
11 110
9 108
88 187
81 180
158 257
70 169
108 207
166 265
95 194
165 264
107 206
13 112
189 288
57 156
59 158
134 233
60 159
175 274
166 265
135 234
115 214
132 231
109 208
14 113
126 225
197 296
152 251
45 144
40 139
137 236
131 230
127 226
158 257
108 207
21 120
148 247
195 294
8 107
150 249
38 137
178 277
183 282
184 283
2 101
37 136
33 132
72 171
173 272
176 275
65 164
128 227
169 268
82 181
197 296
11 110
119 218
120 219
76 175
69 168
7 106
60 159
125 224
65 164
107 206
144 243
151 250
13 112
176 275
116 215
117 216
10 109
171 270
114 213
22 121
170 269
16 115
182 281
163 262
145 244
34 133
112 211
110 209
57 156
29 128
72 171
71 170
16 115
154 253
142 241
70 169
182 281
192 291
155 254
23 122
48 147
176 275
152 251
167 266
51 150
3 102
18 117
24 123
4 103
28 127
43 142
0 99
128 227
149 248
7 106
195 294
15 114
125 224
54 153
127 226
170 269
105 204
196 295
142 241
161 260
62 161
57 156
32 131
129 228
60 159
24 123
149 248
153 252
114 213
28 127
70 169
183 282
197 296
179 278
67 166
130 229
91 190
147 246
193 292
130 229
94 193
125 224
179 278
59 158
91 190
26 125
4 103
61 160
167 266
120 219
15 114
161 260
86 185
112 211
15 114
33 132
93 192
55 154
114 213
106 205
3 102
179 278
147 246
195 294
12 111
68 167
136 235
180 279
12 111
5 104
81 180
48 147
4 103
115 214
112 211
109 208
151 250
178 277
147 246
48 147
68 167
17 116
158 257
142 241
66 165
95 194
188 287
40 139
26 125
116 215
92 191
137 236
18 117
35 134
124 223
141 240
68 167
34 133
116 215
152 251
6 105
68 167
14 113
149 248
28 127
41 140
101 200
101 200
139 238
195 294
122 221
79 178
194 293
121 220
77 176
106 205
116 215
95 194
69 168
0 99
173 272
196 295
14 113
47 146
105 204
128 227
186 285
94 193
109 208
66 165
122 221
168 267
105 204
147 246
50 149
63 162
181 280
172 271
187 286
56 155
17 116
165 264
58 157
158 257
50 149
30 129
92 191
77 176
136 235
101 200
94 193
116 215
42 141
132 231
159 258
162 261
125 224
180 279
107 206
165 264
60 159
16 115
71 170
3 102
117 216
14 113
48 147
195 294
109 208
191 290
196 295
187 286
69 168
121 220
145 244
178 277
70 169
107 206
126 225
134 233
61 160
0 99
187 286
85 184
92 191
71 170
117 216
109 208
81 180
177 276
70 169
102 201
155 254
38 137
185 284
157 256
4 103
53 152
147 246
112 211
72 171
116 215
178 277
48 147
147 246
126 225
67 166
132 231
39 138
33 132
43 142
26 125
45 144
193 292
48 147
156 255
161 260
27 126
151 250
190 289
52 151
37 136
163 262
195 294
97 196
113 212
124 223
9 108
157 256
73 172
113 212
7 106
110 209
50 149
182 281
14 113
122 221
34 133
144 243
111 210
186 285
187 286
137 236
123 222
123 222
71 170
188 287
147 246
191 290
113 212
111 210
189 288
37 136
75 174
29 128
197 296
65 164
65 164
84 183
128 227
120 219
121 220
13 112
17 116
0 99
61 160
45 144
21 120
38 137
75 174
91 190
127 226
137 236
74 173
160 259
166 265
100 199
136 235
12 111
2 101
6 105
91 190
166 265
144 243
60 159
7 106
124 223
145 244
100 199
60 159
138 237
18 117
137 236
60 159
94 193
121 220
23 122
109 208
13 112
122 221
95 194
2 101
20 119
48 147
27 126
43 142
139 238
193 292
26 125
63 162
120 219
97 196
162 261
35 134
132 231
135 234
2 101
91 190
133 232
12 111
122 221
74 173
7 106
136 235
19 118
107 206
1 100
187 286
14 113
67 166
52 151
167 266
151 250
28 127
94 193
107 206
22 121
138 237
7 106
146 245
51 150
148 247
185 284
57 156
48 147
110 209
146 245
116 215
96 195
8 107
120 219
3 102
134 233
68 167
77 176
150 249
118 217
28 127
30 129
108 207
33 132
183 282
82 181
4 103
65 164
126 225
79 178
126 225
124 223
67 166
132 231
29 128
63 162
100 199
27 126
72 171
87 186
71 170
61 160
187 286
62 161
68 167
4 103
19 118
73 172
134 233
8 107
73 172
143 242
75 174
174 273
141 240
188 287
158 257
170 269
77 176
185 284
2 101
129 228
60 159
73 172
196 295
21 120
54 153
1 100
74 173
14 113
117 216
13 112
146 245
115 214
148 247
159 258
23 122
109 208
157 256
57 156
16 115
95 194
156 255
82 181
47 146
134 233
176 275
114 213
155 254
163 262
141 240
72 171
63 162
36 135
32 131
49 148
64 163
87 186
182 281
67 166
39 138
161 260
40 139
114 213
71 170
60 159
67 166
189 288
118 217
197 296
129 228
32 131
135 234
63 162
37 136
62 161
8 107
41 140
133 232
75 174
13 112
14 113
83 182
82 181
176 275
157 256
45 144
113 212
105 204
190 289
147 246
36 135
150 249
58 157
89 188
109 208
122 221
13 112
16 115
162 261
21 120
177 276
140 239
111 210
13 112
127 226
145 244
193 292
81 180
183 282
166 265
176 275
66 165
135 234
46 145
109 208
183 282
40 139
122 221
172 271
96 195
66 165
172 271
70 169
135 234
165 264
68 167
86 185
60 159
161 260
144 243
67 166
24 123
127 226
46 145
2 101
157 256
158 257
162 261
185 284
77 176
23 122
179 278
43 142
172 271
0 99
109 208
122 221
75 174
192 291
23 122
146 245
169 268
45 144
16 115
31 130
171 270
191 290
183 282
183 282
152 251
98 197
156 255
122 221
89 188
167 266
102 201
110 209
152 251
30 129
196 295
41 140
78 177
96 195
159 258
185 284
147 246
144 243
139 238
9 108
123 222
146 245
121 220
8 107
91 190
119 218
37 136
44 143
32 131
174 273
20 119
190 289
1 100
156 255
94 193
177 276
162 261
78 177
90 189
113 212
156 255
21 120
24 123
40 139
43 142
69 168
35 134
56 155
194 293
94 193
124 223
197 296
108 207
136 235
34 133
9 108
131 230
182 281
159 258
172 271
27 126
33 132
195 294
45 144
116 215
82 181
115 214
103 202
51 150
33 132
95 194
165 264
112 211
184 283
165 264
8 107
156 255
9 108
174 273
188 287
155 254
45 144
6 105
134 233
30 129
147 246
98 197
187 286
23 122
71 170
24 123
86 185
129 228
29 128
34 133
154 253
83 182
58 157
73 172
163 262
172 271
35 134
191 290
72 171
148 247
45 144
9 108
89 188
170 269
123 222
18 117
138 237
12 111
130 229
137 236
81 180
178 277
28 127
15 114
153 252
109 208
83 182
185 284
152 251
57 156
175 274
112 211
11 110
101 200
196 295
45 144
93 192
132 231
47 146
75 174
197 296
167 266
157 256
141 240
182 281
69 168
169 268
150 249
130 229
104 203
193 292
181 280
4 103
152 251
91 190
62 161
2 101
159 258
156 255
76 175
197 296
34 133
27 126
7 106
79 178
55 154
168 267
22 121
65 164
42 141
196 295
156 255
160 259
94 193
63 162
98 197
9 108
66 165
43 142
106 205
107 206
111 210
95 194
182 281
81 180
12 111
3 102
25 124
36 135
24 123
52 151
174 273
6 105
65 164
56 155
193 292
95 194
22 121
31 130
20 119
56 155
36 135
17 116
101 200
154 253
168 267
128 227
39 138
109 208
137 236
5 104
100 199
45 144
126 225
117 216
64 163
30 129
150 249
76 175
40 139
47 146
102 201
147 246
8 107
180 279
42 141
47 146
18 117
143 242
71 170
58 157
0 99
195 294
121 220
40 139
165 264
168 267
109 208
162 261
108 207
77 176
15 114
60 159
128 227
180 279
114 213
194 293
19 118
16 115
57 156
55 154
42 141
90 189
89 188
5 104
27 126
143 242
39 138
151 250
22 121
64 163
97 196
5 104
76 175
118 217
94 193
123 222
119 218
146 245
84 183
50 149
5 104
80 179
70 169
159 258
165 264
172 271
82 181
80 179
192 291
11 110
67 166
81 180
100 199
17 116
15 114
168 267
88 187
153 252
95 194
61 160
103 202
89 188
48 147
130 229
139 238
71 170
197 296
53 152
51 150
156 255
107 206
195 294
98 197
56 155
172 271
113 212
124 223
45 144
27 126
92 191
98 197
8 107
190 289
53 152
53 152
60 159
36 135
2 101
111 210
179 278
122 221
33 132
22 121
129 228
114 213
70 169
31 130
27 126
132 231
58 157
55 154
117 216
80 179
180 279
23 122
118 217
151 250
196 295
116 215
90 189
104 203
50 149
156 255
104 203
125 224
18 117
36 135
171 270
105 204
94 193
182 281
0 99
38 137
90 189
17 116
149 248
128 227
99 198
130 229
8 107
17 116
3 102
186 285
39 138
49 148
115 214
193 292
178 277
183 282
169 268
163 262
163 262
112 211
82 181
113 212
157 256
165 264
5 104
49 148
3 102
45 144
161 260
39 138
123 222
153 252
37 136
117 216
85 184
192 291
136 235
28 127
16 115
162 261
125 224
38 137
152 251
8 107
98 197
168 267
118 217
140 239
174 273
142 241
66 165
61 160
103 202
39 138
5 104
144 243
83 182
98 197
132 231
105 204
163 262
53 152
173 272
108 207
118 217
187 286
197 296
30 129
87 186
141 240
155 254
30 129
35 134
22 121
57 156
171 270
116 215
15 114
56 155
4 103
106 205
28 127
144 243
150 249
175 274
27 126
63 162
179 278
39 138
76 175
69 168
39 138
28 127
128 227
13 112
5 104
55 154
156 255
197 296
6 105
136 235
98 197
41 140
29 128
117 216
31 130
171 270
37 136
124 223
2 101
54 153
76 175
122 221
79 178
66 165
177 276
15 114
194 293
93 192
64 163
68 167
128 227
127 226
161 260
176 275
73 172
144 243
97 196
81 180
180 279
137 236
82 181
76 175
105 204
141 240
52 151
45 144
133 232
68 167
115 214
84 183
133 232
47 146
173 272
24 123
16 115
176 275
179 278
60 159
154 253
65 164
4 103
145 244
180 279
43 142
138 237
38 137
15 114
79 178
17 116
113 212
119 218
150 249
191 290
81 180
179 278
24 123
153 252
105 204
119 218
3 102
66 165
73 172
172 271
164 263
142 241
151 250
154 253
57 156
50 149
102 201
55 154
89 188
128 227
147 246
16 115
24 123
145 244
177 276
193 292
92 191
2 101
116 215
148 247
153 252
46 145
3 102
106 205
29 128
74 173
13 112
126 225
91 190
111 210
1 100
165 264
20 119
103 202
149 248
34 133
50 149
150 249
29 128
6 105
113 212
37 136
116 215
160 259
164 263
150 249
136 235
107 206
59 158
108 207
170 269
157 256
70 169
197 296
162 261
122 221
106 205
12 111
43 142
67 166
148 247
3 102
109 208
58 157
191 290
115 214
77 176
150 249
111 210
13 112
178 277
190 289
10 109
179 278
125 224
1 100
52 151
170 269
84 183
5 104
114 213
150 249
116 215
111 210
83 182
156 255
25 124
167 266
167 266
35 134
84 183
142 241
182 281
160 259
77 176
80 179
139 238
127 226
101 200
61 160
106 205
66 165
139 238
160 259
125 224
142 241
165 264
133 232
71 170
84 183
166 265
123 222
44 143
56 155
188 287
31 130
132 231
72 171
94 193
80 179
137 236
15 114
12 111
56 155
184 283
14 113
40 139
29 128
197 296
28 127
111 210
29 128
70 169
118 217
107 206
48 147
86 185
82 181
43 142
127 226
175 274
58 157
7 106
168 267
101 200
15 114
174 273
81 180
23 122
110 209
71 170
112 211
16 115
79 178
31 130
51 150
66 165
5 104
146 245
123 222
73 172
29 128
115 214
31 130
75 174
185 284
127 226
178 277
139 238
120 219
74 173
19 118
107 206
185 284
138 237
105 204
102 201
54 153
150 249
54 153
159 258
13 112
34 133
4 103
176 275
86 185
112 211
17 116
41 140
106 205
85 184
167 266
33 132
186 285
186 285
137 236
43 142
77 176
132 231
107 206
176 275
97 196
47 146
63 162
50 149
95 194
14 113
13 112
177 276
113 212
8 107
61 160
124 223
47 146
26 125
92 191
31 130
37 136
69 168
102 201
52 151
18 117
168 267
96 195
160 259
78 177
81 180
179 278
110 209
11 110
93 192
140 239
113 212
142 241
193 292
44 143
105 204
0 99
158 257
104 203
176 275
182 281
125 224
186 285
93 192
77 176
123 222
54 153
7 106
31 130
7 106
153 252
54 153
18 117
139 238
47 146
24 123
162 261
25 124
6 105
10 109
179 278
91 190
8 107
122 221
195 294
73 172
171 270
137 236
63 162
28 127
40 139
161 260
176 275
82 181
51 150
151 250
80 179
166 265
49 148
174 273
72 171
19 118
148 247
35 134
136 235
1 100
78 177
123 222
72 171
66 165
110 209
189 288
196 295
119 218
49 148
5 104
87 186
190 289
22 121
188 287
120 219
129 228
178 277
27 126
130 229
9 108
25 124
138 237
28 127
167 266
140 239
155 254
178 277
62 161
190 289
117 216
180 279
161 260
59 158
16 115
172 271
99 198
195 294
153 252
161 260
154 253
176 275
109 208
2 101
52 151
188 287
77 176
76 175
106 205
32 131
32 131
75 174
4 103
188 287
179 278
160 259
121 220
28 127
90 189
183 282
190 289
167 266
184 283
155 254
18 117
193 292
55 154
40 139
28 127
161 260
13 112
121 220
18 117
22 121
105 204
130 229
14 113
78 177
154 253
127 226
60 159
116 215
27 126
97 196
187 286
137 236
75 174
189 288
11 110
147 246
192 291
96 195
32 131
21 120
168 267
196 295
176 275
15 114
11 110
92 191
28 127
153 252
193 292
197 296
11 110
53 152
46 145
170 269
179 278
85 184
1 100
5 104
124 223
107 206
18 117
18 117
87 186
120 219
46 145
95 194
159 258
43 142
9 108
58 157
80 179
70 169
193 292
27 126
63 162
1 100
68 167
65 164
135 234
162 261
31 130
120 219
104 203
33 132
71 170
186 285
78 177
173 272
170 269
128 227
27 126
47 146
165 264
96 195
103 202
45 144
176 275
134 233
138 237
117 216
114 213
115 214
193 292
88 187
43 142
22 121
171 270
103 202
104 203
133 232
6 105
60 159
89 188
191 290
181 280
164 263
22 121
179 278
19 118
35 134
73 172
163 262
150 249
27 126
55 154
152 251
5 104
181 280
187 286
44 143
81 180
10 109
103 202
35 134
97 196
65 164
169 268
172 271
57 156
192 291
123 222
171 270
178 277
135 234
132 231
3 102
18 117
131 230
78 177
74 173
151 250
19 118
163 262
149 248
31 130
37 136
163 262
78 177
102 201
122 221
111 210
158 257
131 230
140 239
137 236
93 192
160 259
25 124
149 248
50 149
135 234
140 239
161 260
121 220
100 199
83 182
88 187
169 268
33 132
46 145
35 134
113 212
41 140
33 132
138 237
164 263
98 197
12 111
71 170
127 226
69 168
113 212
174 273
183 282
79 178
109 208
189 288
144 243
90 189
74 173
92 191
96 195
197 296
51 150
175 274
140 239
83 182
77 176
117 216
84 183
21 120
166 265
5 104
25 124
20 119
12 111
90 189
120 219
91 190
130 229
35 134
165 264
192 291
49 148
109 208
44 143
43 142
41 140
26 125
39 138
37 136
73 172
45 144
90 189
71 170
189 288
147 246
126 225
63 162
44 143
177 276
48 147
36 135
162 261
169 268
167 266
109 208
49 148
137 236
142 241
146 245
120 219
3 102
53 152
56 155
136 235
45 144
176 275
110 209
145 244
131 230
88 187
180 279
35 134
14 113
192 291
14 113
177 276
48 147
117 216
126 225
176 275
142 241
42 141
120 219
155 254
149 248
131 230
120 219
1 100
14 113
89 188
39 138
116 215
87 186
123 222
25 124
15 114
121 220
24 123
39 138
44 143
1 100
24 123
3 102
26 125
115 214
180 279
97 196
42 141
113 212
80 179
153 252
167 266
32 131
39 138
85 184
90 189
83 182
85 184
154 253
72 171
153 252
158 257
159 258
138 237
40 139
170 269
167 266
168 267
170 269
121 220
41 140
27 126
196 295
85 184
156 255
13 112
157 256
112 211
122 221
172 271
37 136
103 202
147 246
7 106
86 185
144 243
2 101
182 281
33 132
93 192
30 129
87 186
95 194
76 175
1 100
46 145
98 197
18 117
174 273
72 171
52 151
166 265
144 243
86 185
49 148
119 218
27 126
156 255
9 108
9 108
182 281
146 245
166 265
135 234
184 283
29 128
3 102
52 151
109 208
74 173
91 190
192 291
3 102
122 221
175 274
133 232
61 160
189 288
19 118
28 127
3 102
119 218
197 296
136 235
75 174
41 140
13 112
164 263
165 264
194 293
131 230
62 161
46 145
74 173
169 268
165 264
152 251
54 153
125 224
157 256
43 142
31 130
23 122
63 162
113 212
64 163
86 185
5 104
134 233
5 104
25 124
53 152
177 276
114 213
4 103
168 267
168 267
151 250
5 104
7 106
82 181
8 107
181 280
0 99
115 214
75 174
149 248
140 239
119 218
183 282
158 257
84 183
118 217
125 224
8 107
81 180
122 221
194 293
34 133
168 267
95 194
167 266
105 204
17 116
174 273
25 124
100 199
168 267
81 180
47 146
102 201
97 196
179 278
69 168
176 275
174 273
151 250
147 246
35 134
85 184
86 185
104 203
36 135
27 126
9 108
143 242
104 203
43 142
84 183
51 150
175 274
20 119
44 143
91 190
37 136
3 102
196 295
15 114
160 259
55 154
65 164
24 123
177 276
56 155
60 159
196 295
52 151
190 289
152 251
196 295
135 234
102 201
57 156
110 209
124 223
140 239
137 236
126 225
151 250
63 162
100 199
8 107
4 103
25 124
46 145
35 134
64 163
89 188
164 263
107 206
38 137
28 127
98 197
178 277
116 215
46 145
26 125
106 205
129 228
23 122
114 213
56 155
32 131
174 273
187 286
139 238
119 218
33 132
1 100
30 129
107 206
173 272
58 157
90 189
98 197
120 219
153 252
47 146
83 182
66 165
128 227
88 187
196 295
91 190
35 134
82 181
132 231
73 172
52 151
30 129
107 206
89 188
182 281
154 253
29 128
194 293
30 129
45 144
79 178
110 209
74 173
86 185
185 284
153 252
104 203
164 263
86 185
80 179
84 183
183 282
78 177
11 110
97 196
169 268
168 267
76 175
74 173
98 197
154 253
112 211
89 188
168 267
195 294
13 112
180 279
139 238
128 227
125 224
79 178
165 264
136 235
192 291
81 180
149 248
128 227
186 285
20 119
89 188
86 185
31 130
9 108
186 285
116 215
111 210
178 277
17 116
156 255
67 166
131 230
3 102
144 243
44 143
142 241
185 284
66 165
82 181
175 274
27 126
19 118
75 174
80 179
193 292
8 107
142 241
95 194
62 161
65 164
93 192
45 144
89 188
60 159
23 122
166 265
27 126
163 262
130 229
70 169
99 198
40 139
196 295
134 233
164 263
136 235
33 132
131 230
68 167
184 283
53 152
68 167
29 128
11 110
34 133
89 188
92 191
83 182
193 292
98 197
152 251
147 246
58 157
122 221
134 233
81 180
134 233
151 250
181 280
65 164
20 119
131 230
109 208
160 259
39 138
33 132
92 191
104 203
97 196
151 250
72 171
159 258
130 229
110 209
189 288
186 285
187 286
7 106
87 186
105 204
144 243
65 164
121 220
64 163
16 115
98 197
78 177
4 103
128 227
26 125
154 253
122 221
194 293
116 215
136 235
62 161
92 191
160 259
104 203
71 170
37 136
39 138
57 156
145 244
96 195
49 148
41 140
83 182
78 177
41 140
168 267
135 234
62 161
89 188
22 121
90 189
58 157
41 140
132 231
21 120
95 194
27 126
50 149
175 274
194 293
161 260
174 273
65 164
185 284
94 193
117 216
15 114
67 166
30 129
76 175
4 103
151 250
79 178
196 295
80 179
191 290
150 249
148 247
124 223
68 167
178 277
153 252
110 209
89 188
197 296
68 167
90 189
141 240
25 124
107 206
88 187
99 198
97 196
161 260
32 131
98 197
57 156
69 168
155 254
192 291
22 121
65 164
15 114
47 146
63 162
169 268
7 106
178 277
75 174
91 190
132 231
173 272
98 197
125 224
73 172
105 204
168 267
82 181
191 290
186 285
28 127
2 101
160 259
186 285
107 206
108 207
115 214
76 175
101 200
133 232
95 194
63 162
27 126
131 230
109 208
157 256
76 175
24 123
194 293
82 181
41 140
72 171
63 162
174 273
59 158
68 167
57 156
160 259
26 125
66 165
8 107
135 234
47 146
148 247
122 221
117 216
152 251
184 283
85 184
33 132
195 294
48 147
99 198
18 117
9 108
148 247
16 115
152 251
113 212
105 204
170 269
138 237
128 227
24 123
51 150
143 242
138 237
63 162
16 115
134 233
22 121
184 283
173 272
29 128
1 100
117 216
53 152
59 158
121 220
11 110
56 155
71 170
180 279
4 103
102 201
52 151
107 206
28 127
177 276
180 279
174 273
73 172
94 193
159 258
92 191
107 206
76 175
197 296
82 181
150 249
42 141
121 220
191 290
114 213
80 179
57 156
47 146
182 281
155 254
160 259
160 259
126 225
146 245
139 238
169 268
80 179
39 138
27 126
153 252
196 295
49 148
71 170
120 219
156 255
118 217
89 188
15 114
33 132
144 243
194 293
97 196
147 246
3 102
150 249
170 269
194 293
61 160
153 252
9 108
19 118
137 236
104 203
160 259
97 196
84 183
67 166
43 142
171 270
189 288
113 212
33 132
125 224
123 222
41 140
81 180
196 295
75 174
61 160
144 243
169 268
108 207
32 131
173 272
41 140
90 189
111 210
13 112
156 255
17 116
144 243
161 260
129 228
13 112
176 275
162 261
24 123
50 149
102 201
43 142
142 241
20 119
197 296
163 262
156 255
26 125
73 172
51 150
187 286
188 287
2 101
143 242
172 271
135 234
161 260
154 253
174 273
2 101
48 147
28 127
139 238
86 185
120 219
102 201
111 210
51 150
19 118
189 288
179 278
148 247
101 200
73 172
157 256
124 223
159 258
107 206
45 144
182 281
133 232
111 210
192 291
118 217
173 272
86 185
51 150
190 289
57 156
37 136
56 155
174 273
0 99
96 195
163 262
193 292
100 199
182 281
15 114
102 201
177 276
24 123
187 286
174 273
124 223
40 139
139 238
109 208
142 241
151 250
70 169
12 111
160 259
24 123
141 240
189 288
145 244
87 186
3 102
103 202
159 258
131 230
13 112
10 109
81 180
148 247
105 204
89 188
122 221
74 173
136 235
79 178
30 129
3 102
8 107
45 144
93 192
86 185
90 189
174 273
31 130
80 179
58 157
112 211
128 227
85 184
133 232
127 226
37 136
30 129
91 190
197 296
41 140
152 251
78 177
178 277
40 139
76 175
70 169
45 144
101 200
16 115
140 239
129 228
189 288
95 194
159 258
62 161
72 171
65 164
134 233
180 279
29 128
144 243
31 130
83 182
12 111
66 165
157 256
115 214
175 274
102 201
54 153
76 175
163 262
56 155
24 123
113 212
133 232
104 203
33 132
143 242
22 121
93 192
47 146
158 257
10 109
11 110
25 124
87 186
20 119
83 182
93 192
15 114
10 109
176 275
129 228
163 262
63 162
109 208
187 286
108 207
195 294
95 194
109 208
149 248
15 114
176 275
30 129
195 294
175 274
111 210
38 137
123 222
91 190
69 168
186 285
27 126
75 174
83 182
112 211
0 99
4 103
164 263
74 173
197 296
43 142
6 105
26 125
160 259
42 141
197 296
10 109
38 137
42 141
101 200
92 191
51 150
36 135
34 133
124 223
189 288
11 110
67 166
135 234
48 147
180 279
43 142
194 293
143 242
121 220
27 126
29 128
195 294
79 178
105 204
64 163
51 150
67 166
43 142
178 277
129 228
62 161
122 221
66 165
55 154
78 177
166 265
138 237
196 295
86 185
46 145
15 114
93 192
53 152
166 265
162 261
133 232
134 233
184 283
125 224
144 243
1 100
120 219
145 244
67 166
27 126
157 256
174 273
64 163
30 129
172 271
132 231
83 182
124 223
186 285
165 264
58 157
28 127
52 151
57 156
148 247
93 192
188 287
6 105
154 253
53 152
62 161
37 136
130 229
48 147
182 281
139 238
14 113
14 113
110 209
133 232
163 262
193 292
118 217
21 120
122 221
137 236
35 134
9 108
56 155
120 219
125 224
101 200
161 260
118 217
103 202
33 132
155 254
55 154
121 220
24 123
26 125
28 127
88 187
95 194
37 136
108 207
66 165
24 123
48 147
57 156
80 179
15 114
5 104
157 256
45 144
3 102
37 136
51 150
52 151
165 264
173 272
2 101
12 111
174 273
141 240
47 146
85 184
34 133
193 292
91 190
116 215
10 109
192 291
1 100
21 120
168 267
125 224
73 172
34 133
152 251
137 236
2 101
41 140
186 285
131 230
133 232
102 201
54 153
81 180
162 261
62 161
173 272
140 239
157 256
113 212
151 250
15 114
108 207
160 259
86 185
102 201
161 260
85 184
33 132
74 173
110 209
43 142
114 213
83 182
47 146
65 164
17 116
129 228
118 217
124 223
194 293
130 229
84 183
98 197
179 278
185 284
35 134
82 181
120 219
184 283
101 200
86 185
18 117
105 204
106 205
93 192
27 126
105 204
115 214
191 290
75 174
92 191
100 199
75 174
148 247
44 143
118 217
161 260
54 153
134 233
41 140
94 193
18 117
136 235
166 265
144 243
165 264
162 261
48 147
81 180
154 253
41 140
60 159
1 100
52 151
25 124
129 228
175 274
165 264
2 101
133 232
20 119
52 151
156 255
27 126
2 101
80 179
131 230
180 279
9 108
181 280
17 116
156 255
113 212
193 292
12 111
140 239
145 244
110 209
172 271
132 231
172 271
98 197
20 119
0 99
178 277
11 110
12 111
64 163
170 269
196 295
163 262
91 190
123 222
150 249
123 222
191 290
188 287
12 111
98 197
187 286
89 188
122 221
27 126
179 278
136 235
149 248
19 118
110 209
172 271
109 208
60 159
184 283
86 185
70 169
106 205
54 153
173 272
77 176
103 202
106 205
33 132
135 234
93 192
129 228
175 274
77 176
189 288
23 122
138 237
19 118
70 169
43 142
80 179
63 162
146 245
127 226
96 195
37 136
47 146
87 186
83 182
89 188
27 126
124 223
159 258
177 276
24 123
178 277
27 126
78 177
98 197
115 214
185 284
80 179
69 168
142 241
78 177
128 227
166 265
70 169
34 133
65 164
39 138
12 111
73 172
30 129
75 174
183 282
104 203
109 208
117 216
128 227
141 240
174 273
188 287
76 175
117 216
142 241
190 289
188 287
182 281
158 257
121 220
108 207
61 160
108 207
175 274
91 190
84 183
121 220
7 106
26 125
123 222
49 148
170 269
91 190
10 109
185 284
6 105
129 228
154 253
148 247
171 270
32 131
80 179
96 195
1 100
153 252
54 153
118 217
46 145
14 113
42 141
97 196
15 114
107 206
75 174
54 153
80 179
0 99
118 217
33 132
170 269
170 269
85 184
34 133
156 255
177 276
149 248
148 247
187 286
148 247
31 130
82 181
97 196
134 233
106 205
56 155
113 212
18 117
193 292
19 118
81 180
170 269
55 154
133 232
15 114
51 150
182 281
5 104
172 271
47 146
130 229
11 110
91 190
130 229
115 214
182 281
187 286
101 200
169 268
101 200
134 233
120 219
1 100
11 110
43 142
84 183
21 120
94 193
80 179
194 293
186 285
137 236
8 107
164 263
95 194
54 153
1 100
70 169
89 188
8 107
113 212
50 149
76 175
46 145
27 126
54 153
146 245
173 272
49 148
175 274
98 197
195 294
64 163
60 159
147 246
156 255
35 134
101 200
53 152
195 294
114 213
161 260
18 117
84 183
126 225
75 174
39 138
63 162
157 256
73 172
40 139
136 235
177 276
143 242
23 122
38 137
186 285
84 183
23 122
181 280
110 209
179 278
82 181
117 216
49 148
189 288
186 285
97 196
45 144
32 131
13 112
35 134
68 167
79 178
77 176
80 179
64 163
5 104
164 263
34 133
164 263
68 167
184 283
42 141
9 108
97 196
186 285
144 243
147 246
120 219
2 101
196 295
106 205
166 265
194 293
47 146
145 244
9 108
36 135
1 100
79 178
97 196
19 118
45 144
4 103
152 251
12 111
178 277
20 119
155 254
65 164
79 178
168 267
100 199
85 184
161 260
53 152
70 169
38 137
178 277
73 172
36 135
127 226
34 133
169 268
24 123
103 202
196 295
141 240
38 137
189 288
94 193
75 174
70 169
67 166
20 119
26 125
191 290
120 219
96 195
104 203
163 262
137 236
30 129
87 186
108 207
67 166
84 183
58 157
166 265
77 176
67 166
140 239
39 138
53 152
193 292
47 146
123 222
161 260
22 121
139 238
178 277
117 216
74 173
194 293
56 155
45 144
23 122
127 226
40 139
67 166
154 253
23 122
115 214
64 163
190 289
175 274
58 157
87 186
173 272
120 219
157 256
54 153
128 227
128 227
170 269
32 131
83 182
92 191
147 246
91 190
137 236
58 157
139 238
58 157
128 227
71 170
65 164
17 116
46 145
6 105
17 116
78 177
117 216
175 274
34 133
53 152
163 262
196 295
93 192
125 224
161 260
124 223
169 268
119 218
3 102
72 171
15 114
109 208
61 160
164 263
115 214
30 129
38 137
137 236
45 144
57 156
133 232
91 190
117 216
100 199
179 278
54 153
40 139
121 220
92 191
33 132
120 219
46 145
38 137
166 265
141 240
161 260
79 178
72 171
176 275
28 127
71 170
11 110
96 195
129 228
96 195
132 231
4 103
192 291
130 229
25 124
3 102
156 255
16 115
86 185
191 290
24 123
117 216
59 158
155 254
113 212
175 274
12 111
99 198
187 286
69 168
149 248
87 186
71 170
73 172
171 270
21 120
76 175
120 219
49 148
53 152
27 126
38 137
136 235
103 202
85 184
169 268
76 175
18 117
115 214
37 136
166 265
44 143
131 230
185 284
116 215
164 263
103 202
12 111
196 295
145 244
128 227
184 283
3 102
1 100
132 231
28 127
118 217
108 207
45 144
175 274
110 209
46 145
138 237
122 221
159 258
57 156
61 160
39 138
163 262
92 191
96 195
9 108
107 206
37 136
35 134
88 187
94 193
138 237
156 255
153 252
170 269
174 273
13 112
20 119
26 125
53 152
24 123
157 256
99 198
151 250
59 158
90 189
170 269
147 246
139 238
6 105
100 199
2 101
152 251
58 157
31 130
154 253
107 206
62 161
156 255
68 167
150 249
51 150
137 236
10 109
191 290
124 223
145 244
11 110
176 275
20 119
183 282
58 157
58 157
80 179
149 248
23 122
137 236
0 99
105 204
175 274
64 163
92 191
68 167
102 201
88 187
131 230
71 170
3 102
20 119
90 189
46 145
73 172
133 232
2 101
105 204
133 232
79 178
126 225
155 254
48 147
170 269
115 214
127 226
109 208
74 173
194 293
18 117
32 131
19 118
118 217
52 151
192 291
143 242
94 193
120 219
21 120
57 156
27 126
36 135
190 289
128 227
88 187
162 261
48 147
48 147
83 182
47 146
189 288
196 295
13 112
28 127
38 137
116 215
178 277
12 111
107 206
111 210
72 171
140 239
76 175
176 275
147 246
106 205
70 169
100 199
8 107
73 172
194 293
118 217
129 228
120 219
105 204
34 133
44 143
134 233
37 136
103 202
47 146
93 192
9 108
196 295
18 117
100 199
181 280
100 199
21 120
107 206
120 219
25 124
125 224
195 294
74 173
109 208
50 149
90 189
167 266
94 193
155 254
31 130
99 198
57 156
82 181
176 275
52 151
98 197
59 158
56 155
52 151
40 139
133 232
23 122
82 181
190 289
108 207
196 295
172 271
163 262
47 146
74 173
103 202
109 208
116 215
82 181
168 267
128 227
144 243
32 131
81 180
196 295
164 263
19 118
23 122
51 150
14 113
54 153
81 180
97 196
9 108
182 281
143 242
56 155
180 279
37 136
106 205
123 222
0 99
12 111
37 136
60 159
108 207
7 106
88 187
114 213
109 208
6 105
99 198
85 184
131 230
9 108
71 170
104 203
150 249
177 276
54 153
23 122
145 244
49 148
187 286
161 260
22 121
138 237
148 247
14 113
117 216
67 166
129 228
13 112
127 226
71 170
195 294
85 184
91 190
188 287
139 238
93 192
82 181
193 292
6 105
10 109
31 130
19 118
119 218
84 183
143 242
180 279
45 144
149 248
109 208
166 265
91 190
137 236
182 281
158 257
104 203
170 269
88 187
180 279
58 157
141 240
27 126
6 105
155 254
66 165
172 271
30 129
167 266
145 244
90 189
129 228
173 272
0 99
23 122
140 239
195 294
125 224
181 280
164 263
14 113
105 204
158 257
19 118
169 268
49 148
35 134
87 186
179 278
142 241
174 273
30 129
83 182
91 190
136 235
174 273
22 121
123 222
66 165
87 186
191 290
90 189
4 103
195 294
69 168
77 176
52 151
65 164
43 142
147 246
127 226
91 190
129 228
85 184
116 215
172 271
66 165
150 249
100 199
184 283
64 163
87 186
118 217
5 104
11 110
110 209
75 174
102 201
128 227
40 139
134 233
88 187
127 226
63 162
106 205
164 263
85 184
184 283
89 188
164 263
106 205
127 226
130 229
6 105
22 121
132 231
61 160
27 126
146 245
34 133
41 140
187 286
110 209
64 163
73 172
14 113
193 292
154 253
194 293
113 212
9 108
23 122
126 225
58 157
153 252
190 289
53 152
123 222
158 257
36 135
109 208
178 277
56 155
189 288
120 219
77 176
193 292
29 128
28 127
49 148
152 251
150 249
57 156
87 186
19 118
96 195
7 106
78 177
87 186
129 228
62 161
146 245
197 296
46 145
179 278
22 121
35 134
121 220
134 233
100 199
131 230
85 184
176 275
108 207
75 174
159 258
36 135
172 271
85 184
53 152
73 172
176 275
165 264
190 289
148 247
88 187
35 134
186 285
72 171
1 100
25 124
170 269
175 274
37 136
125 224
35 134
193 292
30 129
51 150
71 170
107 206
187 286
116 215
135 234
188 287
20 119
118 217
18 117
101 200
112 211
156 255
96 195
52 151
42 141
3 102
37 136
41 140
172 271
5 104
100 199
105 204
183 282
196 295
46 145
127 226
70 169
171 270
46 145
71 170
150 249
78 177
124 223
153 252
75 174
10 109
194 293
17 116
141 240
20 119
173 272
123 222
34 133
52 151
75 174
180 279
81 180
42 141
95 194
194 293
136 235
91 190
108 207
97 196
30 129
41 140
134 233
48 147
64 163
13 112
125 224
19 118
163 262
135 234
40 139
132 231
40 139
187 286
102 201
3 102
168 267
32 131
22 121
92 191
161 260
160 259
163 262
115 214
24 123
34 133
125 224
189 288
55 154
80 179
149 248
159 258
0 99
175 274
194 293
183 282
52 151
77 176
87 186
47 146
34 133
132 231
93 192
183 282
128 227
53 152
138 237
107 206
156 255
42 141
6 105
166 265
53 152
188 287
193 292
105 204
68 167
0 99
2 101
29 128
26 125
167 266
29 128
189 288
164 263
146 245
139 238
160 259
168 267
187 286
186 285
145 244
121 220
185 284
61 160
113 212
163 262
93 192
126 225
161 260
141 240
50 149
172 271
81 180
191 290
84 183
172 271
42 141
92 191
16 115
78 177
116 215
54 153
185 284
134 233
98 197
35 134
83 182
77 176
168 267
193 292
98 197
159 258
136 235
193 292
143 242
54 153
157 256
197 296
7 106
40 139
197 296
137 236
95 194
96 195
6 105
196 295
133 232
93 192
107 206
83 182
167 266
9 108
161 260
41 140
70 169
124 223
7 106
153 252
37 136
139 238
8 107
107 206
130 229
119 218
181 280
152 251
54 153
147 246
135 234
179 278
59 158
121 220
157 256
118 217
5 104
109 208
169 268
143 242
186 285
111 210
107 206
193 292
30 129
68 167
44 143
2 101
44 143
40 139
147 246
6 105
172 271
170 269
2 101
166 265
44 143
137 236
92 191
30 129
49 148
78 177
147 246
3 102
43 142
173 272
60 159
49 148
139 238
150 249
166 265
31 130
29 128
6 105
142 241
178 277
157 256
12 111
107 206
10 109
167 266
42 141
13 112
193 292
63 162
40 139
87 186
99 198
58 157
32 131
63 162
115 214
156 255
45 144
144 243
25 124
67 166
35 134
54 153
175 274
75 174
191 290
163 262
60 159
63 162
18 117
140 239
28 127
128 227
143 242
152 251
131 230
73 172
136 235
113 212
94 193
95 194
101 200
41 140
181 280
18 117
14 113
114 213
92 191
184 283
73 172
114 213
16 115
115 214
27 126
177 276
78 177
48 147
189 288
68 167
190 289
108 207
147 246
94 193
100 199
9 108
31 130
13 112
195 294
75 174
197 296
35 134
119 218
196 295
157 256
36 135
41 140
116 215
84 183
174 273
110 209
75 174
168 267
110 209
63 162
185 284
153 252
186 285
139 238
39 138
81 180
147 246
39 138
27 126
81 180
104 203
63 162
94 193
105 204
178 277
65 164
154 253
113 212
157 256
78 177
65 164
132 231
114 213
191 290
48 147
13 112
126 225
168 267
144 243
150 249
150 249
50 149
45 144
180 279
183 282
20 119
63 162
88 187
187 286
66 165
148 247
176 275
39 138
112 211
14 113
59 158
107 206
8 107
27 126
53 152
62 161
31 130
142 241
21 120
117 216
91 190
59 158
48 147
73 172
53 152
136 235
106 205
79 178
104 203
144 243
49 148
37 136
93 192
142 241
151 250
187 286
115 214
110 209
32 131
176 275
11 110
170 269
108 207
192 291
99 198
135 234
85 184
141 240
50 149
48 147
26 125
137 236
47 146
127 226
68 167
182 281
68 167
113 212
27 126
4 103
143 242
183 282
87 186
55 154
146 245
8 107
24 123
179 278
15 114
161 260
6 105
77 176
40 139
135 234
187 286
53 152
183 282
128 227
169 268
135 234
50 149
37 136
168 267
24 123
27 126
196 295
125 224
18 117
19 118
19 118
174 273
5 104
105 204
17 116
159 258
42 141
17 116
80 179
51 150
144 243
71 170
40 139
149 248
60 159
51 150
67 166
50 149
88 187
193 292
81 180
72 171
184 283
124 223
29 128
176 275
5 104
25 124
165 264
50 149
138 237
21 120
34 133
166 265
180 279
36 135
108 207
183 282
147 246
43 142
108 207
79 178
57 156
136 235
107 206
94 193
115 214
67 166
25 124
170 269
153 252
178 277
36 135
84 183
188 287
102 201
122 221
117 216
80 179
157 256
154 253
197 296
184 283
95 194
188 287
82 181
49 148
175 274
195 294
117 216
79 178
31 130
22 121
180 279
146 245
187 286
80 179
101 200
123 222
171 270
8 107
79 178
45 144
166 265
152 251
113 212
113 212
32 131
3 102
97 196
73 172
109 208
183 282
44 143
22 121
187 286
70 169
121 220
149 248
95 194
156 255
39 138
74 173
14 113
8 107
26 125
19 118
50 149
134 233
172 271
197 296
179 278
10 109
23 122
127 226
83 182
54 153
3 102
6 105
27 126
160 259
188 287
124 223
188 287
11 110
102 201
36 135
74 173
60 159
157 256
33 132
176 275
84 183
17 116
169 268
159 258
189 288
30 129
121 220
137 236
172 271
112 211
115 214
52 151
78 177
149 248
60 159
77 176
15 114
35 134
185 284
161 260
163 262
160 259
20 119
35 134
106 205
91 190
77 176
94 193
92 191
76 175
0 99
112 211
161 260
162 261
34 133
64 163
49 148
130 229
146 245
141 240
112 211
194 293
56 155
195 294
174 273
179 278
130 229
5 104
53 152
141 240
49 148
34 133
75 174
129 228
26 125
40 139
56 155
73 172
155 254
175 274
0 99
147 246
186 285
28 127
103 202
78 177
91 190
36 135
62 161
174 273
197 296
112 211
35 134
178 277
180 279
193 292
70 169
195 294
57 156
142 241
164 263
24 123
125 224
172 271
77 176
6 105
43 142
81 180
51 150
58 157
186 285
133 232
64 163
123 222
99 198
95 194
172 271
63 162
72 171
164 263
46 145
66 165
106 205
7 106
103 202
158 257
172 271
184 283
62 161
179 278
194 293
2 101
13 112
63 162
121 220
113 212
171 270
149 248
124 223
165 264
47 146
121 220
38 137
124 223
117 216
189 288
185 284
134 233
182 281
68 167
175 274
171 270
129 228
57 156
118 217
7 106
169 268
4 103
185 284
118 217
4 103
98 197
116 215
5 104
144 243
43 142
33 132
97 196
0 99
143 242
171 270
191 290
167 266
195 294
193 292
45 144
2 101
117 216
14 113
40 139
54 153
18 117
25 124
10 109
143 242
64 163
3 102
61 160
188 287
107 206
148 247
179 278
94 193
134 233
119 218
60 159
2 101
181 280
131 230
11 110
27 126
187 286
4 103
139 238
80 179
153 252
47 146
37 136
118 217
114 213
170 269
172 271
101 200
102 201
158 257
94 193
116 215
35 134
102 201
155 254
128 227
43 142
150 249
29 128
134 233
44 143
21 120
143 242
84 183
98 197
153 252
64 163
178 277
31 130
105 204
191 290
66 165
196 295
148 247
31 130
69 168
149 248
47 146
122 221
48 147
129 228
135 234
162 261
38 137
59 158
92 191
145 244
175 274
7 106
58 157
136 235
85 184
52 151
61 160
109 208
3 102
94 193
164 263
186 285
136 235
121 220
185 284
51 150
186 285
4 103
143 242
92 191
175 274
36 135
159 258
8 107
153 252
123 222
191 290
195 294
178 277
105 204
2 101
46 145
125 224
35 134
66 165
56 155
60 159
9 108
43 142
43 142
140 239
43 142
36 135
165 264
187 286
181 280
84 183
171 270
76 175
189 288
10 109
80 179
15 114
138 237
66 165
72 171
197 296
30 129
115 214
130 229
151 250
161 260
55 154
89 188
180 279
48 147
141 240
160 259
157 256
0 99
93 192
156 255
88 187
56 155
21 120
158 257
183 282
163 262
5 104
42 141
63 162
24 123
143 242
141 240
176 275
115 214
27 126
165 264
161 260
11 110
36 135
131 230
106 205
2 101
88 187
101 200
96 195
158 257
38 137
174 273
76 175
147 246
185 284
30 129
185 284
136 235
34 133
126 225
121 220
123 222
55 154
163 262
74 173
45 144
88 187
188 287
148 247
85 184
67 166
133 232
47 146
19 118
64 163
33 132
186 285
102 201
59 158
65 164
123 222
166 265
175 274
29 128
78 177
71 170
74 173
179 278
86 185
93 192
18 117
94 193
150 249
184 283
132 231
8 107
0 99
30 129
17 116
47 146
49 148
176 275
113 212
40 139
178 277
109 208
24 123
58 157
174 273
197 296
89 188
30 129
49 148
46 145
184 283
144 243
41 140
191 290
28 127
19 118
185 284
24 123
14 113
98 197
96 195
149 248
99 198
146 245
66 165
149 248
142 241
17 116
159 258
185 284
79 178
11 110
86 185
101 200
110 209
83 182
191 290
180 279
41 140
113 212
5 104
97 196
89 188
171 270
190 289
44 143
139 238
80 179
84 183
16 115
99 198
29 128
14 113
190 289
130 229
39 138
112 211
83 182
48 147
167 266
43 142
141 240
130 229
129 228
197 296
109 208
191 290
26 125
40 139
164 263
189 288
97 196
84 183
193 292
40 139
171 270
172 271
111 210
20 119
110 209
75 174
17 116
105 204
37 136
104 203
157 256
105 204
104 203
47 146
173 272
48 147
41 140
40 139
134 233
27 126
32 131
196 295
94 193
139 238
152 251
62 161
113 212
84 183
65 164
58 157
65 164
180 279
56 155
58 157
59 158
109 208
18 117
68 167
95 194
107 206
20 119
23 122
42 141
37 136
24 123
106 205
189 288
43 142
110 209
158 257
154 253
146 245
94 193
68 167
121 220
6 105
77 176
157 256
40 139
189 288
191 290
21 120
47 146
107 206
1 100
27 126
100 199
171 270
109 208
119 218
98 197
5 104
110 209
70 169
12 111
21 120
43 142
193 292
146 245
107 206
50 149
83 182
183 282
154 253
18 117
179 278
54 153
175 274
63 162
16 115
39 138
94 193
149 248
21 120
84 183
96 195
116 215
101 200
153 252
147 246
139 238
79 178
120 219
29 128
53 152
84 183
60 159
17 116
106 205
4 103
100 199
30 129
92 191
74 173
190 289
18 117
32 131
89 188
138 237
125 224
62 161
8 107
132 231
99 198
178 277
187 286
10 109
2 101
30 129
131 230
117 216
14 113
142 241
191 290
104 203
94 193
18 117
100 199
136 235
143 242
116 215
32 131
121 220
180 279
54 153
74 173
82 181
75 174
154 253
169 268
2 101
191 290
29 128
80 179
34 133
136 235
135 234
196 295
159 258
61 160
87 186
184 283
83 182
86 185
130 229
66 165
55 154
168 267
126 225
122 221
100 199
124 223
120 219
115 214
192 291
19 118
132 231
67 166
23 122
151 250
151 250
14 113
65 164
46 145
43 142
170 269
101 200
58 157
156 255
154 253
154 253
73 172
87 186
60 159
185 284
60 159
158 257
70 169
166 265
123 222
118 217
115 214
171 270
135 234
49 148
194 293
142 241
177 276
103 202
87 186
7 106
95 194
173 272
177 276
92 191
84 183
16 115
21 120
177 276
141 240
40 139
60 159
181 280
101 200
48 147
71 170
186 285
108 207
147 246
90 189
38 137
59 158
34 133
91 190
192 291
52 151
9 108
18 117
12 111
125 224
163 262
128 227
143 242
123 222
81 180
144 243
43 142
109 208
133 232
97 196
14 113
73 172
59 158
28 127
118 217
146 245
157 256
197 296
27 126
81 180
79 178
29 128
145 244
94 193
65 164
72 171
53 152
164 263
132 231
195 294
32 131
163 262
22 121
77 176
99 198
73 172
24 123
185 284
143 242
170 269
109 208
35 134
32 131
53 152
12 111
3 102
187 286
173 272
9 108
87 186
17 116
19 118
70 169
82 181
147 246
183 282
144 243
94 193
128 227
88 187
109 208
121 220
68 167
82 181
138 237
158 257
128 227
99 198
15 114
178 277
171 270
64 163
98 197
141 240
101 200
137 236
148 247
20 119
23 122
50 149
82 181
37 136
121 220
53 152
61 160
52 151
14 113
191 290
131 230
44 143
117 216
92 191
134 233
173 272
13 112
149 248
177 276
29 128
68 167
52 151
140 239
170 269
105 204
137 236
190 289
73 172
114 213
85 184
30 129
49 148
118 217
132 231
98 197
110 209
92 191
60 159
102 201
74 173
98 197
36 135
12 111
169 268
86 185
80 179
39 138
161 260
3 102
38 137
111 210
1 100
44 143
146 245
18 117
101 200
73 172
143 242
62 161
104 203
22 121
191 290
59 158
101 200
154 253
27 126
70 169
173 272
70 169
74 173
61 160
139 238
51 150
6 105
128 227
55 154
105 204
127 226
81 180
30 129
55 154
124 223
191 290
73 172
167 266
181 280
14 113
121 220
76 175
161 260
46 145
75 174
194 293
21 120
28 127
146 245
153 252
5 104
107 206
15 114
116 215
59 158
88 187
57 156
110 209
86 185
20 119
149 248
13 112
43 142
122 221
145 244
117 216
18 117
112 211
6 105
84 183
48 147
133 232
81 180
99 198
36 135
7 106
182 281
9 108
77 176
138 237
19 118
190 289
87 186
189 288
63 162
170 269
33 132
2 101
112 211
32 131
160 259
112 211
189 288
45 144
195 294
71 170
57 156
77 176
8 107
113 212
98 197
42 141
8 107
105 204
183 282
93 192
192 291
195 294
18 117
34 133
125 224
24 123
10 109
31 130
100 199
173 272
13 112
189 288
195 294
61 160
66 165
148 247
169 268
1 100
45 144
152 251
195 294
63 162
160 259
83 182
1 100
185 284
10 109
116 215
46 145
181 280
96 195
133 232
166 265
110 209
147 246
10 109
174 273
145 244
154 253
99 198
13 112
193 292
141 240
89 188
193 292
45 144
72 171
14 113
149 248
154 253
52 151
96 195
43 142
49 148
73 172
89 188
83 182
153 252
174 273
46 145
144 243
190 289
105 204
80 179
32 131
97 196
11 110
93 192
132 231
61 160
90 189
30 129
183 282
22 121
44 143
45 144
89 188
177 276
131 230
13 112
7 106
56 155
174 273
114 213
187 286
153 252
76 175
71 170
21 120
176 275
193 292
72 171
79 178
115 214
160 259
143 242
134 233
165 264
16 115
192 291
184 283
141 240
131 230
104 203
143 242
3 102
171 270
43 142
145 244
92 191
44 143
168 267
165 264
53 152
175 274
13 112
68 167
49 148
138 237
192 291
2 101
95 194
137 236
57 156
166 265
194 293
45 144
184 283
22 121
184 283
103 202
166 265
34 133
19 118
69 168
190 289
101 200
148 247
53 152
173 272
60 159
144 243
11 110
67 166
117 216
30 129
195 294
123 222
1 100
101 200
108 207
68 167
109 208
27 126
4 103
10 109
122 221
103 202
126 225
180 279
16 115
106 205
121 220
183 282
150 249
87 186
148 247
76 175
108 207
131 230
33 132
176 275
32 131
195 294
135 234
119 218
134 233
9 108
69 168
56 155
10 109
137 236
176 275
141 240
133 232
156 255
115 214
98 197
16 115
143 242
102 201
125 224
19 118
190 289
156 255
150 249
195 294
50 149
159 258
69 168
43 142
147 246
41 140
32 131
160 259
160 259
147 246
55 154
167 266
94 193
180 279
62 161
114 213
148 247
132 231
30 129
16 115
116 215
39 138
57 156
195 294
35 134
138 237
68 167
179 278
59 158
172 271
92 191
68 167
51 150
84 183
7 106
147 246
80 179
69 168
26 125
80 179
149 248
189 288
8 107
158 257
115 214
85 184
42 141
32 131
189 288
183 282
46 145
139 238
102 201
91 190
65 164
64 163
66 165
80 179
177 276
22 121
58 157
90 189
49 148
117 216
151 250
66 165
119 218
103 202
57 156
154 253
52 151
89 188
97 196
44 143
120 219
58 157
26 125
8 107
6 105
119 218
34 133
142 241
100 199
75 174
103 202
83 182
62 161
74 173
90 189
21 120
32 131
30 129
128 227
120 219
171 270
92 191
30 129
88 187
190 289
165 264
130 229
33 132
28 127
72 171
183 282
100 199
153 252
97 196
112 211
138 237
64 163
86 185
172 271
12 111
38 137
60 159
131 230
121 220
169 268
141 240
111 210
15 114
150 249
147 246
81 180
130 229
104 203
110 209
146 245
28 127
147 246
186 285
86 185
37 136
28 127
69 168
76 175
9 108
18 117
101 200
143 242
181 280
80 179
142 241
162 261
67 166
140 239
20 119
145 244
142 241
51 150
76 175
103 202
106 205
116 215
164 263
34 133
15 114
28 127
39 138
123 222
9 108
51 150
177 276
29 128
6 105
179 278
58 157
6 105
59 158
181 280
184 283
5 104
52 151
81 180
26 125
71 170
38 137
98 197
191 290
101 200
66 165
156 255
102 201
166 265
59 158
75 174
180 279
158 257
48 147
94 193
72 171
147 246
127 226
38 137
128 227
82 181
15 114
78 177
53 152
101 200
70 169
48 147
195 294
42 141
136 235
133 232
36 135
167 266
50 149
52 151
111 210
194 293
60 159
39 138
196 295
62 161
130 229
32 131
106 205
13 112
48 147
143 242
51 150
131 230
156 255
152 251
140 239
54 153
33 132
71 170
185 284
47 146
29 128
15 114
150 249
7 106
122 221
71 170
168 267
181 280
125 224
76 175
197 296
61 160
169 268
26 125
188 287
4 103
80 179
178 277
162 261
77 176
135 234
27 126
26 125
171 270
84 183
94 193
150 249
43 142
113 212
157 256
175 274
23 122
117 216
195 294
57 156
161 260
194 293
38 137
149 248
133 232
73 172
104 203
49 148
59 158
77 176
151 250
143 242
188 287
16 115
112 211
97 196
57 156
49 148
151 250
162 261
43 142
67 166
54 153
14 113
11 110
115 214
101 200
22 121
159 258
172 271
189 288
195 294
99 198
180 279
179 278
34 133
36 135
38 137
165 264
1 100
73 172
150 249
50 149
150 249
147 246
41 140
53 152
130 229
56 155
112 211
59 158
116 215
181 280
56 155
26 125
6 105
136 235
192 291
45 144
157 256
128 227
79 178
84 183
110 209
63 162
122 221
138 237
163 262
81 180
19 118
77 176
103 202
170 269
120 219
167 266
148 247
39 138
193 292
60 159
31 130
150 249
59 158
31 130
177 276
192 291
182 281
34 133
136 235
167 266
125 224
121 220
80 179
20 119
57 156
55 154
106 205
79 178
43 142
103 202
196 295
11 110
65 164
103 202
24 123
156 255
194 293
97 196
153 252
61 160
46 145
190 289
130 229
112 211
170 269
84 183
72 171
105 204
46 145
135 234
186 285
38 137
189 288
7 106
116 215
142 241
81 180
121 220
179 278
61 160
140 239
102 201
56 155
131 230
5 104
22 121
194 293
114 213
117 216
144 243
25 124
140 239
184 283
65 164
117 216
24 123
165 264
140 239
65 164
109 208
160 259
97 196
145 244
2 101
104 203
22 121
23 122
182 281
53 152
139 238
164 263
40 139
181 280
173 272
194 293
104 203
121 220
48 147
180 279
158 257
186 285
48 147
192 291
119 218
106 205
26 125
167 266
82 181
133 232
177 276
23 122
139 238
98 197
131 230
169 268
185 284
6 105
54 153
144 243
29 128
116 215
29 128
164 263
145 244
48 147
68 167
66 165
165 264
115 214
43 142
177 276
7 106
23 122
52 151
31 130
130 229
169 268
169 268
194 293
19 118
10 109
24 123
176 275
101 200
138 237
40 139
107 206
107 206
96 195
51 150
11 110
66 165
26 125
68 167
173 272
138 237
104 203
96 195
192 291
133 232
138 237
119 218
130 229
195 294
64 163
2 101
186 285
103 202
137 236
28 127
41 140
178 277
11 110
91 190
21 120
23 122
50 149
33 132
20 119
49 148
170 269
87 186
55 154
23 122
113 212
173 272
59 158
95 194
47 146
105 204
133 232
123 222
166 265
187 286
24 123
105 204
14 113
20 119
124 223
44 143
74 173
133 232
190 289
76 175
37 136
98 197
87 186
74 173
85 184
85 184
148 247
182 281
190 289
133 232
96 195
64 163
2 101
188 287
116 215
107 206
1 100
196 295
161 260
47 146
9 108
26 125
153 252
12 111
114 213
55 154
170 269
142 241
174 273
33 132
96 195
153 252
47 146
13 112
94 193
136 235
82 181
85 184
39 138
69 168
159 258
24 123
23 122
153 252
129 228
156 255
114 213
56 155
80 179
78 177
89 188
53 152
172 271
152 251
184 283
51 150
19 118
190 289
155 254
3 102
1 100
42 141
174 273
177 276
47 146
175 274
90 189
13 112
157 256
187 286
31 130
6 105
156 255
100 199
5 104
54 153
19 118
6 105
137 236
103 202
15 114
26 125
108 207
172 271
41 140
32 131
191 290
143 242
11 110
181 280
23 122
125 224
121 220
55 154
107 206
140 239
145 244
79 178
116 215
50 149
34 133
34 133
161 260
101 200
79 178
69 168
71 170
45 144
80 179
123 222
80 179
139 238
178 277
110 209
12 111
57 156
183 282
169 268
95 194
63 162
59 158
26 125
167 266
144 243
177 276
99 198
74 173
48 147
129 228
115 214
142 241
73 172
60 159
49 148
7 106
9 108
113 212
74 173
174 273
79 178
92 191
152 251
148 247
28 127
145 244
88 187
128 227
130 229
192 291
184 283
29 128
175 274
34 133
104 203
114 213
158 257
9 108
158 257
159 258
193 292
16 115
120 219
152 251
97 196
53 152
120 219
85 184
67 166
98 197
193 292
47 146
189 288
177 276
64 163
185 284
61 160
141 240
25 124
54 153
31 130
85 184
70 169
183 282
45 144
186 285
120 219
191 290
52 151
53 152
54 153
83 182
60 159
147 246
81 180
55 154
163 262
36 135
136 235
115 214
138 237
1 100
115 214
105 204
43 142
183 282
85 184
7 106
175 274
109 208
129 228
103 202
46 145
151 250
12 111
80 179
166 265
173 272
15 114
160 259
144 243
5 104
17 116
130 229
37 136
172 271
165 264
61 160
146 245
83 182
180 279
144 243
87 186
129 228
176 275
154 253
59 158
125 224
158 257
90 189
195 294
45 144
144 243
5 104
87 186
0 99
82 181
145 244
97 196
147 246
117 216
72 171
120 219
123 222
169 268
101 200
123 222
155 254
196 295
152 251
117 216
107 206
26 125
49 148
126 225
29 128
106 205
53 152
158 257
22 121
82 181
133 232
99 198
32 131
128 227
130 229
180 279
168 267
77 176
180 279
132 231
52 151
30 129
89 188
73 172
6 105
47 146
145 244
126 225
195 294
99 198
78 177
142 241
86 185
163 262
10 109
100 199
89 188
8 107
87 186
0 99
96 195
51 150
120 219
140 239
144 243
12 111
98 197
151 250
64 163
14 113
4 103
146 245
181 280
26 125
122 221
18 117
106 205
127 226
61 160
112 211
148 247
179 278
117 216
31 130
88 187
22 121
61 160
110 209
13 112
62 161
0 99
111 210
188 287
58 157
140 239
113 212
176 275
102 201
151 250
25 124
189 288
89 188
141 240
6 105
35 134
158 257
119 218
196 295
90 189
108 207
134 233
82 181
135 234
112 211
99 198
90 189
72 171
157 256
73 172
162 261
185 284
109 208
28 127
97 196
140 239
39 138
8 107
63 162
195 294
38 137
14 113
159 258
16 115
16 115
119 218
146 245
170 269
164 263
103 202
94 193
181 280
121 220
143 242
96 195
14 113
171 270
63 162
6 105
90 189
35 134
150 249
35 134
82 181
64 163
22 121
109 208
145 244
103 202
142 241
196 295
141 240
189 288
169 268
190 289
91 190
107 206
152 251
114 213
149 248
97 196
60 159
51 150
5 104
156 255
99 198
186 285
97 196
151 250
195 294
33 132
73 172
93 192
8 107
8 107
193 292
141 240
35 134
184 283
122 221
139 238
152 251
172 271
4 103
80 179
133 232
110 209
54 153
4 103
39 138
72 171
185 284
153 252
117 216
117 216
145 244
195 294
133 232
183 282
136 235
72 171
101 200
123 222
110 209
6 105
20 119
186 285
100 199
14 113
67 166
116 215
54 153
117 216
20 119
181 280
101 200
190 289
70 169
195 294
55 154
111 210
181 280
60 159
189 288
55 154
36 135
148 247
58 157
69 168
46 145
176 275
54 153
19 118
39 138
107 206
146 245
38 137
8 107
55 154
43 142
31 130
164 263
160 259
66 165
65 164
173 272
174 273
83 182
83 182
152 251
17 116
193 292
125 224
167 266
95 194
10 109
73 172
180 279
47 146
34 133
34 133
166 265
74 173
2 101
123 222
60 159
185 284
44 143
153 252
197 296
104 203
130 229
155 254
71 170
137 236
136 235
75 174
55 154
149 248
163 262
176 275
74 173
11 110
55 154
171 270
125 224
145 244
29 128
34 133
68 167
127 226
113 212
43 142
113 212
98 197
127 226
25 124
47 146
102 201
192 291
54 153
104 203
187 286
38 137
76 175
45 144
149 248
41 140
180 279
160 259
104 203
136 235
107 206
103 202
171 270
94 193
93 192
76 175
4 103
143 242
122 221
160 259
90 189
20 119
73 172
37 136
189 288
163 262
174 273
82 181
8 107
162 261
33 132
164 263
4 103
194 293
37 136
66 165
22 121
110 209
24 123
134 233
174 273
101 200
49 148
71 170
56 155
119 218
50 149
93 192
113 212
6 105
177 276
87 186
62 161
58 157
82 181
139 238
160 259
188 287
126 225
122 221
124 223
131 230
127 226
190 289
116 215
59 158
185 284
107 206
191 290
115 214
7 106
74 173
188 287
151 250
190 289
141 240
40 139
181 280
125 224
160 259
118 217
195 294
173 272
16 115
176 275
29 128
44 143
158 257
21 120
103 202
49 148
64 163
110 209
175 274
98 197
157 256
145 244
70 169
43 142
98 197
128 227
183 282
171 270
66 165
67 166
116 215
152 251
86 185
126 225
1 100
21 120
47 146
134 233
29 128
27 126
101 200
163 262
197 296
193 292
183 282
171 270
174 273
36 135
173 272
90 189
75 174
116 215
13 112
128 227
50 149
162 261
175 274
187 286
8 107
10 109
167 266
175 274
130 229
177 276
159 258
69 168
20 119
98 197
184 283
80 179
4 103
14 113
70 169
82 181
184 283
17 116
93 192
25 124
175 274
197 296
54 153
12 111
96 195
191 290
29 128
187 286
110 209
166 265
62 161
75 174
117 216
163 262
83 182
10 109
103 202
155 254
46 145
155 254
13 112
15 114
192 291
180 279
188 287
108 207
78 177
138 237
43 142
39 138
10 109
119 218
65 164
59 158
43 142
161 260
51 150
153 252
188 287
147 246
70 169
18 117
115 214
128 227
12 111
35 134
47 146
189 288
55 154
83 182
5 104
103 202
167 266
124 223
61 160
98 197
111 210
20 119
7 106
180 279
108 207
53 152
23 122
143 242
82 181
119 218
14 113
182 281
29 128
21 120
45 144
98 197
69 168
91 190
111 210
60 159
193 292
184 283
15 114
35 134
88 187
166 265
52 151
19 118
92 191
76 175
163 262
180 279
21 120
190 289
72 171
18 117
182 281
186 285
179 278
147 246
134 233
16 115
71 170
69 168
115 214
75 174
96 195
189 288
11 110
97 196
147 246
170 269
91 190
66 165
12 111
117 216
133 232
59 158
166 265
176 275
4 103
162 261
184 283
40 139
56 155
29 128
145 244
166 265
25 124
110 209
61 160
89 188
191 290
139 238
31 130
80 179
63 162
152 251
125 224
32 131
151 250
173 272
23 122
185 284
150 249
142 241
3 102
113 212
72 171
143 242
59 158
42 141
57 156
4 103
47 146
83 182
74 173
73 172
123 222
62 161
65 164
50 149
32 131
133 232
61 160
18 117
54 153
91 190
80 179
80 179
44 143
160 259
56 155
139 238
107 206
140 239
115 214
65 164
73 172
90 189
26 125
183 282
57 156
74 173
159 258
143 242
32 131
148 247
104 203
128 227
172 271
116 215
145 244
93 192
124 223
126 225
151 250
137 236
152 251
197 296
95 194
107 206
36 135
170 269
30 129
144 243
88 187
40 139
91 190
69 168
3 102
47 146
78 177
119 218
182 281
36 135
85 184
69 168
154 253
29 128
11 110
162 261
23 122
172 271
28 127
48 147
133 232
185 284
32 131
55 154
3 102
181 280
85 184
68 167
154 253
13 112
9 108
120 219
85 184
55 154
28 127
68 167
76 175
170 269
109 208
32 131
75 174
117 216
3 102
192 291
30 129
124 223
135 234
52 151
94 193
57 156
7 106
50 149
111 210
163 262
168 267
145 244
89 188
38 137
75 174
35 134
151 250
182 281
15 114
66 165
40 139
54 153
157 256
18 117
76 175
85 184
93 192
99 198
25 124
43 142
83 182
76 175
151 250
75 174
122 221
5 104
91 190
1 100
18 117
39 138
44 143
127 226
59 158
138 237
95 194
183 282
126 225
154 253
171 270
53 152
88 187
111 210
114 213
30 129
64 163
51 150
130 229
81 180
134 233
119 218
37 136
34 133
107 206
145 244
93 192
130 229
44 143
48 147
146 245
67 166
131 230
58 157
71 170
9 108
145 244
146 245
150 249
30 129
192 291
25 124
159 258
8 107
176 275
134 233
106 205
77 176
179 278
0 99
85 184
187 286
38 137
89 188
96 195
54 153
142 241
73 172
151 250
156 255
192 291
21 120
100 199
66 165
103 202
114 213
84 183
13 112
166 265
26 125
77 176
52 151
105 204
111 210
174 273
147 246
170 269
107 206
56 155
67 166
185 284
32 131
174 273
187 286
148 247
187 286
168 267
60 159
6 105
51 150
119 218
29 128
161 260
167 266
54 153
102 201
155 254
9 108
77 176
167 266
58 157
122 221
51 150
144 243
133 232
106 205
159 258
190 289
102 201
16 115
173 272
120 219
23 122
145 244
113 212
115 214
186 285
191 290
28 127
75 174
189 288
165 264
42 141
152 251
49 148
66 165
106 205
67 166
15 114
193 292
45 144
76 175
145 244
62 161
197 296
160 259
59 158
147 246
173 272
60 159
149 248
150 249
163 262
67 166
110 209
78 177
26 125
32;156504
125 224
172 271
156 255
103 202
101 200
96 195
132 231
180 279
124 223
165 264
142 241
44 143
94 193
117 216
23 122
138 237
70 169
191 290
13 112
162 261
107 206
90 189
78 177
103 202
155 254
20 119
34 133
30 129
126 225
27 126
148 247
171 270
133 232
194 293
115 214
15 114
105 204
146 245
51 150
29 128
133 232
17 116
87 186
27 126
140 239
0 99
74 173
179 278
159 258
23 122
126 225
8 107
8 107
33 132
159 258
10 109
146 245
103 202
171 270
14 113
50 149
102 201
134 233
82 181
178 277
113 212
60 159
12 111
40 139
88 187
137 236
38 137
133 232
22 121
165 264
52 151
175 274
193 292
39 138
0 99
103 202
78 177
173 272
48 147
129 228
45 144
21 120
25 124
50 149
47 146
131 230
45 144
122 221
174 273
54 153
193 292
118 217
27 126
107 206
30 129
24 123
48 147
24 123
22 121
52 151
169 268
166 265
1 100
65 164
184 283
112 211
12 111
161 260
63 162
168 267
11 110
27 126
64 163
29 128
3 102
71 170
166 265
144 243
33 132
58 157
148 247
172 271
67 166
88 187
29 128
29 128
2 101
128 227
42 141
18 117
55 154
17 116
132 231
144 243
126 225
153 252
6 105
88 187
44 143
148 247
147 246
67 166
14 113
92 191
88 187
126 225
191 290
160 259
70 169
138 237
40 139
25 124
174 273
160 259
97 196
31 130
146 245
8 107
49 148
114 213
160 259
180 279
194 293
168 267
196 295
180 279
20 119
76 175
16 115
167 266
192 291
57 156
62 161
33 132
21 120
46 145
8 107
164 263
96 195
29 128
163 262
81 180
92 191
60 159
92 191
78 177
137 236
179 278
79 178
192 291
134 233
68 167
96 195
143 242
81 180
23 122
112 211
19 118
159 258
143 242
85 184
33 132
190 289
149 248
147 246
167 266
5 104
155 254
120 219
120 219
105 204
81 180
31 130
68 167
65 164
63 162
41 140
150 249
196 295
155 254
89 188
126 225
27 126
105 204
84 183
141 240
31 130
84 183
189 288
82 181
74 173
144 243
196 295
52 151
54 153
194 293
6 105
33 132
72 171
111 210
132 231
190 289
78 177
16 115
40 139
83 182
113 212
175 274
195 294
29 128
54 153
49 148
55 154
55 154
50 149
23 122
69 168
167 266
20 119
25 124
21 120
25 124
178 277
188 287
111 210
21 120
182 281
69 168
4 103
82 181
91 190
58 157
182 281
151 250
191 290
65 164
18 117
164 263
27 126
172 271
37 136
145 244
4 103
35 134
184 283
190 289
138 237
127 226
134 233
96 195
9 108
137 236
159 258
94 193
17 116
16 115
79 178
42 141
164 263
136 235
191 290
107 206
41 140
112 211
119 218
96 195
175 274
73 172
197 296
28 127
87 186
129 228
117 216
84 183
74 173
19 118
174 273
16 115
142 241
169 268
103 202
160 259
181 280
73 172
170 269
69 168
181 280
193 292
142 241
100 199
87 186
135 234
111 210
170 269
161 260
88 187
29 128
138 237
82 181
185 284
95 194
180 279
128 227
157 256
149 248
103 202
63 162
66 165
50 149
152 251
59 158
17 116
80 179
182 281
174 273
98 197
87 186
106 205
107 206
61 160
71 170
60 159
133 232
70 169
40 139
106 205
151 250
33 132
168 267
120 219
143 242
53 152
88 187
157 256
145 244
194 293
190 289
38 137
97 196
56 155
119 218
145 244
29 128
9 108
114 213
65 164
176 275
96 195
164 263
108 207
67 166
38 137
64 163
13 112
187 286
49 148
39 138
51 150
9 108
179 278
9 108
79 178
38 137
96 195
156 255
166 265
119 218
70 169
90 189
164 263
1 100
192 291
75 174
24 123
128 227
86 185
140 239
152 251
99 198
74 173
191 290
116 215
173 272
71 170
174 273
27 126
134 233
1 100
108 207
115 214
189 288
1 100
23 122
119 218
66 165
116 215
71 170
145 244
176 275
51 150
100 199
148 247
158 257
48 147
109 208
15 114
160 259
85 184
44 143
58 157
196 295
32 131
101 200
129 228
110 209
89 188
66 165
112 211
93 192
44 143
37 136
79 178
141 240
35 134
141 240
75 174
3 102
179 278
4 103
157 256
186 285
165 264
80 179
41 140
27 126
189 288
91 190
57 156
8 107
171 270
20 119
99 198
96 195
8 107
1 100
10 109
61 160
73 172
106 205
173 272
67 166
193 292
67 166
127 226
53 152
134 233
106 205
82 181
42 141
185 284
20 119
196 295
25 124
60 159
45 144
20 119
164 263
5 104
58 157
147 246
61 160
167 266
39 138
147 246
128 227
6 105
112 211
126 225
143 242
50 149
193 292
145 244
8 107
148 247
17 116
172 271
87 186
127 226
20 119
87 186
3 102
15 114
117 216
45 144
186 285
96 195
80 179
29 128
57 156
105 204
149 248
156 255
99 198
76 175
75 174
83 182
160 259
76 175
173 272
185 284
181 280
61 160
7 106
94 193
65 164
66 165
17 116
189 288
76 175
125 224
164 263
158 257
103 202
189 288
177 276
13 112
190 289
58 157
81 180
187 286
104 203
150 249
107 206
190 289
0 99
177 276
149 248
105 204
163 262
59 158
179 278
104 203
197 296
150 249
10 109
145 244
23 122
19 118
53 152
142 241
80 179
188 287
146 245
20 119
86 185
75 174
82 181
134 233
175 274
154 253
7 106
175 274
101 200
82 181
35 134
185 284
110 209
156 255
135 234
24 123
46 145
17 116
42 141
178 277
144 243
140 239
99 198
63 162
179 278
46 145
64 163
13 112
92 191
179 278
124 223
102 201
19 118
145 244
145 244
184 283
112 211
61 160
64 163
92 191
177 276
6 105
75 174
84 183
117 216
143 242
140 239
75 174
184 283
33 132
1 100
196 295
122 221
9 108
94 193
197 296
53 152
29 128
40 139
38 137
11 110
126 225
111 210
174 273
4 103
129 228
99 198
145 244
187 286
5 104
161 260
90 189
10 109
166 265
14 113
11 110
191 290
86 185
55 154
31 130
186 285
130 229
135 234
84 183
27 126
117 216
47 146
145 244
71 170
176 275
65 164
121 220
97 196
144 243
135 234
111 210
130 229
88 187
5 104
76 175
35 134
91 190
176 275
164 263
56 155
0 99
189 288
28 127
95 194
27 126
84 183
113 212
106 205
12 111
183 282
57 156
137 236
41 140
1 100
81 180
177 276
111 210
86 185
109 208
35 134
169 268
1 100
162 261
94 193
169 268
28 127
95 194
5 104
87 186
35 134
31 130
193 292
133 232
123 222
27 126
21 120
178 277
143 242
123 222
87 186
168 267
121 220
66 165
196 295
9 108
152 251
73 172
74 173
94 193
27 126
75 174
134 233
78 177
111 210
13 112
161 260
186 285
149 248
184 283
35 134
83 182
5 104
85 184
140 239
118 217
144 243
125 224
64 163
116 215
70 169
131 230
100 199
6 105
32 131
88 187
130 229
47 146
173 272
67 166
150 249
105 204
157 256
183 282
189 288
60 159
131 230
104 203
3 102
25 124
94 193
38 137
175 274
68 167
191 290
136 235
73 172
152 251
82 181
3 102
126 225
155 254
0 99
136 235
43 142
26 125
65 164
181 280
161 260
1 100
18 117
86 185
56 155
69 168
97 196
70 169
162 261
90 189
0 99
92 191
168 267
122 221
187 286
19 118
170 269
142 241
66 165
66 165
8 107
126 225
73 172
56 155
78 177
118 217
65 164
34 133
74 173
2 101
181 280
60 159
63 162
166 265
35 134
197 296
193 292
109 208
172 271
75 174
51 150
104 203
7 106
61 160
94 193
197 296
194 293
3 102
66 165
155 254
174 273
147 246
70 169
41 140
1 100
12 111
140 239
94 193
34 133
32 131
73 172
73 172
178 277
98 197
27 126
10 109
44 143
150 249
78 177
84 183
65 164
70 169
45 144
130 229
188 287
70 169
115 214
14 113
40 139
24 123
85 184
9 108
176 275
26 125
0 99
23 122
117 216
131 230
104 203
84 183
64 163
8 107
152 251
73 172
50 149
83 182
136 235
182 281
63 162
6 105
32 131
167 266
58 157
182 281
37 136
78 177
178 277
142 241
149 248
101 200
128 227
14 113
55 154
85 184
160 259
34 133
188 287
154 253
123 222
37 136
130 229
136 235
157 256
103 202
85 184
63 162
87 186
27 126
113 212
111 210
59 158
88 187
119 218
70 169
32 131
142 241
91 190
73 172
173 272
83 182
57 156
101 200
14 113
170 269
45 144
167 266
145 244
36 135
75 174
4 103
196 295
76 175
143 242
179 278
176 275
28 127
193 292
141 240
33 132
63 162
56 155
167 266
146 245
82 181
47 146
126 225
61 160
133 232
194 293
50 149
10 109
31 130
109 208
52 151
103 202
184 283
175 274
189 288
146 245
55 154
4 103
136 235
7 106
73 172
70 169
134 233
54 153
197 296
47 146
163 262
142 241
93 192
37 136
180 279
148 247
94 193
140 239
145 244
88 187
190 289
56 155
144 243
71 170
172 271
180 279
40 139
75 174
26 125
81 180
170 269
95 194
15 114
109 208
119 218
78 177
108 207
131 230
196 295
36 135
73 172
168 267
55 154
176 275
167 266
141 240
4 103
178 277
92 191
151 250
126 225
1 100
113 212
121 220
74 173
185 284
71 170
70 169
156 255
21 120
186 285
60 159
167 266
86 185
164 263
14 113
129 228
48 147
92 191
45 144
23 122
169 268
121 220
40 139
79 178
110 209
63 162
79 178
96 195
173 272
73 172
157 256
158 257
99 198
39 138
60 159
107 206
127 226
3 102
138 237
107 206
124 223
24 123
130 229
57 156
134 233
183 282
59 158
139 238
127 226
111 210
6 105
189 288
186 285
55 154
14 113
175 274
175 274
14 113
193 292
79 178
37 136
77 176
73 172
188 287
120 219
51 150
160 259
121 220
145 244
123 222
114 213
137 236
53 152
144 243
122 221
94 193
34 133
151 250
173 272
83 182
148 247
28 127
148 247
111 210
74 173
117 216
53 152
150 249
51 150
145 244
8 107
85 184
128 227
27 126
27 126
34 133
112 211
38 137
13 112
16 115
38 137
99 198
127 226
27 126
195 294
160 259
92 191
109 208
150 249
15 114
162 261
190 289
21 120
165 264
5 104
106 205
174 273
104 203
57 156
8 107
71 170
186 285
98 197
57 156
33 132
71 170
20 119
184 283
130 229
148 247
170 269
142 241
158 257
72 171
0 99
110 209
182 281
187 286
38 137
109 208
137 236
112 211
191 290
147 246
142 241
79 178
24 123
47 146
73 172
155 254
120 219
165 264
152 251
182 281
188 287
27 126
108 207
176 275
55 154
5 104
53 152
3 102
188 287
151 250
192 291
129 228
139 238
107 206
155 254
115 214
148 247
41 140
187 286
1 100
162 261
184 283
78 177
111 210
65 164
64 163
118 217
108 207
144 243
169 268
124 223
64 163
126 225
144 243
168 267
8 107
194 293
186 285
31 130
29 128
39 138
36 135
73 172
69 168
31 130
102 201
124 223
165 264
130 229
123 222
160 259
179 278
9 108
135 234
174 273
180 279
104 203
192 291
62 161
18 117
33 132
63 162
156 255
119 218
177 276
176 275
57 156
68 167
140 239
105 204
35 134
49 148
191 290
121 220
90 189
101 200
171 270
196 295
128 227
185 284
85 184
55 154
135 234
33 132
47 146
62 161
124 223
149 248
121 220
10 109
30 129
45 144
100 199
172 271
92 191
93 192
182 281
55 154
145 244
85 184
164 263
115 214
94 193
28 127
101 200
122 221
18 117
4 103
167 266
171 270
91 190
32 131
0 99
161 260
7 106
109 208
112 211
165 264
175 274
161 260
15 114
53 152
168 267
7 106
50 149
101 200
20 119
85 184
162 261
170 269
168 267
87 186
194 293
168 267
10 109
179 278
54 153
143 242
161 260
69 168
167 266
70 169
115 214
22 121
110 209
197 296
27 126
131 230
139 238
57 156
189 288
196 295
56 155
71 170
113 212
26 125
17 116
57 156
197 296
153 252
192 291
97 196
57 156
186 285
79 178
98 197
43 142
67 166
32 131
47 146
150 249
182 281
155 254
69 168
55 154
51 150
69 168
56 155
170 269
195 294
129 228
161 260
108 207
24 123
194 293
61 160
81 180
158 257
31 130
109 208
169 268
149 248
7 106
104 203
105 204
76 175
126 225
13 112
14 113
88 187
95 194
175 274
68 167
106 205
144 243
90 189
177 276
75 174
65 164
63 162
147 246
170 269
21 120
86 185
42 141
47 146
185 284
62 161
48 147
170 269
36 135
80 179
124 223
51 150
46 145
34 133
104 203
169 268
153 252
84 183
11 110
13 112
20 119
47 146
100 199
105 204
93 192
192 291
11 110
126 225
49 148
155 254
18 117
122 221
84 183
147 246
10 109
47 146
144 243
17 116
55 154
121 220
137 236
68 167
20 119
54 153
92 191
1 100
149 248
107 206
21 120
84 183
96 195
160 259
196 295
184 283
161 260
176 275
4 103
144 243
83 182
56 155
34 133
155 254
102 201
93 192
154 253
110 209
52 151
102 201
111 210
197 296
14 113
13 112
8 107
51 150
15 114
191 290
176 275
40 139
35 134
193 292
2 101
59 158
124 223
96 195
184 283
121 220
169 268
16 115
166 265
180 279
132 231
182 281
15 114
56 155
46 145
150 249
116 215
157 256
182 281
170 269
154 253
39 138
157 256
63 162
2 101
170 269
155 254
138 237
21 120
116 215
1 100
159 258
130 229
77 176
171 270
91 190
186 285
18 117
111 210
8 107
0 99
195 294
8 107
51 150
133 232
165 264
100 199
51 150
39 138
107 206
36 135
150 249
191 290
143 242
194 293
15 114
156 255
82 181
22 121
96 195
186 285
53 152
70 169
50 149
42 141
105 204
77 176
147 246
7 106
22 121
157 256
42 141
159 258
95 194
183 282
164 263
169 268
145 244
58 157
104 203
106 205
42 141
107 206
128 227
34 133
190 289
103 202
186 285
82 181
3 102
86 185
197 296
38 137
18 117
193 292
128 227
116 215
5 104
108 207
4 103
185 284
99 198
121 220
117 216
68 167
194 293
64 163
144 243
180 279
110 209
167 266
60 159
188 287
143 242
118 217
155 254
120 219
172 271
194 293
34 133
70 169
111 210
144 243
35 134
19 118
118 217
19 118
9 108
168 267
150 249
42 141
88 187
133 232
163 262
170 269
9 108
51 150
126 225
1 100
148 247
114 213
150 249
162 261
104 203
140 239
39 138
180 279
12 111
187 286
168 267
30 129
66 165
77 176
138 237
120 219
19 118
9 108
102 201
4 103
5 104
182 281
32 131
38 137
72 171
147 246
56 155
1 100
103 202
193 292
75 174
70 169
64 163
163 262
165 264
156 255
22 121
65 164
101 200
119 218
15 114
121 220
125 224
22 121
184 283
11 110
113 212
193 292
178 277
77 176
41 140
6 105
102 201
95 194
94 193
34 133
44 143
71 170
129 228
181 280
33 132
33 132
21 120
20 119
58 157
17 116
6 105
108 207
132 231
148 247
9 108
78 177
80 179
15 114
130 229
193 292
18 117
50 149
115 214
88 187
11 110
161 260
129 228
154 253
62 161
65 164
37 136
146 245
55 154
161 260
181 280
16 115
168 267
16 115
47 146
140 239
166 265
145 244
133 232
187 286
188 287
44 143
79 178
155 254
175 274
35 134
174 273
105 204
99 198
187 286
157 256
139 238
74 173
89 188
170 269
123 222
2 101
184 283
168 267
73 172
163 262
63 162
133 232
118 217
32 131
70 169
37 136
87 186
82 181
4 103
68 167
11 110
5 104
168 267
89 188
171 270
123 222
49 148
28 127
172 271
20 119
92 191
28 127
108 207
6 105
0 99
76 175
142 241
145 244
4 103
173 272
27 126
113 212
179 278
169 268
104 203
45 144
35 134
167 266
117 216
180 279
13 112
108 207
141 240
125 224
18 117
76 175
179 278
160 259
105 204
184 283
177 276
136 235
148 247
44 143
182 281
48 147
149 248
126 225
109 208
13 112
157 256
40 139
79 178
18 117
25 124
22 121
70 169
155 254
143 242
39 138
34 133
0 99
88 187
145 244
5 104
111 210
194 293
21 120
164 263
32 131
175 274
134 233
48 147
61 160
46 145
7 106
68 167
46 145
12 111
95 194
87 186
62 161
141 240
178 277
194 293
65 164
20 119
8 107
169 268
33 132
155 254
120 219
155 254
96 195
51 150
63 162
123 222
144 243
119 218
156 255
182 281
137 236
193 292
139 238
136 235
91 190
64 163
3 102
18 117
23 122
31 130
4 103
6 105
19 118
88 187
36 135
56 155
72 171
51 150
194 293
170 269
106 205
63 162
25 124
109 208
125 224
96 195
113 212
82 181
16 115
158 257
169 268
13 112
80 179
139 238
140 239
119 218
182 281
46 145
5 104
180 279
25 124
96 195
7 106
84 183
190 289
36 135
43 142
107 206
95 194
196 295
143 242
36 135
36 135
122 221
108 207
39 138
161 260
107 206
23 122
4 103
53 152
150 249
47 146
104 203
100 199
189 288
75 174
1 100
34 133
142 241
27 126
33 132
192 291
33 132
17 116
119 218
1 100
61 160
69 168
50 149
130 229
110 209
94 193
144 243
29 128
3 102
135 234
3 102
15 114
159 258
133 232
60 159
126 225
57 156
83 182
27 126
86 185
39 138
61 160
193 292
115 214
118 217
33 132
130 229
152 251
112 211
90 189
10 109
192 291
99 198
53 152
197 296
49 148
85 184
180 279
118 217
49 148
38 137
90 189
36 135
88 187
37 136
114 213
43 142
76 175
162 261
152 251
27 126
165 264
58 157
153 252
25 124
133 232
17 116
25 124
49 148
113 212
38 137
88 187
139 238
48 147
97 196
95 194
100 199
146 245
130 229
110 209
1 100
76 175
146 245
131 230
183 282
24 123
88 187
5 104
28 127
133 232
85 184
153 252
15 114
50 149
189 288
9 108
134 233
92 191
54 153
184 283
72 171
167 266
155 254
93 192
150 249
100 199
176 275
69 168
157 256
65 164
84 183
87 186
61 160
88 187
151 250
11 110
120 219
197 296
3 102
89 188
40 139
68 167
99 198
148 247
75 174
85 184
97 196
20 119
177 276
148 247
48 147
187 286
108 207
92 191
38 137
139 238
97 196
110 209
155 254
134 233
112 211
64 163
57 156
83 182
99 198
157 256
182 281
9 108
12 111
149 248
85 184
85 184
34 133
78 177
158 257
72 171
130 229
117 216
88 187
139 238
102 201
103 202
28 127
46 145
14 113
93 192
32 131
52 151
80 179
13 112
173 272
96 195
108 207
195 294
57 156
143 242
64 163
19 118
133 232
187 286
14 113
67 166
189 288
114 213
109 208
11 110
190 289
86 185
61 160
79 178
36 135
189 288
1 100
0 99
196 295
162 261
158 257
157 256
52 151
15 114
69 168
37 136
193 292
53 152
126 225
154 253
147 246
5 104
40 139
49 148
179 278
70 169
117 216
126 225
188 287
164 263
161 260
187 286
63 162
162 261
19 118
120 219
189 288
67 166
185 284
91 190
18 117
17 116
43 142
45 144
183 282
34 133
133 232
55 154
153 252
82 181
128 227
183 282
162 261
95 194
165 264
143 242
9 108
9 108
16 115
19 118
32 131
166 265
60 159
143 242
126 225
114 213
180 279
97 196
67 166
4 103
176 275
172 271
100 199
131 230
27 126
162 261
45 144
147 246
91 190
54 153
121 220
11 110
35 134
149 248
25 124
79 178
27 126
172 271
16 115
62 161
54 153
176 275
14 113
36 135
5 104
191 290
153 252
28 127
54 153
172 271
72 171
85 184
47 146
195 294
108 207
90 189
177 276
45 144
62 161
92 191
40 139
131 230
157 256
104 203
193 292
196 295
62 161
150 249
7 106
11 110
69 168
57 156
188 287
41 140
110 209
92 191
104 203
108 207
143 242
8 107
140 239
112 211
57 156
157 256
130 229
112 211
82 181
170 269
163 262
94 193
13 112
63 162
19 118
167 266
86 185
27 126
131 230
130 229
49 148
157 256
16 115
18 117
134 233
69 168
77 176
71 170
33 132
165 264
140 239
167 266
154 253
145 244
169 268
125 224
150 249
163 262
191 290
151 250
184 283
105 204
154 253
29 128
81 180
161 260
172 271
28 127
114 213
138 237
65 164
99 198
106 205
81 180
97 196
21 120
64 163
165 264
41 140
34 133
193 292
195 294
125 224
12 111
94 193
158 257
89 188
57 156
81 180
139 238
91 190
133 232
180 279
13 112
143 242
12 111
186 285
125 224
71 170
138 237
10 109
47 146
154 253
135 234
79 178
13 112
81 180
129 228
58 157
56 155
91 190
158 257
165 264
141 240
98 197
104 203
163 262
74 173
28 127
24 123
140 239
32 131
1 100
192 291
118 217
142 241
22 121
29 128
189 288
97 196
177 276
4 103
25 124
92 191
145 244
105 204
197 296
117 216
174 273
165 264
161 260
76 175
36 135
14 113
102 201
175 274
97 196
29 128
52 151
166 265
82 181
36 135
144 243
99 198
22 121
15 114
147 246
149 248
181 280
167 266
98 197
130 229
189 288
37 136
197 296
132 231
127 226
83 182
44 143
99 198
53 152
154 253
9 108
49 148
106 205
114 213
86 185
85 184
82 181
22 121
162 261
72 171
182 281
99 198
22 121
197 296
22 121
48 147
75 174
95 194
123 222
27 126
5 104
192 291
167 266
140 239
76 175
41 140
86 185
114 213
170 269
43 142
54 153
86 185
141 240
141 240
57 156
10 109
137 236
172 271
91 190
156 255
25 124
3 102
69 168
112 211
83 182
54 153
22 121
27 126
187 286
3 102
15 114
183 282
186 285
35 134
35 134
33 132
151 250
32 131
148 247
173 272
80 179
111 210
16 115
24 123
110 209
97 196
108 207
187 286
44 143
13 112
175 274
70 169
127 226
165 264
11 110
166 265
134 233
144 243
167 266
86 185
50 149
10 109
82 181
91 190
65 164
164 263
145 244
78 177
28 127
114 213
132 231
136 235
105 204
152 251
20 119
6 105
28 127
68 167
150 249
0 99
15 114
116 215
140 239
16 115
0 99
64 163
32 131
167 266
151 250
50 149
10 109
145 244
152 251
25 124
46 145
129 228
110 209
119 218
86 185
167 266
42 141
106 205
192 291
52 151
99 198
186 285
85 184
112 211
122 221
182 281
0 99
16 115
175 274
134 233
142 241
16 115
17 116
125 224
144 243
139 238
2 101
21 120
45 144
147 246
0 99
96 195
113 212
197 296
177 276
86 185
112 211
138 237
135 234
187 286
75 174
170 269
167 266
133 232
186 285
94 193
155 254
150 249
99 198
82 181
35 134
153 252
15 114
165 264
130 229
165 264
188 287
20 119
61 160
111 210
168 267
124 223
10 109
2 101
89 188
168 267
102 201
153 252
34 133
190 289
137 236
14 113
6 105
41 140
44 143
105 204
102 201
78 177
75 174
94 193
127 226
10 109
94 193
13 112
160 259
106 205
140 239
127 226
163 262
58 157
47 146
85 184
197 296
187 286
135 234
126 225
125 224
46 145
54 153
74 173
24 123
184 283
186 285
136 235
29 128
66 165
62 161
93 192
177 276
186 285
7 106
42 141
191 290
60 159
27 126
155 254
51 150
189 288
194 293
97 196
168 267
136 235
36 135
139 238
120 219
162 261
179 278
112 211
121 220
78 177
21 120
106 205
136 235
82 181
74 173
86 185
65 164
177 276
39 138
49 148
86 185
123 222
4 103
147 246
58 157
56 155
64 163
49 148
136 235
110 209
56 155
145 244
23 122
65 164
16 115
35 134
190 289
156 255
73 172
42 141
145 244
10 109
81 180
122 221
54 153
146 245
36 135
29 128
74 173
156 255
68 167
136 235
107 206
84 183
93 192
183 282
108 207
81 180
34 133
149 248
13 112
62 161
9 108
9 108
112 211
87 186
8 107
125 224
120 219
127 226
79 178
90 189
52 151
41 140
15 114
24 123
117 216
4 103
166 265
122 221
131 230
119 218
135 234
53 152
59 158
142 241
118 217
28 127
160 259
139 238
167 266
13 112
139 238
163 262
113 212
81 180
11 110
95 194
169 268
158 257
138 237
29 128
76 175
9 108
158 257
41 140
27 126
120 219
75 174
123 222
85 184
94 193
89 188
31 130
27 126
128 227
79 178
193 292
169 268
81 180
153 252
196 295
193 292
151 250
24 123
134 233
128 227
178 277
25 124
177 276
76 175
39 138
34 133
5 104
68 167
28 127
114 213
86 185
84 183
107 206
135 234
31 130
141 240
155 254
169 268
152 251
38 137
52 151
5 104
68 167
52 151
93 192
131 230
38 137
126 225
197 296
184 283
164 263
74 173
112 211
127 226
76 175
4 103
92 191
183 282
32 131
100 199
158 257
177 276
61 160
22 121
9 108
45 144
137 236
87 186
8 107
107 206
33 132
53 152
78 177
161 260
71 170
135 234
15 114
78 177
187 286
182 281
79 178
63 162
109 208
2 101
136 235
187 286
44 143
179 278
58 157
119 218
172 271
32 131
151 250
150 249
81 180
1 100
162 261
14 113
129 228
169 268
14 113
1 100
55 154
117 216
103 202
4 103
105 204
71 170
93 192
153 252
89 188
60 159
176 275
124 223
155 254
31 130
136 235
32 131
112 211
77 176
155 254
118 217
161 260
50 149
170 269
62 161
181 280
10 109
51 150
4 103
121 220
149 248
28 127
109 208
23 122
14 113
78 177
127 226
127 226
8 107
38 137
1 100
68 167
135 234
118 217
3 102
162 261
32 131
63 162
158 257
182 281
57 156
159 258
39 138
166 265
58 157
53 152
183 282
3 102
112 211
142 241
14 113
16 115
183 282
139 238
106 205
20 119
172 271
178 277
82 181
138 237
182 281
175 274
83 182
174 273
186 285
12 111
89 188
181 280
193 292
118 217
188 287
174 273
130 229
182 281
187 286
72 171
183 282
63 162
10 109
32 131
126 225
159 258
51 150
179 278
3 102
58 157
116 215
113 212
99 198
133 232
83 182
62 161
177 276
17 116
82 181
183 282
194 293
47 146
31 130
83 182
80 179
159 258
79 178
147 246
152 251
158 257
98 197
20 119
35 134
187 286
144 243
2 101
98 197
140 239
38 137
18 117
121 220
67 166
145 244
81 180
85 184
36 135
16 115
112 211
26 125
68 167
192 291
89 188
22 121
43 142
155 254
108 207
171 270
109 208
54 153
32 131
168 267
140 239
100 199
38 137
51 150
67 166
24 123
151 250
25 124
67 166
21 120
107 206
127 226
182 281
87 186
54 153
111 210
119 218
131 230
127 226
124 223
190 289
31 130
98 197
180 279
146 245
52 151
167 266
57 156
193 292
74 173
146 245
145 244
105 204
151 250
67 166
121 220
93 192
25 124
81 180
163 262
129 228
124 223
62 161
51 150
180 279
184 283
104 203
169 268
72 171
191 290
52 151
142 241
28 127
167 266
173 272
135 234
75 174
10 109
90 189
124 223
81 180
67 166
93 192
182 281
12 111
150 249
113 212
10 109
110 209
110 209
52 151
189 288
68 167
74 173
102 201
84 183
132 231
71 170
91 190
169 268
24 123
195 294
39 138
62 161
4 103
86 185
119 218
74 173
23 122
197 296
3 102
164 263
189 288
88 187
84 183
59 158
136 235
9 108
70 169
169 268
76 175
140 239
84 183
114 213
99 198
140 239
162 261
52 151
151 250
127 226
130 229
60 159
31 130
16 115
82 181
38 137
70 169
163 262
142 241
62 161
130 229
40 139
170 269
9 108
96 195
182 281
171 270
167 266
163 262
72 171
122 221
63 162
191 290
67 166
68 167
112 211
104 203
57 156
115 214
115 214
166 265
7 106
83 182
141 240
136 235
124 223
147 246
35 134
22 121
93 192
125 224
9 108
56 155
162 261
171 270
173 272
150 249
124 223
151 250
94 193
17 116
2 101
167 266
8 107
31 130
168 267
132 231
139 238
35 134
186 285
89 188
100 199
56 155
192 291
103 202
184 283
36 135
158 257
76 175
140 239
195 294
52 151
189 288
61 160
57 156
86 185
32 131
156 255
76 175
134 233
38 137
44 143
114 213
197 296
145 244
50 149
164 263
75 174
44 143
13 112
140 239
40 139
32 131
87 186
179 278
134 233
116 215
119 218
19 118
79 178
7 106
151 250
86 185
166 265
31 130
124 223
113 212
180 279
171 270
75 174
167 266
7 106
188 287
164 263
181 280
60 159
111 210
25 124
196 295
119 218
120 219
156 255
32 131
52 151
103 202
127 226
178 277
139 238
23 122
124 223
105 204
54 153
74 173
96 195
82 181
59 158
108 207
143 242
112 211
167 266
96 195
178 277
21 120
31 130
172 271
30 129
122 221
45 144
61 160
14 113
75 174
30 129
20 119
106 205
180 279
17 116
124 223
51 150
64 163
154 253
1 100
194 293
35 134
179 278
152 251
75 174
171 270
65 164
69 168
79 178
82 181
79 178
147 246
94 193
60 159
99 198
149 248
112 211
72 171
102 201
158 257
4 103
17 116
75 174
100 199
143 242
86 185
19 118
187 286
40 139
193 292
179 278
183 282
140 239
69 168
69 168
158 257
58 157
187 286
30 129
30 129
149 248
161 260
145 244
99 198
169 268
85 184
99 198
51 150
182 281
169 268
34 133
63 162
165 264
10 109
124 223
163 262
46 145
130 229
0 99
14 113
74 173
169 268
146 245
172 271
179 278
192 291
44 143
141 240
2 101
35 134
26 125
7 106
22 121
70 169
112 211
142 241
16 115
53 152
165 264
136 235
191 290
72 171
193 292
107 206
105 204
47 146
135 234
165 264
70 169
56 155
25 124
30 129
7 106
41 140
197 296
190 289
154 253
3 102
139 238
184 283
188 287
152 251
19 118
101 200
174 273
27 126
42 141
195 294
83 182
51 150
81 180
188 287
29 128
40 139
148 247
17 116
140 239
58 157
15 114
62 161
90 189
135 234
114 213
163 262
54 153
163 262
161 260
22 121
36 135
68 167
135 234
19 118
88 187
185 284
64 163
76 175
111 210
85 184
129 228
13 112
128 227
82 181
163 262
104 203
108 207
135 234
1 100
122 221
98 197
127 226
166 265
162 261
161 260
75 174
133 232
14 113
30 129
63 162
60 159
61 160
180 279
71 170
177 276
116 215
19 118
13 112
193 292
100 199
195 294
105 204
53 152
94 193
46 145
40 139
87 186
132 231
48 147
168 267
108 207
36 135
152 251
75 174
92 191
110 209
76 175
147 246
71 170
111 210
134 233
168 267
134 233
186 285
36 135
96 195
15 114
95 194
13 112
26 125
167 266
118 217
185 284
127 226
14 113
164 263
50 149
110 209
112 211
63 162
194 293
88 187
77 176
102 201
121 220
106 205
169 268
47 146
76 175
84 183
111 210
59 158
126 225
185 284
56 155
105 204
106 205
33 132
19 118
74 173
47 146
106 205
194 293
90 189
6 105
164 263
71 170
33 132
157 256
135 234
16 115
115 214
19 118
80 179
85 184
27 126
68 167
43 142
37 136
59 158
115 214
40 139
116 215
163 262
6 105
183 282
189 288
163 262
143 242
80 179
105 204
20 119
81 180
140 239
61 160
140 239
20 119
101 200
69 168
148 247
54 153
136 235
52 151
128 227
14 113
183 282
5 104
85 184
80 179
30 129
138 237
133 232
187 286
6 105
66 165
189 288
103 202
7 106
46 145
157 256
35 134
79 178
76 175
37 136
1 100
130 229
160 259
0 99
17 116
45 144
177 276
3 102
112 211
14 113
148 247
133 232
49 148
135 234
74 173
56 155
172 271
194 293
52 151
66 165
1 100
108 207
119 218
191 290
186 285
110 209
43 142
41 140
171 270
158 257
182 281
124 223
193 292
8 107
89 188
183 282
86 185
190 289
116 215
95 194
119 218
177 276
131 230
178 277
177 276
123 222
182 281
108 207
99 198
5 104
24 123
95 194
109 208
16 115
9 108
69 168
7 106
23 122
16 115
30 129
190 289
1 100
0 99
32 131
53 152
189 288
151 250
46 145
11 110
188 287
118 217
86 185
188 287
106 205
0 99
142 241
136 235
165 264
98 197
116 215
70 169
94 193
138 237
132 231
118 217
4 103
184 283
90 189
100 199
56 155
128 227
132 231
185 284
36 135
148 247
15 114
115 214
103 202
90 189
102 201
125 224
82 181
35 134
185 284
114 213
140 239
85 184
86 185
33 132
169 268
132 231
34 133
101 200
83 182
197 296
190 289
46 145
36 135
176 275
72 171
143 242
12 111
196 295
117 216
45 144
43 142
160 259
166 265
17 116
74 173
156 255
85 184
15 114
65 164
63 162
67 166
59 158
193 292
0 99
138 237
155 254
144 243
4 103
43 142
37 136
168 267
137 236
96 195
146 245
159 258
23 122
36 135
146 245
89 188
60 159
65 164
43 142
39 138
53 152
101 200
171 270
161 260
137 236
153 252
43 142
194 293
173 272
180 279
57 156
137 236
86 185
144 243
120 219
194 293
126 225
69 168
71 170
158 257
66 165
46 145
79 178
49 148
132 231
137 236
59 158
171 270
57 156
21 120
59 158
59 158
93 192
169 268
44 143
21 120
39 138
154 253
37 136
194 293
122 221
170 269
46 145
182 281
189 288
170 269
69 168
2 101
190 289
189 288
133 232
33 132
110 209
18 117
185 284
144 243
191 290
9 108
33 132
175 274
79 178
142 241
109 208
94 193
121 220
163 262
34 133
141 240
184 283
57 156
25 124
145 244
157 256
114 213
26 125
41 140
174 273
39 138
134 233
82 181
90 189
44 143
56 155
157 256
11 110
41 140
99 198
29 128
186 285
150 249
141 240
47 146
181 280
162 261
158 257
7 106
117 216
15 114
14 113
109 208
170 269
9 108
32 131
3 102
157 256
186 285
70 169
26 125
53 152
36 135
19 118
0 99
139 238
16 115
129 228
183 282
117 216
72 171
175 274
90 189
185 284
28 127
57 156
97 196
140 239
22 121
165 264
6 105
57 156
196 295
16 115
22 121
141 240
173 272
70 169
21 120
41 140
22 121
77 176
166 265
81 180
149 248
121 220
168 267
65 164
17 116
58 157
78 177
63 162
59 158
7 106
67 166
43 142
46 145
97 196
69 168
187 286
26 125
179 278
127 226
37 136
67 166
44 143
81 180
44 143
18 117
104 203
27 126
51 150
121 220
54 153
6 105
139 238
136 235
84 183
56 155
85 184
173 272
56 155
31 130
34 133
122 221
80 179
85 184
177 276
60 159
145 244
5 104
7 106
155 254
129 228
89 188
36 135
83 182
126 225
25 124
61 160
131 230
93 192
169 268
51 150
150 249
25 124
37 136
192 291
132 231
167 266
138 237
18 117
14 113
41 140
38 137
34 133
56 155
53 152
125 224
2 101
16 115
92 191
142 241
86 185
170 269
5 104
106 205
190 289
7 106
136 235
51 150
91 190
93 192
40 139
186 285
164 263
103 202
110 209
176 275
55 154
115 214
185 284
68 167
31 130
74 173
18 117
26 125
163 262
2 101
153 252
131 230
171 270
159 258
27 126
124 223
125 224
107 206
158 257
17 116
7 106
60 159
175 274
144 243
67 166
160 259
99 198
115 214
53 152
76 175
146 245
195 294
183 282
184 283
5 104
55 154
35 134
69 168
20 119
36 135
131 230
32 131
76 175
175 274
97 196
80 179
14 113
180 279
26 125
196 295
13 112
162 261
176 275
34 133
86 185
83 182
188 287
125 224
70 169
174 273
96 195
196 295
115 214
94 193
176 275
172 271
137 236
156 255
97 196
179 278
156 255
142 241
67 166
110 209
34 133
71 170
113 212
100 199
175 274
88 187
60 159
75 174
14 113
103 202
103 202
152 251
4 103
155 254
156 255
62 161
110 209
150 249
98 197
4 103
86 185
156 255
132 231
104 203
73 172
173 272
123 222
80 179
134 233
133 232
185 284
8 107
21 120
134 233
41 140
19 118
105 204
55 154
32 131
176 275
155 254
133 232
127 226
74 173
50 149
129 228
10 109
70 169
57 156
138 237
3 102
63 162
116 215
169 268
55 154
102 201
11 110
150 249
70 169
39 138
18 117
19 118
168 267
171 270
105 204
6 105
149 248
128 227
85 184
180 279
175 274
54 153
119 218
64 163
26 125
15 114
145 244
152 251
11 110
146 245
178 277
197 296
183 282
125 224
197 296
38 137
29 128
104 203
68 167
73 172
32 131
21 120
46 145
162 261
194 293
133 232
32 131
85 184
131 230
126 225
8 107
23 122
61 160
2 101
148 247
144 243
157 256
189 288
132 231
149 248
103 202
90 189
24 123
1 100
58 157
165 264
101 200
167 266
6 105
85 184
78 177
59 158
63 162
77 176
155 254
128 227
18 117
161 260
174 273
44 143
65 164
121 220
126 225
130 229
12 111
65 164
121 220
130 229
83 182
178 277
42 141
35 134
152 251
18 117
148 247
74 173
194 293
135 234
91 190
111 210
184 283
44 143
195 294
23 122
96 195
132 231
77 176
128 227
187 286
190 289
20 119
163 262
161 260
182 281
127 226
166 265
108 207
4 103
192 291
154 253
11 110
74 173
119 218
196 295
75 174
166 265
140 239
84 183
49 148
122 221
37 136
1 100
18 117
83 182
112 211
26 125
138 237
187 286
196 295
117 216
154 253
35 134
27 126
12 111
2 101
56 155
25 124
159 258
21 120
54 153
137 236
34 133
76 175
72 171
73 172
91 190
66 165
36 135
2 101
173 272
39 138
166 265
39 138
80 179
35 134
170 269
39 138
52 151
55 154
135 234
159 258
69 168
68 167
27 126
32 131
166 265
162 261
45 144
150 249
65 164
139 238
194 293
168 267
139 238
140 239
98 197
88 187
88 187
1 100
173 272
110 209
133 232
189 288
162 261
90 189
118 217
26 125
67 166
76 175
167 266
55 154
153 252
83 182
96 195
195 294
102 201
48 147
20 119
51 150
98 197
158 257
23 122
94 193
95 194
154 253
151 250
125 224
0 99
36 135
65 164
51 150
6 105
193 292
17 116
24 123
171 270
175 274
132 231
128 227
70 169
118 217
149 248
146 245
17 116
45 144
100 199
47 146
139 238
8 107
158 257
109 208
71 170
83 182
0 99
40 139
73 172
63 162
17 116
164 263
189 288
58 157
165 264
125 224
160 259
97 196
91 190
59 158
89 188
109 208
8 107
152 251
89 188
47 146
24 123
53 152
182 281
170 269
35 134
144 243
59 158
2 101
21 120
183 282
190 289
171 270
132 231
23 122
15 114
181 280
29 128
181 280
155 254
30 129
116 215
95 194
27 126
124 223
128 227
159 258
8 107
138 237
79 178
141 240
12 111
97 196
181 280
18 117
5 104
81 180
122 221
168 267
65 164
103 202
63 162
147 246
67 166
164 263
150 249
42 141
192 291
27 126
14 113
180 279
82 181
100 199
44 143
124 223
169 268
80 179
177 276
149 248
132 231
74 173
90 189
197 296
9 108
183 282
130 229
24 123
133 232
117 216
121 220
136 235
95 194
25 124
3 102
190 289
121 220
156 255
59 158
133 232
59 158
90 189
139 238
163 262
28 127
196 295
197 296
58 157
157 256
68 167
140 239
173 272
182 281
45 144
108 207
45 144
13 112
105 204
185 284
164 263
41 140
7 106
21 120
1 100
39 138
148 247
159 258
184 283
59 158
85 184
99 198
47 146
26 125
165 264
160 259
133 232
194 293
49 148
168 267
126 225
152 251
80 179
159 258
55 154
53 152
63 162
164 263
185 284
193 292
30 129
108 207
181 280
92 191
113 212
138 237
35 134
31 130
73 172
177 276
109 208
129 228
40 139
119 218
60 159
178 277
57 156
145 244
50 149
148 247
28 127
48 147
60 159
74 173
178 277
194 293
2 101
148 247
114 213
147 246
22 121
62 161
62 161
34 133
142 241
86 185
95 194
117 216
51 150
92 191
160 259
169 268
2 101
10 109
107 206
85 184
166 265
33 132
4 103
90 189
128 227
114 213
187 286
40 139
132 231
98 197
151 250
78 177
166 265
57 156
110 209
39 138
8 107
40 139
103 202
83 182
169 268
193 292
73 172
8 107
65 164
153 252
171 270
90 189
118 217
107 206
163 262
189 288
85 184
172 271
188 287
127 226
76 175
96 195
41 140
19 118
89 188
126 225
155 254
171 270
4 103
51 150
133 232
179 278
83 182
120 219
76 175
179 278
173 272
91 190
97 196
147 246
88 187
182 281
144 243
132 231
10 109
129 228
85 184
170 269
1 100
153 252
72 171
169 268
87 186
112 211
19 118
184 283
176 275
128 227
164 263
66 165
101 200
147 246
184 283
193 292
83 182
77 176
61 160
5 104
195 294
109 208
10 109
63 162
60 159
165 264
49 148
46 145
38 137
43 142
30 129
74 173
4 103
161 260
120 219
160 259
98 197
159 258
114 213
114 213
152 251
184 283
136 235
194 293
15 114
91 190
73 172
121 220
26 125
84 183
112 211
41 140
47 146
184 283
165 264
9 108
188 287
64 163
48 147
79 178
83 182
57 156
117 216
194 293
48 147
125 224
127 226
142 241
141 240
126 225
27 126
72 171
42 141
145 244
104 203
167 266
13 112
10 109
70 169
27 126
26 125
76 175
130 229
168 267
178 277
181 280
118 217
11 110
149 248
130 229
86 185
17 116
10 109
180 279
122 221
81 180
124 223
99 198
100 199
45 144
41 140
58 157
179 278
153 252
85 184
2 101
139 238
122 221
87 186
2 101
197 296
43 142
85 184
98 197
191 290
180 279
155 254
92 191
41 140
36 135
150 249
3 102
135 234
57 156
69 168
12 111
3 102
43 142
173 272
136 235
64 163
61 160
115 214
181 280
185 284
44 143
74 173
7 106
166 265
120 219
120 219
77 176
118 217
61 160
111 210
15 114
168 267
110 209
149 248
38 137
179 278
33 132
126 225
62 161
141 240
125 224
175 274
34 133
86 185
157 256
169 268
102 201
50 149
162 261
117 216
13 112
98 197
163 262
12 111
185 284
156 255
161 260
140 239
174 273
83 182
64 163
99 198
14 113
90 189
185 284
90 189
7 106
90 189
135 234
188 287
73 172
141 240
90 189
52 151
151 250
42 141
13 112
81 180
9 108
110 209
80 179
168 267
44 143
62 161
40 139
32 131
172 271
76 175
165 264
47 146
21 120
194 293
31 130
93 192
25 124
17 116
155 254
35 134
84 183
136 235
32 131
137 236
181 280
106 205
180 279
113 212
102 201
72 171
16 115
55 154
185 284
100 199
41 140
164 263
45 144
36 135
179 278
43 142
184 283
164 263
173 272
85 184
188 287
121 220
140 239
177 276
101 200
42 141
122 221
153 252
47 146
65 164
87 186
137 236
2 101
143 242
68 167
106 205
76 175
104 203
153 252
37 136
103 202
126 225
34 133
183 282
12 111
56 155
14 113
26 125
117 216
38 137
170 269
102 201
185 284
30 129
135 234
54 153
24 123
79 178
164 263
97 196
135 234
68 167
80 179
19 118
193 292
159 258
41 140
79 178
95 194
43 142
175 274
154 253
172 271
117 216
144 243
142 241
149 248
112 211
173 272
40 139
160 259
158 257
147 246
39 138
5 104
192 291
2 101
47 146
115 214
190 289
118 217
195 294
160 259
73 172
101 200
1 100
71 170
48 147
92 191
184 283
11 110
184 283
113 212
142 241
82 181
124 223
9 108
191 290
9 108
10 109
79 178
22 121
115 214
45 144
4 103
31 130
98 197
10 109
157 256
40 139
8 107
20 119
67 166
74 173
76 175
178 277
48 147
18 117
77 176
155 254
80 179
107 206
195 294
135 234
121 220
36 135
139 238
186 285
50 149
79 178
32 131
168 267
15 114
82 181
88 187
40 139
134 233
84 183
52 151
39 138
13 112
21 120
142 241
83 182
106 205
158 257
12 111
52 151
135 234
177 276
180 279
40 139
65 164
171 270
140 239
164 263
1 100
193 292
12 111
28 127
190 289
177 276
188 287
100 199
112 211
99 198
94 193
139 238
170 269
32 131
157 256
15 114
96 195
193 292
66 165
47 146
56 155
118 217
125 224
94 193
190 289
55 154
123 222
71 170
95 194
47 146
20 119
136 235
75 174
39 138
119 218
40 139
120 219
108 207
32 131
151 250
157 256
165 264
139 238
7 106
20 119
106 205
44 143
22 121
66 165
129 228
127 226
69 168
41 140
83 182
91 190
109 208
18 117
102 201
121 220
25 124
172 271
87 186
80 179
56 155
19 118
153 252
88 187
96 195
182 281
132 231
144 243
70 169
141 240
124 223
163 262
187 286
76 175
37 136
121 220
101 200
152 251
43 142
12 111
61 160
9 108
109 208
175 274
144 243
139 238
62 161
104 203
117 216
18 117
13 112
129 228
98 197
175 274
89 188
44 143
67 166
8 107
89 188
190 289
139 238
62 161
117 216
106 205
1 100
96 195
81 180
166 265
46 145
138 237
52 151
31 130
109 208
183 282
145 244
117 216
60 159
21 120
174 273
19 118
186 285
37 136
116 215
6 105
7 106
141 240
120 219
55 154
45 144
179 278
164 263
174 273
21 120
148 247
154 253
146 245
57 156
126 225
29 128
4 103
128 227
79 178
112 211
61 160
75 174
197 296
167 266
83 182
169 268
110 209
174 273
119 218
20 119
2 101
70 169
102 201
195 294
120 219
52 151
72 171
52 151
152 251
89 188
108 207
74 173
179 278
98 197
159 258
113 212
148 247
27 126
117 216
172 271
97 196
20 119
68 167
129 228
92 191
197 296
181 280
128 227
77 176
173 272
41 140
92 191
107 206
60 159
150 249
144 243
119 218
53 152
133 232
44 143
55 154
81 180
124 223
39 138
44 143
2 101
163 262
8 107
190 289
74 173
113 212
118 217
32 131
54 153
26 125
99 198
84 183
49 148
0 99
134 233
2 101
178 277
117 216
0 99
116 215
80 179
51 150
114 213
136 235
94 193
57 156
9 108
53 152
23 122
63 162
122 221
0 99
48 147
92 191
39 138
68 167
139 238
193 292
133 232
185 284
97 196
113 212
89 188
158 257
78 177
195 294
129 228
70 169
56 155
190 289
135 234
48 147
45 144
108 207
183 282
64 163
75 174
100 199
43 142
148 247
97 196
17 116
67 166
45 144
183 282
67 166
191 290
36 135
172 271
189 288
101 200
60 159
87 186
76 175
58 157
163 262
77 176
63 162
114 213
171 270
107 206
103 202
180 279
37 136
172 271
117 216
71 170
88 187
149 248
42 141
153 252
29 128
71 170
54 153
111 210
88 187
192 291
74 173
51 150
100 199
56 155
23 122
130 229
136 235
47 146
103 202
97 196
152 251
95 194
71 170
6 105
146 245
96 195
142 241
66 165
7 106
45 144
87 186
12 111
191 290
196 295
166 265
81 180
75 174
181 280
105 204
81 180
132 231
71 170
11 110
74 173
107 206
168 267
90 189
61 160
19 118
82 181
140 239
67 166
78 177
40 139
134 233
54 153
7 106
56 155
160 259
194 293
185 284
176 275
157 256
49 148
177 276
92 191
186 285
53 152
182 281
12 111
131 230
152 251
71 170
4 103
181 280
22 121
100 199
29 128
191 290
93 192
191 290
112 211
156 255
144 243
170 269
150 249
161 260
152 251
126 225
127 226
139 238
109 208
121 220
58 157
75 174
182 281
146 245
147 246
174 273
164 263
148 247
1 100
170 269
146 245
27 126
171 270
114 213
56 155
97 196
81 180
36 135
170 269
79 178
165 264
153 252
25 124
28 127
136 235
137 236
131 230
182 281
85 184
116 215
108 207
107 206
60 159
24 123
85 184
166 265
37 136
68 167
77 176
164 263
44 143
27 126
163 262
166 265
184 283
22 121
51 150
43 142
111 210
5 104
5 104
85 184
159 258
65 164
182 281
189 288
143 242
88 187
193 292
99 198
11 110
101 200
163 262
191 290
175 274
69 168
68 167
115 214
111 210
156 255
166 265
89 188
157 256
62 161
55 154
66 165
140 239
59 158
48 147
31 130
115 214
195 294
156 255
123 222
166 265
130 229
86 185
79 178
142 241
194 293
59 158
193 292
184 283
10 109
174 273
69 168
160 259
179 278
45 144
83 182
102 201
135 234
134 233
14 113
146 245
44 143
124 223
108 207
114 213
90 189
80 179
188 287
188 287
108 207
18 117
197 296
68 167
23 122
160 259
69 168
83 182
121 220
24 123
80 179
182 281
119 218
109 208
27 126
48 147
70 169
97 196
159 258
114 213
84 183
89 188
45 144
129 228
103 202
180 279
63 162
55 154
8 107
85 184
181 280
81 180
17 116
24 123
138 237
23 122
50 149
45 144
25 124
116 215
193 292
51 150
159 258
140 239
148 247
43 142
8 107
16 115
90 189
193 292
155 254
133 232
148 247
39 138
187 286
47 146
168 267
197 296
107 206
67 166
108 207
3 102
58 157
190 289
56 155
117 216
150 249
36 135
85 184
74 173
19 118
71 170
10 109
191 290
11 110
73 172
93 192
33 132
82 181
40 139
194 293
110 209
44 143
30 129
154 253
186 285
142 241
83 182
112 211
17 116
71 170
121 220
117 216
52 151
140 239
61 160
59 158
130 229
109 208
11 110
53 152
143 242
165 264
115 214
119 218
48 147
109 208
40 139
172 271
184 283
90 189
33 132
179 278
144 243
28 127
152 251
66 165
62 161
91 190
162 261
16 115
15 114
21 120
35 134
152 251
96 195
20 119
47 146
121 220
165 264
50 149
74 173
46 145
117 216
56 155
137 236
103 202
22 121
54 153
139 238
15 114
139 238
159 258
127 226
151 250
89 188
121 220
25 124
127 226
34 133
150 249
100 199
20 119
55 154
103 202
158 257
82 181
45 144
134 233
156 255
4 103
90 189
7 106
85 184
142 241
117 216
27 126
188 287
45 144
5 104
185 284
77 176
93 192
16 115
63 162
168 267
94 193
129 228
44 143
14 113
187 286
59 158
144 243
164 263
136 235
66 165
186 285
154 253
46 145
26 125
125 224
67 166
194 293
75 174
2 101
120 219
151 250
65 164
178 277
146 245
174 273
94 193
53 152
184 283
103 202
164 263
182 281
186 285
158 257
82 181
143 242
96 195
34 133
83 182
4 103
55 154
37 136
57 156
73 172
112 211
146 245
46 145
192 291
145 244
169 268
72 171
118 217
124 223
51 150
123 222
4 103
128 227
164 263
24 123
67 166
13 112
83 182
43 142
5 104
193 292
56 155
152 251
77 176
54 153
182 281
49 148
78 177
95 194
22 121
0 99
173 272
73 172
27 126
43 142
28 127
194 293
30 129
136 235
94 193
122 221
85 184
2 101
134 233
135 234
43 142
98 197
113 212
145 244
79 178
87 186
107 206
88 187
28 127
187 286
26 125
44 143
75 174
58 157
159 258
83 182
57 156
43 142
148 247
11 110
188 287
77 176
142 241
36 135
196 295
157 256
88 187
184 283
43 142
185 284
183 282
77 176
137 236
158 257
59 158
112 211
169 268
11 110
145 244
73 172
74 173
24 123
34 133
90 189
149 248
83 182
146 245
42 141
50 149
168 267
11 110
162 261
144 243
146 245
118 217
58 157
180 279
71 170
194 293
184 283
116 215
17 116
58 157
126 225
21 120
138 237
59 158
169 268
66 165
121 220
74 173
55 154
4 103
54 153
193 292
34 133
95 194
157 256
32 131
140 239
134 233
165 264
103 202
81 180
92 191
152 251
113 212
194 293
83 182
46 145
66 165
10 109
92 191
82 181
71 170
190 289
171 270
39 138
74 173
131 230
59 158
153 252
90 189
69 168
175 274
189 288
140 239
195 294
9 108
42 141
16 115
105 204
82 181
65 164
188 287
134 233
137 236
195 294
138 237
141 240
104 203
177 276
0 99
4 103
149 248
163 262
65 164
44 143
53 152
152 251
119 218
172 271
195 294
188 287
171 270
52 151
109 208
129 228
138 237
3 102
169 268
188 287
69 168
46 145
20 119
69 168
85 184
0 99
70 169
155 254
93 192
188 287
146 245
157 256
5 104
116 215
184 283
51 150
1 100
79 178
96 195
39 138
68 167
98 197
39 138
42 141
107 206
32 131
144 243
128 227
159 258
90 189
99 198
147 246
7 106
69 168
165 264
162 261
57 156
101 200
59 158
74 173
30 129
197 296
101 200
131 230
140 239
76 175
38 137
186 285
33 132
145 244
122 221
22 121
63 162
67 166
72 171
20 119
155 254
113 212
138 237
168 267
182 281
58 157
31 130
135 234
6 105
123 222
192 291
78 177
159 258
14 113
6 105
132 231
122 221
92 191
132 231
48 147
84 183
185 284
113 212
172 271
120 219
147 246
66 165
34 133
139 238
140 239
191 290
13 112
155 254
131 230
101 200
10 109
56 155
157 256
144 243
169 268
175 274
83 182
44 143
63 162
87 186
71 170
155 254
106 205
160 259
67 166
151 250
168 267
78 177
131 230
53 152
130 229
26 125
37 136
86 185
180 279
32 131
1 100
86 185
153 252
126 225
46 145
12 111
20 119
105 204
64 163
110 209
9 108
0 99
133 232
126 225
176 275
63 162
97 196
140 239
75 174
20 119
0 99
189 288
10 109
60 159
64 163
81 180
193 292
156 255
81 180
14 113
142 241
74 173
101 200
67 166
86 185
79 178
39 138
37 136
86 185
137 236
25 124
194 293
111 210
9 108
94 193
188 287
191 290
160 259
176 275
52 151
119 218
155 254
174 273
131 230
113 212
84 183
173 272
118 217
150 249
76 175
101 200
26 125
161 260
58 157
88 187
167 266
136 235
167 266
75 174
165 264
176 275
144 243
101 200
161 260
37 136
19 118
154 253
156 255
193 292
8 107
96 195
31 130
132 231
10 109
18 117
163 262
115 214
13 112
103 202
188 287
81 180
154 253
55 154
120 219
124 223
70 169
74 173
44 143
66 165
130 229
29 128
124 223
180 279
109 208
75 174
160 259
62 161
65 164
43 142
1 100
8 107
37 136
121 220
66 165
154 253
94 193
196 295
75 174
15 114
88 187
73 172
82 181
16 115
4 103
28 127
108 207
147 246
154 253
150 249
158 257
76 175
190 289
58 157
83 182
136 235
90 189
58 157
1 100
162 261
3 102
172 271
149 248
180 279
70 169
63 162
7 106
29 128
131 230
128 227
25 124
185 284
55 154
8 107
8 107
188 287
49 148
31 130
79 178
123 222
167 266
114 213
103 202
45 144
88 187
5 104
139 238
114 213
35 134
180 279
6 105
114 213
77 176
165 264
60 159
38 137
5 104
170 269
65 164
174 273
73 172
121 220
2 101
194 293
81 180
114 213
47 146
132 231
178 277
103 202
158 257
189 288
71 170
56 155
14 113
67 166
59 158
197 296
129 228
145 244
12 111
2 101
60 159
133 232
6 105
132 231
102 201
189 288
3 102
8 107
152 251
42 141
11 110
46 145
54 153
183 282
92 191
9 108
59 158
87 186
112 211
148 247
102 201
83 182
124 223
111 210
28 127
92 191
42 141
112 211
1 100
23 122
81 180
139 238
85 184
2 101
65 164
15 114
69 168
155 254
92 191
132 231
31 130
178 277
128 227
17 116
181 280
18 117
47 146
130 229
162 261
108 207
82 181
169 268
17 116
82 181
56 155
100 199
40 139
143 242
55 154
140 239
31 130
24 123
160 259
128 227
120 219
93 192
129 228
116 215
107 206
49 148
153 252
147 246
188 287
38 137
197 296
119 218
69 168
147 246
108 207
22 121
176 275
16 115
112 211
57 156
151 250
14 113
141 240
136 235
94 193
112 211
41 140
144 243
33 132
146 245
126 225
182 281
20 119
189 288
18 117
1 100
196 295
48 147
126 225
193 292
183 282
44 143
163 262
116 215
67 166
93 192
21 120
154 253
173 272
52 151
54 153
147 246
29 128
15 114
151 250
101 200
174 273
28 127
82 181
170 269
72 171
163 262
83 182
14 113
52 151
51 150
124 223
193 292
193 292
185 284
15 114
197 296
25 124
36 135
9 108
84 183
16 115
59 158
117 216
40 139
179 278
80 179
161 260
152 251
193 292
19 118
18 117
12 111
85 184
160 259
68 167
115 214
7 106
164 263
2 101
123 222
197 296
62 161
0 99
20 119
18 117
36 135
192 291
14 113
172 271
90 189
78 177
153 252
48 147
55 154
138 237
186 285
135 234
144 243
54 153
10 109
171 270
4 103
123 222
181 280
14 113
171 270
192 291
73 172
194 293
192 291
81 180
148 247
178 277
184 283
29 128
136 235
194 293
59 158
73 172
87 186
169 268
43 142
20 119
17 116
38 137
145 244
86 185
175 274
155 254
24 123
17 116
166 265
32 131
194 293
163 262
103 202
149 248
31 130
125 224
183 282
89 188
194 293
165 264
197 296
70 169
136 235
61 160
197 296
29 128
178 277
15 114
106 205
166 265
150 249
164 263
126 225
3 102
11 110
135 234
31 130
102 201
44 143
44 143
177 276
107 206
105 204
26 125
36 135
16 115
191 290
158 257
34 133
107 206
63 162
155 254
40 139
154 253
172 271
112 211
87 186
40 139
190 289
46 145
176 275
186 285
33 132
34 133
21 120
112 211
103 202
43 142
160 259
57 156
80 179
145 244
104 203
95 194
86 185
91 190
121 220
106 205
153 252
168 267
99 198
22 121
4 103
84 183
49 148
174 273
174 273
18 117
37 136
134 233
63 162
8 107
180 279
30 129
16 115
188 287
146 245
9 108
196 295
53 152
173 272
3 102
130 229
5 104
98 197
134 233
54 153
130 229
187 286
161 260
12 111
19 118
94 193
131 230
175 274
157 256
72 171
5 104
67 166
70 169
69 168
180 279
11 110
162 261
83 182
195 294
63 162
106 205
62 161
113 212
33 132
151 250
174 273
19 118
50 149
38 137
125 224
196 295
148 247
117 216
35 134
18 117
103 202
189 288
24 123
122 221
18 117
141 240
161 260
194 293
179 278
145 244
13 112
9 108
79 178
162 261
88 187
164 263
187 286
126 225
143 242
187 286
9 108
128 227
88 187
113 212
158 257
151 250
155 254
37 136
125 224
167 266
82 181
27 126
134 233
186 285
131 230
14 113
162 261
67 166
143 242
158 257
133 232
20 119
3 102
129 228
61 160
60 159
100 199
113 212
26 125
142 241
134 233
168 267
136 235
107 206
32 131
61 160
57 156
58 157
63 162
21 120
151 250
24 123
171 270
185 284
14 113
17 116
85 184
94 193
116 215
77 176
39 138
50 149
190 289
97 196
131 230
5 104
133 232
22 121
9 108
95 194
95 194
114 213
169 268
120 219
137 236
195 294
108 207
77 176
194 293
11 110
143 242
40 139
67 166
150 249
19 118
26 125
177 276
115 214
81 180
88 187
43 142
171 270
82 181
60 159
85 184
162 261
169 268
163 262
55 154
88 187
138 237
144 243
70 169
14 113
4 103
65 164
128 227
125 224
85 184
153 252
131 230
98 197
46 145
155 254
1 100
92 191
177 276
96 195
119 218
73 172
153 252
94 193
159 258
35 134
166 265
123 222
66 165
51 150
151 250
89 188
15 114
52 151
11 110
153 252
33 132
178 277
109 208
98 197
36 135
23 122
160 259
134 233
45 144
103 202
195 294
7 106
172 271
21 120
76 175
114 213
183 282
125 224
79 178
80 179
163 262
48 147
179 278
13 112
3 102
101 200
108 207
30 129
102 201
152 251
149 248
14 113
163 262
100 199
8 107
110 209
28 127
116 215
3 102
193 292
157 256
23 122
111 210
141 240
104 203
66 165
81 180
147 246
96 195
108 207
109 208
165 264
166 265
15 114
29 128
89 188
29 128
31 130
141 240
173 272
40 139
103 202
180 279
78 177
129 228
114 213
109 208
75 174
6 105
62 161
168 267
135 234
70 169
115 214
42 141
167 266
75 174
86 185
65 164
144 243
67 166
127 226
145 244
19 118
120 219
183 282
90 189
98 197
73 172
185 284
75 174
144 243
57 156
45 144
45 144
120 219
150 249
124 223
181 280
108 207
95 194
12 111
169 268
28 127
62 161
84 183
99 198
172 271
32 131
9 108
173 272
30 129
179 278
133 232
15 114
5 104
67 166
117 216
15 114
148 247
56 155
182 281
83 182
105 204
142 241
105 204
166 265
29 128
125 224
48 147
60 159
121 220
164 263
93 192
6 105
0 99
26 125
141 240
177 276
7 106
7 106
42 141
64 163
113 212
154 253
46 145
179 278
125 224
50 149
115 214
107 206
131 230
99 198
183 282
96 195
44 143
136 235
190 289
24 123
46 145
189 288
191 290
169 268
167 266
167 266
182 281
111 210
50 149
162 261
92 191
105 204
73 172
178 277
92 191
19 118
94 193
55 154
59 158
69 168
62 161
3 102
194 293
93 192
14 113
120 219
64 163
82 181
109 208
4 103
7 106
35 134
14 113
15 114
173 272
48 147
142 241
196 295
160 259
38 137
176 275
117 216
190 289
182 281
97 196
185 284
142 241
164 263
170 269
159 258
96 195
134 233
46 145
28 127
145 244
133 232
90 189
157 256
113 212
15 114
155 254
102 201
148 247
17 116
115 214
187 286
143 242
102 201
120 219
174 273
116 215
141 240
71 170
104 203
94 193
129 228
180 279
128 227
133 232
58 157
157 256
121 220
87 186
191 290
88 187
150 249
110 209
182 281
93 192
92 191
32 131
178 277
136 235
163 262
55 154
172 271
131 230
8 107
157 256
64 163
159 258
195 294
8 107
91 190
57 156
30 129
145 244
160 259
149 248
91 190
99 198
18 117
185 284
160 259
184 283
113 212
117 216
85 184
8 107
30 129
120 219
179 278
100 199
194 293
37 136
76 175
97 196
194 293
54 153
96 195
129 228
172 271
190 289
81 180
178 277
41 140
97 196
138 237
167 266
197 296
115 214
55 154
144 243
156 255
56 155
1 100
190 289
184 283
85 184
70 169
117 216
72 171
135 234
119 218
144 243
21 120
95 194
101 200
36 135
177 276
84 183
99 198
155 254
35 134
2 101
5 104
146 245
144 243
186 285
10 109
73 172
19 118
62 161
163 262
40 139
152 251
29 128
155 254
129 228
34 133
22 121
2 101
71 170
87 186
153 252
169 268
46 145
55 154
99 198
157 256
172 271
129 228
132 231
13 112
92 191
128 227
10 109
107 206
101 200
25 124
83 182
117 216
65 164
169 268
114 213
197 296
7 106
33 132
171 270
19 118
87 186
92 191
15 114
190 289
95 194
179 278
157 256
132 231
142 241
37 136
59 158
162 261
130 229
28 127
5 104
57 156
188 287
121 220
84 183
80 179
14 113
65 164
76 175
126 225
118 217
71 170
149 248
82 181
32 131
173 272
35 134
18 117
6 105
137 236
181 280
106 205
186 285
189 288
142 241
4 103
32 131
149 248
101 200
81 180
134 233
165 264
151 250
164 263
189 288
80 179
90 189
111 210
109 208
3 102
77 176
182 281
117 216
19 118
41 140
22 121
159 258
59 158
6 105
146 245
185 284
139 238
103 202
90 189
1 100
150 249
180 279
18 117
38 137
141 240
9 108
18 117
75 174
31 130
121 220
145 244
84 183
149 248
162 261
122 221
136 235
191 290
170 269
149 248
175 274
145 244
62 161
143 242
5 104
182 281
51 150
129 228
78 177
155 254
157 256
56 155
186 285
58 157
138 237
192 291
106 205
115 214
20 119
182 281
194 293
186 285
75 174
161 260
101 200
58 157
18 117
127 226
108 207
122 221
52 151
8 107
191 290
110 209
74 173
149 248
133 232
22 121
146 245
0 99
91 190
144 243
177 276
150 249
143 242
78 177
155 254
111 210
85 184
168 267
8 107
148 247
112 211
172 271
6 105
143 242
124 223
67 166
49 148
18 117
45 144
49 148
136 235
159 258
17 116
168 267
143 242
144 243
43 142
159 258
49 148
99 198
173 272
175 274
195 294
28 127
158 257
78 177
68 167
125 224
35 134
93 192
67 166
119 218
12 111
95 194
196 295
25 124
7 106
82 181
64 163
64 163
190 289
126 225
116 215
38 137
86 185
197 296
163 262
59 158
147 246
119 218
120 219
22 121
167 266
122 221
14 113
45 144
111 210
7 106
103 202
79 178
35 134
191 290
40 139
58 157
10 109
163 262
94 193
86 185
162 261
61 160
173 272
97 196
133 232
66 165
126 225
113 212
108 207
114 213
113 212
16 115
76 175
37 136
159 258
116 215
170 269
61 160
133 232
121 220
86 185
16 115
81 180
49 148
168 267
85 184
92 191
9 108
144 243
189 288
163 262
190 289
30 129
106 205
156 255
120 219
53 152
133 232
175 274
57 156
143 242
2 101
180 279
136 235
124 223
130 229
193 292
18 117
180 279
53 152
134 233
155 254
95 194
5 104
146 245
69 168
159 258
176 275
196 295
61 160
130 229
50 149
167 266
28 127
24 123
197 296
106 205
142 241
68 167
2 101
165 264
40 139
29 128
111 210
173 272
26 125
107 206
123 222
125 224
19 118
38 137
109 208
97 196
191 290
15 114
89 188
120 219
66 165
1 100
165 264
147 246
100 199
75 174
57 156
63 162
94 193
44 143
69 168
154 253
180 279
141 240
162 261
162 261
140 239
171 270
27 126
105 204
11 110
17 116
80 179
116 215
170 269
190 289
165 264
35 134
55 154
55 154
137 236
120 219
74 173
73 172
136 235
66 165
110 209
104 203
169 268
114 213
137 236
38 137
22 121
22 121
71 170
137 236
97 196
69 168
190 289
44 143
83 182
185 284
123 222
113 212
126 225
80 179
67 166
84 183
188 287
90 189
58 157
138 237
138 237
148 247
28 127
185 284
186 285
192 291
74 173
156 255
138 237
47 146
49 148
97 196
54 153
125 224
88 187
95 194
33 132
82 181
29 128
67 166
117 216
17 116
103 202
10 109
138 237
108 207
80 179
155 254
90 189
57 156
90 189
57 156
28 127
155 254
145 244
22 121
162 261
137 236
140 239
0 99
17 116
83 182
143 242
79 178
141 240
44 143
54 153
138 237
98 197
194 293
175 274
43 142
113 212
8 107
92 191
45 144
9 108
168 267
22 121
197 296
96 195
11 110
90 189
14 113
75 174
194 293
116 215
126 225
21 120
2 101
117 216
83 182
80 179
153 252
77 176
52 151
153 252
86 185
92 191
34 133
139 238
177 276
182 281
2 101
145 244
80 179
17 116
156 255
31 130
15 114
96 195
64 163
37 136
123 222
38 137
51 150
176 275
49 148
23 122
1 100
129 228
150 249
104 203
35 134
79 178
30 129
57 156
89 188
91 190
19 118
20 119
35 134
190 289
77 176
77 176
186 285
149 248
97 196
42 141
152 251
98 197
30 129
148 247
193 292
176 275
94 193
6 105
16 115
81 180
153 252
100 199
137 236
93 192
166 265
101 200
85 184
74 173
164 263
126 225
178 277
127 226
64 163
107 206
117 216
133 232
83 182
12 111
21 120
146 245
184 283
21 120
92 191
168 267
126 225
140 239
6 105
130 229
110 209
153 252
95 194
59 158
80 179
48 147
142 241
71 170
50 149
166 265
141 240
173 272
45 144
52 151
193 292
2 101
40 139
151 250
75 174
183 282
120 219
152 251
6 105
119 218
116 215
32 131
101 200
124 223
99 198
79 178
77 176
121 220
195 294
144 243
131 230
185 284
123 222
47 146
76 175
3 102
146 245
46 145
102 201
3 102
115 214
120 219
134 233
9 108
177 276
57 156
75 174
192 291
76 175
107 206
4 103
142 241
152 251
44 143
130 229
36 135
71 170
43 142
53 152
28 127
46 145
13 112
140 239
103 202
111 210
142 241
183 282
59 158
80 179
112 211
141 240
166 265
123 222
50 149
120 219
83 182
42 141
84 183
60 159
129 228
147 246
146 245
86 185
182 281
163 262
155 254
157 256
23 122
31 130
148 247
121 220
38 137
137 236
91 190
90 189
133 232
105 204
72 171
118 217
126 225
51 150
161 260
8 107
64 163
163 262
157 256
174 273
33 132
148 247
156 255
192 291
159 258
119 218
182 281
90 189
165 264
54 153
150 249
145 244
124 223
76 175
125 224
167 266
7 106
148 247
63 162
197 296
112 211
139 238
60 159
72 171
141 240
29 128
9 108
110 209
85 184
149 248
0 99
11 110
17 116
133 232
65 164
33;156504
83 182
87 186
0 99
71 170
92 191
87 186
89 188
180 279
75 174
137 236
14 113
3 102
1 100
183 282
107 206
46 145
157 256
37 136
41 140
3 102
3 102
114 213
167 266
190 289
163 262
160 259
111 210
191 290
145 244
0 99
102 201
164 263
55 154
61 160
36 135
3 102
121 220
118 217
164 263
11 110
184 283
58 157
188 287
129 228
177 276
150 249
19 118
165 264
189 288
19 118
113 212
42 141
0 99
120 219
160 259
118 217
142 241
53 152
186 285
124 223
145 244
31 130
127 226
90 189
143 242
144 243
151 250
131 230
172 271
79 178
9 108
185 284
157 256
11 110
111 210
152 251
50 149
88 187
6 105
0 99
76 175
34 133
36 135
170 269
155 254
42 141
68 167
80 179
133 232
46 145
193 292
26 125
148 247
176 275
20 119
131 230
147 246
178 277
197 296
17 116
9 108
57 156
66 165
53 152
149 248
171 270
174 273
10 109
75 174
181 280
120 219
77 176
98 197
79 178
10 109
83 182
29 128
122 221
115 214
33 132
31 130
167 266
57 156
162 261
136 235
193 292
89 188
83 182
165 264
178 277
111 210
20 119
105 204
69 168
173 272
140 239
114 213
36 135
14 113
172 271
99 198
75 174
14 113
127 226
189 288
66 165
3 102
165 264
55 154
55 154
18 117
56 155
119 218
50 149
20 119
180 279
11 110
144 243
193 292
138 237
50 149
122 221
82 181
30 129
99 198
111 210
1 100
109 208
44 143
103 202
133 232
5 104
194 293
174 273
99 198
178 277
93 192
104 203
135 234
155 254
154 253
7 106
166 265
27 126
68 167
194 293
183 282
191 290
178 277
23 122
132 231
169 268
21 120
110 209
31 130
17 116
110 209
173 272
12 111
36 135
144 243
176 275
22 121
60 159
43 142
76 175
2 101
55 154
91 190
71 170
184 283
191 290
181 280
131 230
189 288
4 103
39 138
90 189
61 160
22 121
176 275
130 229
188 287
103 202
179 278
75 174
94 193
4 103
40 139
57 156
151 250
56 155
8 107
161 260
149 248
22 121
19 118
183 282
193 292
114 213
174 273
40 139
35 134
175 274
195 294
93 192
150 249
120 219
102 201
175 274
1 100
179 278
47 146
25 124
112 211
76 175
41 140
77 176
90 189
196 295
97 196
33 132
194 293
113 212
182 281
51 150
93 192
84 183
85 184
63 162
165 264
166 265
109 208
112 211
169 268
71 170
181 280
56 155
145 244
87 186
164 263
147 246
185 284
84 183
102 201
118 217
51 150
138 237
92 191
44 143
59 158
91 190
195 294
46 145
134 233
115 214
103 202
188 287
197 296
24 123
10 109
35 134
5 104
73 172
11 110
20 119
58 157
121 220
51 150
97 196
28 127
46 145
45 144
85 184
98 197
138 237
44 143
195 294
29 128
20 119
69 168
176 275
156 255
87 186
182 281
8 107
197 296
88 187
162 261
191 290
61 160
78 177
115 214
82 181
148 247
35 134
142 241
76 175
197 296
128 227
151 250
196 295
8 107
22 121
79 178
190 289
85 184
135 234
26 125
102 201
10 109
160 259
139 238
106 205
142 241
7 106
134 233
193 292
169 268
163 262
26 125
17 116
126 225
110 209
138 237
13 112
55 154
13 112
139 238
41 140
144 243
110 209
36 135
58 157
56 155
31 130
87 186
117 216
139 238
124 223
74 173
95 194
149 248
152 251
79 178
16 115
163 262
184 283
33 132
121 220
192 291
182 281
32 131
10 109
21 120
33 132
124 223
170 269
181 280
98 197
18 117
92 191
8 107
146 245
135 234
177 276
190 289
139 238
185 284
135 234
20 119
56 155
49 148
155 254
197 296
25 124
105 204
50 149
64 163
134 233
65 164
122 221
35 134
8 107
56 155
27 126
71 170
72 171
6 105
37 136
80 179
195 294
122 221
22 121
150 249
71 170
161 260
195 294
191 290
105 204
98 197
44 143
99 198
172 271
31 130
184 283
37 136
108 207
54 153
183 282
101 200
119 218
131 230
110 209
10 109
38 137
98 197
69 168
119 218
60 159
83 182
22 121
106 205
147 246
173 272
133 232
73 172
112 211
155 254
167 266
126 225
120 219
158 257
187 286
197 296
57 156
35 134
96 195
137 236
141 240
151 250
37 136
80 179
155 254
100 199
51 150
3 102
69 168
19 118
79 178
176 275
132 231
97 196
147 246
94 193
193 292
127 226
151 250
147 246
83 182
36 135
156 255
117 216
156 255
197 296
129 228
183 282
77 176
99 198
2 101
129 228
184 283
85 184
90 189
101 200
180 279
191 290
78 177
161 260
118 217
179 278
55 154
158 257
34 133
132 231
28 127
178 277
137 236
124 223
185 284
157 256
163 262
114 213
62 161
177 276
36 135
190 289
17 116
141 240
149 248
1 100
176 275
73 172
101 200
150 249
153 252
86 185
183 282
32 131
49 148
34 133
4 103
177 276
62 161
42 141
84 183
11 110
194 293
67 166
110 209
104 203
59 158
110 209
147 246
177 276
35 134
10 109
163 262
91 190
2 101
197 296
121 220
173 272
175 274
61 160
81 180
180 279
19 118
20 119
121 220
173 272
79 178
190 289
137 236
133 232
34 133
101 200
109 208
149 248
123 222
98 197
134 233
11 110
66 165
99 198
129 228
107 206
67 166
111 210
157 256
190 289
184 283
173 272
75 174
176 275
11 110
69 168
93 192
73 172
71 170
77 176
33 132
74 173
81 180
92 191
4 103
64 163
20 119
72 171
102 201
115 214
95 194
83 182
194 293
21 120
181 280
132 231
196 295
90 189
89 188
90 189
43 142
24 123
84 183
45 144
47 146
72 171
196 295
119 218
88 187
94 193
86 185
183 282
139 238
78 177
36 135
190 289
59 158
80 179
34 133
169 268
196 295
122 221
63 162
179 278
192 291
49 148
186 285
192 291
188 287
90 189
37 136
79 178
26 125
64 163
188 287
116 215
61 160
84 183
67 166
96 195
0 99
9 108
4 103
86 185
117 216
155 254
19 118
160 259
138 237
77 176
43 142
101 200
47 146
27 126
182 281
106 205
106 205
192 291
41 140
8 107
84 183
109 208
8 107
56 155
182 281
73 172
37 136
57 156
32 131
184 283
83 182
37 136
11 110
15 114
169 268
107 206
173 272
53 152
140 239
166 265
171 270
55 154
58 157
43 142
125 224
14 113
19 118
133 232
70 169
142 241
155 254
148 247
38 137
178 277
61 160
55 154
142 241
129 228
79 178
110 209
65 164
187 286
98 197
141 240
133 232
108 207
88 187
163 262
39 138
132 231
1 100
196 295
129 228
156 255
50 149
113 212
87 186
40 139
32 131
21 120
100 199
118 217
51 150
62 161
53 152
23 122
130 229
50 149
162 261
71 170
187 286
196 295
9 108
183 282
78 177
12 111
112 211
65 164
41 140
99 198
60 159
49 148
101 200
88 187
47 146
9 108
104 203
31 130
197 296
196 295
119 218
116 215
185 284
162 261
40 139
75 174
45 144
36 135
83 182
149 248
76 175
59 158
181 280
168 267
148 247
84 183
119 218
77 176
73 172
116 215
9 108
42 141
176 275
73 172
184 283
50 149
192 291
190 289
40 139
123 222
30 129
69 168
158 257
129 228
141 240
13 112
160 259
104 203
16 115
124 223
194 293
108 207
79 178
107 206
92 191
155 254
54 153
15 114
180 279
162 261
93 192
124 223
28 127
77 176
74 173
113 212
98 197
156 255
67 166
26 125
100 199
110 209
105 204
46 145
189 288
176 275
17 116
37 136
168 267
109 208
120 219
84 183
95 194
39 138
42 141
25 124
76 175
184 283
1 100
137 236
59 158
125 224
128 227
58 157
86 185
37 136
5 104
14 113
106 205
136 235
41 140
161 260
147 246
95 194
128 227
40 139
51 150
147 246
118 217
152 251
180 279
143 242
176 275
119 218
14 113
112 211
136 235
12 111
165 264
119 218
116 215
134 233
129 228
118 217
42 141
137 236
26 125
194 293
23 122
121 220
56 155
193 292
112 211
62 161
166 265
84 183
143 242
150 249
128 227
3 102
88 187
89 188
92 191
43 142
197 296
96 195
119 218
132 231
70 169
182 281
161 260
148 247
59 158
77 176
26 125
25 124
119 218
65 164
192 291
88 187
112 211
48 147
164 263
136 235
20 119
46 145
95 194
95 194
109 208
80 179
86 185
49 148
94 193
166 265
67 166
57 156
34 133
8 107
121 220
183 282
83 182
86 185
185 284
82 181
162 261
63 162
116 215
154 253
135 234
152 251
113 212
137 236
62 161
85 184
16 115
63 162
126 225
100 199
186 285
86 185
141 240
33 132
195 294
145 244
71 170
20 119
99 198
119 218
9 108
44 143
5 104
161 260
69 168
98 197
43 142
173 272
51 150
87 186
11 110
175 274
136 235
47 146
86 185
139 238
182 281
67 166
1 100
151 250
157 256
47 146
93 192
160 259
47 146
96 195
15 114
138 237
46 145
152 251
66 165
148 247
31 130
101 200
53 152
194 293
19 118
2 101
2 101
62 161
62 161
195 294
16 115
175 274
126 225
7 106
191 290
158 257
188 287
172 271
173 272
5 104
117 216
36 135
122 221
61 160
98 197
105 204
30 129
116 215
176 275
120 219
53 152
153 252
186 285
142 241
80 179
105 204
12 111
188 287
83 182
112 211
151 250
21 120
38 137
186 285
137 236
168 267
124 223
8 107
4 103
106 205
186 285
197 296
100 199
0 99
78 177
42 141
193 292
44 143
85 184
130 229
3 102
58 157
30 129
23 122
46 145
44 143
121 220
33 132
80 179
164 263
163 262
136 235
53 152
7 106
186 285
120 219
147 246
123 222
94 193
14 113
32 131
103 202
19 118
67 166
118 217
50 149
129 228
56 155
151 250
1 100
146 245
71 170
175 274
185 284
156 255
188 287
176 275
132 231
69 168
111 210
134 233
114 213
160 259
133 232
61 160
128 227
109 208
147 246
125 224
86 185
20 119
56 155
122 221
125 224
92 191
16 115
179 278
22 121
22 121
48 147
41 140
92 191
196 295
125 224
45 144
159 258
113 212
127 226
158 257
51 150
2 101
56 155
21 120
193 292
160 259
123 222
72 171
109 208
11 110
68 167
74 173
104 203
147 246
28 127
135 234
154 253
115 214
71 170
5 104
87 186
141 240
135 234
85 184
114 213
146 245
175 274
164 263
184 283
71 170
118 217
177 276
123 222
55 154
130 229
130 229
185 284
24 123
148 247
3 102
125 224
1 100
168 267
57 156
148 247
120 219
16 115
101 200
7 106
108 207
79 178
10 109
11 110
183 282
135 234
54 153
193 292
76 175
191 290
141 240
38 137
92 191
31 130
146 245
41 140
143 242
85 184
149 248
156 255
68 167
187 286
140 239
134 233
129 228
185 284
38 137
134 233
164 263
132 231
92 191
158 257
70 169
98 197
52 151
193 292
85 184
0 99
9 108
135 234
44 143
122 221
75 174
76 175
130 229
164 263
27 126
185 284
175 274
21 120
177 276
80 179
191 290
173 272
196 295
79 178
45 144
93 192
35 134
65 164
52 151
71 170
67 166
132 231
19 118
163 262
58 157
106 205
93 192
65 164
155 254
149 248
88 187
61 160
57 156
178 277
177 276
129 228
26 125
1 100
145 244
93 192
122 221
168 267
173 272
137 236
148 247
42 141
77 176
12 111
14 113
65 164
164 263
34 133
128 227
40 139
57 156
186 285
119 218
175 274
90 189
57 156
13 112
77 176
114 213
50 149
53 152
162 261
68 167
108 207
133 232
85 184
149 248
150 249
49 148
185 284
98 197
167 266
178 277
92 191
161 260
40 139
3 102
62 161
67 166
75 174
93 192
24 123
138 237
64 163
41 140
96 195
60 159
123 222
80 179
94 193
40 139
91 190
162 261
30 129
178 277
53 152
9 108
52 151
130 229
61 160
121 220
15 114
140 239
26 125
126 225
81 180
51 150
129 228
183 282
0 99
24 123
101 200
104 203
121 220
13 112
170 269
16 115
121 220
41 140
127 226
141 240
137 236
131 230
191 290
60 159
54 153
126 225
148 247
59 158
87 186
145 244
22 121
52 151
19 118
178 277
163 262
38 137
115 214
124 223
118 217
179 278
193 292
141 240
119 218
15 114
86 185
29 128
140 239
174 273
141 240
78 177
67 166
132 231
145 244
40 139
69 168
36 135
141 240
176 275
180 279
79 178
127 226
54 153
192 291
18 117
10 109
33 132
108 207
146 245
22 121
121 220
67 166
178 277
100 199
0 99
179 278
49 148
37 136
124 223
82 181
3 102
35 134
44 143
90 189
11 110
141 240
133 232
95 194
52 151
133 232
45 144
86 185
74 173
132 231
137 236
1 100
21 120
83 182
187 286
154 253
153 252
179 278
184 283
53 152
62 161
158 257
61 160
188 287
40 139
189 288
47 146
11 110
162 261
191 290
123 222
34 133
184 283
104 203
7 106
35 134
177 276
179 278
139 238
59 158
195 294
82 181
121 220
119 218
162 261
59 158
156 255
62 161
173 272
130 229
142 241
129 228
168 267
116 215
164 263
87 186
76 175
52 151
175 274
46 145
99 198
193 292
159 258
181 280
42 141
107 206
88 187
167 266
164 263
183 282
34 133
54 153
81 180
27 126
149 248
81 180
113 212
188 287
155 254
72 171
70 169
36 135
117 216
104 203
153 252
7 106
84 183
196 295
132 231
26 125
69 168
165 264
180 279
83 182
97 196
53 152
40 139
48 147
193 292
29 128
96 195
51 150
100 199
140 239
98 197
9 108
196 295
28 127
44 143
15 114
57 156
116 215
148 247
16 115
173 272
84 183
183 282
65 164
35 134
48 147
48 147
86 185
55 154
136 235
139 238
110 209
103 202
11 110
109 208
21 120
196 295
32 131
27 126
80 179
33 132
170 269
74 173
67 166
188 287
189 288
39 138
145 244
62 161
189 288
161 260
93 192
164 263
41 140
141 240
64 163
49 148
70 169
117 216
156 255
131 230
28 127
13 112
33 132
83 182
192 291
20 119
5 104
154 253
48 147
164 263
194 293
149 248
72 171
138 237
12 111
66 165
67 166
7 106
116 215
118 217
25 124
164 263
131 230
85 184
186 285
12 111
94 193
130 229
83 182
50 149
82 181
163 262
177 276
114 213
93 192
182 281
153 252
108 207
164 263
45 144
57 156
95 194
101 200
171 270
152 251
116 215
136 235
114 213
160 259
146 245
195 294
195 294
135 234
15 114
10 109
129 228
70 169
106 205
107 206
169 268
15 114
103 202
161 260
106 205
11 110
31 130
85 184
164 263
111 210
150 249
151 250
135 234
196 295
144 243
120 219
78 177
0 99
140 239
187 286
113 212
163 262
43 142
97 196
105 204
42 141
174 273
87 186
147 246
76 175
121 220
169 268
102 201
49 148
56 155
163 262
63 162
125 224
179 278
77 176
16 115
17 116
132 231
122 221
127 226
157 256
70 169
89 188
45 144
82 181
17 116
131 230
115 214
35 134
146 245
121 220
55 154
127 226
156 255
187 286
156 255
165 264
118 217
107 206
90 189
34 133
148 247
169 268
55 154
165 264
135 234
4 103
22 121
63 162
192 291
105 204
137 236
176 275
47 146
185 284
191 290
146 245
167 266
148 247
119 218
13 112
194 293
194 293
47 146
120 219
173 272
127 226
128 227
106 205
140 239
141 240
45 144
161 260
38 137
173 272
81 180
90 189
80 179
163 262
135 234
98 197
197 296
180 279
14 113
43 142
179 278
2 101
167 266
96 195
149 248
50 149
13 112
72 171
35 134
101 200
108 207
10 109
60 159
153 252
45 144
103 202
133 232
100 199
177 276
98 197
107 206
8 107
45 144
137 236
126 225
84 183
124 223
146 245
79 178
82 181
75 174
116 215
92 191
177 276
158 257
109 208
4 103
67 166
195 294
22 121
104 203
2 101
58 157
130 229
83 182
160 259
36 135
143 242
110 209
172 271
179 278
18 117
11 110
19 118
67 166
37 136
10 109
173 272
60 159
62 161
164 263
88 187
92 191
54 153
54 153
75 174
42 141
163 262
74 173
84 183
175 274
59 158
82 181
178 277
121 220
68 167
79 178
120 219
111 210
175 274
0 99
107 206
133 232
122 221
195 294
148 247
150 249
100 199
58 157
164 263
150 249
128 227
2 101
79 178
99 198
118 217
114 213
61 160
115 214
0 99
167 266
12 111
163 262
106 205
158 257
5 104
180 279
133 232
89 188
49 148
34 133
35 134
156 255
48 147
64 163
15 114
131 230
114 213
112 211
148 247
89 188
52 151
124 223
16 115
42 141
8 107
150 249
68 167
74 173
89 188
8 107
43 142
135 234
94 193
172 271
163 262
150 249
100 199
129 228
141 240
135 234
172 271
152 251
62 161
186 285
138 237
104 203
20 119
109 208
114 213
122 221
41 140
105 204
74 173
197 296
167 266
175 274
101 200
88 187
197 296
30 129
96 195
107 206
43 142
14 113
141 240
98 197
66 165
165 264
178 277
98 197
56 155
86 185
134 233
43 142
147 246
155 254
108 207
145 244
127 226
173 272
112 211
162 261
103 202
27 126
162 261
136 235
45 144
102 201
84 183
105 204
45 144
189 288
47 146
65 164
77 176
138 237
121 220
192 291
48 147
5 104
160 259
170 269
196 295
147 246
197 296
120 219
51 150
159 258
122 221
169 268
130 229
162 261
55 154
183 282
184 283
173 272
121 220
84 183
174 273
4 103
107 206
181 280
72 171
89 188
194 293
172 271
31 130
177 276
81 180
192 291
6 105
30 129
104 203
79 178
68 167
164 263
53 152
116 215
159 258
157 256
138 237
76 175
167 266
15 114
118 217
188 287
9 108
1 100
196 295
102 201
13 112
21 120
21 120
75 174
10 109
16 115
39 138
77 176
66 165
61 160
13 112
51 150
67 166
38 137
131 230
2 101
0 99
180 279
105 204
114 213
174 273
125 224
68 167
37 136
84 183
27 126
67 166
31 130
166 265
89 188
30 129
104 203
60 159
105 204
69 168
100 199
188 287
5 104
144 243
96 195
64 163
34 133
90 189
90 189
68 167
40 139
135 234
103 202
1 100
70 169
3 102
14 113
73 172
11 110
171 270
176 275
171 270
185 284
13 112
53 152
188 287
137 236
114 213
151 250
144 243
47 146
53 152
94 193
134 233
123 222
136 235
149 248
128 227
3 102
1 100
13 112
75 174
145 244
85 184
130 229
20 119
25 124
94 193
135 234
70 169
171 270
114 213
0 99
45 144
135 234
108 207
188 287
9 108
154 253
3 102
10 109
62 161
171 270
1 100
39 138
13 112
3 102
24 123
128 227
30 129
169 268
8 107
89 188
179 278
71 170
120 219
186 285
76 175
2 101
3 102
139 238
149 248
183 282
183 282
6 105
15 114
125 224
98 197
8 107
38 137
73 172
41 140
170 269
111 210
123 222
12 111
116 215
188 287
170 269
143 242
15 114
84 183
36 135
114 213
131 230
94 193
12 111
4 103
171 270
20 119
81 180
88 187
17 116
44 143
135 234
57 156
60 159
87 186
109 208
85 184
19 118
3 102
126 225
195 294
77 176
125 224
16 115
58 157
53 152
34 133
15 114
95 194
172 271
90 189
130 229
60 159
110 209
86 185
156 255
88 187
94 193
12 111
11 110
136 235
173 272
59 158
39 138
72 171
134 233
148 247
184 283
23 122
10 109
46 145
83 182
46 145
140 239
150 249
61 160
31 130
183 282
130 229
110 209
197 296
137 236
104 203
79 178
120 219
173 272
94 193
111 210
170 269
47 146
12 111
16 115
71 170
189 288
59 158
26 125
82 181
103 202
98 197
182 281
59 158
120 219
124 223
22 121
70 169
137 236
106 205
169 268
43 142
74 173
176 275
154 253
39 138
26 125
56 155
11 110
174 273
4 103
152 251
28 127
197 296
77 176
176 275
105 204
111 210
172 271
150 249
178 277
130 229
159 258
46 145
123 222
55 154
65 164
180 279
177 276
138 237
53 152
77 176
181 280
54 153
186 285
184 283
107 206
159 258
182 281
125 224
160 259
73 172
82 181
53 152
132 231
155 254
76 175
3 102
58 157
102 201
58 157
158 257
53 152
89 188
112 211
83 182
135 234
73 172
21 120
161 260
146 245
52 151
30 129
173 272
70 169
90 189
81 180
173 272
173 272
111 210
25 124
173 272
164 263
192 291
48 147
181 280
126 225
46 145
23 122
169 268
55 154
21 120
91 190
111 210
105 204
130 229
45 144
6 105
69 168
110 209
163 262
91 190
92 191
68 167
177 276
89 188
10 109
30 129
137 236
112 211
81 180
8 107
93 192
55 154
59 158
99 198
76 175
176 275
98 197
140 239
21 120
83 182
183 282
77 176
129 228
4 103
34 133
182 281
90 189
42 141
184 283
122 221
128 227
34 133
110 209
40 139
46 145
95 194
99 198
0 99
141 240
2 101
12 111
98 197
145 244
177 276
6 105
5 104
7 106
72 171
51 150
105 204
109 208
23 122
175 274
116 215
55 154
105 204
99 198
115 214
156 255
90 189
76 175
65 164
180 279
124 223
24 123
41 140
29 128
28 127
93 192
35 134
162 261
68 167
170 269
100 199
153 252
53 152
191 290
38 137
51 150
174 273
18 117
162 261
23 122
56 155
154 253
144 243
58 157
132 231
153 252
135 234
110 209
135 234
91 190
112 211
191 290
160 259
77 176
164 263
47 146
3 102
81 180
140 239
58 157
146 245
120 219
59 158
141 240
129 228
195 294
70 169
99 198
113 212
99 198
148 247
116 215
7 106
173 272
72 171
166 265
148 247
90 189
80 179
180 279
159 258
121 220
172 271
41 140
104 203
181 280
28 127
49 148
111 210
92 191
127 226
168 267
77 176
131 230
107 206
135 234
160 259
47 146
183 282
169 268
193 292
145 244
183 282
153 252
86 185
19 118
140 239
169 268
100 199
92 191
51 150
42 141
122 221
171 270
72 171
188 287
60 159
95 194
133 232
72 171
153 252
80 179
7 106
80 179
189 288
182 281
173 272
32 131
189 288
190 289
17 116
175 274
32 131
152 251
16 115
5 104
51 150
0 99
61 160
170 269
62 161
88 187
190 289
83 182
127 226
52 151
81 180
10 109
143 242
166 265
86 185
197 296
50 149
174 273
49 148
124 223
171 270
152 251
132 231
81 180
30 129
183 282
14 113
153 252
125 224
61 160
194 293
174 273
35 134
175 274
105 204
100 199
117 216
75 174
187 286
27 126
147 246
44 143
36 135
165 264
58 157
191 290
56 155
37 136
189 288
107 206
185 284
88 187
153 252
127 226
27 126
25 124
187 286
113 212
114 213
120 219
119 218
1 100
86 185
61 160
105 204
172 271
29 128
6 105
64 163
107 206
167 266
179 278
129 228
13 112
102 201
10 109
175 274
10 109
77 176
142 241
69 168
157 256
114 213
111 210
85 184
115 214
170 269
132 231
155 254
0 99
194 293
36 135
138 237
31 130
152 251
157 256
76 175
97 196
54 153
98 197
159 258
172 271
94 193
138 237
35 134
93 192
158 257
22 121
45 144
191 290
107 206
54 153
112 211
3 102
27 126
132 231
131 230
76 175
52 151
97 196
10 109
150 249
35 134
83 182
163 262
189 288
175 274
127 226
168 267
161 260
22 121
4 103
197 296
161 260
190 289
41 140
129 228
180 279
140 239
146 245
133 232
145 244
4 103
24 123
193 292
4 103
141 240
72 171
183 282
135 234
23 122
49 148
42 141
106 205
190 289
0 99
54 153
2 101
26 125
171 270
7 106
44 143
145 244
133 232
140 239
194 293
10 109
121 220
89 188
143 242
141 240
109 208
154 253
101 200
26 125
124 223
109 208
177 276
42 141
130 229
190 289
4 103
0 99
7 106
8 107
9 108
173 272
123 222
111 210
30 129
51 150
112 211
3 102
163 262
25 124
168 267
155 254
162 261
133 232
94 193
16 115
157 256
120 219
5 104
100 199
92 191
179 278
127 226
8 107
77 176
28 127
196 295
132 231
144 243
124 223
106 205
170 269
111 210
40 139
35 134
97 196
49 148
108 207
134 233
68 167
197 296
115 214
186 285
106 205
84 183
186 285
48 147
120 219
194 293
183 282
107 206
14 113
194 293
192 291
72 171
177 276
2 101
138 237
104 203
69 168
168 267
7 106
160 259
182 281
10 109
121 220
184 283
19 118
180 279
0 99
122 221
181 280
192 291
16 115
12 111
43 142
108 207
41 140
117 216
59 158
174 273
18 117
168 267
73 172
61 160
49 148
116 215
3 102
2 101
150 249
154 253
182 281
86 185
75 174
163 262
25 124
134 233
47 146
33 132
56 155
142 241
179 278
186 285
15 114
81 180
120 219
108 207
21 120
24 123
58 157
2 101
22 121
74 173
79 178
170 269
98 197
190 289
184 283
62 161
173 272
180 279
147 246
56 155
116 215
193 292
94 193
165 264
119 218
194 293
158 257
186 285
55 154
97 196
109 208
27 126
77 176
105 204
58 157
62 161
16 115
95 194
82 181
178 277
91 190
24 123
159 258
133 232
59 158
49 148
105 204
87 186
154 253
173 272
103 202
16 115
30 129
33 132
31 130
166 265
151 250
138 237
20 119
187 286
4 103
102 201
74 173
119 218
151 250
32 131
131 230
56 155
108 207
83 182
171 270
149 248
14 113
92 191
37 136
156 255
165 264
156 255
107 206
127 226
45 144
36 135
98 197
24 123
177 276
84 183
85 184
73 172
176 275
167 266
85 184
120 219
131 230
77 176
89 188
114 213
162 261
179 278
100 199
122 221
68 167
99 198
89 188
175 274
86 185
38 137
142 241
1 100
48 147
22 121
120 219
182 281
48 147
77 176
197 296
163 262
117 216
74 173
187 286
53 152
132 231
8 107
178 277
166 265
164 263
138 237
10 109
97 196
99 198
32 131
169 268
18 117
191 290
70 169
195 294
159 258
177 276
155 254
175 274
155 254
41 140
168 267
158 257
4 103
97 196
183 282
181 280
62 161
86 185
30 129
6 105
41 140
52 151
97 196
76 175
168 267
173 272
8 107
96 195
22 121
87 186
158 257
12 111
27 126
38 137
166 265
41 140
22 121
10 109
166 265
13 112
68 167
116 215
160 259
110 209
24 123
112 211
153 252
135 234
143 242
119 218
119 218
121 220
99 198
126 225
149 248
87 186
73 172
66 165
188 287
189 288
121 220
49 148
32 131
30 129
11 110
135 234
44 143
105 204
68 167
118 217
87 186
9 108
182 281
133 232
166 265
184 283
193 292
19 118
34 133
144 243
80 179
147 246
40 139
106 205
57 156
168 267
73 172
0 99
137 236
16 115
50 149
141 240
165 264
143 242
51 150
147 246
116 215
30 129
182 281
160 259
85 184
147 246
47 146
4 103
128 227
127 226
9 108
27 126
122 221
28 127
31 130
157 256
85 184
128 227
70 169
67 166
52 151
150 249
98 197
19 118
112 211
176 275
27 126
18 117
179 278
39 138
185 284
64 163
189 288
1 100
41 140
197 296
140 239
122 221
25 124
50 149
160 259
89 188
27 126
62 161
115 214
66 165
81 180
3 102
93 192
59 158
119 218
165 264
172 271
74 173
11 110
94 193
44 143
36 135
51 150
80 179
119 218
116 215
98 197
96 195
127 226
65 164
12 111
174 273
77 176
53 152
146 245
132 231
116 215
156 255
93 192
74 173
116 215
124 223
186 285
116 215
33 132
179 278
23 122
59 158
122 221
133 232
132 231
50 149
21 120
10 109
142 241
116 215
125 224
2 101
158 257
171 270
46 145
24 123
27 126
42 141
16 115
121 220
144 243
191 290
168 267
111 210
99 198
36 135
62 161
130 229
48 147
116 215
10 109
172 271
160 259
163 262
56 155
133 232
21 120
94 193
86 185
159 258
75 174
109 208
86 185
82 181
176 275
79 178
169 268
14 113
197 296
160 259
120 219
94 193
67 166
95 194
64 163
0 99
40 139
26 125
193 292
128 227
183 282
70 169
64 163
56 155
87 186
169 268
25 124
134 233
9 108
68 167
35 134
128 227
115 214
121 220
8 107
49 148
47 146
192 291
104 203
173 272
73 172
8 107
89 188
50 149
104 203
36 135
60 159
169 268
160 259
52 151
46 145
170 269
73 172
133 232
185 284
168 267
124 223
33 132
11 110
181 280
44 143
10 109
100 199
70 169
78 177
68 167
106 205
121 220
90 189
73 172
41 140
178 277
195 294
167 266
34 133
147 246
182 281
109 208
155 254
116 215
127 226
65 164
65 164
16 115
95 194
117 216
117 216
97 196
113 212
5 104
50 149
16 115
147 246
175 274
174 273
109 208
185 284
156 255
170 269
170 269
105 204
162 261
104 203
67 166
7 106
178 277
4 103
106 205
61 160
127 226
188 287
42 141
143 242
144 243
175 274
157 256
189 288
181 280
196 295
173 272
17 116
5 104
145 244
64 163
49 148
158 257
34 133
15 114
81 180
46 145
126 225
92 191
179 278
104 203
60 159
24 123
130 229
136 235
183 282
161 260
191 290
39 138
53 152
31 130
123 222
106 205
191 290
75 174
46 145
143 242
12 111
27 126
161 260
132 231
196 295
127 226
87 186
180 279
36 135
73 172
4 103
94 193
165 264
113 212
130 229
102 201
128 227
86 185
91 190
191 290
122 221
158 257
80 179
64 163
135 234
21 120
21 120
87 186
112 211
61 160
172 271
115 214
160 259
173 272
97 196
111 210
39 138
62 161
92 191
13 112
85 184
191 290
51 150
159 258
11 110
168 267
71 170
157 256
179 278
191 290
134 233
110 209
92 191
6 105
96 195
49 148
87 186
47 146
27 126
12 111
13 112
169 268
118 217
2 101
55 154
191 290
169 268
153 252
86 185
47 146
48 147
145 244
124 223
42 141
21 120
103 202
3 102
57 156
78 177
47 146
163 262
87 186
165 264
62 161
161 260
8 107
43 142
2 101
180 279
10 109
4 103
74 173
77 176
16 115
18 117
170 269
39 138
144 243
93 192
154 253
186 285
43 142
190 289
61 160
18 117
51 150
47 146
23 122
51 150
154 253
109 208
146 245
153 252
79 178
109 208
91 190
120 219
28 127
13 112
20 119
188 287
133 232
143 242
113 212
192 291
67 166
33 132
101 200
42 141
44 143
44 143
110 209
79 178
115 214
70 169
127 226
192 291
93 192
10 109
66 165
102 201
169 268
16 115
17 116
133 232
47 146
120 219
160 259
8 107
22 121
80 179
50 149
165 264
187 286
57 156
142 241
90 189
73 172
48 147
41 140
136 235
12 111
173 272
134 233
38 137
84 183
122 221
44 143
160 259
91 190
140 239
45 144
34 133
75 174
173 272
179 278
98 197
31 130
138 237
153 252
143 242
162 261
142 241
197 296
61 160
60 159
180 279
35 134
122 221
72 171
25 124
133 232
25 124
97 196
105 204
43 142
114 213
50 149
44 143
15 114
142 241
195 294
2 101
195 294
69 168
191 290
23 122
44 143
125 224
127 226
24 123
97 196
49 148
44 143
7 106
194 293
111 210
127 226
5 104
45 144
179 278
17 116
100 199
174 273
161 260
74 173
185 284
70 169
166 265
37 136
53 152
66 165
156 255
88 187
180 279
153 252
29 128
159 258
149 248
84 183
91 190
66 165
148 247
28 127
44 143
41 140
45 144
110 209
8 107
131 230
68 167
8 107
32 131
84 183
9 108
37 136
128 227
152 251
148 247
118 217
30 129
112 211
176 275
191 290
1 100
180 279
28 127
65 164
19 118
93 192
139 238
30 129
135 234
95 194
91 190
192 291
178 277
124 223
160 259
106 205
129 228
59 158
193 292
54 153
136 235
4 103
136 235
165 264
75 174
102 201
53 152
51 150
174 273
139 238
197 296
167 266
81 180
46 145
139 238
58 157
18 117
149 248
61 160
57 156
107 206
104 203
10 109
144 243
21 120
177 276
166 265
55 154
131 230
119 218
22 121
151 250
172 271
183 282
101 200
47 146
24 123
20 119
57 156
52 151
79 178
159 258
142 241
116 215
59 158
116 215
74 173
128 227
20 119
95 194
197 296
31 130
108 207
181 280
135 234
132 231
177 276
115 214
99 198
61 160
116 215
140 239
133 232
130 229
26 125
77 176
61 160
49 148
91 190
64 163
147 246
147 246
33 132
130 229
69 168
100 199
164 263
177 276
67 166
102 201
98 197
113 212
172 271
33 132
142 241
47 146
60 159
149 248
98 197
70 169
73 172
99 198
72 171
69 168
134 233
76 175
141 240
93 192
174 273
0 99
22 121
117 216
3 102
110 209
189 288
165 264
53 152
55 154
82 181
78 177
82 181
161 260
52 151
119 218
196 295
12 111
67 166
56 155
48 147
149 248
165 264
87 186
8 107
122 221
70 169
179 278
75 174
140 239
187 286
125 224
95 194
30 129
92 191
110 209
194 293
67 166
137 236
134 233
74 173
115 214
137 236
26 125
168 267
122 221
32 131
48 147
90 189
62 161
101 200
42 141
112 211
175 274
113 212
173 272
17 116
38 137
111 210
174 273
175 274
16 115
54 153
63 162
157 256
4 103
67 166
65 164
177 276
85 184
21 120
134 233
118 217
120 219
169 268
53 152
157 256
71 170
182 281
183 282
2 101
111 210
19 118
112 211
121 220
180 279
136 235
109 208
166 265
118 217
146 245
28 127
149 248
3 102
22 121
53 152
55 154
30 129
26 125
134 233
166 265
80 179
149 248
192 291
0 99
192 291
49 148
118 217
9 108
108 207
25 124
182 281
77 176
66 165
42 141
145 244
92 191
68 167
42 141
32 131
145 244
64 163
103 202
178 277
84 183
33 132
140 239
154 253
101 200
64 163
165 264
38 137
136 235
194 293
114 213
18 117
161 260
120 219
3 102
90 189
90 189
24 123
18 117
24 123
160 259
31 130
34 133
28 127
54 153
6 105
44 143
88 187
53 152
42 141
38 137
127 226
191 290
56 155
163 262
169 268
56 155
116 215
77 176
2 101
168 267
69 168
197 296
128 227
70 169
133 232
25 124
150 249
88 187
96 195
28 127
130 229
87 186
26 125
142 241
53 152
189 288
134 233
135 234
154 253
118 217
150 249
162 261
156 255
125 224
40 139
157 256
65 164
103 202
73 172
124 223
52 151
67 166
58 157
58 157
36 135
28 127
89 188
143 242
192 291
169 268
114 213
13 112
56 155
108 207
56 155
168 267
2 101
189 288
31 130
196 295
24 123
36 135
140 239
107 206
95 194
108 207
72 171
96 195
168 267
24 123
104 203
100 199
64 163
195 294
194 293
20 119
187 286
131 230
74 173
197 296
180 279
169 268
44 143
122 221
119 218
32 131
117 216
152 251
164 263
142 241
112 211
180 279
161 260
65 164
174 273
82 181
88 187
70 169
170 269
159 258
87 186
33 132
57 156
85 184
102 201
182 281
25 124
162 261
182 281
112 211
22 121
137 236
25 124
86 185
130 229
144 243
0 99
10 109
144 243
32 131
160 259
114 213
29 128
91 190
75 174
188 287
141 240
27 126
133 232
87 186
36 135
128 227
24 123
30 129
49 148
10 109
116 215
196 295
141 240
146 245
8 107
159 258
18 117
176 275
139 238
51 150
1 100
68 167
184 283
173 272
143 242
71 170
11 110
50 149
154 253
76 175
50 149
52 151
8 107
183 282
129 228
167 266
21 120
148 247
188 287
192 291
8 107
52 151
184 283
196 295
58 157
11 110
12 111
165 264
77 176
165 264
168 267
33 132
145 244
124 223
113 212
33 132
113 212
127 226
160 259
109 208
122 221
91 190
190 289
72 171
123 222
159 258
168 267
105 204
73 172
131 230
80 179
66 165
20 119
42 141
41 140
129 228
108 207
7 106
90 189
94 193
121 220
147 246
148 247
98 197
4 103
120 219
172 271
17 116
17 116
88 187
176 275
81 180
108 207
148 247
62 161
141 240
22 121
179 278
60 159
80 179
136 235
32 131
185 284
41 140
62 161
195 294
160 259
103 202
3 102
193 292
7 106
123 222
128 227
31 130
27 126
8 107
14 113
93 192
190 289
171 270
185 284
120 219
151 250
121 220
71 170
194 293
35 134
187 286
193 292
98 197
65 164
56 155
96 195
118 217
167 266
88 187
102 201
159 258
55 154
88 187
7 106
159 258
23 122
119 218
164 263
51 150
23 122
167 266
38 137
108 207
7 106
22 121
194 293
86 185
83 182
195 294
25 124
176 275
175 274
101 200
151 250
90 189
132 231
176 275
18 117
28 127
126 225
90 189
74 173
131 230
121 220
133 232
32 131
65 164
190 289
44 143
95 194
149 248
61 160
89 188
184 283
0 99
4 103
158 257
114 213
40 139
99 198
171 270
191 290
59 158
150 249
0 99
19 118
183 282
52 151
52 151
81 180
45 144
65 164
30 129
179 278
197 296
131 230
89 188
191 290
96 195
56 155
45 144
157 256
133 232
161 260
45 144
160 259
65 164
114 213
22 121
180 279
181 280
42 141
83 182
133 232
72 171
176 275
152 251
149 248
26 125
155 254
96 195
146 245
90 189
158 257
173 272
19 118
21 120
192 291
55 154
112 211
44 143
158 257
46 145
36 135
123 222
33 132
61 160
196 295
68 167
56 155
62 161
21 120
138 237
107 206
64 163
88 187
154 253
139 238
118 217
189 288
81 180
168 267
53 152
39 138
87 186
65 164
59 158
191 290
127 226
62 161
197 296
181 280
70 169
196 295
35 134
153 252
115 214
192 291
164 263
158 257
67 166
116 215
156 255
85 184
63 162
94 193
154 253
129 228
111 210
39 138
17 116
147 246
162 261
40 139
58 157
121 220
176 275
32 131
109 208
63 162
181 280
102 201
82 181
197 296
131 230
124 223
167 266
146 245
5 104
146 245
123 222
6 105
34 133
107 206
170 269
47 146
137 236
128 227
108 207
147 246
95 194
179 278
189 288
116 215
5 104
142 241
124 223
91 190
165 264
33 132
122 221
185 284
108 207
180 279
17 116
11 110
99 198
17 116
82 181
54 153
47 146
156 255
6 105
140 239
32 131
107 206
115 214
63 162
109 208
177 276
187 286
167 266
133 232
75 174
130 229
175 274
95 194
117 216
11 110
129 228
7 106
64 163
175 274
134 233
49 148
121 220
168 267
61 160
196 295
30 129
57 156
163 262
117 216
184 283
165 264
1 100
4 103
39 138
68 167
39 138
79 178
109 208
29 128
161 260
33 132
195 294
68 167
180 279
54 153
85 184
127 226
154 253
17 116
0 99
19 118
186 285
3 102
169 268
63 162
43 142
110 209
44 143
169 268
3 102
78 177
9 108
161 260
179 278
65 164
80 179
154 253
36 135
98 197
28 127
103 202
133 232
132 231
197 296
86 185
37 136
175 274
0 99
154 253
26 125
27 126
135 234
63 162
145 244
20 119
195 294
142 241
11 110
93 192
120 219
51 150
63 162
158 257
127 226
148 247
187 286
23 122
196 295
25 124
157 256
19 118
177 276
1 100
34 133
168 267
91 190
192 291
38 137
15 114
88 187
77 176
190 289
73 172
100 199
34 133
55 154
148 247
75 174
157 256
11 110
100 199
81 180
139 238
9 108
81 180
67 166
106 205
8 107
84 183
117 216
65 164
194 293
112 211
109 208
0 99
15 114
57 156
127 226
196 295
19 118
41 140
135 234
44 143
195 294
171 270
86 185
60 159
106 205
2 101
185 284
31 130
140 239
38 137
194 293
46 145
66 165
26 125
34 133
89 188
11 110
73 172
179 278
53 152
189 288
186 285
62 161
132 231
119 218
130 229
168 267
138 237
78 177
131 230
104 203
134 233
13 112
184 283
173 272
22 121
111 210
23 122
114 213
1 100
24 123
144 243
180 279
178 277
34 133
135 234
195 294
173 272
15 114
102 201
187 286
45 144
197 296
77 176
5 104
93 192
35 134
112 211
29 128
66 165
30 129
150 249
13 112
82 181
9 108
48 147
182 281
131 230
20 119
143 242
49 148
55 154
157 256
148 247
125 224
63 162
165 264
143 242
38 137
94 193
162 261
168 267
54 153
66 165
164 263
23 122
178 277
62 161
65 164
93 192
127 226
92 191
72 171
131 230
139 238
36 135
185 284
140 239
71 170
110 209
21 120
98 197
97 196
173 272
43 142
180 279
185 284
164 263
99 198
54 153
87 186
196 295
78 177
19 118
109 208
8 107
24 123
23 122
139 238
16 115
34 133
138 237
91 190
18 117
51 150
196 295
29 128
152 251
107 206
130 229
119 218
150 249
161 260
168 267
160 259
10 109
103 202
143 242
85 184
25 124
93 192
18 117
35 134
183 282
146 245
187 286
174 273
124 223
57 156
41 140
78 177
146 245
172 271
65 164
33 132
132 231
65 164
174 273
6 105
119 218
130 229
85 184
28 127
193 292
77 176
143 242
55 154
137 236
76 175
156 255
167 266
122 221
64 163
119 218
154 253
23 122
31 130
127 226
97 196
140 239
151 250
32 131
96 195
77 176
113 212
109 208
142 241
171 270
66 165
137 236
91 190
51 150
7 106
8 107
69 168
187 286
152 251
123 222
70 169
72 171
165 264
8 107
41 140
114 213
146 245
45 144
194 293
55 154
143 242
188 287
181 280
148 247
180 279
81 180
184 283
190 289
118 217
157 256
51 150
195 294
9 108
111 210
37 136
143 242
79 178
20 119
121 220
103 202
33 132
134 233
182 281
152 251
85 184
59 158
28 127
165 264
31 130
125 224
160 259
66 165
114 213
181 280
193 292
75 174
77 176
60 159
57 156
150 249
166 265
144 243
87 186
67 166
34 133
6 105
33 132
134 233
171 270
49 148
128 227
74 173
129 228
164 263
68 167
26 125
183 282
68 167
151 250
16 115
139 238
117 216
2 101
60 159
41 140
173 272
146 245
143 242
119 218
53 152
197 296
82 181
31 130
158 257
73 172
107 206
62 161
128 227
74 173
77 176
30 129
14 113
5 104
97 196
102 201
9 108
137 236
192 291
152 251
76 175
118 217
67 166
23 122
163 262
45 144
47 146
100 199
25 124
31 130
125 224
106 205
108 207
1 100
98 197
125 224
121 220
10 109
133 232
78 177
179 278
194 293
2 101
19 118
52 151
162 261
128 227
84 183
115 214
129 228
99 198
39 138
170 269
34 133
19 118
134 233
118 217
119 218
102 201
19 118
7 106
7 106
158 257
67 166
19 118
85 184
152 251
56 155
141 240
150 249
15 114
19 118
87 186
176 275
135 234
136 235
197 296
1 100
188 287
182 281
96 195
146 245
37 136
105 204
117 216
124 223
8 107
66 165
122 221
97 196
133 232
124 223
71 170
55 154
42 141
68 167
3 102
160 259
36 135
188 287
139 238
50 149
7 106
81 180
114 213
176 275
21 120
125 224
125 224
74 173
53 152
143 242
80 179
86 185
112 211
46 145
166 265
138 237
137 236
156 255
82 181
184 283
106 205
140 239
34 133
186 285
28 127
88 187
72 171
3 102
110 209
197 296
0 99
99 198
46 145
184 283
195 294
165 264
186 285
91 190
76 175
159 258
86 185
12 111
87 186
130 229
26 125
90 189
18 117
59 158
169 268
166 265
61 160
116 215
75 174
17 116
125 224
25 124
153 252
96 195
94 193
180 279
36 135
76 175
144 243
90 189
151 250
140 239
76 175
94 193
163 262
12 111
91 190
16 115
90 189
160 259
119 218
49 148
162 261
159 258
171 270
194 293
176 275
155 254
47 146
11 110
92 191
111 210
175 274
105 204
151 250
95 194
74 173
61 160
67 166
137 236
136 235
14 113
107 206
179 278
73 172
11 110
17 116
175 274
187 286
166 265
142 241
115 214
156 255
182 281
78 177
194 293
21 120
92 191
77 176
63 162
39 138
138 237
105 204
44 143
185 284
17 116
9 108
11 110
151 250
160 259
31 130
171 270
121 220
77 176
183 282
196 295
102 201
114 213
150 249
112 211
69 168
96 195
38 137
150 249
171 270
116 215
3 102
160 259
114 213
43 142
117 216
16 115
119 218
120 219
134 233
67 166
8 107
184 283
156 255
38 137
103 202
113 212
144 243
14 113
5 104
56 155
141 240
94 193
10 109
93 192
119 218
71 170
113 212
140 239
86 185
15 114
191 290
66 165
46 145
118 217
67 166
190 289
108 207
183 282
66 165
80 179
191 290
191 290
164 263
21 120
143 242
188 287
154 253
147 246
95 194
128 227
50 149
128 227
170 269
92 191
59 158
33 132
149 248
35 134
112 211
28 127
77 176
168 267
108 207
189 288
28 127
30 129
147 246
133 232
112 211
38 137
173 272
192 291
48 147
89 188
23 122
59 158
177 276
162 261
146 245
43 142
142 241
191 290
188 287
176 275
101 200
196 295
181 280
147 246
186 285
28 127
78 177
160 259
161 260
147 246
97 196
118 217
70 169
162 261
118 217
115 214
50 149
24 123
124 223
179 278
108 207
19 118
148 247
107 206
47 146
157 256
102 201
24 123
11 110
84 183
96 195
134 233
36 135
150 249
56 155
13 112
49 148
130 229
0 99
173 272
28 127
152 251
9 108
174 273
120 219
83 182
44 143
170 269
9 108
125 224
171 270
176 275
100 199
55 154
84 183
193 292
21 120
42 141
131 230
148 247
101 200
160 259
115 214
175 274
166 265
132 231
176 275
17 116
87 186
9 108
64 163
165 264
182 281
52 151
162 261
117 216
48 147
144 243
39 138
99 198
193 292
30 129
18 117
192 291
40 139
120 219
62 161
60 159
36 135
72 171
87 186
16 115
148 247
135 234
115 214
168 267
73 172
131 230
101 200
141 240
167 266
65 164
4 103
168 267
69 168
175 274
162 261
85 184
11 110
160 259
103 202
51 150
189 288
125 224
126 225
50 149
163 262
110 209
99 198
189 288
178 277
16 115
157 256
39 138
125 224
82 181
111 210
153 252
133 232
171 270
73 172
88 187
104 203
28 127
123 222
120 219
165 264
76 175
191 290
40 139
7 106
135 234
97 196
108 207
169 268
147 246
64 163
141 240
103 202
30 129
95 194
192 291
175 274
77 176
127 226
121 220
98 197
37 136
144 243
1 100
20 119
136 235
123 222
43 142
143 242
142 241
12 111
141 240
101 200
197 296
130 229
115 214
186 285
186 285
4 103
115 214
62 161
83 182
145 244
141 240
197 296
143 242
88 187
117 216
31 130
148 247
114 213
119 218
193 292
105 204
34 133
16 115
135 234
122 221
154 253
55 154
117 216
4 103
151 250
167 266
145 244
171 270
19 118
48 147
41 140
35 134
142 241
124 223
68 167
137 236
25 124
145 244
173 272
71 170
1 100
120 219
53 152
21 120
73 172
125 224
50 149
98 197
2 101
188 287
193 292
1 100
64 163
163 262
16 115
118 217
121 220
14 113
58 157
149 248
90 189
62 161
170 269
6 105
84 183
26 125
142 241
53 152
154 253
165 264
69 168
23 122
82 181
148 247
112 211
185 284
73 172
6 105
184 283
39 138
193 292
2 101
197 296
73 172
90 189
161 260
25 124
48 147
144 243
8 107
126 225
29 128
144 243
108 207
39 138
79 178
73 172
190 289
122 221
95 194
158 257
192 291
25 124
194 293
141 240
29 128
186 285
37 136
129 228
20 119
96 195
177 276
101 200
85 184
96 195
126 225
63 162
133 232
132 231
193 292
132 231
10 109
105 204
50 149
151 250
121 220
186 285
118 217
52 151
107 206
14 113
190 289
114 213
124 223
159 258
142 241
56 155
10 109
190 289
146 245
70 169
28 127
25 124
1 100
45 144
121 220
23 122
155 254
44 143
163 262
16 115
148 247
46 145
109 208
133 232
197 296
33 132
188 287
28 127
196 295
48 147
168 267
69 168
30 129
78 177
121 220
88 187
22 121
32 131
71 170
14 113
165 264
51 150
148 247
195 294
83 182
138 237
97 196
26 125
185 284
187 286
133 232
124 223
59 158
182 281
170 269
104 203
42 141
87 186
112 211
47 146
164 263
109 208
86 185
135 234
25 124
172 271
15 114
193 292
130 229
55 154
128 227
84 183
169 268
56 155
83 182
97 196
135 234
185 284
111 210
107 206
66 165
95 194
104 203
59 158
153 252
177 276
87 186
187 286
126 225
184 283
111 210
89 188
102 201
156 255
30 129
120 219
177 276
41 140
69 168
16 115
85 184
12 111
174 273
80 179
182 281
101 200
193 292
156 255
164 263
152 251
140 239
115 214
65 164
3 102
4 103
74 173
127 226
185 284
73 172
28 127
37 136
31 130
38 137
96 195
107 206
175 274
161 260
168 267
42 141
174 273
194 293
126 225
100 199
184 283
20 119
3 102
19 118
94 193
77 176
142 241
168 267
128 227
165 264
22 121
157 256
11 110
61 160
98 197
40 139
86 185
61 160
128 227
57 156
27 126
169 268
134 233
197 296
29 128
176 275
5 104
9 108
125 224
160 259
104 203
151 250
60 159
147 246
138 237
101 200
143 242
101 200
179 278
49 148
4 103
90 189
110 209
64 163
100 199
136 235
164 263
182 281
79 178
102 201
163 262
178 277
111 210
15 114
61 160
24 123
151 250
169 268
116 215
111 210
3 102
164 263
43 142
80 179
167 266
13 112
175 274
14 113
67 166
63 162
122 221
8 107
35 134
66 165
172 271
111 210
191 290
110 209
144 243
29 128
15 114
123 222
154 253
101 200
47 146
35 134
139 238
57 156
105 204
46 145
88 187
181 280
56 155
148 247
36 135
166 265
66 165
136 235
74 173
46 145
117 216
84 183
81 180
139 238
23 122
37 136
34 133
43 142
153 252
180 279
103 202
60 159
2 101
37 136
146 245
172 271
195 294
110 209
172 271
182 281
5 104
136 235
71 170
37 136
173 272
186 285
53 152
60 159
74 173
111 210
138 237
167 266
173 272
26 125
94 193
134 233
142 241
50 149
84 183
146 245
182 281
191 290
68 167
29 128
178 277
69 168
68 167
86 185
180 279
89 188
26 125
81 180
76 175
41 140
150 249
195 294
141 240
96 195
148 247
170 269
67 166
183 282
173 272
126 225
9 108
21 120
134 233
84 183
176 275
138 237
53 152
8 107
32 131
167 266
38 137
2 101
134 233
78 177
90 189
108 207
76 175
80 179
18 117
90 189
153 252
18 117
163 262
83 182
108 207
85 184
84 183
49 148
59 158
39 138
150 249
121 220
155 254
163 262
180 279
95 194
44 143
142 241
107 206
51 150
161 260
128 227
64 163
83 182
160 259
91 190
172 271
80 179
81 180
18 117
142 241
188 287
77 176
197 296
181 280
19 118
64 163
3 102
154 253
154 253
97 196
3 102
171 270
34 133
70 169
30 129
52 151
93 192
24 123
90 189
128 227
99 198
64 163
141 240
27 126
29 128
92 191
94 193
18 117
61 160
48 147
96 195
56 155
183 282
160 259
147 246
148 247
74 173
132 231
43 142
90 189
10 109
167 266
158 257
135 234
127 226
186 285
85 184
155 254
94 193
124 223
127 226
116 215
97 196
35 134
106 205
100 199
161 260
139 238
146 245
138 237
118 217
106 205
56 155
174 273
10 109
147 246
52 151
1 100
31 130
123 222
95 194
102 201
39 138
118 217
113 212
197 296
117 216
45 144
173 272
115 214
138 237
103 202
70 169
119 218
12 111
84 183
195 294
164 263
16 115
61 160
175 274
94 193
131 230
40 139
184 283
21 120
128 227
19 118
185 284
71 170
196 295
148 247
158 257
126 225
70 169
164 263
41 140
100 199
86 185
46 145
151 250
178 277
187 286
85 184
17 116
31 130
135 234
16 115
19 118
162 261
104 203
85 184
110 209
42 141
62 161
124 223
134 233
83 182
14 113
16 115
81 180
23 122
146 245
151 250
19 118
141 240
11 110
75 174
177 276
88 187
120 219
3 102
101 200
63 162
55 154
40 139
68 167
46 145
91 190
120 219
40 139
107 206
172 271
90 189
17 116
109 208
129 228
94 193
134 233
117 216
160 259
90 189
54 153
112 211
85 184
25 124
129 228
87 186
72 171
81 180
138 237
114 213
127 226
59 158
100 199
26 125
51 150
54 153
96 195
181 280
99 198
11 110
118 217
33 132
196 295
157 256
11 110
28 127
127 226
34 133
38 137
137 236
25 124
116 215
105 204
96 195
189 288
94 193
108 207
39 138
152 251
179 278
157 256
141 240
118 217
28 127
189 288
18 117
182 281
79 178
111 210
117 216
43 142
188 287
28 127
86 185
26 125
84 183
125 224
62 161
59 158
131 230
65 164
165 264
60 159
89 188
113 212
154 253
170 269
69 168
37 136
152 251
49 148
189 288
121 220
19 118
100 199
42 141
14 113
54 153
64 163
138 237
195 294
36 135
62 161
115 214
60 159
95 194
190 289
110 209
1 100
108 207
30 129
84 183
90 189
43 142
145 244
48 147
105 204
195 294
31 130
170 269
142 241
190 289
67 166
89 188
48 147
175 274
156 255
92 191
16 115
115 214
64 163
12 111
74 173
169 268
127 226
184 283
107 206
149 248
48 147
130 229
102 201
136 235
110 209
1 100
1 100
84 183
154 253
18 117
38 137
12 111
151 250
92 191
10 109
187 286
59 158
159 258
160 259
52 151
39 138
87 186
177 276
99 198
84 183
15 114
149 248
188 287
23 122
151 250
129 228
69 168
16 115
60 159
196 295
74 173
62 161
39 138
14 113
25 124
144 243
53 152
159 258
152 251
129 228
161 260
126 225
178 277
102 201
89 188
197 296
137 236
10 109
33 132
121 220
86 185
33 132
34 133
86 185
47 146
1 100
109 208
70 169
67 166
61 160
43 142
192 291
89 188
186 285
177 276
136 235
113 212
161 260
33 132
123 222
17 116
40 139
80 179
94 193
172 271
122 221
117 216
78 177
166 265
128 227
104 203
143 242
130 229
97 196
84 183
168 267
48 147
47 146
35 134
26 125
105 204
136 235
165 264
58 157
133 232
52 151
172 271
10 109
148 247
128 227
157 256
119 218
22 121
11 110
134 233
109 208
143 242
7 106
1 100
66 165
70 169
162 261
27 126
67 166
27 126
126 225
87 186
32 131
121 220
117 216
179 278
143 242
170 269
50 149
117 216
154 253
103 202
18 117
160 259
44 143
123 222
146 245
41 140
78 177
17 116
121 220
157 256
28 127
49 148
146 245
149 248
141 240
165 264
100 199
112 211
29 128
120 219
165 264
4 103
157 256
147 246
36 135
126 225
96 195
181 280
35 134
1 100
45 144
147 246
78 177
136 235
16 115
53 152
191 290
134 233
143 242
70 169
34 133
93 192
160 259
121 220
27 126
86 185
145 244
128 227
100 199
25 124
160 259
96 195
175 274
99 198
0 99
161 260
127 226
125 224
180 279
134 233
88 187
73 172
23 122
71 170
118 217
140 239
124 223
73 172
136 235
189 288
179 278
51 150
153 252
147 246
26 125
0 99
157 256
63 162
51 150
182 281
126 225
193 292
57 156
73 172
58 157
14 113
67 166
181 280
53 152
136 235
9 108
18 117
109 208
148 247
20 119
39 138
73 172
75 174
50 149
113 212
57 156
82 181
94 193
169 268
36 135
65 164
114 213
97 196
153 252
162 261
161 260
185 284
42 141
74 173
123 222
172 271
39 138
54 153
104 203
100 199
30 129
152 251
8 107
64 163
13 112
180 279
25 124
138 237
101 200
97 196
92 191
17 116
113 212
108 207
161 260
174 273
86 185
168 267
97 196
117 216
183 282
41 140
55 154
123 222
1 100
157 256
1 100
48 147
16 115
54 153
85 184
164 263
162 261
118 217
45 144
60 159
169 268
107 206
97 196
159 258
51 150
194 293
10 109
152 251
14 113
45 144
68 167
66 165
180 279
145 244
20 119
61 160
69 168
26 125
119 218
10 109
117 216
156 255
193 292
67 166
37 136
24 123
182 281
149 248
117 216
160 259
181 280
133 232
102 201
151 250
28 127
127 226
45 144
20 119
149 248
101 200
84 183
163 262
91 190
126 225
166 265
167 266
151 250
176 275
43 142
184 283
127 226
138 237
156 255
57 156
171 270
49 148
97 196
180 279
5 104
68 167
94 193
188 287
20 119
86 185
156 255
192 291
173 272
85 184
192 291
123 222
133 232
158 257
186 285
162 261
151 250
170 269
191 290
39 138
34 133
156 255
1 100
93 192
143 242
55 154
194 293
182 281
143 242
65 164
118 217
32 131
96 195
53 152
75 174
86 185
101 200
47 146
128 227
133 232
72 171
91 190
187 286
2 101
60 159
170 269
131 230
177 276
22 121
95 194
170 269
22 121
185 284
77 176
161 260
6 105
25 124
59 158
38 137
109 208
134 233
75 174
119 218
15 114
18 117
2 101
112 211
31 130
106 205
150 249
106 205
90 189
119 218
12 111
150 249
107 206
163 262
174 273
131 230
147 246
114 213
135 234
159 258
145 244
64 163
38 137
78 177
102 201
43 142
24 123
124 223
192 291
48 147
61 160
191 290
9 108
63 162
174 273
20 119
143 242
180 279
79 178
113 212
176 275
20 119
148 247
41 140
36 135
6 105
175 274
118 217
15 114
171 270
63 162
108 207
78 177
25 124
126 225
81 180
58 157
183 282
175 274
125 224
93 192
160 259
177 276
157 256
184 283
11 110
53 152
80 179
26 125
30 129
135 234
74 173
77 176
64 163
69 168
195 294
59 158
174 273
43 142
49 148
185 284
156 255
97 196
13 112
113 212
117 216
167 266
100 199
118 217
92 191
39 138
56 155
58 157
25 124
38 137
103 202
22 121
0 99
115 214
149 248
47 146
78 177
143 242
180 279
188 287
167 266
185 284
39 138
142 241
146 245
110 209
145 244
82 181
155 254
102 201
176 275
99 198
90 189
163 262
130 229
1 100
65 164
36 135
26 125
22 121
52 151
101 200
70 169
167 266
133 232
81 180
11 110
180 279
162 261
109 208
105 204
132 231
170 269
186 285
178 277
44 143
185 284
158 257
38 137
80 179
76 175
10 109
112 211
15 114
69 168
135 234
82 181
150 249
179 278
193 292
147 246
33 132
20 119
179 278
115 214
73 172
184 283
138 237
177 276
111 210
126 225
105 204
42 141
87 186
38 137
187 286
150 249
197 296
88 187
31 130
111 210
85 184
158 257
8 107
86 185
82 181
190 289
9 108
29 128
190 289
44 143
4 103
176 275
139 238
186 285
88 187
184 283
125 224
156 255
168 267
100 199
94 193
24 123
110 209
95 194
128 227
99 198
126 225
96 195
132 231
114 213
114 213
93 192
84 183
184 283
73 172
151 250
126 225
83 182
193 292
76 175
56 155
58 157
7 106
181 280
17 116
186 285
0 99
49 148
136 235
174 273
161 260
185 284
47 146
130 229
137 236
161 260
71 170
5 104
115 214
107 206
2 101
145 244
26 125
142 241
65 164
154 253
115 214
12 111
100 199
182 281
4 103
61 160
188 287
19 118
24 123
44 143
130 229
148 247
102 201
127 226
54 153
33 132
8 107
45 144
60 159
195 294
6 105
159 258
34 133
84 183
87 186
140 239
135 234
11 110
164 263
155 254
132 231
171 270
89 188
32 131
159 258
120 219
75 174
38 137
148 247
156 255
79 178
102 201
65 164
14 113
195 294
169 268
56 155
104 203
188 287
128 227
128 227
24 123
108 207
13 112
133 232
34 133
121 220
180 279
140 239
71 170
185 284
118 217
33 132
20 119
90 189
86 185
68 167
62 161
77 176
2 101
122 221
178 277
21 120
56 155
92 191
38 137
6 105
102 201
12 111
7 106
143 242
81 180
59 158
127 226
121 220
160 259
49 148
17 116
162 261
8 107
30 129
140 239
6 105
188 287
71 170
136 235
181 280
193 292
185 284
82 181
0 99
112 211
157 256
163 262
36 135
47 146
131 230
162 261
73 172
41 140
193 292
37 136
159 258
98 197
133 232
135 234
134 233
150 249
154 253
115 214
191 290
92 191
77 176
160 259
180 279
159 258
153 252
168 267
70 169
18 117
9 108
163 262
53 152
108 207
128 227
149 248
9 108
80 179
171 270
59 158
175 274
187 286
146 245
129 228
118 217
146 245
158 257
118 217
45 144
145 244
88 187
190 289
63 162
145 244
84 183
173 272
35 134
65 164
152 251
144 243
193 292
148 247
94 193
196 295
79 178
44 143
161 260
12 111
52 151
194 293
15 114
29 128
38 137
67 166
173 272
14 113
51 150
50 149
136 235
154 253
183 282
147 246
115 214
155 254
117 216
47 146
85 184
1 100
69 168
147 246
167 266
184 283
187 286
71 170
183 282
90 189
121 220
40 139
60 159
152 251
32 131
140 239
119 218
130 229
190 289
88 187
150 249
17 116
50 149
148 247
116 215
160 259
154 253
159 258
154 253
37 136
35 134
14 113
66 165
28 127
147 246
86 185
42 141
171 270
97 196
163 262
17 116
73 172
4 103
45 144
178 277
151 250
131 230
55 154
111 210
2 101
1 100
101 200
172 271
17 116
172 271
114 213
10 109
171 270
149 248
7 106
186 285
115 214
57 156
36 135
17 116
138 237
156 255
161 260
35 134
165 264
137 236
71 170
140 239
49 148
47 146
47 146
131 230
74 173
72 171
45 144
78 177
188 287
182 281
37 136
153 252
49 148
151 250
8 107
172 271
11 110
145 244
71 170
79 178
174 273
81 180
61 160
194 293
45 144
121 220
81 180
54 153
181 280
132 231
158 257
150 249
125 224
119 218
182 281
70 169
157 256
127 226
112 211
134 233
40 139
55 154
37 136
6 105
40 139
63 162
22 121
24 123
109 208
169 268
146 245
50 149
44 143
161 260
76 175
15 114
141 240
41 140
38 137
191 290
110 209
91 190
173 272
27 126
133 232
63 162
54 153
85 184
33 132
184 283
168 267
134 233
124 223
94 193
144 243
148 247
185 284
50 149
8 107
59 158
168 267
148 247
154 253
97 196
188 287
136 235
8 107
14 113
29 128
68 167
177 276
186 285
129 228
136 235
128 227
48 147
115 214
35 134
191 290
184 283
179 278
65 164
45 144
70 169
165 264
25 124
44 143
53 152
150 249
66 165
126 225
163 262
126 225
155 254
176 275
117 216
114 213
197 296
162 261
49 148
151 250
166 265
197 296
23 122
42 141
59 158
82 181
152 251
130 229
65 164
14 113
31 130
38 137
107 206
62 161
187 286
169 268
162 261
7 106
175 274
26 125
170 269
133 232
11 110
182 281
0 99
182 281
169 268
70 169
176 275
105 204
24 123
119 218
195 294
118 217
25 124
157 256
146 245
117 216
142 241
62 161
67 166
141 240
87 186
86 185
109 208
21 120
84 183
44 143
33 132
151 250
13 112
20 119
182 281
193 292
133 232
137 236
34 133
29 128
156 255
105 204
181 280
137 236
187 286
125 224
8 107
28 127
129 228
8 107
147 246
7 106
82 181
139 238
38 137
126 225
46 145
129 228
34 133
185 284
110 209
35 134
151 250
74 173
197 296
174 273
12 111
137 236
85 184
88 187
102 201
92 191
187 286
180 279
160 259
117 216
40 139
165 264
136 235
174 273
178 277
174 273
74 173
59 158
62 161
27 126
103 202
55 154
41 140
141 240
95 194
173 272
132 231
44 143
16 115
6 105
151 250
193 292
106 205
105 204
192 291
115 214
121 220
195 294
116 215
115 214
114 213
189 288
97 196
13 112
22 121
145 244
186 285
165 264
183 282
68 167
42 141
127 226
118 217
112 211
127 226
196 295
107 206
138 237
151 250
196 295
97 196
100 199
88 187
53 152
120 219
69 168
115 214
27 126
15 114
118 217
81 180
79 178
98 197
81 180
171 270
112 211
96 195
37 136
103 202
103 202
98 197
2 101
61 160
97 196
66 165
153 252
0 99
138 237
42 141
149 248
74 173
18 117
136 235
189 288
52 151
42 141
168 267
157 256
69 168
73 172
144 243
145 244
144 243
85 184
44 143
10 109
106 205
2 101
11 110
111 210
88 187
76 175
148 247
134 233
32 131
80 179
43 142
195 294
119 218
13 112
154 253
157 256
79 178
136 235
92 191
148 247
5 104
57 156
159 258
187 286
83 182
75 174
37 136
191 290
62 161
26 125
19 118
67 166
169 268
128 227
52 151
93 192
162 261
95 194
22 121
91 190
34 133
176 275
119 218
132 231
97 196
38 137
39 138
127 226
155 254
101 200
96 195
2 101
4 103
166 265
54 153
1 100
49 148
135 234
68 167
61 160
26 125
187 286
23 122
3 102
128 227
155 254
55 154
187 286
39 138
22 121
158 257
45 144
43 142
81 180
21 120
188 287
79 178
38 137
96 195
97 196
110 209
77 176
82 181
49 148
18 117
112 211
5 104
33 132
108 207
94 193
10 109
64 163
85 184
40 139
164 263
85 184
10 109
193 292
29 128
2 101
63 162
127 226
149 248
36 135
61 160
178 277
93 192
194 293
163 262
110 209
176 275
163 262
146 245
127 226
126 225
163 262
36 135
176 275
175 274
24 123
70 169
197 296
36 135
78 177
57 156
39 138
58 157
189 288
63 162
50 149
113 212
74 173
149 248
120 219
63 162
101 200
10 109
172 271
122 221
185 284
128 227
197 296
92 191
9 108
123 222
182 281
175 274
143 242
103 202
163 262
57 156
78 177
165 264
127 226
179 278
84 183
172 271
190 289
22 121
37 136
143 242
115 214
54 153
136 235
78 177
108 207
119 218
24 123
183 282
59 158
4 103
122 221
12 111
118 217
128 227
108 207
141 240
103 202
29 128
114 213
62 161
124 223
106 205
51 150
94 193
88 187
88 187
161 260
2 101
144 243
17 116
197 296
164 263
136 235
112 211
39 138
43 142
120 219
7 106
87 186
83 182
113 212
164 263
122 221
105 204
163 262
18 117
96 195
83 182
167 266
147 246
27 126
178 277
140 239
39 138
193 292
52 151
160 259
196 295
94 193
53 152
5 104
85 184
163 262
77 176
71 170
186 285
83 182
127 226
171 270
197 296
19 118
132 231
72 171
128 227
40 139
90 189
95 194
102 201
52 151
32 131
166 265
62 161
59 158
186 285
75 174
164 263
118 217
109 208
107 206
108 207
102 201
119 218
144 243
55 154
45 144
129 228
41 140
78 177
7 106
118 217
173 272
69 168
146 245
30 129
129 228
89 188
73 172
191 290
71 170
59 158
173 272
140 239
93 192
65 164
71 170
55 154
140 239
122 221
119 218
102 201
115 214
35 134
5 104
122 221
185 284
102 201
189 288
5 104
72 171
87 186
127 226
17 116
165 264
78 177
114 213
152 251
60 159
141 240
27 126
193 292
131 230
32 131
56 155
118 217
127 226
84 183
106 205
56 155
86 185
136 235
14 113
31 130
99 198
122 221
175 274
52 151
92 191
47 146
124 223
68 167
97 196
81 180
68 167
84 183
107 206
43 142
99 198
169 268
149 248
182 281
83 182
12 111
56 155
8 107
115 214
127 226
101 200
189 288
30 129
168 267
133 232
61 160
36 135
187 286
172 271
1 100
3 102
155 254
131 230
123 222
38 137
131 230
115 214
87 186
6 105
91 190
6 105
147 246
174 273
134 233
18 117
130 229
32 131
161 260
86 185
184 283
108 207
4 103
51 150
168 267
69 168
34 133
4 103
32 131
69 168
189 288
180 279
177 276
150 249
87 186
94 193
2 101
16 115
94 193
60 159
39 138
46 145
116 215
53 152
61 160
70 169
26 125
64 163
54 153
62 161
156 255
0 99
197 296
114 213
166 265
27 126
160 259
172 271
181 280
162 261
101 200
47 146
48 147
76 175
181 280
5 104
171 270
18 117
80 179
55 154
9 108
22 121
158 257
123 222
105 204
16 115
188 287
92 191
88 187
53 152
123 222
2 101
157 256
76 175
52 151
173 272
192 291
9 108
18 117
130 229
79 178
176 275
30 129
118 217
56 155
164 263
21 120
68 167
66 165
76 175
101 200
28 127
123 222
130 229
56 155
115 214
7 106
132 231
163 262
74 173
36 135
193 292
67 166
160 259
174 273
24 123
138 237
34 133
9 108
0 99
148 247
141 240
48 147
69 168
99 198
91 190
43 142
129 228
4 103
131 230
8 107
173 272
159 258
57 156
19 118
130 229
106 205
38 137
83 182
68 167
61 160
77 176
16 115
140 239
132 231
133 232
18 117
86 185
87 186
146 245
190 289
120 219
19 118
130 229
34 133
143 242
188 287
182 281
41 140
126 225
90 189
171 270
28 127
156 255
141 240
160 259
82 181
83 182
119 218
100 199
49 148
66 165
47 146
179 278
56 155
131 230
15 114
9 108
174 273
159 258
34 133
178 277
80 179
161 260
55 154
79 178
96 195
2 101
121 220
163 262
144 243
61 160
186 285
110 209
6 105
108 207
133 232
31 130
14 113
156 255
39 138
174 273
57 156
17 116
193 292
163 262
67 166
175 274
154 253
162 261
173 272
64 163
185 284
4 103
42 141
153 252
65 164
180 279
113 212
22 121
184 283
112 211
159 258
27 126
112 211
85 184
6 105
169 268
28 127
179 278
83 182
115 214
98 197
43 142
17 116
68 167
83 182
22 121
90 189
146 245
44 143
33 132
174 273
160 259
64 163
34 133
117 216
60 159
132 231
49 148
147 246
61 160
196 295
34 133
116 215
112 211
22 121
54 153
108 207
55 154
26 125
82 181
192 291
157 256
70 169
5 104
2 101
39 138
101 200
8 107
16 115
52 151
32 131
178 277
52 151
83 182
148 247
66 165
131 230
113 212
12 111
80 179
74 173
10 109
18 117
111 210
152 251
95 194
176 275
51 150
21 120
187 286
40 139
67 166
189 288
119 218
32 131
153 252
27 126
19 118
63 162
91 190
71 170
133 232
176 275
77 176
52 151
160 259
145 244
149 248
104 203
71 170
123 222
118 217
65 164
186 285
74 173
110 209
9 108
79 178
35 134
2 101
158 257
99 198
3 102
161 260
134 233
44 143
48 147
154 253
183 282
174 273
76 175
35 134
170 269
53 152
142 241
85 184
144 243
12 111
121 220
193 292
73 172
113 212
98 197
6 105
194 293
43 142
72 171
52 151
143 242
68 167
166 265
92 191
144 243
148 247
1 100
18 117
43 142
14 113
137 236
5 104
191 290
186 285
5 104
163 262
34 133
58 157
129 228
197 296
156 255
12 111
103 202
110 209
167 266
174 273
112 211
77 176
187 286
4 103
53 152
7 106
156 255
193 292
104 203
177 276
179 278
169 268
90 189
97 196
33 132
61 160
122 221
14 113
172 271
86 185
0 99
74 173
34;156504
41 140
188 287
10 109
128 227
58 157
137 236
99 198
123 222
179 278
109 208
8 107
173 272
143 242
80 179
186 285
128 227
163 262
63 162
184 283
160 259
173 272
72 171
6 105
39 138
72 171
122 221
106 205
140 239
192 291
19 118
81 180
16 115
111 210
37 136
188 287
55 154
133 232
27 126
103 202
147 246
78 177
179 278
127 226
162 261
22 121
109 208
89 188
94 193
101 200
121 220
91 190
59 158
74 173
64 163
72 171
164 263
188 287
122 221
141 240
51 150
140 239
41 140
134 233
31 130
196 295
66 165
127 226
83 182
56 155
58 157
125 224
54 153
9 108
88 187
126 225
133 232
136 235
49 148
153 252
63 162
189 288
125 224
38 137
103 202
156 255
169 268
79 178
124 223
122 221
87 186
197 296
106 205
34 133
169 268
37 136
108 207
36 135
165 264
100 199
92 191
189 288
144 243
169 268
139 238
193 292
43 142
126 225
119 218
42 141
46 145
73 172
190 289
129 228
85 184
161 260
128 227
135 234
129 228
150 249
195 294
118 217
77 176
89 188
33 132
175 274
58 157
97 196
95 194
22 121
44 143
122 221
197 296
146 245
125 224
186 285
52 151
130 229
152 251
141 240
109 208
166 265
52 151
124 223
123 222
38 137
83 182
168 267
15 114
30 129
123 222
171 270
75 174
156 255
107 206
0 99
135 234
191 290
192 291
173 272
16 115
181 280
143 242
108 207
173 272
183 282
0 99
187 286
114 213
129 228
21 120
111 210
195 294
118 217
36 135
193 292
58 157
192 291
186 285
176 275
12 111
110 209
44 143
90 189
80 179
145 244
197 296
15 114
185 284
89 188
94 193
61 160
144 243
130 229
117 216
113 212
11 110
49 148
38 137
99 198
26 125
142 241
174 273
107 206
61 160
126 225
190 289
190 289
108 207
129 228
135 234
139 238
30 129
11 110
63 162
169 268
120 219
77 176
158 257
115 214
83 182
154 253
1 100
153 252
15 114
80 179
78 177
6 105
110 209
70 169
23 122
108 207
196 295
193 292
126 225
86 185
150 249
116 215
158 257
78 177
7 106
161 260
166 265
125 224
159 258
141 240
78 177
53 152
143 242
110 209
114 213
164 263
62 161
141 240
189 288
84 183
22 121
1 100
10 109
56 155
6 105
74 173
153 252
167 266
154 253
46 145
129 228
65 164
80 179
153 252
0 99
68 167
0 99
157 256
99 198
5 104
46 145
170 269
166 265
64 163
16 115
66 165
42 141
157 256
56 155
46 145
77 176
61 160
89 188
197 296
182 281
121 220
100 199
48 147
121 220
192 291
95 194
61 160
102 201
48 147
19 118
117 216
8 107
22 121
99 198
118 217
177 276
113 212
155 254
29 128
73 172
189 288
102 201
26 125
109 208
140 239
49 148
155 254
104 203
88 187
182 281
61 160
152 251
87 186
90 189
27 126
61 160
6 105
169 268
38 137
12 111
87 186
85 184
111 210
158 257
73 172
97 196
48 147
16 115
133 232
118 217
141 240
157 256
162 261
79 178
40 139
129 228
95 194
85 184
93 192
16 115
168 267
53 152
170 269
76 175
1 100
172 271
133 232
163 262
132 231
74 173
18 117
90 189
5 104
112 211
42 141
36 135
106 205
92 191
158 257
75 174
125 224
25 124
63 162
52 151
37 136
40 139
92 191
30 129
19 118
142 241
17 116
95 194
11 110
94 193
64 163
80 179
32 131
19 118
136 235
26 125
88 187
75 174
82 181
126 225
20 119
67 166
3 102
59 158
149 248
68 167
186 285
29 128
77 176
190 289
132 231
46 145
107 206
195 294
181 280
89 188
30 129
86 185
26 125
55 154
102 201
106 205
124 223
94 193
111 210
31 130
93 192
86 185
25 124
138 237
142 241
31 130
44 143
111 210
37 136
28 127
83 182
169 268
177 276
91 190
97 196
167 266
181 280
82 181
127 226
16 115
24 123
29 128
188 287
53 152
69 168
162 261
52 151
144 243
5 104
186 285
57 156
122 221
84 183
133 232
191 290
97 196
104 203
56 155
71 170
110 209
92 191
178 277
3 102
51 150
100 199
191 290
100 199
110 209
65 164
10 109
78 177
112 211
17 116
43 142
81 180
180 279
140 239
72 171
85 184
49 148
4 103
181 280
17 116
163 262
52 151
47 146
16 115
152 251
93 192
91 190
173 272
77 176
72 171
128 227
15 114
23 122
64 163
128 227
132 231
150 249
38 137
0 99
195 294
111 210
38 137
54 153
20 119
37 136
178 277
106 205
51 150
152 251
175 274
168 267
162 261
28 127
39 138
14 113
166 265
39 138
78 177
114 213
97 196
100 199
33 132
195 294
44 143
95 194
47 146
184 283
24 123
2 101
70 169
150 249
185 284
56 155
12 111
178 277
27 126
0 99
130 229
118 217
69 168
163 262
82 181
42 141
191 290
9 108
141 240
125 224
151 250
83 182
103 202
29 128
10 109
37 136
11 110
80 179
21 120
183 282
23 122
85 184
118 217
42 141
55 154
179 278
30 129
77 176
95 194
195 294
183 282
47 146
166 265
133 232
107 206
17 116
137 236
80 179
29 128
77 176
78 177
185 284
138 237
52 151
67 166
106 205
187 286
154 253
122 221
10 109
0 99
99 198
175 274
85 184
30 129
120 219
27 126
94 193
66 165
18 117
62 161
161 260
175 274
26 125
53 152
148 247
50 149
12 111
35 134
173 272
85 184
72 171
150 249
15 114
144 243
181 280
57 156
159 258
143 242
26 125
138 237
43 142
82 181
64 163
194 293
18 117
167 266
55 154
29 128
95 194
38 137
163 262
188 287
133 232
93 192
128 227
26 125
22 121
161 260
26 125
98 197
143 242
143 242
88 187
109 208
14 113
109 208
88 187
42 141
162 261
149 248
15 114
75 174
68 167
59 158
45 144
18 117
161 260
168 267
45 144
31 130
161 260
13 112
150 249
159 258
3 102
80 179
40 139
81 180
91 190
172 271
67 166
26 125
38 137
124 223
194 293
65 164
156 255
135 234
20 119
194 293
31 130
98 197
109 208
83 182
49 148
126 225
49 148
149 248
124 223
151 250
123 222
58 157
116 215
145 244
167 266
37 136
181 280
108 207
150 249
32 131
123 222
187 286
63 162
114 213
111 210
49 148
124 223
101 200
141 240
6 105
186 285
22 121
121 220
106 205
143 242
21 120
145 244
27 126
21 120
119 218
110 209
45 144
4 103
196 295
137 236
157 256
14 113
166 265
183 282
55 154
33 132
117 216
16 115
70 169
194 293
160 259
76 175
180 279
75 174
151 250
30 129
104 203
190 289
191 290
99 198
166 265
172 271
16 115
157 256
160 259
19 118
95 194
146 245
74 173
92 191
0 99
78 177
184 283
182 281
71 170
6 105
27 126
162 261
134 233
41 140
67 166
197 296
10 109
83 182
88 187
94 193
33 132
20 119
60 159
78 177
124 223
197 296
185 284
114 213
48 147
118 217
184 283
111 210
87 186
11 110
126 225
78 177
31 130
43 142
155 254
8 107
96 195
117 216
74 173
123 222
107 206
121 220
140 239
40 139
40 139
65 164
17 116
45 144
57 156
36 135
171 270
154 253
6 105
9 108
60 159
160 259
82 181
96 195
72 171
88 187
145 244
87 186
90 189
151 250
55 154
58 157
128 227
63 162
170 269
52 151
6 105
98 197
0 99
106 205
123 222
128 227
181 280
81 180
194 293
109 208
123 222
95 194
89 188
122 221
171 270
128 227
185 284
60 159
143 242
149 248
46 145
42 141
114 213
62 161
61 160
75 174
55 154
21 120
38 137
140 239
142 241
163 262
30 129
13 112
75 174
61 160
127 226
9 108
129 228
25 124
196 295
147 246
67 166
34 133
169 268
61 160
100 199
21 120
41 140
150 249
34 133
174 273
88 187
51 150
99 198
151 250
143 242
179 278
105 204
171 270
192 291
157 256
176 275
71 170
114 213
102 201
52 151
144 243
136 235
187 286
5 104
26 125
79 178
142 241
124 223
154 253
134 233
177 276
26 125
84 183
145 244
27 126
50 149
173 272
79 178
98 197
136 235
15 114
50 149
163 262
65 164
12 111
197 296
92 191
51 150
25 124
121 220
54 153
54 153
91 190
5 104
61 160
12 111
137 236
149 248
71 170
37 136
72 171
46 145
21 120
105 204
109 208
130 229
137 236
19 118
132 231
139 238
187 286
65 164
111 210
47 146
86 185
83 182
21 120
171 270
170 269
166 265
71 170
63 162
13 112
93 192
44 143
110 209
183 282
181 280
167 266
15 114
13 112
27 126
156 255
187 286
80 179
15 114
189 288
4 103
115 214
121 220
166 265
159 258
35 134
31 130
63 162
99 198
79 178
87 186
119 218
30 129
67 166
156 255
2 101
131 230
48 147
185 284
65 164
26 125
79 178
176 275
161 260
7 106
130 229
0 99
71 170
129 228
161 260
167 266
196 295
22 121
186 285
42 141
193 292
74 173
41 140
33 132
135 234
135 234
56 155
192 291
94 193
24 123
162 261
124 223
154 253
85 184
175 274
53 152
105 204
169 268
14 113
108 207
67 166
8 107
116 215
196 295
176 275
29 128
34 133
100 199
151 250
160 259
112 211
14 113
136 235
28 127
123 222
93 192
75 174
31 130
66 165
52 151
83 182
0 99
98 197
158 257
3 102
190 289
179 278
151 250
55 154
77 176
150 249
88 187
26 125
97 196
55 154
97 196
76 175
84 183
182 281
92 191
162 261
96 195
43 142
13 112
108 207
117 216
34 133
57 156
182 281
75 174
141 240
186 285
19 118
194 293
130 229
136 235
164 263
39 138
130 229
191 290
56 155
86 185
134 233
135 234
160 259
55 154
29 128
146 245
170 269
174 273
92 191
36 135
134 233
76 175
22 121
126 225
0 99
78 177
48 147
115 214
114 213
136 235
172 271
13 112
40 139
190 289
169 268
191 290
169 268
168 267
36 135
194 293
115 214
147 246
172 271
115 214
174 273
103 202
81 180
46 145
80 179
101 200
21 120
53 152
58 157
8 107
138 237
171 270
74 173
178 277
110 209
31 130
81 180
196 295
97 196
194 293
99 198
107 206
151 250
108 207
124 223
163 262
79 178
140 239
188 287
92 191
130 229
22 121
174 273
134 233
34 133
124 223
99 198
159 258
163 262
73 172
134 233
196 295
194 293
180 279
148 247
196 295
6 105
46 145
4 103
127 226
180 279
7 106
123 222
81 180
58 157
39 138
145 244
117 216
163 262
138 237
158 257
161 260
184 283
0 99
117 216
163 262
169 268
27 126
134 233
135 234
193 292
96 195
118 217
63 162
22 121
175 274
130 229
0 99
5 104
56 155
1 100
27 126
165 264
39 138
141 240
64 163
167 266
150 249
28 127
16 115
165 264
56 155
153 252
54 153
66 165
126 225
19 118
65 164
30 129
114 213
50 149
160 259
128 227
165 264
191 290
35 134
1 100
151 250
190 289
176 275
171 270
112 211
139 238
72 171
24 123
107 206
39 138
93 192
93 192
17 116
75 174
107 206
42 141
53 152
138 237
78 177
46 145
82 181
144 243
46 145
24 123
191 290
137 236
164 263
62 161
117 216
130 229
188 287
10 109
110 209
57 156
78 177
163 262
13 112
128 227
191 290
70 169
85 184
167 266
70 169
45 144
189 288
73 172
86 185
103 202
35 134
185 284
154 253
18 117
113 212
184 283
127 226
11 110
43 142
118 217
82 181
70 169
130 229
57 156
182 281
162 261
64 163
46 145
34 133
186 285
114 213
195 294
155 254
64 163
1 100
148 247
194 293
159 258
59 158
159 258
49 148
167 266
138 237
176 275
121 220
78 177
30 129
158 257
116 215
130 229
40 139
165 264
191 290
155 254
33 132
78 177
57 156
45 144
166 265
185 284
88 187
166 265
128 227
114 213
106 205
1 100
39 138
116 215
36 135
15 114
109 208
196 295
32 131
52 151
51 150
73 172
53 152
31 130
176 275
25 124
112 211
164 263
103 202
123 222
159 258
116 215
73 172
20 119
114 213
35 134
148 247
166 265
164 263
89 188
128 227
143 242
61 160
13 112
103 202
69 168
24 123
178 277
196 295
152 251
18 117
16 115
196 295
148 247
159 258
194 293
118 217
144 243
191 290
110 209
136 235
66 165
58 157
103 202
25 124
191 290
43 142
171 270
78 177
7 106
116 215
149 248
87 186
69 168
20 119
60 159
197 296
141 240
146 245
53 152
65 164
132 231
39 138
10 109
1 100
60 159
187 286
97 196
197 296
87 186
46 145
131 230
74 173
31 130
95 194
80 179
29 128
51 150
140 239
1 100
11 110
22 121
99 198
13 112
128 227
64 163
38 137
153 252
128 227
59 158
23 122
147 246
139 238
191 290
174 273
20 119
51 150
100 199
72 171
87 186
52 151
118 217
7 106
80 179
177 276
189 288
5 104
185 284
129 228
156 255
27 126
63 162
182 281
135 234
37 136
104 203
35 134
87 186
119 218
64 163
187 286
51 150
22 121
158 257
79 178
173 272
163 262
61 160
93 192
6 105
45 144
173 272
58 157
190 289
1 100
153 252
172 271
93 192
64 163
135 234
163 262
194 293
185 284
99 198
186 285
109 208
134 233
148 247
12 111
176 275
88 187
64 163
26 125
175 274
126 225
35 134
88 187
144 243
117 216
93 192
140 239
131 230
3 102
10 109
61 160
175 274
62 161
42 141
92 191
10 109
74 173
135 234
71 170
36 135
43 142
89 188
102 201
116 215
118 217
189 288
70 169
190 289
156 255
7 106
29 128
112 211
139 238
101 200
88 187
52 151
97 196
189 288
7 106
99 198
35 134
82 181
38 137
171 270
76 175
92 191
32 131
114 213
73 172
196 295
170 269
8 107
95 194
163 262
29 128
157 256
37 136
84 183
103 202
22 121
4 103
156 255
93 192
29 128
126 225
49 148
168 267
118 217
39 138
105 204
161 260
183 282
70 169
8 107
87 186
142 241
165 264
138 237
193 292
55 154
130 229
16 115
105 204
31 130
146 245
196 295
159 258
61 160
96 195
166 265
21 120
194 293
67 166
69 168
135 234
178 277
176 275
35 134
94 193
3 102
124 223
52 151
97 196
152 251
106 205
52 151
75 174
56 155
81 180
119 218
39 138
68 167
2 101
102 201
164 263
190 289
75 174
150 249
153 252
18 117
160 259
97 196
119 218
77 176
101 200
69 168
152 251
143 242
92 191
174 273
78 177
28 127
186 285
23 122
92 191
160 259
73 172
189 288
191 290
108 207
67 166
54 153
189 288
16 115
119 218
120 219
151 250
34 133
159 258
29 128
187 286
95 194
160 259
90 189
99 198
174 273
77 176
124 223
8 107
121 220
107 206
138 237
150 249
190 289
141 240
176 275
51 150
83 182
155 254
187 286
78 177
130 229
180 279
1 100
86 185
69 168
47 146
41 140
129 228
51 150
186 285
106 205
13 112
114 213
104 203
111 210
114 213
193 292
92 191
181 280
182 281
58 157
177 276
161 260
175 274
157 256
138 237
25 124
136 235
67 166
109 208
85 184
161 260
89 188
108 207
158 257
189 288
25 124
77 176
1 100
149 248
140 239
68 167
77 176
107 206
35 134
170 269
36 135
134 233
57 156
148 247
147 246
53 152
197 296
21 120
116 215
145 244
5 104
185 284
140 239
142 241
106 205
30 129
22 121
24 123
106 205
98 197
146 245
196 295
128 227
25 124
11 110
164 263
40 139
22 121
27 126
45 144
98 197
50 149
152 251
67 166
61 160
2 101
84 183
23 122
18 117
81 180
113 212
163 262
172 271
83 182
156 255
1 100
152 251
45 144
5 104
30 129
15 114
26 125
137 236
166 265
179 278
100 199
61 160
82 181
26 125
48 147
66 165
192 291
12 111
126 225
156 255
153 252
127 226
80 179
67 166
139 238
141 240
122 221
187 286
72 171
111 210
2 101
150 249
172 271
152 251
90 189
19 118
25 124
137 236
136 235
99 198
170 269
195 294
173 272
60 159
9 108
12 111
170 269
54 153
110 209
179 278
16 115
129 228
190 289
33 132
17 116
152 251
126 225
17 116
179 278
43 142
62 161
132 231
40 139
114 213
121 220
137 236
169 268
76 175
104 203
190 289
195 294
37 136
194 293
96 195
194 293
66 165
86 185
106 205
6 105
158 257
39 138
107 206
156 255
59 158
127 226
16 115
177 276
159 258
197 296
132 231
195 294
70 169
150 249
176 275
13 112
138 237
165 264
68 167
46 145
7 106
149 248
77 176
135 234
127 226
138 237
143 242
14 113
28 127
18 117
188 287
179 278
14 113
86 185
153 252
172 271
65 164
103 202
197 296
164 263
188 287
190 289
61 160
61 160
45 144
151 250
132 231
173 272
18 117
123 222
170 269
188 287
185 284
167 266
181 280
47 146
90 189
176 275
67 166
193 292
113 212
187 286
78 177
195 294
88 187
52 151
6 105
137 236
108 207
114 213
51 150
87 186
39 138
164 263
161 260
7 106
172 271
53 152
116 215
120 219
95 194
195 294
119 218
132 231
50 149
162 261
53 152
181 280
19 118
90 189
14 113
70 169
163 262
110 209
41 140
129 228
148 247
9 108
88 187
27 126
44 143
17 116
68 167
78 177
7 106
62 161
71 170
8 107
179 278
175 274
5 104
46 145
158 257
101 200
170 269
119 218
122 221
131 230
162 261
9 108
167 266
99 198
132 231
79 178
153 252
194 293
102 201
136 235
48 147
77 176
170 269
124 223
19 118
5 104
45 144
189 288
1 100
105 204
115 214
43 142
128 227
106 205
179 278
126 225
163 262
11 110
59 158
118 217
133 232
194 293
60 159
89 188
39 138
55 154
150 249
99 198
97 196
43 142
145 244
180 279
173 272
2 101
177 276
166 265
31 130
36 135
18 117
54 153
186 285
171 270
150 249
80 179
90 189
109 208
106 205
73 172
34 133
1 100
171 270
98 197
72 171
97 196
90 189
86 185
54 153
48 147
107 206
21 120
171 270
10 109
174 273
152 251
60 159
66 165
140 239
172 271
141 240
90 189
91 190
173 272
12 111
84 183
189 288
181 280
171 270
112 211
196 295
116 215
176 275
52 151
97 196
109 208
119 218
80 179
25 124
146 245
98 197
98 197
143 242
194 293
130 229
140 239
23 122
154 253
178 277
113 212
162 261
48 147
82 181
154 253
146 245
29 128
106 205
10 109
47 146
175 274
184 283
173 272
30 129
175 274
144 243
105 204
41 140
195 294
39 138
92 191
113 212
90 189
91 190
35 134
28 127
106 205
9 108
54 153
56 155
124 223
98 197
25 124
108 207
152 251
45 144
142 241
111 210
77 176
52 151
14 113
30 129
183 282
190 289
135 234
93 192
165 264
85 184
142 241
105 204
141 240
149 248
11 110
31 130
113 212
180 279
19 118
121 220
167 266
47 146
46 145
86 185
106 205
136 235
15 114
108 207
14 113
186 285
142 241
71 170
177 276
197 296
176 275
102 201
100 199
76 175
3 102
142 241
50 149
131 230
35 134
190 289
165 264
183 282
152 251
124 223
108 207
94 193
180 279
93 192
162 261
145 244
16 115
32 131
87 186
25 124
141 240
53 152
159 258
110 209
38 137
170 269
13 112
146 245
63 162
57 156
81 180
175 274
140 239
92 191
62 161
32 131
35 134
191 290
153 252
107 206
66 165
51 150
184 283
51 150
87 186
161 260
44 143
160 259
140 239
121 220
93 192
95 194
106 205
137 236
29 128
104 203
190 289
138 237
134 233
1 100
168 267
193 292
182 281
70 169
89 188
109 208
175 274
124 223
122 221
44 143
94 193
5 104
68 167
184 283
51 150
63 162
58 157
35 134
133 232
130 229
85 184
133 232
138 237
178 277
50 149
15 114
61 160
174 273
37 136
63 162
41 140
132 231
98 197
20 119
146 245
37 136
55 154
32 131
33 132
3 102
31 130
66 165
60 159
38 137
139 238
186 285
81 180
79 178
159 258
124 223
178 277
96 195
125 224
179 278
26 125
83 182
165 264
179 278
110 209
188 287
82 181
15 114
112 211
26 125
4 103
61 160
12 111
147 246
75 174
34 133
88 187
153 252
100 199
194 293
40 139
83 182
40 139
161 260
126 225
68 167
146 245
104 203
34 133
186 285
124 223
44 143
171 270
71 170
74 173
160 259
40 139
191 290
72 171
173 272
158 257
17 116
80 179
35 134
159 258
174 273
189 288
62 161
11 110
171 270
174 273
29 128
11 110
62 161
140 239
57 156
97 196
43 142
126 225
63 162
157 256
22 121
194 293
89 188
85 184
148 247
183 282
15 114
189 288
179 278
40 139
22 121
179 278
51 150
166 265
1 100
13 112
101 200
172 271
79 178
160 259
112 211
81 180
5 104
24 123
23 122
183 282
73 172
154 253
49 148
17 116
33 132
108 207
184 283
103 202
18 117
83 182
195 294
148 247
185 284
64 163
34 133
124 223
87 186
145 244
196 295
166 265
29 128
60 159
8 107
99 198
182 281
192 291
125 224
178 277
50 149
181 280
133 232
53 152
115 214
144 243
86 185
145 244
60 159
142 241
164 263
147 246
129 228
192 291
139 238
118 217
47 146
7 106
29 128
115 214
59 158
7 106
150 249
88 187
24 123
129 228
32 131
37 136
176 275
13 112
39 138
161 260
105 204
140 239
172 271
89 188
30 129
100 199
159 258
158 257
123 222
111 210
23 122
87 186
75 174
171 270
149 248
163 262
45 144
102 201
180 279
162 261
41 140
48 147
193 292
78 177
94 193
18 117
75 174
189 288
196 295
139 238
104 203
138 237
176 275
34 133
174 273
186 285
126 225
84 183
49 148
114 213
68 167
81 180
167 266
36 135
104 203
7 106
184 283
184 283
73 172
97 196
188 287
127 226
68 167
133 232
106 205
149 248
64 163
160 259
1 100
182 281
21 120
152 251
157 256
156 255
6 105
96 195
110 209
95 194
79 178
77 176
96 195
23 122
152 251
91 190
30 129
189 288
17 116
1 100
180 279
74 173
71 170
11 110
21 120
130 229
26 125
188 287
79 178
69 168
28 127
47 146
157 256
80 179
10 109
31 130
56 155
165 264
78 177
144 243
125 224
1 100
19 118
177 276
52 151
70 169
173 272
101 200
124 223
161 260
151 250
159 258
88 187
0 99
160 259
154 253
5 104
175 274
145 244
127 226
164 263
37 136
63 162
133 232
5 104
14 113
60 159
139 238
30 129
167 266
90 189
75 174
197 296
61 160
6 105
179 278
124 223
142 241
10 109
83 182
145 244
176 275
23 122
28 127
102 201
71 170
185 284
127 226
7 106
28 127
28 127
13 112
177 276
36 135
180 279
111 210
90 189
36 135
51 150
55 154
104 203
122 221
137 236
53 152
3 102
126 225
143 242
40 139
89 188
104 203
172 271
115 214
124 223
58 157
18 117
72 171
25 124
106 205
195 294
165 264
64 163
0 99
161 260
124 223
29 128
20 119
64 163
175 274
125 224
129 228
132 231
152 251
66 165
57 156
111 210
58 157
182 281
153 252
66 165
83 182
35 134
78 177
136 235
132 231
23 122
163 262
92 191
22 121
52 151
25 124
127 226
162 261
129 228
13 112
114 213
6 105
194 293
42 141
171 270
146 245
58 157
77 176
37 136
140 239
7 106
191 290
25 124
175 274
177 276
10 109
73 172
127 226
83 182
34 133
4 103
69 168
124 223
151 250
134 233
111 210
190 289
158 257
67 166
24 123
141 240
95 194
70 169
132 231
186 285
90 189
40 139
114 213
61 160
7 106
47 146
83 182
152 251
191 290
35 134
5 104
84 183
79 178
106 205
131 230
96 195
106 205
133 232
137 236
183 282
188 287
188 287
43 142
97 196
173 272
14 113
47 146
62 161
36 135
40 139
147 246
27 126
157 256
14 113
104 203
173 272
85 184
53 152
172 271
69 168
120 219
45 144
176 275
182 281
197 296
101 200
169 268
9 108
161 260
127 226
33 132
164 263
181 280
103 202
95 194
127 226
32 131
127 226
37 136
143 242
5 104
43 142
16 115
2 101
28 127
63 162
109 208
157 256
187 286
150 249
182 281
22 121
73 172
76 175
111 210
19 118
86 185
94 193
133 232
73 172
3 102
143 242
127 226
47 146
53 152
165 264
45 144
132 231
50 149
110 209
37 136
134 233
0 99
55 154
167 266
38 137
153 252
75 174
78 177
1 100
61 160
119 218
114 213
124 223
163 262
129 228
146 245
17 116
116 215
103 202
94 193
25 124
149 248
13 112
158 257
100 199
88 187
68 167
117 216
178 277
47 146
9 108
140 239
29 128
30 129
187 286
112 211
156 255
94 193
95 194
159 258
78 177
94 193
144 243
119 218
80 179
195 294
72 171
2 101
21 120
161 260
145 244
197 296
192 291
12 111
23 122
35 134
174 273
125 224
49 148
96 195
118 217
152 251
174 273
69 168
127 226
107 206
160 259
25 124
155 254
93 192
166 265
97 196
51 150
85 184
113 212
8 107
1 100
15 114
189 288
36 135
2 101
76 175
187 286
188 287
94 193
86 185
195 294
10 109
98 197
135 234
10 109
70 169
153 252
4 103
56 155
9 108
36 135
176 275
84 183
19 118
175 274
113 212
107 206
24 123
175 274
187 286
77 176
184 283
192 291
127 226
24 123
162 261
114 213
20 119
174 273
9 108
120 219
187 286
118 217
60 159
169 268
141 240
87 186
190 289
29 128
114 213
163 262
143 242
32 131
23 122
1 100
128 227
96 195
71 170
74 173
153 252
108 207
43 142
81 180
12 111
115 214
76 175
9 108
65 164
153 252
82 181
102 201
76 175
67 166
116 215
139 238
82 181
194 293
83 182
14 113
4 103
94 193
177 276
144 243
189 288
68 167
165 264
84 183
33 132
126 225
176 275
97 196
36 135
123 222
6 105
94 193
139 238
99 198
43 142
188 287
191 290
183 282
151 250
137 236
2 101
159 258
76 175
114 213
102 201
79 178
40 139
121 220
74 173
161 260
117 216
125 224
191 290
58 157
53 152
0 99
55 154
172 271
145 244
43 142
16 115
31 130
68 167
55 154
28 127
12 111
30 129
33 132
10 109
106 205
187 286
39 138
109 208
41 140
18 117
132 231
163 262
159 258
141 240
88 187
179 278
189 288
5 104
56 155
121 220
109 208
193 292
176 275
97 196
45 144
26 125
23 122
172 271
51 150
3 102
118 217
3 102
109 208
178 277
30 129
153 252
12 111
16 115
18 117
83 182
40 139
48 147
44 143
140 239
91 190
6 105
66 165
55 154
173 272
189 288
128 227
101 200
167 266
80 179
132 231
44 143
32 131
102 201
145 244
68 167
158 257
118 217
74 173
197 296
196 295
165 264
39 138
182 281
84 183
47 146
60 159
144 243
89 188
124 223
183 282
33 132
184 283
155 254
0 99
58 157
58 157
37 136
9 108
123 222
128 227
120 219
187 286
101 200
155 254
131 230
124 223
56 155
41 140
74 173
172 271
151 250
160 259
120 219
97 196
177 276
12 111
127 226
50 149
136 235
101 200
4 103
186 285
132 231
1 100
9 108
94 193
94 193
112 211
29 128
167 266
27 126
108 207
171 270
56 155
65 164
86 185
141 240
180 279
124 223
13 112
24 123
194 293
97 196
147 246
5 104
160 259
84 183
71 170
106 205
84 183
174 273
53 152
149 248
0 99
166 265
188 287
77 176
8 107
38 137
88 187
143 242
171 270
50 149
115 214
7 106
1 100
21 120
154 253
75 174
141 240
114 213
94 193
71 170
101 200
90 189
6 105
6 105
148 247
22 121
118 217
94 193
17 116
154 253
156 255
42 141
82 181
39 138
188 287
106 205
43 142
177 276
15 114
86 185
125 224
66 165
13 112
194 293
44 143
16 115
63 162
116 215
174 273
146 245
5 104
113 212
45 144
68 167
170 269
34 133
105 204
192 291
129 228
148 247
50 149
9 108
74 173
86 185
90 189
48 147
153 252
24 123
42 141
140 239
164 263
113 212
144 243
126 225
87 186
56 155
96 195
86 185
0 99
26 125
99 198
174 273
173 272
182 281
17 116
181 280
70 169
178 277
128 227
55 154
132 231
55 154
121 220
176 275
163 262
129 228
70 169
28 127
63 162
101 200
39 138
54 153
142 241
164 263
44 143
30 129
145 244
179 278
2 101
89 188
17 116
82 181
133 232
114 213
19 118
189 288
159 258
4 103
193 292
22 121
102 201
51 150
68 167
15 114
112 211
138 237
174 273
117 216
182 281
106 205
149 248
10 109
139 238
157 256
52 151
9 108
139 238
2 101
178 277
14 113
75 174
5 104
71 170
41 140
31 130
84 183
32 131
77 176
23 122
14 113
188 287
76 175
160 259
44 143
19 118
6 105
88 187
54 153
101 200
27 126
125 224
98 197
123 222
57 156
193 292
168 267
148 247
38 137
170 269
120 219
155 254
124 223
110 209
89 188
2 101
92 191
196 295
189 288
94 193
6 105
63 162
193 292
40 139
182 281
45 144
40 139
125 224
43 142
175 274
122 221
186 285
183 282
180 279
52 151
53 152
71 170
23 122
195 294
94 193
149 248
32 131
29 128
12 111
17 116
148 247
158 257
104 203
22 121
176 275
192 291
92 191
114 213
129 228
47 146
114 213
179 278
119 218
133 232
62 161
99 198
23 122
111 210
23 122
41 140
191 290
48 147
128 227
173 272
146 245
15 114
30 129
189 288
133 232
76 175
147 246
148 247
14 113
197 296
93 192
68 167
4 103
155 254
103 202
138 237
71 170
37 136
25 124
13 112
154 253
66 165
80 179
46 145
70 169
91 190
71 170
53 152
94 193
167 266
43 142
38 137
140 239
18 117
197 296
132 231
178 277
51 150
136 235
145 244
111 210
34 133
14 113
49 148
85 184
28 127
107 206
71 170
0 99
191 290
51 150
12 111
192 291
104 203
171 270
157 256
84 183
176 275
104 203
183 282
52 151
140 239
138 237
46 145
98 197
81 180
44 143
181 280
142 241
65 164
107 206
180 279
64 163
123 222
22 121
194 293
125 224
34 133
94 193
0 99
113 212
94 193
18 117
20 119
131 230
144 243
11 110
80 179
81 180
8 107
17 116
45 144
58 157
124 223
107 206
2 101
94 193
50 149
15 114
100 199
196 295
102 201
90 189
151 250
130 229
160 259
83 182
39 138
34 133
133 232
160 259
32 131
69 168
92 191
5 104
7 106
79 178
84 183
111 210
81 180
58 157
143 242
79 178
159 258
37 136
70 169
109 208
144 243
102 201
4 103
58 157
91 190
120 219
28 127
101 200
11 110
195 294
30 129
23 122
138 237
197 296
133 232
170 269
154 253
190 289
148 247
82 181
158 257
148 247
138 237
83 182
175 274
67 166
61 160
183 282
26 125
175 274
10 109
9 108
22 121
150 249
109 208
39 138
183 282
115 214
54 153
133 232
83 182
139 238
62 161
76 175
123 222
107 206
1 100
114 213
21 120
152 251
91 190
181 280
174 273
134 233
51 150
184 283
116 215
35 134
113 212
123 222
131 230
195 294
41 140
133 232
77 176
34 133
74 173
74 173
137 236
36 135
162 261
129 228
55 154
73 172
31 130
143 242
194 293
34 133
152 251
75 174
39 138
97 196
33 132
30 129
147 246
25 124
58 157
41 140
58 157
162 261
30 129
175 274
161 260
105 204
92 191
52 151
172 271
185 284
87 186
152 251
134 233
5 104
160 259
149 248
58 157
58 157
114 213
111 210
159 258
80 179
180 279
80 179
60 159
133 232
64 163
18 117
90 189
38 137
27 126
50 149
16 115
67 166
33 132
118 217
107 206
81 180
79 178
66 165
150 249
62 161
114 213
117 216
35 134
65 164
49 148
170 269
85 184
166 265
98 197
93 192
158 257
66 165
106 205
89 188
43 142
20 119
12 111
152 251
92 191
128 227
181 280
109 208
17 116
153 252
122 221
91 190
138 237
60 159
159 258
161 260
77 176
34 133
77 176
149 248
193 292
87 186
83 182
126 225
190 289
145 244
19 118
142 241
189 288
127 226
74 173
184 283
77 176
177 276
157 256
120 219
132 231
35 134
82 181
166 265
130 229
76 175
14 113
106 205
96 195
40 139
91 190
154 253
57 156
140 239
141 240
187 286
65 164
3 102
182 281
102 201
78 177
102 201
50 149
76 175
171 270
191 290
192 291
76 175
4 103
46 145
130 229
35 134
193 292
188 287
110 209
143 242
136 235
141 240
33 132
15 114
172 271
72 171
68 167
34 133
58 157
104 203
116 215
139 238
67 166
25 124
185 284
98 197
58 157
70 169
62 161
62 161
143 242
189 288
84 183
87 186
43 142
123 222
144 243
143 242
26 125
20 119
122 221
62 161
104 203
92 191
193 292
15 114
146 245
33 132
44 143
183 282
190 289
166 265
41 140
155 254
164 263
26 125
131 230
46 145
172 271
66 165
27 126
166 265
144 243
193 292
119 218
35 134
64 163
9 108
152 251
146 245
149 248
10 109
144 243
29 128
55 154
90 189
142 241
67 166
107 206
77 176
71 170
196 295
161 260
188 287
188 287
21 120
12 111
74 173
31 130
137 236
44 143
185 284
88 187
21 120
95 194
96 195
62 161
43 142
104 203
1 100
86 185
79 178
197 296
76 175
68 167
196 295
30 129
28 127
48 147
136 235
167 266
108 207
114 213
41 140
94 193
72 171
25 124
90 189
164 263
21 120
39 138
167 266
126 225
107 206
97 196
25 124
23 122
63 162
129 228
122 221
162 261
159 258
152 251
14 113
179 278
163 262
17 116
193 292
130 229
48 147
10 109
81 180
67 166
44 143
143 242
27 126
183 282
80 179
24 123
113 212
67 166
62 161
116 215
126 225
171 270
194 293
144 243
82 181
90 189
56 155
153 252
58 157
161 260
31 130
153 252
34 133
31 130
123 222
138 237
106 205
80 179
160 259
90 189
119 218
14 113
40 139
7 106
182 281
5 104
64 163
5 104
192 291
86 185
157 256
102 201
29 128
123 222
84 183
57 156
127 226
49 148
78 177
197 296
119 218
188 287
25 124
37 136
4 103
74 173
99 198
118 217
109 208
61 160
117 216
168 267
72 171
74 173
62 161
113 212
190 289
73 172
112 211
82 181
148 247
170 269
155 254
35 134
85 184
59 158
10 109
41 140
43 142
172 271
78 177
110 209
63 162
184 283
68 167
102 201
28 127
143 242
180 279
26 125
68 167
7 106
192 291
52 151
77 176
1 100
126 225
12 111
177 276
46 145
85 184
117 216
182 281
149 248
49 148
130 229
158 257
50 149
38 137
34 133
99 198
4 103
154 253
52 151
130 229
50 149
25 124
2 101
173 272
87 186
90 189
5 104
161 260
172 271
188 287
12 111
71 170
105 204
4 103
175 274
125 224
127 226
66 165
69 168
9 108
57 156
51 150
194 293
16 115
47 146
140 239
13 112
44 143
61 160
154 253
105 204
142 241
186 285
41 140
111 210
180 279
155 254
136 235
87 186
114 213
70 169
39 138
78 177
157 256
195 294
105 204
114 213
41 140
184 283
45 144
15 114
144 243
124 223
38 137
148 247
24 123
90 189
138 237
180 279
51 150
70 169
66 165
95 194
37 136
151 250
16 115
29 128
143 242
24 123
164 263
84 183
117 216
154 253
74 173
22 121
184 283
113 212
44 143
124 223
177 276
116 215
98 197
126 225
11 110
59 158
67 166
145 244
50 149
15 114
132 231
2 101
79 178
42 141
186 285
146 245
112 211
190 289
195 294
66 165
145 244
181 280
135 234
132 231
137 236
61 160
29 128
129 228
54 153
85 184
130 229
12 111
34 133
75 174
121 220
166 265
65 164
11 110
124 223
155 254
77 176
99 198
91 190
136 235
176 275
31 130
153 252
120 219
169 268
155 254
19 118
195 294
28 127
81 180
132 231
37 136
5 104
49 148
190 289
100 199
170 269
137 236
113 212
99 198
115 214
14 113
181 280
87 186
64 163
195 294
166 265
183 282
130 229
85 184
132 231
66 165
34 133
78 177
77 176
52 151
83 182
165 264
26 125
183 282
94 193
98 197
175 274
87 186
85 184
24 123
5 104
179 278
47 146
12 111
82 181
120 219
100 199
162 261
46 145
15 114
180 279
128 227
165 264
96 195
131 230
66 165
18 117
48 147
168 267
178 277
195 294
162 261
109 208
4 103
37 136
113 212
32 131
171 270
170 269
144 243
164 263
68 167
28 127
24 123
25 124
16 115
114 213
150 249
133 232
168 267
182 281
117 216
95 194
98 197
101 200
167 266
138 237
35 134
115 214
20 119
32 131
20 119
25 124
112 211
153 252
125 224
150 249
61 160
79 178
124 223
79 178
186 285
141 240
72 171
119 218
67 166
89 188
120 219
139 238
96 195
115 214
79 178
55 154
122 221
43 142
7 106
38 137
110 209
21 120
78 177
1 100
74 173
1 100
165 264
147 246
108 207
60 159
182 281
95 194
60 159
121 220
194 293
39 138
161 260
148 247
116 215
160 259
101 200
10 109
180 279
49 148
51 150
170 269
163 262
158 257
112 211
127 226
74 173
82 181
123 222
192 291
56 155
176 275
120 219
12 111
33 132
180 279
25 124
125 224
39 138
6 105
194 293
173 272
192 291
144 243
177 276
46 145
87 186
129 228
86 185
41 140
0 99
155 254
172 271
70 169
12 111
33 132
189 288
135 234
24 123
19 118
126 225
26 125
5 104
191 290
119 218
23 122
2 101
178 277
25 124
8 107
128 227
2 101
142 241
196 295
189 288
44 143
59 158
150 249
69 168
23 122
1 100
102 201
18 117
90 189
154 253
34 133
146 245
172 271
158 257
56 155
23 122
3 102
131 230
161 260
86 185
132 231
191 290
122 221
146 245
22 121
36 135
11 110
177 276
26 125
48 147
77 176
94 193
186 285
93 192
189 288
64 163
28 127
91 190
56 155
39 138
135 234
166 265
107 206
110 209
114 213
56 155
146 245
107 206
14 113
129 228
97 196
21 120
78 177
47 146
132 231
39 138
193 292
51 150
23 122
122 221
157 256
120 219
110 209
22 121
178 277
64 163
29 128
45 144
67 166
65 164
107 206
185 284
27 126
40 139
45 144
15 114
119 218
16 115
135 234
39 138
22 121
192 291
114 213
161 260
99 198
80 179
121 220
146 245
3 102
144 243
173 272
117 216
35 134
22 121
114 213
110 209
38 137
152 251
44 143
186 285
65 164
98 197
132 231
37 136
174 273
95 194
117 216
14 113
41 140
153 252
15 114
158 257
31 130
3 102
26 125
140 239
114 213
152 251
128 227
80 179
185 284
103 202
44 143
169 268
151 250
170 269
95 194
75 174
2 101
18 117
183 282
147 246
17 116
171 270
128 227
137 236
19 118
194 293
86 185
157 256
132 231
82 181
116 215
153 252
191 290
5 104
40 139
86 185
158 257
27 126
172 271
44 143
128 227
178 277
15 114
43 142
162 261
95 194
169 268
110 209
164 263
125 224
18 117
89 188
195 294
90 189
124 223
96 195
123 222
155 254
132 231
61 160
156 255
3 102
70 169
20 119
2 101
45 144
93 192
69 168
17 116
32 131
46 145
140 239
135 234
37 136
147 246
79 178
43 142
74 173
165 264
74 173
0 99
120 219
75 174
38 137
161 260
48 147
169 268
70 169
193 292
179 278
15 114
95 194
97 196
118 217
87 186
139 238
151 250
79 178
152 251
12 111
127 226
118 217
44 143
114 213
132 231
97 196
115 214
123 222
49 148
16 115
58 157
78 177
36 135
183 282
77 176
75 174
32 131
122 221
67 166
31 130
187 286
170 269
46 145
109 208
47 146
191 290
46 145
140 239
87 186
130 229
25 124
149 248
40 139
72 171
156 255
21 120
2 101
165 264
27 126
197 296
36 135
66 165
40 139
50 149
24 123
92 191
92 191
177 276
192 291
101 200
18 117
110 209
184 283
37 136
175 274
153 252
188 287
5 104
64 163
27 126
132 231
137 236
20 119
182 281
64 163
166 265
100 199
18 117
174 273
105 204
32 131
80 179
163 262
73 172
186 285
189 288
8 107
27 126
113 212
165 264
79 178
25 124
58 157
107 206
47 146
74 173
54 153
78 177
86 185
65 164
172 271
57 156
167 266
57 156
157 256
95 194
151 250
81 180
136 235
146 245
80 179
114 213
30 129
152 251
22 121
154 253
138 237
94 193
57 156
186 285
38 137
174 273
106 205
103 202
99 198
102 201
188 287
37 136
22 121
114 213
97 196
15 114
138 237
136 235
103 202
20 119
50 149
138 237
47 146
169 268
142 241
78 177
144 243
147 246
89 188
107 206
21 120
169 268
21 120
139 238
75 174
67 166
29 128
181 280
175 274
121 220
160 259
9 108
100 199
59 158
131 230
196 295
140 239
157 256
144 243
75 174
115 214
44 143
61 160
178 277
74 173
86 185
196 295
12 111
51 150
183 282
21 120
32 131
24 123
73 172
119 218
172 271
139 238
111 210
174 273
16 115
59 158
166 265
90 189
100 199
135 234
164 263
13 112
50 149
152 251
64 163
111 210
59 158
30 129
86 185
161 260
74 173
34 133
64 163
174 273
50 149
167 266
190 289
118 217
135 234
26 125
150 249
110 209
12 111
37 136
157 256
67 166
39 138
155 254
137 236
5 104
95 194
57 156
4 103
39 138
124 223
185 284
39 138
79 178
104 203
57 156
125 224
45 144
150 249
46 145
95 194
166 265
144 243
54 153
11 110
40 139
24 123
24 123
32 131
49 148
107 206
53 152
60 159
89 188
33 132
148 247
126 225
137 236
12 111
78 177
190 289
32 131
165 264
86 185
13 112
48 147
165 264
46 145
134 233
44 143
126 225
98 197
117 216
70 169
10 109
112 211
23 122
163 262
73 172
56 155
139 238
76 175
107 206
72 171
164 263
193 292
102 201
0 99
144 243
25 124
188 287
66 165
133 232
135 234
149 248
108 207
158 257
85 184
49 148
141 240
31 130
7 106
142 241
161 260
170 269
180 279
196 295
17 116
173 272
83 182
29 128
90 189
124 223
51 150
64 163
33 132
48 147
47 146
148 247
16 115
29 128
182 281
90 189
2 101
87 186
66 165
94 193
94 193
142 241
132 231
51 150
88 187
89 188
18 117
29 128
158 257
2 101
76 175
146 245
73 172
52 151
74 173
162 261
16 115
33 132
129 228
94 193
75 174
70 169
40 139
54 153
3 102
165 264
20 119
146 245
188 287
35 134
192 291
116 215
32 131
82 181
65 164
61 160
191 290
122 221
96 195
27 126
29 128
181 280
39 138
24 123
31 130
171 270
156 255
17 116
164 263
119 218
59 158
55 154
150 249
147 246
100 199
103 202
20 119
62 161
66 165
172 271
141 240
152 251
174 273
58 157
104 203
136 235
32 131
65 164
29 128
57 156
46 145
53 152
109 208
137 236
82 181
121 220
144 243
195 294
162 261
97 196
90 189
186 285
58 157
131 230
75 174
90 189
182 281
58 157
154 253
5 104
125 224
50 149
153 252
121 220
101 200
167 266
32 131
179 278
147 246
96 195
110 209
56 155
66 165
180 279
5 104
43 142
84 183
29 128
72 171
125 224
107 206
109 208
193 292
143 242
157 256
0 99
167 266
134 233
39 138
83 182
78 177
185 284
35 134
5 104
84 183
18 117
134 233
93 192
134 233
56 155
180 279
26 125
78 177
158 257
33 132
121 220
87 186
195 294
137 236
8 107
100 199
31 130
177 276
22 121
10 109
29 128
49 148
101 200
93 192
111 210
40 139
16 115
19 118
46 145
24 123
95 194
62 161
16 115
10 109
59 158
111 210
54 153
161 260
85 184
131 230
180 279
135 234
183 282
50 149
95 194
4 103
15 114
187 286
159 258
94 193
114 213
120 219
16 115
45 144
93 192
75 174
70 169
9 108
18 117
123 222
92 191
173 272
188 287
38 137
118 217
163 262
99 198
167 266
68 167
92 191
125 224
52 151
75 174
28 127
28 127
124 223
185 284
7 106
47 146
70 169
182 281
191 290
120 219
5 104
97 196
92 191
185 284
60 159
155 254
122 221
9 108
121 220
188 287
86 185
107 206
104 203
161 260
13 112
90 189
142 241
48 147
169 268
46 145
30 129
164 263
52 151
94 193
193 292
132 231
118 217
197 296
53 152
178 277
7 106
16 115
105 204
117 216
144 243
197 296
149 248
93 192
149 248
161 260
60 159
144 243
54 153
149 248
30 129
124 223
140 239
49 148
132 231
63 162
54 153
99 198
139 238
53 152
186 285
153 252
20 119
197 296
150 249
175 274
26 125
5 104
172 271
104 203
110 209
140 239
131 230
153 252
86 185
128 227
50 149
41 140
57 156
172 271
21 120
87 186
145 244
85 184
80 179
10 109
154 253
87 186
44 143
166 265
121 220
112 211
114 213
140 239
114 213
54 153
151 250
36 135
11 110
192 291
40 139
122 221
147 246
0 99
1 100
78 177
151 250
11 110
154 253
92 191
27 126
163 262
26 125
51 150
77 176
60 159
95 194
3 102
121 220
32 131
83 182
17 116
84 183
148 247
60 159
62 161
127 226
82 181
143 242
41 140
20 119
82 181
82 181
149 248
140 239
35 134
30 129
110 209
34 133
28 127
147 246
189 288
103 202
98 197
129 228
119 218
188 287
63 162
151 250
169 268
21 120
8 107
175 274
35 134
126 225
172 271
132 231
34 133
53 152
29 128
36 135
71 170
153 252
7 106
103 202
115 214
74 173
32 131
77 176
0 99
121 220
46 145
5 104
5 104
85 184
88 187
121 220
76 175
98 197
95 194
135 234
194 293
194 293
103 202
188 287
185 284
59 158
168 267
105 204
58 157
32 131
159 258
185 284
192 291
124 223
19 118
46 145
155 254
189 288
90 189
9 108
110 209
133 232
87 186
177 276
32 131
52 151
196 295
67 166
38 137
175 274
150 249
95 194
89 188
25 124
181 280
105 204
72 171
197 296
31 130
61 160
91 190
130 229
84 183
89 188
83 182
167 266
171 270
29 128
58 157
84 183
113 212
196 295
123 222
193 292
175 274
123 222
130 229
119 218
29 128
141 240
159 258
31 130
154 253
99 198
111 210
147 246
23 122
3 102
9 108
112 211
72 171
9 108
102 201
64 163
173 272
168 267
191 290
99 198
16 115
74 173
35 134
159 258
197 296
75 174
42 141
95 194
77 176
79 178
17 116
185 284
106 205
180 279
31 130
89 188
133 232
26 125
130 229
76 175
98 197
43 142
104 203
38 137
71 170
104 203
89 188
134 233
146 245
21 120
91 190
167 266
59 158
134 233
59 158
116 215
97 196
159 258
115 214
86 185
94 193
164 263
105 204
73 172
81 180
125 224
8 107
144 243
116 215
51 150
165 264
114 213
17 116
86 185
59 158
9 108
123 222
132 231
149 248
177 276
79 178
28 127
135 234
10 109
130 229
8 107
163 262
33 132
168 267
173 272
158 257
119 218
72 171
82 181
181 280
31 130
160 259
158 257
146 245
24 123
180 279
100 199
157 256
102 201
23 122
9 108
52 151
151 250
126 225
177 276
130 229
23 122
24 123
76 175
184 283
37 136
108 207
64 163
157 256
111 210
178 277
69 168
44 143
28 127
11 110
136 235
104 203
180 279
64 163
63 162
70 169
23 122
71 170
56 155
179 278
66 165
22 121
16 115
56 155
100 199
141 240
35 134
106 205
82 181
71 170
172 271
11 110
106 205
125 224
38 137
35 134
154 253
194 293
131 230
140 239
5 104
91 190
194 293
79 178
142 241
171 270
107 206
89 188
110 209
115 214
16 115
37 136
103 202
49 148
65 164
176 275
153 252
17 116
124 223
68 167
176 275
109 208
68 167
184 283
29 128
143 242
35 134
45 144
72 171
160 259
197 296
193 292
79 178
18 117
194 293
52 151
147 246
142 241
25 124
194 293
155 254
2 101
25 124
5 104
69 168
85 184
118 217
94 193
178 277
49 148
106 205
106 205
177 276
120 219
0 99
156 255
115 214
77 176
66 165
149 248
76 175
49 148
181 280
42 141
103 202
50 149
10 109
129 228
24 123
104 203
146 245
189 288
189 288
122 221
186 285
181 280
41 140
11 110
177 276
112 211
19 118
14 113
77 176
163 262
56 155
157 256
148 247
180 279
184 283
171 270
72 171
55 154
36 135
27 126
42 141
127 226
78 177
107 206
45 144
114 213
107 206
79 178
125 224
63 162
148 247
121 220
15 114
50 149
97 196
192 291
10 109
152 251
46 145
139 238
6 105
36 135
157 256
57 156
105 204
120 219
166 265
156 255
170 269
138 237
162 261
8 107
7 106
164 263
197 296
11 110
192 291
168 267
102 201
69 168
196 295
41 140
85 184
93 192
130 229
11 110
93 192
46 145
143 242
70 169
137 236
5 104
183 282
20 119
37 136
174 273
159 258
184 283
3 102
75 174
54 153
70 169
137 236
104 203
68 167
5 104
134 233
57 156
115 214
21 120
80 179
188 287
11 110
113 212
41 140
120 219
80 179
53 152
165 264
197 296
71 170
126 225
134 233
189 288
186 285
77 176
76 175
23 122
187 286
191 290
3 102
67 166
184 283
2 101
116 215
52 151
24 123
191 290
151 250
158 257
168 267
70 169
47 146
55 154
11 110
154 253
193 292
164 263
168 267
64 163
20 119
40 139
27 126
92 191
178 277
192 291
138 237
161 260
93 192
69 168
99 198
36 135
27 126
122 221
96 195
126 225
49 148
179 278
92 191
105 204
190 289
40 139
29 128
34 133
81 180
17 116
62 161
135 234
29 128
51 150
193 292
2 101
14 113
161 260
164 263
193 292
118 217
163 262
22 121
177 276
101 200
103 202
137 236
49 148
70 169
152 251
7 106
181 280
62 161
150 249
15 114
158 257
73 172
121 220
192 291
36 135
58 157
66 165
86 185
3 102
42 141
175 274
99 198
42 141
78 177
1 100
83 182
173 272
137 236
136 235
194 293
152 251
187 286
181 280
59 158
168 267
104 203
63 162
176 275
19 118
154 253
149 248
58 157
196 295
166 265
130 229
73 172
40 139
102 201
102 201
56 155
103 202
57 156
94 193
165 264
32 131
117 216
127 226
43 142
105 204
186 285
93 192
177 276
77 176
117 216
196 295
59 158
51 150
1 100
30 129
35 134
155 254
33 132
37 136
76 175
196 295
123 222
30 129
137 236
141 240
178 277
116 215
61 160
30 129
1 100
115 214
77 176
20 119
122 221
26 125
192 291
55 154
175 274
49 148
149 248
184 283
24 123
137 236
155 254
64 163
97 196
60 159
50 149
114 213
144 243
176 275
72 171
53 152
125 224
18 117
178 277
12 111
53 152
61 160
108 207
25 124
25 124
0 99
133 232
181 280
191 290
165 264
90 189
188 287
160 259
125 224
77 176
72 171
142 241
30 129
97 196
4 103
25 124
9 108
156 255
43 142
95 194
49 148
174 273
191 290
120 219
176 275
92 191
10 109
178 277
46 145
167 266
7 106
46 145
177 276
34 133
79 178
118 217
183 282
182 281
34 133
159 258
87 186
9 108
184 283
51 150
168 267
140 239
82 181
167 266
103 202
149 248
168 267
139 238
149 248
78 177
22 121
122 221
193 292
33 132
69 168
138 237
151 250
86 185
83 182
13 112
46 145
56 155
120 219
104 203
65 164
75 174
78 177
162 261
110 209
187 286
188 287
105 204
53 152
21 120
66 165
179 278
51 150
24 123
70 169
166 265
187 286
195 294
137 236
157 256
60 159
170 269
135 234
37 136
15 114
44 143
135 234
5 104
128 227
20 119
160 259
131 230
73 172
8 107
79 178
57 156
146 245
103 202
116 215
150 249
178 277
154 253
102 201
112 211
3 102
107 206
37 136
35 134
171 270
69 168
64 163
29 128
82 181
130 229
110 209
124 223
25 124
189 288
105 204
33 132
114 213
90 189
60 159
6 105
156 255
146 245
9 108
129 228
11 110
141 240
13 112
18 117
80 179
59 158
110 209
170 269
81 180
89 188
153 252
150 249
70 169
188 287
48 147
95 194
161 260
112 211
94 193
184 283
5 104
31 130
151 250
24 123
57 156
117 216
28 127
19 118
49 148
197 296
30 129
147 246
63 162
177 276
195 294
161 260
116 215
97 196
38 137
172 271
124 223
133 232
65 164
150 249
72 171
60 159
90 189
161 260
163 262
87 186
37 136
118 217
74 173
48 147
107 206
23 122
57 156
147 246
149 248
130 229
120 219
197 296
73 172
43 142
154 253
140 239
190 289
143 242
158 257
94 193
25 124
195 294
130 229
22 121
73 172
13 112
125 224
139 238
166 265
128 227
114 213
129 228
130 229
195 294
67 166
70 169
196 295
188 287
17 116
47 146
158 257
46 145
44 143
7 106
124 223
28 127
62 161
17 116
157 256
112 211
165 264
24 123
191 290
64 163
21 120
42 141
177 276
142 241
184 283
1 100
182 281
28 127
101 200
31 130
104 203
146 245
142 241
46 145
144 243
119 218
48 147
194 293
67 166
134 233
165 264
51 150
172 271
130 229
115 214
194 293
127 226
106 205
73 172
24 123
40 139
94 193
122 221
71 170
18 117
89 188
106 205
15 114
89 188
63 162
95 194
79 178
163 262
19 118
122 221
108 207
67 166
71 170
8 107
94 193
96 195
49 148
47 146
64 163
145 244
16 115
2 101
132 231
149 248
118 217
130 229
119 218
73 172
116 215
101 200
142 241
194 293
62 161
44 143
7 106
140 239
142 241
75 174
112 211
79 178
24 123
141 240
13 112
6 105
110 209
145 244
30 129
126 225
30 129
122 221
147 246
130 229
94 193
135 234
111 210
67 166
85 184
110 209
98 197
46 145
165 264
124 223
173 272
166 265
14 113
160 259
139 238
142 241
125 224
11 110
111 210
77 176
0 99
179 278
134 233
137 236
6 105
166 265
65 164
104 203
140 239
77 176
69 168
108 207
25 124
39 138
101 200
3 102
172 271
62 161
128 227
131 230
183 282
71 170
97 196
186 285
152 251
29 128
150 249
72 171
30 129
68 167
10 109
170 269
81 180
34 133
66 165
189 288
156 255
133 232
183 282
187 286
76 175
122 221
41 140
104 203
17 116
142 241
103 202
171 270
111 210
49 148
41 140
60 159
145 244
50 149
77 176
97 196
132 231
44 143
97 196
101 200
195 294
23 122
60 159
141 240
52 151
102 201
59 158
169 268
95 194
91 190
49 148
116 215
175 274
104 203
48 147
178 277
23 122
119 218
95 194
168 267
114 213
33 132
71 170
189 288
124 223
23 122
27 126
131 230
160 259
134 233
48 147
59 158
22 121
131 230
162 261
93 192
130 229
119 218
3 102
121 220
46 145
114 213
13 112
122 221
194 293
107 206
153 252
72 171
53 152
174 273
84 183
140 239
164 263
113 212
51 150
46 145
56 155
111 210
172 271
10 109
181 280
46 145
52 151
176 275
193 292
8 107
35 134
9 108
12 111
44 143
128 227
64 163
191 290
191 290
102 201
133 232
1 100
175 274
101 200
49 148
110 209
8 107
170 269
169 268
58 157
68 167
4 103
190 289
92 191
54 153
118 217
41 140
43 142
14 113
74 173
124 223
88 187
185 284
24 123
140 239
111 210
89 188
173 272
182 281
60 159
174 273
71 170
143 242
70 169
42 141
21 120
8 107
178 277
45 144
138 237
140 239
107 206
122 221
21 120
91 190
53 152
62 161
88 187
106 205
32 131
66 165
139 238
143 242
153 252
1 100
96 195
149 248
187 286
144 243
135 234
90 189
87 186
173 272
16 115
134 233
53 152
26 125
161 260
133 232
171 270
93 192
124 223
135 234
27 126
91 190
74 173
179 278
64 163
180 279
55 154
188 287
148 247
74 173
29 128
104 203
118 217
183 282
147 246
24 123
159 258
11 110
1 100
67 166
99 198
118 217
75 174
190 289
118 217
192 291
80 179
4 103
79 178
188 287
194 293
30 129
181 280
169 268
152 251
120 219
145 244
11 110
130 229
106 205
5 104
105 204
137 236
167 266
88 187
174 273
82 181
88 187
179 278
33 132
92 191
183 282
173 272
192 291
172 271
128 227
13 112
67 166
197 296
46 145
190 289
167 266
120 219
2 101
124 223
92 191
114 213
32 131
13 112
54 153
25 124
172 271
116 215
107 206
178 277
72 171
77 176
197 296
128 227
160 259
170 269
35 134
123 222
141 240
89 188
93 192
24 123
118 217
159 258
24 123
155 254
58 157
124 223
0 99
89 188
152 251
57 156
3 102
164 263
182 281
25 124
104 203
88 187
91 190
78 177
75 174
94 193
39 138
90 189
135 234
63 162
126 225
166 265
23 122
14 113
144 243
3 102
145 244
98 197
149 248
138 237
162 261
40 139
76 175
13 112
184 283
23 122
91 190
175 274
129 228
48 147
62 161
109 208
87 186
101 200
143 242
134 233
39 138
95 194
118 217
159 258
156 255
171 270
85 184
140 239
64 163
161 260
40 139
98 197
13 112
10 109
141 240
52 151
80 179
39 138
71 170
167 266
25 124
30 129
110 209
139 238
92 191
58 157
31 130
166 265
7 106
103 202
194 293
111 210
83 182
148 247
37 136
108 207
39 138
127 226
177 276
31 130
76 175
50 149
52 151
182 281
41 140
69 168
17 116
94 193
153 252
126 225
28 127
2 101
43 142
189 288
185 284
125 224
3 102
180 279
163 262
135 234
121 220
3 102
189 288
173 272
151 250
65 164
105 204
7 106
5 104
45 144
68 167
106 205
176 275
156 255
18 117
102 201
53 152
72 171
105 204
27 126
97 196
59 158
0 99
172 271
19 118
132 231
48 147
54 153
30 129
115 214
24 123
95 194
26 125
175 274
103 202
155 254
121 220
52 151
125 224
12 111
174 273
79 178
107 206
128 227
180 279
11 110
135 234
130 229
79 178
91 190
15 114
157 256
20 119
170 269
156 255
183 282
79 178
166 265
94 193
50 149
13 112
165 264
97 196
41 140
89 188
181 280
77 176
94 193
10 109
123 222
195 294
147 246
183 282
96 195
15 114
166 265
14 113
166 265
190 289
66 165
1 100
86 185
66 165
197 296
137 236
87 186
66 165
183 282
49 148
171 270
159 258
161 260
91 190
10 109
85 184
81 180
176 275
67 166
99 198
20 119
48 147
70 169
148 247
128 227
42 141
25 124
5 104
64 163
103 202
186 285
18 117
7 106
49 148
137 236
108 207
66 165
167 266
123 222
75 174
179 278
159 258
131 230
192 291
169 268
30 129
129 228
63 162
82 181
55 154
5 104
84 183
52 151
30 129
151 250
160 259
89 188
121 220
195 294
193 292
14 113
50 149
138 237
173 272
194 293
63 162
168 267
51 150
18 117
50 149
157 256
71 170
173 272
100 199
121 220
144 243
188 287
12 111
183 282
154 253
34 133
112 211
187 286
91 190
44 143
23 122
181 280
43 142
190 289
16 115
73 172
158 257
146 245
94 193
23 122
141 240
123 222
51 150
118 217
114 213
15 114
27 126
162 261
136 235
154 253
8 107
140 239
111 210
50 149
106 205
69 168
7 106
114 213
112 211
145 244
165 264
147 246
191 290
142 241
146 245
149 248
23 122
53 152
189 288
138 237
69 168
82 181
123 222
44 143
171 270
62 161
152 251
115 214
187 286
93 192
83 182
161 260
44 143
178 277
65 164
20 119
13 112
159 258
189 288
190 289
160 259
53 152
154 253
17 116
182 281
75 174
52 151
73 172
6 105
85 184
11 110
103 202
78 177
93 192
97 196
33 132
3 102
8 107
48 147
99 198
57 156
41 140
147 246
70 169
95 194
13 112
108 207
124 223
153 252
125 224
161 260
106 205
177 276
181 280
54 153
69 168
136 235
48 147
119 218
112 211
185 284
126 225
197 296
42 141
172 271
98 197
56 155
55 154
165 264
191 290
124 223
105 204
33 132
15 114
93 192
137 236
96 195
61 160
57 156
120 219
149 248
51 150
188 287
1 100
141 240
53 152
158 257
57 156
195 294
115 214
132 231
17 116
172 271
156 255
138 237
64 163
1 100
102 201
114 213
99 198
72 171
121 220
100 199
19 118
87 186
197 296
82 181
58 157
102 201
141 240
159 258
72 171
157 256
182 281
49 148
64 163
64 163
11 110
101 200
182 281
73 172
31 130
117 216
98 197
102 201
165 264
88 187
25 124
85 184
54 153
118 217
128 227
28 127
31 130
56 155
34 133
153 252
182 281
20 119
79 178
2 101
105 204
49 148
142 241
107 206
65 164
94 193
41 140
43 142
191 290
149 248
26 125
2 101
152 251
147 246
74 173
13 112
96 195
19 118
173 272
92 191
165 264
130 229
74 173
20 119
166 265
178 277
5 104
107 206
164 263
16 115
9 108
81 180
126 225
54 153
63 162
69 168
14 113
50 149
142 241
88 187
18 117
97 196
38 137
182 281
130 229
131 230
165 264
9 108
53 152
92 191
94 193
117 216
129 228
23 122
104 203
31 130
166 265
81 180
23 122
21 120
180 279
153 252
51 150
95 194
50 149
173 272
5 104
46 145
27 126
96 195
138 237
28 127
194 293
140 239
181 280
24 123
168 267
127 226
186 285
8 107
116 215
20 119
166 265
169 268
62 161
20 119
73 172
16 115
163 262
25 124
197 296
168 267
76 175
103 202
12 111
122 221
21 120
76 175
35 134
64 163
105 204
21 120
74 173
167 266
100 199
96 195
56 155
83 182
176 275
110 209
65 164
147 246
22 121
13 112
178 277
73 172
93 192
109 208
127 226
84 183
107 206
162 261
169 268
110 209
49 148
117 216
34 133
115 214
180 279
166 265
10 109
154 253
136 235
4 103
11 110
190 289
85 184
84 183
48 147
167 266
164 263
39 138
125 224
111 210
190 289
44 143
89 188
160 259
184 283
151 250
170 269
189 288
116 215
191 290
58 157
24 123
131 230
28 127
89 188
194 293
187 286
189 288
145 244
72 171
115 214
79 178
117 216
183 282
60 159
73 172
164 263
108 207
100 199
155 254
185 284
125 224
113 212
184 283
172 271
7 106
9 108
48 147
13 112
93 192
96 195
123 222
118 217
134 233
57 156
179 278
74 173
71 170
132 231
189 288
167 266
60 159
184 283
57 156
55 154
140 239
19 118
113 212
123 222
95 194
150 249
108 207
181 280
121 220
179 278
114 213
37 136
70 169
154 253
81 180
162 261
142 241
175 274
13 112
139 238
192 291
149 248
73 172
115 214
170 269
23 122
160 259
18 117
164 263
123 222
4 103
182 281
49 148
177 276
71 170
164 263
24 123
26 125
142 241
172 271
171 270
6 105
82 181
75 174
182 281
43 142
145 244
66 165
185 284
143 242
132 231
66 165
109 208
48 147
193 292
34 133
99 198
0 99
53 152
114 213
84 183
197 296
138 237
29 128
59 158
168 267
139 238
53 152
170 269
81 180
104 203
136 235
116 215
192 291
76 175
81 180
65 164
15 114
20 119
46 145
97 196
40 139
139 238
186 285
159 258
147 246
86 185
123 222
37 136
188 287
183 282
180 279
40 139
24 123
192 291
196 295
122 221
9 108
159 258
151 250
45 144
108 207
14 113
151 250
52 151
100 199
116 215
8 107
44 143
150 249
172 271
16 115
171 270
133 232
76 175
189 288
8 107
162 261
67 166
8 107
160 259
70 169
74 173
75 174
141 240
176 275
27 126
122 221
41 140
29 128
48 147
34 133
152 251
189 288
34 133
36 135
45 144
68 167
171 270
88 187
136 235
108 207
188 287
93 192
29 128
108 207
138 237
136 235
103 202
84 183
99 198
24 123
178 277
56 155
152 251
40 139
123 222
100 199
8 107
97 196
14 113
49 148
123 222
0 99
22 121
97 196
17 116
147 246
91 190
111 210
161 260
140 239
126 225
2 101
34 133
69 168
1 100
13 112
190 289
79 178
130 229
160 259
87 186
40 139
6 105
64 163
46 145
7 106
139 238
70 169
30 129
103 202
119 218
100 199
25 124
109 208
13 112
61 160
45 144
190 289
101 200
70 169
153 252
20 119
169 268
61 160
54 153
104 203
45 144
186 285
54 153
190 289
140 239
42 141
47 146
189 288
65 164
129 228
33 132
183 282
175 274
50 149
35 134
52 151
137 236
72 171
76 175
41 140
118 217
71 170
116 215
127 226
47 146
64 163
84 183
50 149
113 212
82 181
124 223
126 225
54 153
57 156
80 179
131 230
115 214
144 243
78 177
25 124
61 160
139 238
21 120
20 119
85 184
144 243
73 172
164 263
36 135
170 269
131 230
98 197
115 214
111 210
74 173
123 222
35 134
133 232
101 200
125 224
156 255
107 206
96 195
45 144
159 258
156 255
105 204
127 226
155 254
160 259
149 248
168 267
141 240
63 162
50 149
62 161
75 174
30 129
11 110
107 206
115 214
15 114
142 241
94 193
32 131
184 283
162 261
34 133
81 180
78 177
49 148
147 246
172 271
59 158
65 164
97 196
143 242
44 143
176 275
36 135
148 247
27 126
165 264
3 102
167 266
82 181
88 187
63 162
18 117
97 196
59 158
0 99
134 233
59 158
116 215
183 282
7 106
170 269
49 148
172 271
20 119
70 169
171 270
49 148
14 113
197 296
114 213
13 112
107 206
10 109
184 283
126 225
108 207
164 263
67 166
82 181
34 133
101 200
8 107
192 291
67 166
136 235
69 168
184 283
160 259
75 174
129 228
188 287
59 158
46 145
144 243
21 120
106 205
197 296
194 293
72 171
150 249
67 166
64 163
148 247
45 144
3 102
122 221
78 177
186 285
37 136
66 165
109 208
184 283
62 161
78 177
15 114
50 149
66 165
42 141
56 155
153 252
50 149
102 201
113 212
29 128
152 251
57 156
96 195
49 148
123 222
45 144
73 172
141 240
28 127
20 119
86 185
156 255
58 157
148 247
82 181
27 126
1 100
134 233
191 290
135 234
42 141
72 171
10 109
72 171
12 111
71 170
157 256
22 121
127 226
78 177
97 196
6 105
33 132
111 210
196 295
150 249
6 105
36 135
45 144
93 192
56 155
10 109
21 120
135 234
174 273
141 240
67 166
127 226
19 118
67 166
30 129
9 108
13 112
28 127
103 202
171 270
117 216
55 154
138 237
73 172
113 212
143 242
18 117
38 137
118 217
32 131
151 250
183 282
56 155
157 256
74 173
120 219
56 155
24 123
167 266
5 104
49 148
1 100
170 269
120 219
11 110
20 119
96 195
159 258
114 213
7 106
5 104
73 172
179 278
25 124
52 151
191 290
10 109
161 260
23 122
21 120
191 290
80 179
90 189
125 224
134 233
7 106
145 244
4 103
75 174
122 221
46 145
97 196
26 125
101 200
167 266
178 277
197 296
91 190
115 214
86 185
53 152
175 274
84 183
8 107
182 281
195 294
36 135
28 127
33 132
153 252
111 210
67 166
104 203
164 263
146 245
32 131
59 158
54 153
182 281
57 156
171 270
39 138
10 109
144 243
49 148
140 239
159 258
169 268
45 144
1 100
45 144
72 171
32 131
55 154
3 102
157 256
57 156
80 179
73 172
188 287
107 206
13 112
92 191
99 198
100 199
109 208
194 293
35 134
124 223
102 201
148 247
83 182
43 142
131 230
71 170
119 218
156 255
25 124
149 248
28 127
65 164
38 137
95 194
50 149
110 209
84 183
164 263
45 144
40 139
110 209
139 238
22 121
129 228
66 165
151 250
96 195
109 208
50 149
137 236
99 198
177 276
3 102
105 204
107 206
153 252
186 285
121 220
40 139
61 160
109 208
49 148
153 252
11 110
24 123
152 251
75 174
2 101
159 258
165 264
136 235
194 293
128 227
66 165
66 165
175 274
23 122
147 246
64 163
194 293
63 162
119 218
45 144
31 130
91 190
33 132
36 135
16 115
14 113
10 109
68 167
79 178
183 282
197 296
121 220
7 106
9 108
58 157
58 157
189 288
50 149
32 131
75 174
83 182
14 113
84 183
83 182
75 174
75 174
10 109
86 185
66 165
90 189
49 148
76 175
157 256
69 168
107 206
2 101
177 276
75 174
181 280
126 225
22 121
2 101
179 278
27 126
159 258
110 209
104 203
19 118
126 225
100 199
49 148
40 139
64 163
50 149
118 217
107 206
40 139
175 274
133 232
72 171
69 168
36 135
45 144
192 291
130 229
102 201
62 161
47 146
101 200
1 100
87 186
17 116
180 279
83 182
99 198
128 227
0 99
46 145
127 226
147 246
78 177
76 175
120 219
124 223
97 196
122 221
51 150
143 242
41 140
123 222
157 256
96 195
143 242
131 230
20 119
112 211
189 288
183 282
143 242
133 232
187 286
155 254
43 142
187 286
98 197
22 121
38 137
182 281
182 281
117 216
116 215
43 142
18 117
91 190
101 200
45 144
22 121
48 147
153 252
47 146
39 138
135 234
190 289
158 257
181 280
73 172
8 107
193 292
149 248
24 123
148 247
168 267
60 159
32 131
107 206
70 169
145 244
119 218
58 157
15 114
120 219
81 180
96 195
176 275
149 248
132 231
61 160
22 121
141 240
28 127
92 191
26 125
115 214
66 165
87 186
89 188
55 154
108 207
37 136
8 107
168 267
145 244
35;156504
73 172
105 204
144 243
195 294
119 218
73 172
170 269
170 269
155 254
182 281
185 284
172 271
197 296
43 142
106 205
143 242
173 272
20 119
122 221
41 140
130 229
116 215
54 153
178 277
125 224
160 259
48 147
154 253
12 111
193 292
70 169
158 257
74 173
101 200
45 144
164 263
106 205
120 219
49 148
147 246
91 190
49 148
88 187
24 123
63 162
28 127
83 182
56 155
165 264
3 102
141 240
192 291
89 188
185 284
186 285
110 209
52 151
18 117
83 182
96 195
140 239
28 127
113 212
163 262
48 147
25 124
28 127
45 144
152 251
143 242
4 103
193 292
46 145
68 167
154 253
0 99
63 162
102 201
101 200
7 106
87 186
172 271
94 193
59 158
37 136
45 144
120 219
148 247
41 140
35 134
112 211
182 281
152 251
53 152
55 154
100 199
19 118
151 250
5 104
91 190
188 287
33 132
153 252
24 123
75 174
21 120
190 289
78 177
86 185
42 141
146 245
43 142
41 140
149 248
132 231
166 265
7 106
88 187
136 235
76 175
158 257
126 225
76 175
121 220
50 149
149 248
118 217
41 140
17 116
194 293
50 149
77 176
196 295
43 142
38 137
105 204
111 210
104 203
165 264
130 229
150 249
178 277
80 179
119 218
65 164
180 279
8 107
86 185
10 109
80 179
152 251
56 155
185 284
63 162
87 186
66 165
81 180
66 165
78 177
19 118
116 215
103 202
55 154
63 162
139 238
106 205
49 148
190 289
97 196
153 252
194 293
194 293
159 258
134 233
151 250
10 109
150 249
94 193
46 145
8 107
103 202
14 113
74 173
11 110
63 162
31 130
139 238
2 101
103 202
4 103
178 277
78 177
118 217
178 277
80 179
171 270
121 220
184 283
70 169
80 179
158 257
16 115
129 228
43 142
4 103
146 245
160 259
149 248
6 105
96 195
103 202
53 152
18 117
120 219
178 277
97 196
96 195
58 157
60 159
109 208
97 196
101 200
43 142
162 261
109 208
173 272
15 114
8 107
102 201
78 177
153 252
152 251
178 277
111 210
188 287
122 221
5 104
65 164
166 265
42 141
63 162
174 273
194 293
37 136
148 247
28 127
121 220
143 242
151 250
45 144
33 132
133 232
179 278
134 233
131 230
100 199
169 268
112 211
195 294
18 117
162 261
120 219
54 153
94 193
137 236
108 207
114 213
160 259
13 112
103 202
35 134
38 137
64 163
156 255
128 227
104 203
181 280
100 199
111 210
52 151
128 227
156 255
15 114
29 128
32 131
94 193
9 108
134 233
114 213
66 165
136 235
125 224
63 162
67 166
118 217
9 108
102 201
96 195
185 284
196 295
170 269
162 261
164 263
23 122
83 182
190 289
54 153
162 261
149 248
184 283
193 292
143 242
63 162
125 224
150 249
170 269
164 263
10 109
75 174
66 165
88 187
87 186
34 133
19 118
58 157
177 276
32 131
153 252
143 242
140 239
35 134
91 190
191 290
30 129
176 275
116 215
67 166
191 290
171 270
111 210
137 236
162 261
168 267
190 289
89 188
50 149
110 209
158 257
34 133
27 126
94 193
49 148
97 196
191 290
84 183
187 286
109 208
44 143
154 253
94 193
67 166
179 278
57 156
150 249
121 220
61 160
63 162
25 124
3 102
47 146
17 116
81 180
104 203
144 243
10 109
3 102
112 211
105 204
93 192
183 282
102 201
102 201
98 197
25 124
180 279
189 288
88 187
10 109
22 121
32 131
50 149
91 190
3 102
18 117
155 254
156 255
192 291
122 221
8 107
156 255
25 124
122 221
173 272
167 266
37 136
150 249
0 99
14 113
18 117
191 290
185 284
194 293
91 190
123 222
50 149
132 231
72 171
98 197
190 289
180 279
100 199
37 136
28 127
168 267
191 290
112 211
124 223
111 210
19 118
185 284
187 286
67 166
130 229
37 136
166 265
47 146
187 286
160 259
29 128
56 155
115 214
99 198
24 123
157 256
105 204
164 263
189 288
124 223
42 141
158 257
78 177
139 238
54 153
174 273
148 247
169 268
107 206
21 120
70 169
18 117
188 287
89 188
87 186
29 128
55 154
49 148
27 126
192 291
101 200
91 190
7 106
99 198
98 197
154 253
172 271
153 252
18 117
194 293
134 233
147 246
159 258
70 169
195 294
175 274
27 126
49 148
8 107
104 203
105 204
107 206
169 268
177 276
173 272
93 192
197 296
61 160
23 122
102 201
94 193
180 279
59 158
61 160
14 113
151 250
2 101
166 265
139 238
110 209
70 169
182 281
59 158
107 206
43 142
126 225
165 264
170 269
138 237
81 180
150 249
41 140
135 234
53 152
82 181
161 260
49 148
189 288
141 240
119 218
41 140
97 196
119 218
96 195
147 246
74 173
169 268
181 280
173 272
32 131
13 112
139 238
51 150
165 264
101 200
142 241
19 118
187 286
76 175
110 209
146 245
149 248
150 249
44 143
35 134
121 220
31 130
179 278
27 126
107 206
63 162
131 230
82 181
37 136
62 161
168 267
193 292
46 145
151 250
176 275
106 205
101 200
140 239
92 191
197 296
94 193
148 247
136 235
150 249
94 193
11 110
115 214
108 207
120 219
22 121
182 281
49 148
21 120
118 217
190 289
105 204
181 280
31 130
63 162
31 130
158 257
176 275
187 286
52 151
156 255
27 126
134 233
49 148
184 283
167 266
131 230
67 166
68 167
162 261
35 134
120 219
63 162
41 140
11 110
98 197
25 124
162 261
159 258
96 195
110 209
194 293
46 145
103 202
9 108
83 182
110 209
47 146
31 130
42 141
153 252
122 221
16 115
80 179
82 181
160 259
41 140
156 255
187 286
72 171
81 180
82 181
77 176
122 221
146 245
55 154
166 265
103 202
71 170
19 118
18 117
75 174
55 154
141 240
161 260
185 284
68 167
139 238
19 118
95 194
89 188
16 115
180 279
12 111
3 102
78 177
44 143
172 271
68 167
148 247
18 117
97 196
48 147
71 170
187 286
58 157
191 290
6 105
164 263
20 119
78 177
102 201
106 205
132 231
136 235
137 236
151 250
109 208
107 206
74 173
7 106
27 126
190 289
195 294
52 151
104 203
103 202
92 191
112 211
173 272
119 218
169 268
164 263
88 187
129 228
155 254
30 129
91 190
67 166
24 123
41 140
95 194
81 180
71 170
112 211
126 225
73 172
39 138
58 157
159 258
97 196
138 237
54 153
177 276
190 289
77 176
94 193
107 206
168 267
138 237
158 257
46 145
93 192
39 138
131 230
42 141
37 136
3 102
108 207
99 198
132 231
97 196
196 295
144 243
179 278
177 276
157 256
22 121
183 282
142 241
13 112
161 260
113 212
49 148
41 140
75 174
117 216
79 178
63 162
100 199
184 283
91 190
56 155
72 171
140 239
96 195
5 104
153 252
180 279
160 259
142 241
35 134
122 221
147 246
71 170
26 125
42 141
89 188
197 296
62 161
104 203
43 142
90 189
26 125
101 200
43 142
86 185
13 112
117 216
28 127
69 168
57 156
50 149
99 198
7 106
58 157
53 152
119 218
114 213
15 114
94 193
8 107
71 170
197 296
5 104
63 162
149 248
69 168
189 288
37 136
65 164
170 269
157 256
37 136
163 262
43 142
162 261
31 130
197 296
188 287
62 161
187 286
179 278
9 108
179 278
174 273
86 185
109 208
154 253
1 100
67 166
31 130
74 173
39 138
58 157
1 100
17 116
2 101
102 201
80 179
159 258
2 101
1 100
72 171
166 265
96 195
106 205
88 187
184 283
191 290
105 204
80 179
150 249
196 295
40 139
78 177
81 180
129 228
156 255
18 117
37 136
114 213
64 163
98 197
48 147
67 166
91 190
177 276
39 138
177 276
30 129
102 201
150 249
11 110
159 258
13 112
159 258
181 280
70 169
87 186
189 288
131 230
173 272
159 258
47 146
97 196
75 174
166 265
142 241
45 144
18 117
35 134
12 111
141 240
21 120
34 133
157 256
36 135
49 148
165 264
138 237
36 135
25 124
172 271
104 203
98 197
177 276
41 140
13 112
56 155
137 236
97 196
149 248
180 279
98 197
112 211
50 149
108 207
46 145
52 151
96 195
178 277
74 173
120 219
153 252
194 293
155 254
112 211
45 144
149 248
146 245
58 157
15 114
26 125
53 152
179 278
158 257
99 198
87 186
99 198
81 180
179 278
47 146
27 126
21 120
181 280
151 250
186 285
30 129
104 203
161 260
77 176
78 177
25 124
158 257
90 189
81 180
118 217
131 230
142 241
83 182
80 179
158 257
30 129
73 172
87 186
19 118
100 199
196 295
77 176
36 135
49 148
95 194
111 210
79 178
20 119
140 239
10 109
38 137
79 178
115 214
77 176
2 101
6 105
130 229
141 240
130 229
48 147
66 165
136 235
97 196
142 241
173 272
109 208
113 212
98 197
37 136
122 221
172 271
115 214
60 159
28 127
154 253
19 118
30 129
118 217
90 189
29 128
78 177
80 179
104 203
103 202
91 190
138 237
14 113
191 290
4 103
39 138
91 190
139 238
188 287
166 265
188 287
99 198
159 258
61 160
5 104
90 189
5 104
99 198
37 136
172 271
160 259
188 287
54 153
184 283
82 181
18 117
170 269
67 166
66 165
26 125
43 142
111 210
89 188
10 109
85 184
95 194
84 183
191 290
51 150
147 246
6 105
132 231
186 285
131 230
133 232
57 156
139 238
137 236
173 272
127 226
114 213
176 275
159 258
122 221
72 171
135 234
186 285
59 158
177 276
11 110
105 204
78 177
124 223
29 128
6 105
52 151
71 170
115 214
164 263
75 174
122 221
60 159
42 141
194 293
11 110
140 239
91 190
173 272
143 242
109 208
90 189
35 134
174 273
150 249
196 295
78 177
125 224
168 267
148 247
64 163
164 263
155 254
130 229
132 231
193 292
163 262
66 165
138 237
112 211
93 192
143 242
32 131
73 172
77 176
130 229
126 225
136 235
116 215
44 143
174 273
51 150
39 138
107 206
83 182
59 158
193 292
127 226
108 207
118 217
170 269
76 175
183 282
186 285
105 204
13 112
23 122
8 107
97 196
111 210
175 274
77 176
118 217
189 288
10 109
78 177
184 283
18 117
21 120
186 285
34 133
42 141
106 205
34 133
25 124
190 289
123 222
37 136
149 248
131 230
60 159
42 141
47 146
11 110
87 186
176 275
97 196
18 117
36 135
159 258
38 137
131 230
144 243
37 136
126 225
195 294
62 161
154 253
108 207
41 140
62 161
16 115
50 149
19 118
166 265
46 145
64 163
84 183
170 269
97 196
10 109
138 237
62 161
130 229
102 201
9 108
153 252
101 200
85 184
163 262
53 152
93 192
122 221
98 197
99 198
76 175
59 158
160 259
108 207
86 185
154 253
179 278
28 127
152 251
45 144
75 174
171 270
190 289
173 272
17 116
28 127
99 198
101 200
45 144
30 129
148 247
32 131
43 142
31 130
74 173
109 208
172 271
82 181
117 216
42 141
71 170
76 175
117 216
61 160
171 270
53 152
165 264
72 171
18 117
45 144
5 104
189 288
171 270
45 144
67 166
81 180
32 131
79 178
128 227
107 206
162 261
3 102
189 288
18 117
64 163
53 152
61 160
130 229
179 278
123 222
39 138
139 238
59 158
100 199
37 136
173 272
116 215
26 125
144 243
83 182
181 280
70 169
128 227
172 271
54 153
130 229
145 244
46 145
151 250
66 165
92 191
17 116
39 138
14 113
137 236
21 120
81 180
152 251
71 170
16 115
90 189
137 236
22 121
187 286
118 217
109 208
149 248
98 197
44 143
194 293
75 174
68 167
115 214
131 230
163 262
52 151
39 138
52 151
151 250
71 170
189 288
171 270
144 243
55 154
38 137
2 101
169 268
105 204
24 123
125 224
37 136
138 237
4 103
172 271
163 262
166 265
19 118
38 137
176 275
0 99
188 287
154 253
30 129
160 259
182 281
132 231
141 240
92 191
12 111
3 102
80 179
57 156
34 133
197 296
192 291
136 235
143 242
122 221
29 128
87 186
56 155
157 256
177 276
57 156
67 166
106 205
118 217
92 191
98 197
15 114
79 178
178 277
147 246
28 127
139 238
184 283
156 255
170 269
74 173
134 233
13 112
87 186
29 128
184 283
73 172
156 255
194 293
22 121
4 103
17 116
21 120
51 150
124 223
18 117
74 173
110 209
80 179
75 174
28 127
47 146
37 136
46 145
58 157
18 117
34 133
105 204
69 168
87 186
47 146
113 212
25 124
111 210
151 250
161 260
52 151
141 240
97 196
42 141
167 266
195 294
135 234
185 284
151 250
151 250
15 114
153 252
89 188
109 208
14 113
45 144
164 263
98 197
147 246
98 197
3 102
193 292
130 229
36 135
178 277
12 111
185 284
25 124
176 275
87 186
4 103
140 239
143 242
194 293
117 216
157 256
6 105
43 142
47 146
133 232
43 142
29 128
181 280
131 230
49 148
38 137
4 103
66 165
196 295
148 247
146 245
31 130
91 190
151 250
30 129
133 232
150 249
91 190
25 124
100 199
103 202
149 248
72 171
123 222
10 109
93 192
194 293
134 233
19 118
59 158
34 133
11 110
153 252
167 266
26 125
79 178
188 287
53 152
117 216
27 126
156 255
169 268
31 130
9 108
153 252
137 236
177 276
158 257
53 152
61 160
67 166
46 145
113 212
181 280
193 292
149 248
19 118
19 118
125 224
105 204
190 289
68 167
162 261
48 147
172 271
104 203
181 280
65 164
67 166
183 282
167 266
119 218
68 167
1 100
30 129
13 112
87 186
64 163
109 208
77 176
98 197
44 143
50 149
149 248
161 260
197 296
184 283
41 140
27 126
82 181
73 172
187 286
190 289
153 252
13 112
179 278
14 113
20 119
156 255
126 225
70 169
109 208
38 137
60 159
7 106
182 281
91 190
155 254
118 217
107 206
132 231
116 215
1 100
26 125
162 261
155 254
37 136
149 248
18 117
39 138
130 229
176 275
82 181
160 259
83 182
167 266
114 213
41 140
95 194
162 261
124 223
162 261
5 104
156 255
134 233
95 194
185 284
82 181
95 194
197 296
10 109
146 245
149 248
194 293
96 195
76 175
128 227
165 264
129 228
29 128
120 219
53 152
46 145
105 204
41 140
92 191
68 167
192 291
71 170
146 245
27 126
107 206
120 219
175 274
89 188
19 118
163 262
58 157
10 109
30 129
14 113
106 205
63 162
124 223
49 148
109 208
43 142
118 217
38 137
19 118
151 250
37 136
189 288
81 180
130 229
47 146
196 295
42 141
191 290
129 228
173 272
96 195
83 182
190 289
129 228
6 105
165 264
188 287
10 109
130 229
135 234
4 103
26 125
35 134
135 234
175 274
31 130
5 104
40 139
89 188
147 246
94 193
73 172
88 187
131 230
113 212
176 275
37 136
132 231
197 296
41 140
51 150
56 155
149 248
65 164
16 115
155 254
21 120
48 147
85 184
31 130
36 135
69 168
193 292
0 99
103 202
134 233
154 253
189 288
185 284
179 278
146 245
158 257
79 178
158 257
183 282
85 184
66 165
16 115
1 100
117 216
55 154
25 124
103 202
163 262
85 184
173 272
185 284
31 130
21 120
27 126
28 127
95 194
7 106
156 255
131 230
180 279
44 143
139 238
176 275
174 273
164 263
65 164
44 143
106 205
150 249
19 118
125 224
51 150
45 144
50 149
101 200
148 247
88 187
142 241
126 225
138 237
65 164
169 268
191 290
116 215
185 284
51 150
164 263
38 137
189 288
3 102
64 163
69 168
151 250
90 189
173 272
5 104
41 140
149 248
43 142
183 282
92 191
83 182
54 153
3 102
5 104
6 105
144 243
16 115
30 129
3 102
154 253
197 296
51 150
169 268
1 100
164 263
10 109
50 149
143 242
146 245
195 294
126 225
147 246
172 271
77 176
166 265
38 137
149 248
151 250
169 268
2 101
121 220
26 125
126 225
15 114
160 259
85 184
181 280
8 107
110 209
126 225
51 150
119 218
143 242
158 257
163 262
77 176
65 164
38 137
167 266
176 275
171 270
64 163
164 263
47 146
99 198
22 121
134 233
110 209
46 145
109 208
56 155
121 220
180 279
8 107
114 213
106 205
122 221
90 189
157 256
3 102
104 203
96 195
179 278
166 265
194 293
194 293
98 197
142 241
184 283
13 112
167 266
160 259
100 199
100 199
58 157
133 232
163 262
28 127
133 232
46 145
20 119
50 149
119 218
127 226
124 223
184 283
138 237
136 235
80 179
74 173
184 283
51 150
109 208
113 212
130 229
157 256
48 147
154 253
167 266
147 246
129 228
54 153
31 130
16 115
11 110
93 192
57 156
83 182
102 201
54 153
147 246
35 134
86 185
86 185
22 121
166 265
36 135
80 179
132 231
31 130
63 162
152 251
31 130
156 255
6 105
88 187
141 240
194 293
183 282
176 275
133 232
193 292
173 272
77 176
23 122
140 239
179 278
122 221
101 200
180 279
126 225
53 152
9 108
42 141
60 159
19 118
158 257
176 275
37 136
97 196
186 285
113 212
133 232
149 248
137 236
60 159
191 290
97 196
157 256
169 268
180 279
140 239
34 133
6 105
57 156
54 153
119 218
120 219
139 238
188 287
188 287
14 113
125 224
162 261
118 217
109 208
117 216
9 108
166 265
189 288
158 257
60 159
66 165
1 100
71 170
64 163
42 141
42 141
15 114
124 223
180 279
159 258
91 190
103 202
8 107
128 227
122 221
190 289
106 205
115 214
139 238
174 273
112 211
137 236
75 174
26 125
102 201
100 199
169 268
59 158
145 244
159 258
36 135
22 121
151 250
6 105
193 292
29 128
56 155
90 189
37 136
151 250
88 187
174 273
50 149
190 289
100 199
161 260
0 99
60 159
124 223
141 240
60 159
188 287
84 183
22 121
132 231
100 199
178 277
34 133
195 294
120 219
59 158
20 119
75 174
158 257
161 260
133 232
158 257
4 103
130 229
68 167
28 127
168 267
106 205
69 168
86 185
38 137
85 184
40 139
92 191
193 292
30 129
109 208
169 268
3 102
146 245
50 149
179 278
54 153
8 107
89 188
56 155
7 106
92 191
81 180
14 113
26 125
114 213
101 200
13 112
142 241
31 130
25 124
94 193
28 127
124 223
22 121
93 192
67 166
123 222
178 277
183 282
80 179
138 237
111 210
184 283
192 291
101 200
117 216
44 143
118 217
119 218
150 249
0 99
113 212
1 100
176 275
96 195
24 123
74 173
139 238
128 227
63 162
193 292
105 204
161 260
48 147
96 195
178 277
133 232
55 154
157 256
116 215
179 278
111 210
69 168
62 161
32 131
59 158
155 254
183 282
9 108
35 134
36 135
96 195
130 229
123 222
110 209
26 125
150 249
30 129
171 270
153 252
85 184
47 146
87 186
115 214
82 181
123 222
97 196
83 182
138 237
160 259
48 147
64 163
46 145
189 288
74 173
128 227
31 130
23 122
189 288
134 233
141 240
142 241
128 227
35 134
60 159
143 242
189 288
5 104
180 279
49 148
4 103
61 160
174 273
140 239
59 158
111 210
166 265
153 252
65 164
158 257
26 125
37 136
13 112
93 192
108 207
9 108
140 239
0 99
109 208
145 244
57 156
81 180
192 291
68 167
194 293
78 177
50 149
91 190
79 178
135 234
106 205
84 183
75 174
126 225
35 134
184 283
111 210
77 176
163 262
106 205
159 258
186 285
92 191
44 143
156 255
172 271
10 109
63 162
108 207
62 161
17 116
195 294
170 269
1 100
17 116
152 251
179 278
170 269
162 261
75 174
127 226
33 132
112 211
180 279
10 109
180 279
101 200
151 250
85 184
141 240
114 213
0 99
56 155
160 259
178 277
97 196
93 192
33 132
17 116
29 128
138 237
49 148
73 172
154 253
181 280
83 182
136 235
13 112
8 107
71 170
175 274
71 170
168 267
99 198
160 259
140 239
75 174
170 269
64 163
172 271
9 108
36 135
67 166
116 215
33 132
51 150
98 197
72 171
53 152
72 171
175 274
185 284
150 249
63 162
56 155
66 165
165 264
131 230
186 285
14 113
84 183
120 219
107 206
40 139
64 163
34 133
155 254
82 181
45 144
28 127
181 280
154 253
32 131
111 210
50 149
34 133
55 154
182 281
62 161
130 229
125 224
162 261
114 213
150 249
46 145
118 217
104 203
109 208
150 249
4 103
67 166
35 134
108 207
70 169
111 210
165 264
23 122
46 145
121 220
105 204
92 191
14 113
85 184
160 259
140 239
76 175
174 273
0 99
184 283
70 169
127 226
66 165
36 135
195 294
1 100
83 182
87 186
55 154
153 252
147 246
151 250
83 182
102 201
58 157
129 228
40 139
111 210
152 251
3 102
85 184
159 258
89 188
63 162
102 201
8 107
57 156
10 109
172 271
193 292
42 141
172 271
94 193
95 194
150 249
50 149
126 225
178 277
4 103
15 114
62 161
72 171
86 185
94 193
54 153
57 156
83 182
133 232
77 176
116 215
64 163
59 158
167 266
167 266
131 230
47 146
120 219
17 116
120 219
28 127
30 129
137 236
6 105
44 143
120 219
35 134
182 281
152 251
129 228
41 140
110 209
30 129
154 253
94 193
188 287
51 150
69 168
59 158
166 265
18 117
48 147
179 278
95 194
135 234
103 202
140 239
133 232
21 120
58 157
172 271
167 266
93 192
2 101
30 129
28 127
68 167
140 239
34 133
92 191
27 126
0 99
148 247
23 122
39 138
52 151
1 100
20 119
130 229
72 171
185 284
21 120
47 146
37 136
48 147
113 212
80 179
141 240
48 147
101 200
63 162
159 258
12 111
46 145
135 234
108 207
165 264
8 107
20 119
188 287
117 216
192 291
179 278
29 128
17 116
170 269
64 163
57 156
188 287
12 111
100 199
172 271
149 248
1 100
35 134
9 108
195 294
185 284
194 293
43 142
27 126
56 155
33 132
21 120
91 190
108 207
120 219
80 179
15 114
162 261
69 168
102 201
197 296
113 212
58 157
146 245
184 283
105 204
26 125
133 232
109 208
105 204
33 132
91 190
83 182
166 265
176 275
98 197
103 202
142 241
127 226
15 114
177 276
41 140
64 163
127 226
134 233
7 106
183 282
52 151
192 291
50 149
189 288
62 161
126 225
110 209
11 110
161 260
123 222
12 111
115 214
36 135
109 208
61 160
160 259
57 156
170 269
124 223
105 204
82 181
23 122
122 221
141 240
188 287
170 269
63 162
19 118
31 130
71 170
79 178
132 231
149 248
88 187
127 226
14 113
72 171
182 281
191 290
164 263
172 271
150 249
11 110
37 136
151 250
70 169
37 136
82 181
157 256
3 102
197 296
68 167
7 106
191 290
11 110
162 261
120 219
176 275
75 174
21 120
170 269
151 250
33 132
164 263
156 255
146 245
139 238
44 143
112 211
51 150
9 108
196 295
108 207
143 242
4 103
106 205
151 250
31 130
85 184
16 115
164 263
42 141
134 233
164 263
35 134
99 198
181 280
195 294
13 112
118 217
52 151
145 244
80 179
169 268
101 200
108 207
82 181
138 237
32 131
156 255
163 262
139 238
173 272
18 117
137 236
130 229
169 268
131 230
93 192
61 160
0 99
92 191
68 167
59 158
68 167
82 181
149 248
142 241
96 195
173 272
25 124
183 282
46 145
19 118
1 100
27 126
7 106
109 208
24 123
22 121
39 138
96 195
60 159
145 244
185 284
117 216
21 120
23 122
2 101
11 110
187 286
108 207
124 223
85 184
142 241
121 220
132 231
46 145
149 248
164 263
69 168
73 172
32 131
73 172
148 247
13 112
11 110
151 250
138 237
160 259
43 142
186 285
91 190
164 263
9 108
31 130
79 178
173 272
109 208
88 187
30 129
14 113
62 161
103 202
38 137
163 262
169 268
51 150
184 283
118 217
11 110
147 246
81 180
182 281
19 118
155 254
180 279
21 120
124 223
60 159
82 181
139 238
189 288
78 177
131 230
135 234
188 287
61 160
167 266
180 279
150 249
113 212
7 106
187 286
174 273
6 105
147 246
50 149
175 274
186 285
180 279
133 232
161 260
103 202
26 125
23 122
88 187
88 187
118 217
101 200
9 108
160 259
104 203
30 129
161 260
91 190
10 109
157 256
83 182
187 286
40 139
33 132
22 121
22 121
69 168
62 161
10 109
142 241
181 280
101 200
73 172
27 126
195 294
4 103
9 108
180 279
136 235
111 210
17 116
174 273
80 179
1 100
101 200
39 138
20 119
13 112
112 211
22 121
195 294
81 180
137 236
20 119
177 276
169 268
142 241
63 162
78 177
88 187
80 179
116 215
155 254
28 127
100 199
190 289
21 120
120 219
36 135
188 287
7 106
192 291
183 282
158 257
85 184
134 233
27 126
100 199
78 177
72 171
44 143
189 288
42 141
14 113
171 270
175 274
56 155
50 149
0 99
87 186
188 287
32 131
147 246
120 219
0 99
153 252
59 158
46 145
72 171
117 216
143 242
84 183
146 245
171 270
115 214
125 224
70 169
38 137
34 133
36 135
100 199
150 249
46 145
196 295
159 258
110 209
195 294
29 128
20 119
110 209
85 184
49 148
4 103
47 146
19 118
57 156
128 227
37 136
27 126
30 129
140 239
33 132
63 162
86 185
118 217
104 203
1 100
106 205
15 114
17 116
155 254
176 275
99 198
179 278
58 157
8 107
186 285
20 119
140 239
31 130
59 158
67 166
5 104
23 122
62 161
101 200
162 261
133 232
63 162
176 275
169 268
98 197
171 270
115 214
108 207
162 261
23 122
130 229
180 279
147 246
76 175
56 155
25 124
178 277
64 163
53 152
192 291
28 127
100 199
81 180
11 110
115 214
0 99
191 290
19 118
162 261
103 202
59 158
151 250
101 200
82 181
68 167
8 107
96 195
113 212
156 255
96 195
70 169
150 249
148 247
126 225
26 125
87 186
181 280
144 243
164 263
166 265
24 123
81 180
0 99
191 290
109 208
92 191
137 236
56 155
188 287
156 255
115 214
41 140
57 156
79 178
135 234
169 268
132 231
129 228
147 246
39 138
105 204
147 246
46 145
193 292
91 190
88 187
24 123
145 244
190 289
140 239
55 154
52 151
96 195
26 125
193 292
49 148
81 180
145 244
66 165
156 255
196 295
1 100
149 248
15 114
88 187
185 284
165 264
101 200
124 223
182 281
114 213
197 296
27 126
122 221
71 170
10 109
21 120
155 254
146 245
101 200
112 211
3 102
57 156
141 240
53 152
121 220
76 175
175 274
25 124
34 133
62 161
6 105
88 187
47 146
18 117
184 283
25 124
64 163
50 149
51 150
33 132
141 240
110 209
190 289
46 145
39 138
102 201
17 116
17 116
183 282
140 239
84 183
98 197
47 146
147 246
132 231
121 220
117 216
45 144
48 147
84 183
81 180
79 178
50 149
106 205
80 179
151 250
153 252
162 261
48 147
134 233
138 237
14 113
42 141
94 193
135 234
29 128
67 166
136 235
105 204
183 282
45 144
174 273
129 228
121 220
60 159
70 169
52 151
19 118
126 225
96 195
42 141
45 144
197 296
14 113
98 197
9 108
52 151
77 176
98 197
51 150
186 285
182 281
66 165
110 209
44 143
12 111
24 123
108 207
105 204
13 112
56 155
84 183
19 118
54 153
5 104
93 192
58 157
154 253
111 210
187 286
56 155
71 170
81 180
116 215
32 131
113 212
94 193
130 229
16 115
20 119
142 241
39 138
144 243
172 271
189 288
88 187
131 230
18 117
161 260
174 273
168 267
81 180
79 178
34 133
30 129
59 158
79 178
166 265
38 137
37 136
44 143
77 176
159 258
23 122
131 230
132 231
9 108
79 178
33 132
173 272
84 183
145 244
13 112
28 127
127 226
133 232
9 108
22 121
11 110
74 173
67 166
133 232
53 152
189 288
86 185
72 171
98 197
112 211
131 230
18 117
13 112
33 132
83 182
54 153
163 262
48 147
23 122
85 184
121 220
41 140
195 294
61 160
42 141
23 122
147 246
14 113
104 203
157 256
34 133
94 193
158 257
183 282
0 99
88 187
78 177
63 162
146 245
160 259
13 112
160 259
163 262
4 103
59 158
70 169
47 146
84 183
10 109
165 264
171 270
196 295
73 172
61 160
150 249
125 224
62 161
74 173
122 221
150 249
150 249
150 249
45 144
83 182
123 222
98 197
78 177
55 154
18 117
103 202
7 106
186 285
18 117
39 138
19 118
35 134
16 115
191 290
124 223
183 282
181 280
188 287
60 159
151 250
33 132
62 161
67 166
176 275
123 222
152 251
105 204
69 168
88 187
0 99
62 161
163 262
74 173
137 236
78 177
137 236
61 160
119 218
84 183
83 182
177 276
102 201
177 276
60 159
17 116
136 235
79 178
38 137
19 118
101 200
175 274
190 289
191 290
50 149
188 287
64 163
35 134
65 164
115 214
41 140
62 161
173 272
102 201
35 134
12 111
93 192
71 170
96 195
13 112
107 206
147 246
180 279
24 123
3 102
20 119
18 117
73 172
112 211
178 277
61 160
163 262
97 196
185 284
65 164
189 288
28 127
158 257
169 268
188 287
27 126
98 197
111 210
171 270
148 247
178 277
176 275
109 208
124 223
176 275
139 238
158 257
8 107
147 246
165 264
153 252
39 138
46 145
139 238
166 265
178 277
152 251
134 233
69 168
127 226
44 143
16 115
6 105
183 282
150 249
60 159
50 149
129 228
19 118
60 159
146 245
5 104
41 140
49 148
172 271
174 273
5 104
194 293
97 196
7 106
173 272
99 198
22 121
59 158
12 111
39 138
109 208
165 264
24 123
28 127
44 143
16 115
4 103
98 197
101 200
149 248
157 256
120 219
188 287
79 178
49 148
156 255
106 205
185 284
144 243
23 122
70 169
149 248
108 207
193 292
102 201
137 236
129 228
113 212
67 166
193 292
81 180
177 276
47 146
66 165
84 183
103 202
85 184
113 212
129 228
155 254
57 156
186 285
75 174
133 232
112 211
93 192
105 204
183 282
17 116
113 212
149 248
110 209
39 138
160 259
186 285
175 274
131 230
110 209
15 114
81 180
76 175
91 190
37 136
25 124
58 157
197 296
63 162
8 107
51 150
17 116
156 255
74 173
46 145
50 149
6 105
21 120
42 141
176 275
129 228
186 285
143 242
11 110
136 235
41 140
49 148
55 154
34 133
46 145
150 249
11 110
145 244
8 107
100 199
143 242
190 289
108 207
53 152
81 180
147 246
16 115
3 102
76 175
171 270
96 195
173 272
159 258
76 175
17 116
115 214
83 182
7 106
155 254
108 207
69 168
55 154
13 112
40 139
144 243
68 167
136 235
29 128
95 194
47 146
70 169
187 286
16 115
71 170
149 248
62 161
50 149
175 274
19 118
44 143
20 119
61 160
14 113
61 160
115 214
59 158
130 229
34 133
109 208
8 107
101 200
134 233
139 238
152 251
169 268
26 125
16 115
174 273
54 153
152 251
65 164
41 140
151 250
97 196
149 248
113 212
94 193
160 259
85 184
105 204
26 125
84 183
114 213
20 119
102 201
38 137
153 252
186 285
42 141
88 187
171 270
115 214
187 286
165 264
175 274
189 288
26 125
121 220
24 123
170 269
48 147
156 255
1 100
135 234
15 114
99 198
114 213
40 139
132 231
29 128
151 250
41 140
132 231
6 105
77 176
157 256
0 99
152 251
111 210
165 264
115 214
56 155
85 184
10 109
59 158
120 219
16 115
178 277
192 291
68 167
26 125
41 140
192 291
12 111
133 232
87 186
104 203
79 178
5 104
26 125
63 162
83 182
5 104
19 118
35 134
142 241
189 288
12 111
79 178
18 117
150 249
103 202
97 196
62 161
188 287
18 117
70 169
140 239
38 137
47 146
186 285
42 141
190 289
70 169
181 280
36 135
102 201
76 175
13 112
67 166
140 239
103 202
99 198
117 216
61 160
41 140
2 101
148 247
127 226
84 183
123 222
85 184
126 225
108 207
17 116
134 233
114 213
12 111
21 120
69 168
7 106
29 128
181 280
151 250
187 286
65 164
145 244
37 136
89 188
182 281
157 256
7 106
186 285
165 264
118 217
41 140
47 146
150 249
196 295
113 212
155 254
117 216
175 274
105 204
66 165
62 161
12 111
6 105
119 218
132 231
127 226
126 225
76 175
169 268
17 116
187 286
154 253
67 166
194 293
19 118
59 158
181 280
19 118
177 276
79 178
13 112
171 270
151 250
25 124
163 262
123 222
79 178
78 177
9 108
89 188
192 291
169 268
158 257
66 165
52 151
94 193
90 189
175 274
87 186
10 109
5 104
13 112
29 128
171 270
38 137
152 251
151 250
95 194
123 222
171 270
62 161
16 115
195 294
181 280
29 128
92 191
7 106
35 134
55 154
88 187
138 237
24 123
77 176
102 201
174 273
95 194
143 242
193 292
108 207
65 164
140 239
72 171
91 190
95 194
114 213
0 99
73 172
131 230
175 274
31 130
22 121
14 113
96 195
11 110
61 160
1 100
131 230
85 184
165 264
1 100
169 268
119 218
113 212
107 206
121 220
143 242
19 118
113 212
38 137
90 189
140 239
174 273
178 277
71 170
121 220
179 278
67 166
90 189
49 148
129 228
68 167
62 161
70 169
195 294
175 274
79 178
4 103
69 168
196 295
62 161
138 237
40 139
124 223
65 164
67 166
54 153
180 279
177 276
125 224
98 197
120 219
16 115
172 271
57 156
47 146
94 193
196 295
58 157
6 105
59 158
99 198
9 108
131 230
49 148
33 132
103 202
138 237
43 142
178 277
128 227
100 199
43 142
5 104
148 247
172 271
68 167
171 270
55 154
162 261
77 176
187 286
120 219
3 102
120 219
157 256
45 144
177 276
25 124
28 127
30 129
69 168
115 214
160 259
164 263
76 175
189 288
87 186
26 125
44 143
116 215
11 110
182 281
133 232
62 161
15 114
170 269
111 210
78 177
155 254
38 137
187 286
90 189
8 107
73 172
144 243
184 283
157 256
175 274
49 148
45 144
95 194
142 241
38 137
138 237
135 234
136 235
157 256
85 184
109 208
35 134
18 117
19 118
36 135
120 219
46 145
6 105
136 235
71 170
143 242
20 119
129 228
115 214
67 166
64 163
29 128
80 179
41 140
26 125
182 281
19 118
41 140
1 100
71 170
158 257
38 137
58 157
45 144
75 174
124 223
108 207
118 217
131 230
109 208
1 100
189 288
187 286
99 198
124 223
172 271
108 207
147 246
173 272
188 287
139 238
120 219
154 253
96 195
151 250
34 133
157 256
129 228
113 212
3 102
170 269
173 272
64 163
20 119
65 164
62 161
71 170
111 210
43 142
197 296
96 195
180 279
38 137
63 162
43 142
47 146
32 131
160 259
14 113
95 194
47 146
161 260
45 144
185 284
76 175
86 185
80 179
191 290
177 276
158 257
143 242
66 165
120 219
22 121
26 125
131 230
39 138
69 168
65 164
166 265
132 231
188 287
18 117
145 244
182 281
114 213
166 265
74 173
142 241
178 277
185 284
147 246
107 206
116 215
159 258
99 198
93 192
120 219
48 147
81 180
124 223
18 117
105 204
168 267
120 219
56 155
54 153
136 235
70 169
63 162
189 288
69 168
137 236
31 130
151 250
129 228
115 214
107 206
159 258
55 154
34 133
14 113
138 237
19 118
3 102
177 276
46 145
177 276
125 224
21 120
49 148
44 143
103 202
189 288
18 117
82 181
18 117
55 154
40 139
192 291
29 128
135 234
148 247
167 266
26 125
21 120
192 291
26 125
119 218
167 266
144 243
29 128
21 120
131 230
195 294
101 200
153 252
17 116
6 105
98 197
0 99
13 112
166 265
111 210
64 163
32 131
89 188
111 210
19 118
80 179
127 226
65 164
41 140
0 99
169 268
42 141
88 187
115 214
30 129
153 252
133 232
121 220
27 126
15 114
40 139
37 136
5 104
173 272
69 168
19 118
100 199
175 274
147 246
193 292
149 248
127 226
165 264
131 230
152 251
193 292
146 245
190 289
179 278
140 239
69 168
114 213
191 290
120 219
102 201
33 132
117 216
175 274
106 205
102 201
193 292
150 249
166 265
120 219
179 278
146 245
84 183
182 281
7 106
143 242
70 169
197 296
81 180
112 211
56 155
126 225
189 288
85 184
82 181
169 268
165 264
38 137
178 277
187 286
197 296
180 279
56 155
137 236
140 239
47 146
94 193
48 147
79 178
182 281
129 228
116 215
3 102
162 261
175 274
27 126
113 212
174 273
187 286
90 189
6 105
124 223
121 220
163 262
58 157
32 131
49 148
18 117
73 172
156 255
51 150
130 229
77 176
143 242
71 170
119 218
26 125
146 245
23 122
34 133
100 199
2 101
112 211
59 158
20 119
16 115
158 257
110 209
89 188
178 277
144 243
126 225
74 173
94 193
40 139
190 289
156 255
87 186
87 186
122 221
193 292
157 256
195 294
79 178
44 143
164 263
87 186
28 127
147 246
190 289
62 161
194 293
46 145
45 144
193 292
54 153
86 185
19 118
110 209
189 288
85 184
50 149
161 260
15 114
85 184
59 158
157 256
49 148
110 209
99 198
45 144
106 205
146 245
143 242
62 161
127 226
85 184
71 170
137 236
151 250
107 206
173 272
189 288
98 197
181 280
128 227
190 289
116 215
41 140
66 165
1 100
28 127
178 277
47 146
1 100
102 201
161 260
49 148
63 162
182 281
165 264
28 127
91 190
179 278
22 121
72 171
104 203
69 168
100 199
20 119
33 132
128 227
185 284
98 197
29 128
170 269
72 171
163 262
11 110
51 150
76 175
93 192
97 196
128 227
71 170
15 114
129 228
8 107
105 204
194 293
147 246
120 219
168 267
9 108
178 277
52 151
124 223
49 148
167 266
6 105
145 244
170 269
115 214
79 178
168 267
153 252
140 239
75 174
40 139
175 274
197 296
135 234
38 137
151 250
174 273
77 176
139 238
145 244
9 108
30 129
165 264
24 123
161 260
98 197
120 219
191 290
153 252
150 249
51 150
135 234
124 223
48 147
2 101
48 147
5 104
34 133
115 214
105 204
45 144
104 203
64 163
161 260
148 247
0 99
1 100
66 165
142 241
142 241
81 180
35 134
183 282
173 272
173 272
157 256
172 271
113 212
148 247
179 278
196 295
118 217
35 134
8 107
110 209
188 287
49 148
70 169
39 138
49 148
23 122
193 292
150 249
103 202
98 197
63 162
74 173
157 256
153 252
162 261
44 143
5 104
174 273
13 112
150 249
96 195
78 177
136 235
187 286
161 260
95 194
29 128
89 188
58 157
62 161
66 165
156 255
94 193
24 123
52 151
123 222
136 235
27 126
194 293
84 183
197 296
191 290
62 161
77 176
91 190
133 232
4 103
54 153
126 225
65 164
42 141
84 183
94 193
157 256
157 256
37 136
122 221
37 136
134 233
110 209
45 144
159 258
194 293
98 197
91 190
107 206
170 269
49 148
83 182
138 237
79 178
38 137
117 216
39 138
112 211
166 265
167 266
99 198
52 151
77 176
151 250
86 185
100 199
32 131
46 145
128 227
165 264
123 222
46 145
172 271
191 290
27 126
44 143
41 140
139 238
97 196
56 155
132 231
188 287
8 107
90 189
108 207
63 162
84 183
92 191
30 129
182 281
36 135
98 197
47 146
195 294
15 114
11 110
27 126
33 132
104 203
120 219
11 110
178 277
3 102
32 131
144 243
96 195
136 235
116 215
87 186
52 151
20 119
2 101
159 258
6 105
20 119
24 123
170 269
120 219
145 244
23 122
71 170
197 296
49 148
92 191
101 200
27 126
38 137
144 243
113 212
80 179
190 289
158 257
73 172
127 226
90 189
69 168
102 201
44 143
141 240
106 205
155 254
43 142
97 196
37 136
16 115
34 133
35 134
168 267
48 147
178 277
99 198
96 195
42 141
133 232
114 213
10 109
9 108
17 116
7 106
152 251
51 150
143 242
60 159
24 123
109 208
5 104
115 214
189 288
132 231
192 291
46 145
148 247
50 149
190 289
11 110
90 189
46 145
184 283
183 282
12 111
124 223
118 217
91 190
14 113
5 104
138 237
132 231
187 286
117 216
55 154
115 214
29 128
71 170
27 126
3 102
49 148
67 166
102 201
53 152
41 140
138 237
0 99
122 221
129 228
107 206
130 229
103 202
22 121
113 212
127 226
90 189
87 186
140 239
5 104
15 114
29 128
137 236
27 126
68 167
105 204
55 154
8 107
151 250
160 259
59 158
147 246
127 226
135 234
46 145
23 122
130 229
73 172
196 295
105 204
31 130
66 165
109 208
123 222
83 182
72 171
85 184
39 138
107 206
168 267
120 219
151 250
187 286
81 180
178 277
111 210
21 120
53 152
164 263
53 152
11 110
146 245
81 180
31 130
83 182
42 141
187 286
10 109
157 256
184 283
101 200
86 185
107 206
77 176
178 277
103 202
122 221
156 255
7 106
144 243
111 210
126 225
20 119
131 230
194 293
123 222
169 268
136 235
121 220
32 131
95 194
30 129
102 201
83 182
82 181
194 293
3 102
84 183
71 170
159 258
161 260
79 178
40 139
191 290
115 214
116 215
74 173
22 121
47 146
124 223
118 217
74 173
38 137
180 279
93 192
105 204
162 261
71 170
59 158
104 203
80 179
58 157
119 218
102 201
130 229
89 188
96 195
101 200
105 204
13 112
43 142
121 220
91 190
78 177
14 113
192 291
156 255
151 250
173 272
33 132
95 194
142 241
104 203
27 126
177 276
2 101
174 273
45 144
170 269
185 284
183 282
142 241
42 141
56 155
89 188
84 183
23 122
135 234
27 126
67 166
38 137
133 232
31 130
63 162
42 141
52 151
39 138
165 264
153 252
165 264
169 268
145 244
169 268
113 212
54 153
180 279
58 157
174 273
13 112
32 131
23 122
38 137
185 284
180 279
60 159
144 243
181 280
183 282
194 293
161 260
18 117
5 104
92 191
38 137
91 190
196 295
115 214
35 134
39 138
6 105
194 293
62 161
37 136
91 190
6 105
150 249
90 189
35 134
182 281
73 172
86 185
133 232
15 114
190 289
13 112
134 233
192 291
51 150
51 150
122 221
72 171
148 247
139 238
165 264
6 105
177 276
160 259
162 261
68 167
49 148
125 224
20 119
93 192
176 275
19 118
56 155
59 158
6 105
95 194
122 221
161 260
159 258
134 233
189 288
68 167
102 201
34 133
40 139
191 290
71 170
190 289
74 173
58 157
158 257
74 173
76 175
120 219
40 139
32 131
56 155
21 120
2 101
98 197
81 180
54 153
13 112
99 198
104 203
187 286
31 130
99 198
128 227
26 125
59 158
75 174
188 287
57 156
91 190
18 117
177 276
35 134
81 180
107 206
35 134
40 139
78 177
8 107
147 246
10 109
27 126
67 166
30 129
112 211
142 241
186 285
12 111
71 170
193 292
107 206
96 195
190 289
172 271
169 268
83 182
137 236
155 254
51 150
184 283
46 145
6 105
82 181
137 236
134 233
126 225
43 142
78 177
20 119
123 222
5 104
147 246
104 203
194 293
77 176
164 263
163 262
17 116
133 232
86 185
67 166
167 266
195 294
93 192
99 198
91 190
182 281
16 115
11 110
67 166
126 225
125 224
188 287
132 231
191 290
4 103
37 136
74 173
104 203
154 253
60 159
99 198
76 175
111 210
59 158
8 107
117 216
107 206
18 117
90 189
144 243
23 122
17 116
28 127
33 132
190 289
170 269
116 215
18 117
14 113
158 257
116 215
57 156
63 162
120 219
81 180
33 132
30 129
97 196
194 293
42 141
44 143
130 229
136 235
143 242
11 110
15 114
51 150
42 141
115 214
5 104
140 239
187 286
152 251
140 239
8 107
6 105
123 222
154 253
129 228
94 193
120 219
109 208
121 220
185 284
153 252
183 282
176 275
9 108
161 260
93 192
188 287
86 185
7 106
183 282
11 110
105 204
103 202
111 210
152 251
77 176
81 180
187 286
175 274
19 118
153 252
93 192
134 233
53 152
146 245
143 242
27 126
196 295
186 285
54 153
77 176
81 180
147 246
49 148
85 184
34 133
145 244
126 225
123 222
102 201
53 152
184 283
130 229
112 211
140 239
164 263
124 223
106 205
29 128
16 115
3 102
157 256
55 154
140 239
27 126
176 275
88 187
152 251
152 251
189 288
0 99
194 293
11 110
9 108
107 206
194 293
104 203
162 261
192 291
56 155
126 225
25 124
29 128
144 243
9 108
177 276
155 254
153 252
72 171
99 198
158 257
75 174
46 145
0 99
152 251
33 132
37 136
19 118
181 280
189 288
18 117
58 157
1 100
180 279
183 282
108 207
94 193
8 107
154 253
184 283
13 112
112 211
125 224
172 271
128 227
87 186
23 122
142 241
149 248
16 115
105 204
130 229
136 235
7 106
69 168
98 197
105 204
5 104
52 151
73 172
157 256
173 272
191 290
124 223
142 241
160 259
173 272
32 131
179 278
165 264
144 243
21 120
171 270
69 168
118 217
15 114
173 272
32 131
157 256
86 185
62 161
178 277
22 121
194 293
190 289
159 258
28 127
76 175
111 210
95 194
194 293
96 195
103 202
6 105
68 167
108 207
8 107
45 144
55 154
147 246
69 168
36 135
104 203
41 140
25 124
154 253
72 171
60 159
143 242
122 221
136 235
21 120
10 109
192 291
178 277
99 198
87 186
35 134
185 284
18 117
19 118
134 233
128 227
97 196
3 102
109 208
88 187
185 284
78 177
86 185
154 253
55 154
175 274
31 130
19 118
47 146
149 248
187 286
189 288
176 275
181 280
183 282
102 201
30 129
90 189
186 285
133 232
151 250
0 99
21 120
186 285
14 113
106 205
70 169
3 102
145 244
103 202
139 238
67 166
37 136
179 278
135 234
41 140
26 125
16 115
65 164
154 253
115 214
106 205
157 256
63 162
124 223
179 278
80 179
163 262
81 180
16 115
13 112
101 200
114 213
84 183
49 148
196 295
150 249
111 210
43 142
122 221
42 141
41 140
37 136
115 214
88 187
139 238
38 137
87 186
65 164
147 246
154 253
117 216
103 202
109 208
31 130
62 161
158 257
80 179
81 180
108 207
93 192
121 220
37 136
112 211
30 129
122 221
148 247
133 232
3 102
197 296
111 210
92 191
132 231
174 273
186 285
39 138
29 128
7 106
74 173
154 253
104 203
174 273
25 124
79 178
34 133
132 231
156 255
64 163
30 129
112 211
189 288
149 248
34 133
115 214
47 146
102 201
105 204
34 133
124 223
170 269
68 167
23 122
116 215
136 235
0 99
152 251
79 178
43 142
61 160
187 286
68 167
81 180
61 160
42 141
166 265
172 271
54 153
147 246
107 206
124 223
80 179
10 109
120 219
190 289
94 193
137 236
22 121
93 192
84 183
176 275
156 255
65 164
113 212
114 213
45 144
85 184
85 184
40 139
87 186
10 109
85 184
188 287
9 108
15 114
2 101
68 167
133 232
38 137
53 152
69 168
195 294
168 267
78 177
72 171
36 135
10 109
40 139
122 221
162 261
88 187
164 263
69 168
9 108
86 185
153 252
29 128
144 243
141 240
143 242
96 195
87 186
173 272
140 239
172 271
187 286
139 238
12 111
63 162
134 233
174 273
38 137
73 172
174 273
51 150
0 99
183 282
158 257
124 223
144 243
40 139
58 157
91 190
45 144
191 290
144 243
37 136
150 249
119 218
17 116
33 132
32 131
21 120
153 252
33 132
62 161
131 230
74 173
177 276
173 272
182 281
38 137
120 219
156 255
179 278
95 194
1 100
89 188
172 271
96 195
118 217
65 164
154 253
11 110
194 293
6 105
136 235
34 133
51 150
99 198
15 114
0 99
23 122
106 205
48 147
6 105
75 174
43 142
126 225
86 185
88 187
109 208
67 166
43 142
18 117
129 228
50 149
144 243
62 161
118 217
108 207
78 177
8 107
117 216
6 105
159 258
133 232
21 120
151 250
138 237
127 226
35 134
117 216
1 100
77 176
179 278
64 163
95 194
25 124
144 243
189 288
182 281
79 178
101 200
60 159
4 103
22 121
45 144
82 181
28 127
80 179
70 169
107 206
158 257
10 109
4 103
16 115
13 112
188 287
91 190
139 238
152 251
81 180
73 172
153 252
64 163
105 204
104 203
176 275
89 188
105 204
15 114
117 216
22 121
28 127
163 262
189 288
28 127
102 201
61 160
88 187
131 230
194 293
25 124
77 176
46 145
170 269
14 113
54 153
86 185
144 243
155 254
196 295
108 207
124 223
90 189
63 162
64 163
64 163
138 237
44 143
58 157
178 277
40 139
21 120
128 227
67 166
195 294
119 218
42 141
126 225
160 259
0 99
40 139
23 122
96 195
60 159
14 113
59 158
147 246
196 295
66 165
163 262
120 219
140 239
150 249
55 154
166 265
92 191
98 197
15 114
59 158
54 153
48 147
170 269
165 264
26 125
19 118
116 215
173 272
185 284
150 249
56 155
50 149
129 228
22 121
104 203
27 126
64 163
177 276
119 218
83 182
45 144
115 214
60 159
113 212
10 109
128 227
105 204
155 254
173 272
77 176
14 113
87 186
156 255
89 188
7 106
1 100
14 113
185 284
14 113
156 255
115 214
172 271
102 201
196 295
31 130
53 152
106 205
123 222
5 104
117 216
11 110
1 100
95 194
98 197
118 217
93 192
191 290
8 107
14 113
102 201
27 126
52 151
83 182
12 111
152 251
160 259
129 228
135 234
124 223
89 188
123 222
2 101
158 257
195 294
186 285
160 259
137 236
75 174
9 108
91 190
55 154
10 109
7 106
156 255
188 287
14 113
55 154
122 221
0 99
61 160
39 138
152 251
12 111
76 175
154 253
30 129
152 251
62 161
127 226
106 205
96 195
75 174
46 145
11 110
42 141
33 132
17 116
194 293
71 170
80 179
95 194
48 147
146 245
138 237
156 255
143 242
183 282
20 119
46 145
55 154
184 283
95 194
180 279
115 214
57 156
79 178
37 136
94 193
112 211
186 285
116 215
72 171
24 123
136 235
151 250
60 159
155 254
5 104
139 238
98 197
106 205
71 170
37 136
182 281
60 159
159 258
25 124
25 124
103 202
67 166
191 290
6 105
97 196
167 266
107 206
134 233
96 195
144 243
80 179
2 101
158 257
4 103
37 136
186 285
88 187
68 167
153 252
26 125
165 264
42 141
8 107
74 173
155 254
197 296
82 181
176 275
22 121
87 186
23 122
187 286
59 158
122 221
61 160
130 229
2 101
193 292
122 221
62 161
130 229
59 158
48 147
66 165
63 162
136 235
120 219
97 196
52 151
157 256
194 293
186 285
95 194
36 135
32 131
132 231
105 204
7 106
67 166
125 224
87 186
129 228
113 212
16 115
73 172
19 118
14 113
145 244
101 200
62 161
18 117
32 131
3 102
6 105
61 160
40 139
99 198
113 212
84 183
176 275
97 196
107 206
119 218
53 152
152 251
76 175
142 241
94 193
97 196
128 227
85 184
109 208
166 265
30 129
144 243
115 214
88 187
92 191
59 158
76 175
122 221
100 199
26 125
160 259
99 198
156 255
184 283
27 126
136 235
7 106
71 170
145 244
172 271
135 234
185 284
126 225
69 168
35 134
112 211
155 254
184 283
115 214
79 178
43 142
0 99
165 264
124 223
63 162
123 222
90 189
194 293
41 140
181 280
162 261
145 244
125 224
85 184
130 229
197 296
56 155
32 131
36 135
110 209
24 123
30 129
144 243
151 250
161 260
190 289
106 205
51 150
135 234
43 142
173 272
79 178
1 100
152 251
196 295
83 182
128 227
93 192
84 183
81 180
180 279
21 120
124 223
142 241
101 200
168 267
156 255
4 103
45 144
147 246
193 292
50 149
124 223
174 273
87 186
108 207
138 237
18 117
167 266
86 185
50 149
30 129
166 265
155 254
164 263
126 225
141 240
91 190
184 283
45 144
63 162
178 277
85 184
147 246
0 99
90 189
74 173
161 260
96 195
81 180
6 105
117 216
161 260
34 133
143 242
78 177
129 228
157 256
148 247
153 252
129 228
123 222
5 104
39 138
20 119
151 250
59 158
116 215
28 127
191 290
175 274
136 235
172 271
134 233
30 129
6 105
43 142
61 160
117 216
145 244
13 112
114 213
18 117
107 206
48 147
83 182
153 252
39 138
150 249
15 114
33 132
77 176
33 132
23 122
27 126
44 143
171 270
22 121
51 150
157 256
32 131
86 185
158 257
56 155
50 149
23 122
81 180
65 164
131 230
63 162
159 258
10 109
168 267
54 153
75 174
91 190
168 267
189 288
79 178
44 143
20 119
175 274
49 148
100 199
170 269
160 259
48 147
60 159
24 123
65 164
166 265
3 102
131 230
103 202
158 257
22 121
61 160
111 210
154 253
39 138
63 162
97 196
179 278
77 176
57 156
91 190
30 129
112 211
17 116
64 163
151 250
158 257
41 140
110 209
68 167
148 247
27 126
149 248
42 141
94 193
114 213
18 117
40 139
1 100
28 127
66 165
28 127
95 194
49 148
7 106
34 133
44 143
130 229
175 274
179 278
99 198
46 145
28 127
182 281
182 281
167 266
115 214
46 145
42 141
141 240
47 146
22 121
110 209
165 264
15 114
16 115
136 235
135 234
6 105
197 296
134 233
0 99
134 233
181 280
118 217
104 203
84 183
7 106
116 215
19 118
184 283
63 162
157 256
69 168
73 172
89 188
33 132
137 236
29 128
15 114
195 294
20 119
111 210
10 109
29 128
174 273
135 234
156 255
60 159
40 139
116 215
36 135
118 217
137 236
192 291
169 268
122 221
145 244
93 192
148 247
168 267
95 194
124 223
123 222
68 167
137 236
8 107
32 131
56 155
66 165
162 261
68 167
81 180
138 237
74 173
183 282
46 145
35 134
58 157
195 294
146 245
1 100
35 134
42 141
89 188
168 267
113 212
21 120
163 262
65 164
108 207
30 129
49 148
72 171
54 153
157 256
31 130
131 230
93 192
157 256
77 176
43 142
120 219
96 195
111 210
67 166
48 147
181 280
163 262
180 279
94 193
89 188
101 200
110 209
140 239
129 228
108 207
54 153
134 233
33 132
124 223
8 107
25 124
19 118
139 238
128 227
103 202
166 265
172 271
95 194
142 241
76 175
167 266
161 260
173 272
135 234
127 226
155 254
142 241
63 162
10 109
51 150
60 159
33 132
12 111
89 188
162 261
125 224
95 194
17 116
34 133
61 160
112 211
22 121
45 144
194 293
141 240
2 101
15 114
141 240
52 151
150 249
51 150
142 241
73 172
166 265
11 110
102 201
69 168
96 195
19 118
95 194
48 147
107 206
159 258
187 286
2 101
62 161
56 155
29 128
6 105
113 212
143 242
13 112
39 138
185 284
105 204
82 181
114 213
84 183
67 166
79 178
145 244
46 145
81 180
86 185
196 295
68 167
88 187
17 116
166 265
97 196
14 113
118 217
42 141
62 161
131 230
14 113
134 233
117 216
135 234
86 185
186 285
71 170
164 263
132 231
166 265
181 280
162 261
121 220
28 127
45 144
38 137
193 292
6 105
176 275
152 251
49 148
87 186
66 165
94 193
38 137
15 114
183 282
129 228
145 244
0 99
81 180
170 269
110 209
14 113
130 229
109 208
96 195
85 184
107 206
40 139
108 207
137 236
158 257
143 242
12 111
137 236
192 291
135 234
18 117
89 188
44 143
19 118
166 265
41 140
38 137
104 203
35 134
183 282
196 295
150 249
109 208
8 107
92 191
170 269
11 110
120 219
65 164
0 99
84 183
33 132
173 272
147 246
70 169
30 129
183 282
146 245
11 110
173 272
128 227
19 118
54 153
123 222
72 171
75 174
184 283
117 216
0 99
31 130
30 129
177 276
176 275
30 129
17 116
75 174
11 110
185 284
135 234
150 249
186 285
183 282
196 295
166 265
116 215
189 288
175 274
175 274
64 163
189 288
7 106
159 258
122 221
145 244
13 112
64 163
117 216
30 129
110 209
100 199
96 195
61 160
148 247
41 140
13 112
124 223
36 135
33 132
106 205
180 279
93 192
38 137
105 204
136 235
129 228
193 292
160 259
106 205
106 205
7 106
88 187
77 176
168 267
52 151
53 152
173 272
154 253
58 157
189 288
135 234
149 248
26 125
78 177
196 295
136 235
104 203
120 219
33 132
85 184
53 152
91 190
0 99
95 194
20 119
175 274
100 199
186 285
59 158
133 232
80 179
7 106
142 241
35 134
187 286
34 133
38 137
165 264
0 99
49 148
59 158
107 206
182 281
136 235
59 158
14 113
75 174
63 162
78 177
192 291
4 103
23 122
145 244
52 151
87 186
32 131
140 239
24 123
49 148
164 263
92 191
46 145
20 119
17 116
23 122
192 291
83 182
16 115
141 240
88 187
92 191
25 124
73 172
116 215
4 103
58 157
43 142
34 133
161 260
35 134
152 251
37 136
16 115
183 282
60 159
155 254
85 184
83 182
146 245
110 209
83 182
0 99
143 242
13 112
164 263
19 118
113 212
151 250
169 268
87 186
69 168
32 131
41 140
194 293
94 193
187 286
37 136
161 260
120 219
176 275
145 244
37 136
166 265
10 109
34 133
181 280
181 280
116 215
32 131
80 179
79 178
21 120
111 210
61 160
188 287
151 250
26 125
70 169
72 171
53 152
44 143
15 114
155 254
85 184
109 208
96 195
185 284
44 143
148 247
154 253
109 208
169 268
178 277
168 267
7 106
20 119
72 171
79 178
172 271
33 132
68 167
64 163
78 177
187 286
111 210
180 279
157 256
55 154
191 290
114 213
98 197
99 198
63 162
92 191
163 262
151 250
110 209
12 111
76 175
26 125
92 191
52 151
85 184
176 275
17 116
51 150
138 237
146 245
169 268
9 108
150 249
130 229
10 109
61 160
20 119
87 186
162 261
108 207
97 196
75 174
27 126
48 147
167 266
18 117
98 197
90 189
188 287
157 256
141 240
117 216
188 287
165 264
176 275
146 245
140 239
176 275
0 99
148 247
188 287
162 261
157 256
179 278
47 146
26 125
75 174
18 117
0 99
165 264
126 225
8 107
8 107
126 225
41 140
124 223
137 236
48 147
25 124
196 295
59 158
44 143
118 217
97 196
27 126
87 186
185 284
100 199
96 195
80 179
60 159
61 160
93 192
90 189
70 169
135 234
57 156
182 281
63 162
155 254
7 106
87 186
53 152
147 246
123 222
64 163
51 150
109 208
163 262
81 180
82 181
43 142
50 149
99 198
86 185
124 223
93 192
47 146
30 129
0 99
22 121
1 100
23 122
188 287
171 270
149 248
180 279
115 214
159 258
81 180
146 245
108 207
172 271
135 234
79 178
33 132
132 231
126 225
11 110
180 279
109 208
169 268
26 125
35 134
191 290
196 295
8 107
80 179
152 251
105 204
44 143
106 205
68 167
8 107
75 174
51 150
26 125
82 181
196 295
145 244
144 243
36 135
57 156
152 251
174 273
189 288
151 250
159 258
126 225
129 228
197 296
60 159
97 196
53 152
44 143
58 157
160 259
22 121
172 271
115 214
139 238
25 124
17 116
93 192
134 233
106 205
93 192
22 121
109 208
5 104
177 276
107 206
182 281
124 223
132 231
1 100
189 288
78 177
124 223
63 162
119 218
72 171
65 164
183 282
122 221
65 164
167 266
152 251
110 209
133 232
43 142
74 173
138 237
140 239
196 295
92 191
37 136
111 210
80 179
191 290
6 105
99 198
66 165
65 164
112 211
46 145
78 177
81 180
76 175
12 111
166 265
12 111
118 217
50 149
57 156
111 210
119 218
183 282
187 286
160 259
183 282
186 285
90 189
146 245
177 276
58 157
50 149
65 164
48 147
108 207
44 143
8 107
3 102
159 258
97 196
82 181
80 179
162 261
137 236
157 256
168 267
135 234
85 184
55 154
172 271
102 201
0 99
108 207
173 272
28 127
10 109
108 207
58 157
2 101
68 167
110 209
156 255
192 291
126 225
103 202
62 161
125 224
23 122
42 141
3 102
9 108
176 275
180 279
55 154
21 120
81 180
64 163
155 254
170 269
108 207
72 171
161 260
175 274
100 199
119 218
181 280
20 119
77 176
28 127
46 145
24 123
13 112
60 159
131 230
67 166
1 100
55 154
18 117
132 231
105 204
39 138
66 165
180 279
110 209
182 281
71 170
56 155
113 212
191 290
45 144
2 101
61 160
53 152
116 215
169 268
121 220
133 232
169 268
48 147
155 254
148 247
23 122
97 196
30 129
35 134
30 129
165 264
65 164
161 260
115 214
85 184
175 274
25 124
166 265
28 127
184 283
92 191
84 183
116 215
177 276
141 240
91 190
14 113
161 260
57 156
26 125
67 166
124 223
176 275
173 272
144 243
105 204
25 124
120 219
145 244
69 168
68 167
138 237
120 219
150 249
18 117
155 254
23 122
91 190
138 237
43 142
178 277
159 258
25 124
1 100
16 115
123 222
66 165
100 199
5 104
51 150
148 247
49 148
179 278
154 253
11 110
74 173
75 174
108 207
145 244
14 113
123 222
116 215
36 135
138 237
101 200
73 172
191 290
169 268
150 249
191 290
37 136
84 183
52 151
19 118
119 218
92 191
30 129
179 278
92 191
175 274
13 112
146 245
158 257
162 261
124 223
150 249
129 228
104 203
40 139
165 264
98 197
114 213
72 171
75 174
97 196
55 154
57 156
112 211
46 145
177 276
57 156
10 109
7 106
72 171
2 101
24 123
78 177
107 206
60 159
42 141
16 115
113 212
183 282
140 239
138 237
23 122
45 144
99 198
34 133
1 100
114 213
23 122
2 101
79 178
13 112
6 105
29 128
86 185
121 220
181 280
175 274
173 272
159 258
113 212
78 177
169 268
95 194
128 227
56 155
84 183
63 162
60 159
133 232
156 255
190 289
118 217
119 218
44 143
94 193
195 294
0 99
152 251
110 209
45 144
122 221
111 210
65 164
181 280
77 176
22 121
69 168
173 272
106 205
113 212
138 237
133 232
147 246
39 138
38 137
83 182
38 137
2 101
106 205
0 99
24 123
4 103
79 178
113 212
81 180
76 175
16 115
141 240
22 121
195 294
151 250
102 201
169 268
38 137
4 103
123 222
19 118
126 225
145 244
4 103
169 268
32 131
57 156
121 220
128 227
108 207
48 147
66 165
120 219
126 225
118 217
157 256
131 230
70 169
72 171
11 110
156 255
165 264
148 247
4 103
182 281
44 143
152 251
70 169
163 262
20 119
95 194
120 219
89 188
64 163
147 246
144 243
113 212
96 195
70 169
157 256
46 145
66 165
12 111
171 270
156 255
82 181
23 122
9 108
123 222
55 154
163 262
185 284
167 266
112 211
190 289
170 269
25 124
156 255
87 186
37 136
179 278
25 124
169 268
167 266
46 145
136 235
30 129
101 200
183 282
9 108
89 188
142 241
42 141
143 242
115 214
59 158
142 241
90 189
152 251
175 274
24 123
64 163
136 235
164 263
76 175
77 176
122 221
194 293
40 139
106 205
135 234
6 105
174 273
109 208
53 152
42 141
169 268
84 183
169 268
169 268
65 164
114 213
183 282
99 198
66 165
32 131
92 191
146 245
113 212
84 183
2 101
14 113
82 181
112 211
190 289
80 179
135 234
24 123
4 103
73 172
34 133
63 162
151 250
63 162
136 235
173 272
96 195
60 159
144 243
160 259
135 234
139 238
111 210
47 146
13 112
112 211
17 116
100 199
102 201
146 245
45 144
120 219
78 177
113 212
112 211
164 263
116 215
189 288
8 107
110 209
29 128
80 179
128 227
93 192
71 170
172 271
28 127
129 228
115 214
6 105
16 115
166 265
109 208
47 146
134 233
110 209
7 106
56 155
107 206
149 248
86 185
71 170
175 274
167 266
24 123
173 272
153 252
184 283
176 275
170 269
196 295
102 201
36 135
169 268
17 116
183 282
40 139
137 236
154 253
114 213
60 159
53 152
126 225
122 221
26 125
183 282
152 251
28 127
167 266
80 179
78 177
174 273
66 165
116 215
56 155
171 270
102 201
141 240
77 176
186 285
196 295
96 195
59 158
81 180
86 185
191 290
73 172
55 154
9 108
86 185
67 166
110 209
60 159
33 132
145 244
15 114
153 252
108 207
116 215
19 118
23 122
196 295
61 160
20 119
144 243
75 174
60 159
193 292
180 279
72 171
88 187
86 185
63 162
142 241
182 281
69 168
36 135
35 134
151 250
107 206
69 168
38 137
75 174
66 165
151 250
115 214
143 242
190 289
1 100
107 206
38 137
141 240
70 169
34 133
189 288
59 158
101 200
196 295
191 290
9 108
9 108
44 143
17 116
171 270
33 132
79 178
133 232
194 293
75 174
143 242
153 252
56 155
85 184
45 144
176 275
160 259
161 260
145 244
55 154
160 259
142 241
109 208
9 108
171 270
152 251
62 161
92 191
119 218
120 219
163 262
183 282
89 188
11 110
44 143
82 181
82 181
150 249
138 237
153 252
157 256
99 198
119 218
93 192
45 144
179 278
6 105
116 215
46 145
58 157
59 158
33 132
154 253
91 190
14 113
43 142
8 107
7 106
12 111
91 190
93 192
17 116
23 122
13 112
139 238
97 196
79 178
182 281
91 190
5 104
28 127
38 137
182 281
175 274
107 206
194 293
161 260
59 158
98 197
34 133
122 221
160 259
5 104
145 244
57 156
160 259
191 290
7 106
195 294
102 201
19 118
107 206
64 163
132 231
36 135
51 150
32 131
21 120
175 274
12 111
82 181
122 221
154 253
154 253
101 200
135 234
83 182
19 118
139 238
118 217
67 166
18 117
14 113
33 132
46 145
120 219
69 168
123 222
85 184
136 235
169 268
25 124
144 243
116 215
70 169
81 180
189 288
108 207
94 193
138 237
121 220
20 119
6 105
24 123
197 296
172 271
52 151
9 108
49 148
20 119
54 153
196 295
91 190
120 219
88 187
36 135
86 185
22 121
179 278
172 271
145 244
92 191
99 198
175 274
80 179
50 149
48 147
42 141
39 138
76 175
150 249
2 101
98 197
156 255
83 182
17 116
65 164
171 270
181 280
136 235
59 158
66 165
37 136
31 130
89 188
113 212
120 219
60 159
124 223
167 266
7 106
184 283
35 134
5 104
108 207
91 190
34 133
21 120
165 264
34 133
42 141
136 235
22 121
84 183
75 174
172 271
148 247
109 208
102 201
18 117
36;156504
10 109
150 249
190 289
2 101
128 227
64 163
157 256
69 168
80 179
168 267
65 164
93 192
68 167
3 102
195 294
6 105
124 223
87 186
114 213
153 252
165 264
33 132
4 103
193 292
143 242
162 261
112 211
192 291
119 218
49 148
97 196
38 137
102 201
152 251
128 227
16 115
101 200
121 220
128 227
7 106
124 223
148 247
5 104
132 231
37 136
171 270
197 296
167 266
28 127
30 129
68 167
33 132
96 195
9 108
111 210
95 194
81 180
1 100
73 172
181 280
80 179
147 246
170 269
139 238
104 203
121 220
20 119
33 132
159 258
1 100
113 212
175 274
126 225
12 111
95 194
178 277
14 113
71 170
121 220
135 234
78 177
106 205
52 151
60 159
69 168
3 102
84 183
137 236
165 264
74 173
137 236
33 132
118 217
35 134
149 248
169 268
102 201
63 162
92 191
64 163
24 123
43 142
114 213
88 187
136 235
23 122
85 184
73 172
193 292
78 177
169 268
141 240
127 226
26 125
192 291
74 173
183 282
94 193
154 253
54 153
81 180
88 187
163 262
34 133
138 237
18 117
110 209
141 240
184 283
31 130
25 124
131 230
25 124
4 103
163 262
95 194
178 277
126 225
1 100
182 281
43 142
180 279
54 153
65 164
31 130
29 128
117 216
57 156
24 123
141 240
46 145
181 280
140 239
189 288
83 182
66 165
181 280
7 106
136 235
80 179
115 214
120 219
71 170
186 285
192 291
136 235
185 284
3 102
176 275
131 230
193 292
111 210
79 178
54 153
187 286
93 192
34 133
174 273
76 175
122 221
140 239
27 126
71 170
72 171
66 165
80 179
75 174
148 247
1 100
159 258
82 181
61 160
151 250
130 229
12 111
108 207
22 121
62 161
62 161
43 142
157 256
3 102
119 218
179 278
163 262
33 132
80 179
144 243
134 233
99 198
36 135
132 231
15 114
1 100
122 221
142 241
131 230
157 256
104 203
126 225
24 123
123 222
75 174
40 139
30 129
44 143
99 198
107 206
17 116
85 184
0 99
131 230
196 295
26 125
72 171
126 225
1 100
4 103
118 217
44 143
193 292
61 160
8 107
30 129
20 119
123 222
63 162
98 197
120 219
103 202
69 168
51 150
57 156
29 128
6 105
4 103
30 129
51 150
148 247
92 191
150 249
129 228
78 177
196 295
145 244
97 196
166 265
133 232
132 231
116 215
120 219
188 287
148 247
126 225
190 289
175 274
12 111
11 110
33 132
37 136
194 293
191 290
17 116
189 288
59 158
118 217
100 199
31 130
163 262
162 261
132 231
90 189
186 285
102 201
132 231
71 170
95 194
99 198
129 228
51 150
173 272
93 192
93 192
188 287
28 127
177 276
33 132
46 145
154 253
157 256
14 113
91 190
175 274
38 137
131 230
154 253
159 258
184 283
39 138
115 214
63 162
0 99
91 190
43 142
13 112
189 288
70 169
127 226
28 127
10 109
141 240
39 138
167 266
29 128
127 226
122 221
169 268
98 197
140 239
87 186
22 121
94 193
101 200
64 163
176 275
34 133
71 170
84 183
147 246
40 139
64 163
187 286
153 252
165 264
177 276
175 274
6 105
97 196
152 251
85 184
179 278
23 122
171 270
180 279
28 127
110 209
125 224
191 290
163 262
44 143
194 293
12 111
49 148
7 106
164 263
119 218
94 193
196 295
171 270
0 99
155 254
79 178
29 128
34 133
159 258
120 219
118 217
60 159
148 247
66 165
178 277
157 256
102 201
163 262
23 122
144 243
192 291
33 132
100 199
43 142
172 271
181 280
21 120
196 295
187 286
9 108
134 233
98 197
61 160
11 110
146 245
197 296
63 162
53 152
22 121
180 279
65 164
71 170
123 222
61 160
150 249
162 261
87 186
181 280
82 181
70 169
159 258
193 292
55 154
185 284
26 125
48 147
66 165
15 114
29 128
78 177
151 250
10 109
100 199
136 235
153 252
95 194
2 101
149 248
77 176
57 156
58 157
109 208
13 112
152 251
69 168
19 118
3 102
177 276
109 208
61 160
73 172
129 228
131 230
56 155
89 188
26 125
162 261
16 115
39 138
176 275
60 159
178 277
76 175
75 174
151 250
33 132
11 110
32 131
167 266
64 163
141 240
185 284
31 130
167 266
86 185
156 255
46 145
181 280
156 255
181 280
127 226
150 249
67 166
3 102
46 145
42 141
6 105
130 229
101 200
15 114
136 235
45 144
149 248
93 192
187 286
95 194
169 268
95 194
127 226
155 254
101 200
37 136
155 254
94 193
87 186
163 262
145 244
55 154
197 296
189 288
158 257
155 254
3 102
181 280
121 220
193 292
153 252
109 208
170 269
110 209
177 276
126 225
189 288
15 114
130 229
190 289
65 164
97 196
81 180
138 237
30 129
131 230
112 211
168 267
150 249
167 266
31 130
180 279
44 143
50 149
111 210
157 256
59 158
5 104
34 133
28 127
83 182
111 210
64 163
71 170
50 149
56 155
122 221
147 246
59 158
102 201
43 142
70 169
161 260
26 125
163 262
44 143
13 112
128 227
157 256
150 249
164 263
186 285
37 136
66 165
102 201
6 105
128 227
82 181
82 181
11 110
73 172
29 128
92 191
176 275
176 275
108 207
190 289
33 132
73 172
181 280
188 287
134 233
62 161
3 102
73 172
35 134
190 289
128 227
112 211
22 121
86 185
98 197
14 113
159 258
36 135
163 262
174 273
70 169
76 175
191 290
12 111
9 108
193 292
9 108
90 189
136 235
169 268
134 233
41 140
155 254
72 171
14 113
78 177
161 260
6 105
66 165
125 224
154 253
174 273
155 254
46 145
92 191
84 183
151 250
4 103
133 232
2 101
56 155
23 122
145 244
6 105
0 99
29 128
108 207
87 186
51 150
39 138
36 135
17 116
94 193
60 159
50 149
15 114
27 126
56 155
125 224
72 171
12 111
188 287
35 134
169 268
74 173
42 141
92 191
173 272
57 156
165 264
159 258
67 166
164 263
112 211
68 167
100 199
91 190
111 210
145 244
108 207
71 170
66 165
166 265
100 199
168 267
77 176
4 103
134 233
163 262
74 173
24 123
49 148
49 148
140 239
37 136
48 147
182 281
196 295
91 190
56 155
39 138
92 191
19 118
74 173
83 182
4 103
161 260
111 210
152 251
130 229
42 141
177 276
123 222
113 212
21 120
11 110
150 249
151 250
98 197
136 235
113 212
150 249
163 262
19 118
163 262
112 211
151 250
49 148
79 178
97 196
49 148
111 210
20 119
100 199
120 219
160 259
184 283
28 127
193 292
175 274
4 103
144 243
122 221
163 262
99 198
29 128
168 267
122 221
58 157
49 148
157 256
32 131
25 124
27 126
117 216
36 135
118 217
59 158
97 196
187 286
8 107
157 256
180 279
178 277
18 117
66 165
32 131
9 108
101 200
187 286
141 240
26 125
126 225
11 110
99 198
83 182
103 202
137 236
58 157
149 248
10 109
159 258
144 243
169 268
160 259
165 264
147 246
39 138
38 137
13 112
129 228
87 186
84 183
16 115
95 194
9 108
110 209
131 230
107 206
94 193
102 201
81 180
149 248
103 202
108 207
104 203
43 142
31 130
1 100
74 173
113 212
163 262
161 260
103 202
78 177
160 259
48 147
163 262
58 157
69 168
54 153
66 165
20 119
100 199
174 273
2 101
179 278
23 122
39 138
89 188
16 115
108 207
175 274
43 142
110 209
174 273
24 123
60 159
173 272
21 120
66 165
16 115
139 238
149 248
72 171
5 104
154 253
122 221
82 181
97 196
183 282
28 127
170 269
65 164
40 139
107 206
104 203
180 279
174 273
47 146
61 160
95 194
146 245
159 258
157 256
129 228
38 137
145 244
132 231
28 127
154 253
42 141
55 154
95 194
94 193
149 248
113 212
40 139
164 263
105 204
17 116
115 214
129 228
34 133
26 125
63 162
65 164
91 190
55 154
143 242
86 185
126 225
110 209
43 142
184 283
115 214
59 158
49 148
197 296
135 234
114 213
191 290
121 220
132 231
128 227
56 155
181 280
138 237
114 213
161 260
38 137
154 253
18 117
122 221
115 214
155 254
103 202
113 212
66 165
95 194
19 118
142 241
124 223
90 189
4 103
164 263
73 172
30 129
87 186
79 178
72 171
84 183
110 209
54 153
134 233
9 108
115 214
75 174
181 280
136 235
165 264
30 129
50 149
115 214
147 246
10 109
123 222
42 141
152 251
182 281
188 287
177 276
153 252
157 256
80 179
53 152
126 225
134 233
185 284
160 259
197 296
60 159
137 236
50 149
85 184
57 156
151 250
19 118
159 258
49 148
147 246
19 118
194 293
11 110
164 263
54 153
11 110
152 251
49 148
28 127
132 231
74 173
196 295
1 100
175 274
195 294
129 228
129 228
43 142
28 127
138 237
41 140
19 118
68 167
142 241
81 180
80 179
68 167
26 125
52 151
168 267
32 131
131 230
125 224
104 203
91 190
99 198
46 145
33 132
86 185
29 128
46 145
55 154
77 176
150 249
106 205
92 191
39 138
150 249
112 211
126 225
7 106
30 129
84 183
106 205
79 178
29 128
186 285
193 292
101 200
140 239
83 182
104 203
67 166
143 242
93 192
34 133
78 177
92 191
22 121
65 164
36 135
177 276
109 208
181 280
79 178
63 162
92 191
139 238
116 215
46 145
146 245
75 174
92 191
7 106
173 272
161 260
127 226
117 216
174 273
119 218
134 233
99 198
132 231
192 291
69 168
150 249
156 255
85 184
125 224
102 201
48 147
114 213
118 217
53 152
172 271
32 131
156 255
67 166
129 228
196 295
142 241
135 234
127 226
21 120
44 143
26 125
115 214
31 130
48 147
87 186
4 103
184 283
151 250
161 260
131 230
11 110
167 266
101 200
26 125
86 185
11 110
169 268
49 148
11 110
74 173
77 176
8 107
89 188
142 241
134 233
151 250
176 275
137 236
115 214
49 148
150 249
9 108
9 108
52 151
184 283
86 185
35 134
100 199
57 156
109 208
183 282
143 242
177 276
75 174
110 209
131 230
35 134
46 145
105 204
180 279
35 134
39 138
56 155
197 296
190 289
178 277
21 120
19 118
11 110
146 245
171 270
128 227
131 230
157 256
64 163
20 119
109 208
41 140
171 270
184 283
94 193
182 281
163 262
116 215
8 107
59 158
161 260
40 139
31 130
34 133
19 118
102 201
166 265
191 290
25 124
17 116
27 126
98 197
168 267
145 244
173 272
50 149
116 215
40 139
69 168
196 295
190 289
107 206
171 270
56 155
78 177
183 282
190 289
30 129
22 121
106 205
194 293
101 200
0 99
147 246
116 215
87 186
78 177
65 164
106 205
12 111
151 250
171 270
182 281
99 198
190 289
156 255
64 163
58 157
115 214
119 218
45 144
82 181
15 114
73 172
110 209
68 167
106 205
80 179
33 132
70 169
5 104
34 133
127 226
63 162
175 274
24 123
194 293
68 167
82 181
179 278
174 273
65 164
85 184
8 107
55 154
177 276
168 267
173 272
69 168
109 208
130 229
123 222
177 276
107 206
16 115
85 184
52 151
102 201
84 183
195 294
126 225
131 230
51 150
25 124
0 99
140 239
5 104
143 242
109 208
46 145
54 153
51 150
163 262
156 255
39 138
79 178
166 265
163 262
140 239
172 271
24 123
146 245
104 203
157 256
59 158
2 101
26 125
183 282
95 194
104 203
83 182
129 228
177 276
33 132
110 209
142 241
8 107
44 143
85 184
38 137
107 206
65 164
161 260
15 114
126 225
124 223
143 242
45 144
14 113
127 226
167 266
17 116
8 107
63 162
114 213
175 274
174 273
48 147
190 289
113 212
113 212
72 171
51 150
64 163
89 188
161 260
129 228
94 193
183 282
152 251
37 136
115 214
25 124
107 206
6 105
18 117
151 250
100 199
123 222
111 210
46 145
151 250
87 186
68 167
41 140
31 130
160 259
163 262
125 224
120 219
151 250
118 217
179 278
53 152
25 124
73 172
157 256
82 181
0 99
168 267
193 292
177 276
89 188
77 176
148 247
82 181
74 173
26 125
9 108
95 194
169 268
78 177
139 238
59 158
171 270
49 148
49 148
183 282
68 167
128 227
67 166
18 117
74 173
145 244
20 119
138 237
110 209
195 294
33 132
61 160
188 287
185 284
94 193
147 246
168 267
177 276
193 292
70 169
55 154
135 234
107 206
41 140
33 132
94 193
38 137
139 238
20 119
165 264
40 139
67 166
123 222
176 275
95 194
2 101
184 283
94 193
13 112
125 224
43 142
104 203
5 104
110 209
8 107
94 193
51 150
118 217
122 221
155 254
9 108
21 120
88 187
55 154
81 180
69 168
22 121
175 274
151 250
121 220
167 266
86 185
92 191
28 127
109 208
90 189
175 274
46 145
34 133
149 248
133 232
46 145
171 270
149 248
149 248
88 187
154 253
40 139
58 157
98 197
11 110
57 156
13 112
141 240
80 179
153 252
136 235
65 164
94 193
109 208
45 144
144 243
56 155
151 250
134 233
157 256
146 245
128 227
136 235
54 153
114 213
103 202
196 295
108 207
184 283
85 184
5 104
34 133
103 202
153 252
115 214
181 280
150 249
63 162
146 245
55 154
98 197
67 166
28 127
153 252
156 255
161 260
89 188
116 215
154 253
45 144
20 119
191 290
70 169
102 201
61 160
166 265
132 231
109 208
174 273
74 173
14 113
71 170
197 296
110 209
7 106
195 294
2 101
129 228
109 208
157 256
90 189
22 121
93 192
33 132
134 233
182 281
37 136
43 142
47 146
23 122
165 264
56 155
64 163
151 250
113 212
28 127
44 143
195 294
63 162
164 263
56 155
41 140
189 288
169 268
10 109
193 292
149 248
112 211
142 241
98 197
89 188
54 153
164 263
49 148
126 225
63 162
122 221
173 272
100 199
122 221
67 166
111 210
55 154
141 240
52 151
167 266
115 214
23 122
182 281
2 101
164 263
129 228
108 207
72 171
13 112
141 240
107 206
83 182
50 149
150 249
12 111
99 198
23 122
85 184
122 221
20 119
168 267
68 167
15 114
184 283
72 171
5 104
169 268
149 248
76 175
139 238
174 273
124 223
185 284
160 259
112 211
24 123
154 253
58 157
64 163
79 178
146 245
24 123
141 240
41 140
132 231
124 223
58 157
153 252
122 221
65 164
159 258
6 105
34 133
21 120
192 291
107 206
171 270
97 196
81 180
197 296
138 237
193 292
131 230
4 103
73 172
176 275
125 224
118 217
148 247
123 222
140 239
127 226
45 144
107 206
133 232
156 255
179 278
67 166
94 193
39 138
39 138
180 279
30 129
171 270
97 196
112 211
170 269
9 108
131 230
58 157
83 182
72 171
168 267
48 147
21 120
74 173
141 240
56 155
49 148
186 285
116 215
194 293
24 123
117 216
58 157
181 280
33 132
183 282
60 159
140 239
141 240
0 99
47 146
176 275
163 262
123 222
24 123
77 176
91 190
106 205
152 251
179 278
102 201
161 260
130 229
19 118
78 177
121 220
70 169
68 167
41 140
116 215
77 176
174 273
40 139
90 189
22 121
149 248
118 217
192 291
10 109
42 141
44 143
47 146
136 235
27 126
183 282
103 202
190 289
18 117
76 175
52 151
43 142
35 134
24 123
12 111
57 156
148 247
14 113
154 253
92 191
55 154
67 166
188 287
190 289
66 165
171 270
153 252
33 132
146 245
25 124
185 284
173 272
114 213
97 196
165 264
95 194
69 168
38 137
44 143
124 223
18 117
73 172
10 109
129 228
112 211
186 285
71 170
188 287
138 237
156 255
107 206
28 127
40 139
182 281
105 204
72 171
116 215
150 249
117 216
136 235
40 139
59 158
171 270
83 182
138 237
141 240
5 104
75 174
49 148
94 193
115 214
63 162
0 99
53 152
157 256
133 232
39 138
23 122
51 150
90 189
137 236
67 166
125 224
104 203
59 158
156 255
156 255
6 105
10 109
115 214
97 196
92 191
62 161
158 257
142 241
94 193
139 238
103 202
143 242
65 164
152 251
159 258
144 243
162 261
195 294
127 226
54 153
176 275
88 187
162 261
97 196
131 230
185 284
51 150
193 292
112 211
91 190
95 194
134 233
44 143
28 127
70 169
5 104
58 157
119 218
0 99
50 149
9 108
69 168
32 131
62 161
171 270
68 167
101 200
183 282
90 189
120 219
45 144
43 142
15 114
173 272
182 281
119 218
144 243
149 248
176 275
18 117
180 279
135 234
167 266
152 251
96 195
168 267
8 107
32 131
65 164
76 175
80 179
0 99
135 234
170 269
43 142
10 109
27 126
78 177
192 291
178 277
41 140
179 278
193 292
175 274
197 296
114 213
21 120
88 187
178 277
49 148
175 274
53 152
67 166
175 274
17 116
162 261
144 243
92 191
61 160
132 231
54 153
85 184
149 248
76 175
81 180
154 253
157 256
54 153
6 105
169 268
13 112
185 284
98 197
85 184
20 119
75 174
174 273
53 152
35 134
82 181
191 290
3 102
127 226
126 225
133 232
102 201
71 170
103 202
141 240
73 172
142 241
76 175
89 188
179 278
60 159
136 235
30 129
44 143
66 165
30 129
119 218
54 153
52 151
59 158
110 209
124 223
102 201
91 190
149 248
37 136
11 110
116 215
0 99
31 130
72 171
167 266
76 175
124 223
13 112
175 274
172 271
148 247
90 189
159 258
132 231
181 280
6 105
79 178
54 153
196 295
196 295
186 285
4 103
120 219
147 246
107 206
25 124
41 140
87 186
82 181
146 245
65 164
75 174
8 107
197 296
2 101
196 295
169 268
36 135
64 163
156 255
153 252
137 236
194 293
195 294
25 124
155 254
122 221
78 177
47 146
138 237
166 265
167 266
26 125
147 246
125 224
63 162
29 128
5 104
21 120
154 253
164 263
148 247
84 183
4 103
13 112
126 225
46 145
26 125
124 223
156 255
86 185
189 288
39 138
23 122
52 151
128 227
179 278
43 142
187 286
26 125
102 201
127 226
110 209
167 266
26 125
23 122
78 177
80 179
152 251
18 117
178 277
170 269
165 264
189 288
27 126
129 228
77 176
42 141
23 122
31 130
75 174
164 263
110 209
105 204
126 225
105 204
98 197
61 160
112 211
134 233
43 142
109 208
6 105
67 166
72 171
10 109
34 133
97 196
140 239
72 171
72 171
55 154
15 114
193 292
50 149
57 156
193 292
63 162
82 181
84 183
17 116
114 213
61 160
148 247
11 110
91 190
78 177
67 166
61 160
55 154
105 204
142 241
196 295
168 267
42 141
173 272
150 249
71 170
119 218
66 165
21 120
183 282
15 114
85 184
110 209
68 167
156 255
45 144
166 265
59 158
62 161
72 171
139 238
47 146
180 279
14 113
101 200
154 253
192 291
70 169
178 277
124 223
7 106
133 232
43 142
157 256
32 131
99 198
178 277
60 159
135 234
6 105
162 261
86 185
152 251
168 267
1 100
93 192
0 99
154 253
148 247
57 156
172 271
112 211
185 284
34 133
0 99
36 135
110 209
194 293
71 170
172 271
143 242
59 158
11 110
42 141
140 239
177 276
116 215
7 106
145 244
184 283
172 271
109 208
44 143
190 289
14 113
90 189
195 294
29 128
70 169
136 235
179 278
163 262
154 253
91 190
33 132
187 286
161 260
52 151
72 171
63 162
37 136
3 102
117 216
49 148
46 145
115 214
116 215
28 127
69 168
0 99
69 168
87 186
86 185
101 200
177 276
97 196
46 145
160 259
35 134
9 108
177 276
75 174
99 198
81 180
101 200
134 233
48 147
196 295
77 176
28 127
38 137
103 202
127 226
148 247
36 135
142 241
54 153
76 175
9 108
39 138
165 264
58 157
181 280
27 126
16 115
172 271
63 162
152 251
190 289
162 261
115 214
156 255
196 295
192 291
187 286
178 277
147 246
50 149
173 272
191 290
120 219
120 219
11 110
186 285
66 165
62 161
184 283
109 208
180 279
124 223
54 153
165 264
149 248
19 118
108 207
125 224
53 152
52 151
96 195
128 227
13 112
49 148
27 126
113 212
45 144
190 289
80 179
15 114
22 121
84 183
69 168
9 108
20 119
7 106
15 114
56 155
175 274
106 205
188 287
109 208
172 271
60 159
34 133
157 256
142 241
7 106
38 137
98 197
126 225
55 154
171 270
84 183
92 191
64 163
170 269
22 121
80 179
115 214
160 259
43 142
149 248
132 231
64 163
188 287
65 164
148 247
89 188
5 104
93 192
65 164
81 180
142 241
54 153
83 182
14 113
189 288
70 169
172 271
21 120
194 293
194 293
125 224
105 204
95 194
154 253
191 290
11 110
70 169
69 168
90 189
160 259
134 233
166 265
9 108
83 182
55 154
56 155
150 249
90 189
17 116
162 261
163 262
176 275
165 264
159 258
37 136
120 219
193 292
138 237
176 275
63 162
36 135
53 152
61 160
96 195
169 268
27 126
26 125
150 249
127 226
173 272
187 286
6 105
129 228
115 214
24 123
184 283
90 189
163 262
85 184
118 217
171 270
145 244
37 136
4 103
120 219
142 241
171 270
31 130
173 272
74 173
159 258
193 292
99 198
66 165
59 158
92 191
12 111
66 165
131 230
134 233
173 272
75 174
43 142
79 178
27 126
40 139
74 173
48 147
49 148
110 209
94 193
179 278
197 296
184 283
114 213
159 258
96 195
157 256
195 294
96 195
141 240
57 156
38 137
166 265
145 244
30 129
78 177
71 170
78 177
163 262
146 245
109 208
188 287
102 201
3 102
54 153
115 214
111 210
34 133
87 186
148 247
90 189
171 270
56 155
111 210
124 223
189 288
42 141
190 289
70 169
145 244
178 277
185 284
74 173
127 226
8 107
66 165
149 248
45 144
61 160
188 287
14 113
45 144
2 101
141 240
132 231
121 220
94 193
102 201
70 169
84 183
157 256
150 249
88 187
121 220
26 125
111 210
78 177
92 191
71 170
102 201
178 277
29 128
141 240
19 118
155 254
36 135
117 216
110 209
175 274
77 176
41 140
41 140
109 208
195 294
118 217
128 227
127 226
163 262
56 155
62 161
72 171
177 276
172 271
194 293
130 229
91 190
188 287
49 148
121 220
116 215
56 155
4 103
103 202
81 180
67 166
133 232
120 219
117 216
84 183
192 291
17 116
62 161
187 286
142 241
116 215
38 137
68 167
146 245
105 204
78 177
162 261
80 179
78 177
158 257
190 289
25 124
47 146
126 225
38 137
129 228
66 165
139 238
80 179
111 210
113 212
101 200
175 274
30 129
67 166
131 230
67 166
11 110
92 191
178 277
13 112
184 283
0 99
149 248
179 278
162 261
72 171
64 163
148 247
114 213
97 196
174 273
14 113
179 278
51 150
113 212
159 258
166 265
177 276
87 186
124 223
137 236
140 239
4 103
152 251
158 257
123 222
5 104
41 140
168 267
21 120
158 257
119 218
161 260
27 126
148 247
164 263
188 287
190 289
179 278
115 214
15 114
163 262
194 293
76 175
72 171
108 207
114 213
143 242
160 259
114 213
39 138
24 123
128 227
126 225
67 166
116 215
3 102
131 230
66 165
40 139
0 99
156 255
33 132
11 110
175 274
6 105
89 188
130 229
162 261
74 173
177 276
63 162
68 167
112 211
82 181
86 185
21 120
174 273
86 185
147 246
155 254
175 274
165 264
194 293
191 290
25 124
176 275
33 132
78 177
139 238
158 257
100 199
67 166
35 134
12 111
63 162
119 218
49 148
7 106
59 158
191 290
66 165
90 189
168 267
44 143
121 220
150 249
43 142
4 103
192 291
117 216
55 154
11 110
65 164
127 226
81 180
42 141
180 279
37 136
115 214
159 258
123 222
180 279
193 292
98 197
54 153
187 286
59 158
118 217
25 124
11 110
68 167
50 149
89 188
137 236
124 223
86 185
0 99
39 138
181 280
143 242
88 187
106 205
33 132
51 150
75 174
180 279
81 180
58 157
93 192
129 228
166 265
73 172
135 234
190 289
28 127
184 283
26 125
145 244
56 155
161 260
68 167
96 195
8 107
80 179
163 262
143 242
76 175
66 165
0 99
154 253
132 231
78 177
152 251
194 293
81 180
151 250
26 125
149 248
72 171
110 209
63 162
21 120
2 101
53 152
11 110
127 226
114 213
123 222
115 214
105 204
132 231
69 168
119 218
86 185
157 256
174 273
11 110
91 190
117 216
91 190
2 101
94 193
29 128
53 152
72 171
171 270
178 277
192 291
50 149
115 214
139 238
115 214
74 173
165 264
101 200
186 285
102 201
107 206
124 223
169 268
162 261
54 153
103 202
35 134
63 162
102 201
169 268
80 179
136 235
51 150
132 231
42 141
98 197
86 185
87 186
151 250
154 253
30 129
156 255
192 291
3 102
86 185
187 286
76 175
101 200
128 227
145 244
16 115
197 296
133 232
80 179
165 264
177 276
188 287
131 230
120 219
115 214
189 288
158 257
79 178
120 219
69 168
125 224
99 198
142 241
84 183
59 158
158 257
189 288
177 276
123 222
138 237
75 174
79 178
173 272
18 117
107 206
63 162
81 180
154 253
111 210
76 175
105 204
190 289
96 195
150 249
80 179
127 226
76 175
133 232
119 218
171 270
91 190
69 168
38 137
127 226
193 292
7 106
156 255
183 282
32 131
170 269
194 293
127 226
147 246
183 282
15 114
56 155
129 228
35 134
161 260
158 257
6 105
171 270
66 165
45 144
187 286
26 125
50 149
8 107
148 247
16 115
152 251
22 121
48 147
189 288
110 209
122 221
188 287
31 130
38 137
41 140
17 116
101 200
158 257
195 294
119 218
187 286
70 169
80 179
16 115
36 135
149 248
149 248
134 233
169 268
5 104
33 132
125 224
101 200
69 168
7 106
36 135
163 262
8 107
98 197
148 247
119 218
83 182
68 167
193 292
113 212
5 104
135 234
34 133
98 197
31 130
197 296
110 209
14 113
8 107
96 195
22 121
147 246
92 191
24 123
15 114
28 127
100 199
40 139
116 215
192 291
197 296
115 214
149 248
58 157
16 115
111 210
193 292
175 274
54 153
66 165
42 141
172 271
191 290
134 233
129 228
1 100
166 265
83 182
43 142
10 109
63 162
71 170
87 186
84 183
6 105
108 207
47 146
63 162
78 177
185 284
175 274
57 156
153 252
43 142
62 161
38 137
37 136
58 157
147 246
49 148
97 196
117 216
194 293
15 114
102 201
12 111
115 214
4 103
43 142
21 120
137 236
111 210
115 214
163 262
179 278
107 206
171 270
97 196
156 255
105 204
120 219
81 180
181 280
97 196
135 234
177 276
85 184
37 136
127 226
172 271
188 287
145 244
105 204
62 161
106 205
79 178
90 189
20 119
38 137
89 188
98 197
93 192
51 150
126 225
183 282
100 199
81 180
137 236
159 258
67 166
78 177
37 136
1 100
65 164
191 290
106 205
132 231
98 197
178 277
38 137
182 281
172 271
193 292
69 168
125 224
37 136
3 102
3 102
166 265
107 206
170 269
197 296
43 142
17 116
105 204
109 208
22 121
83 182
140 239
57 156
42 141
173 272
33 132
183 282
7 106
102 201
139 238
15 114
15 114
6 105
4 103
82 181
69 168
101 200
11 110
166 265
187 286
150 249
68 167
97 196
24 123
93 192
25 124
185 284
151 250
65 164
188 287
90 189
9 108
97 196
3 102
150 249
174 273
31 130
45 144
121 220
35 134
123 222
64 163
185 284
30 129
128 227
144 243
173 272
138 237
88 187
44 143
115 214
129 228
95 194
47 146
95 194
122 221
103 202
50 149
65 164
194 293
120 219
42 141
84 183
93 192
96 195
117 216
92 191
180 279
75 174
60 159
189 288
76 175
148 247
86 185
112 211
189 288
183 282
108 207
33 132
102 201
156 255
134 233
5 104
51 150
87 186
177 276
40 139
53 152
82 181
32 131
154 253
18 117
97 196
73 172
118 217
1 100
126 225
166 265
37 136
148 247
15 114
183 282
73 172
89 188
88 187
32 131
39 138
61 160
178 277
191 290
163 262
18 117
127 226
65 164
66 165
53 152
152 251
31 130
15 114
135 234
2 101
184 283
181 280
145 244
140 239
136 235
45 144
192 291
52 151
96 195
67 166
185 284
82 181
190 289
110 209
75 174
170 269
62 161
111 210
70 169
171 270
18 117
158 257
6 105
60 159
24 123
36 135
181 280
64 163
144 243
19 118
174 273
182 281
91 190
67 166
2 101
85 184
135 234
188 287
75 174
17 116
138 237
63 162
141 240
165 264
132 231
54 153
42 141
96 195
153 252
26 125
51 150
100 199
115 214
12 111
63 162
137 236
8 107
85 184
192 291
28 127
144 243
80 179
107 206
4 103
87 186
54 153
71 170
184 283
51 150
139 238
57 156
179 278
106 205
103 202
96 195
163 262
161 260
135 234
7 106
87 186
28 127
165 264
53 152
195 294
122 221
25 124
19 118
8 107
142 241
42 141
173 272
148 247
54 153
13 112
168 267
124 223
98 197
89 188
154 253
5 104
159 258
102 201
26 125
176 275
92 191
95 194
139 238
169 268
87 186
188 287
57 156
20 119
49 148
97 196
119 218
170 269
127 226
163 262
123 222
60 159
180 279
42 141
190 289
164 263
87 186
37 136
29 128
28 127
105 204
71 170
34 133
114 213
73 172
36 135
122 221
14 113
167 266
72 171
81 180
162 261
3 102
153 252
3 102
133 232
107 206
168 267
1 100
103 202
58 157
90 189
18 117
90 189
80 179
132 231
93 192
137 236
101 200
142 241
191 290
91 190
163 262
129 228
16 115
92 191
151 250
185 284
123 222
170 269
57 156
68 167
7 106
115 214
93 192
107 206
36 135
19 118
7 106
112 211
138 237
105 204
171 270
165 264
132 231
85 184
11 110
84 183
35 134
147 246
100 199
9 108
187 286
70 169
59 158
194 293
191 290
46 145
10 109
108 207
11 110
63 162
162 261
182 281
100 199
58 157
2 101
43 142
151 250
60 159
113 212
86 185
53 152
94 193
157 256
193 292
6 105
47 146
161 260
2 101
89 188
1 100
157 256
194 293
189 288
111 210
158 257
136 235
4 103
28 127
16 115
74 173
29 128
61 160
191 290
8 107
177 276
47 146
175 274
65 164
89 188
174 273
184 283
53 152
6 105
81 180
71 170
39 138
177 276
40 139
38 137
17 116
190 289
20 119
16 115
159 258
29 128
18 117
64 163
17 116
122 221
96 195
187 286
55 154
29 128
10 109
81 180
43 142
29 128
153 252
55 154
137 236
184 283
37 136
62 161
122 221
44 143
36 135
185 284
111 210
19 118
130 229
163 262
184 283
27 126
180 279
132 231
156 255
186 285
130 229
24 123
92 191
58 157
145 244
40 139
53 152
119 218
177 276
38 137
93 192
124 223
168 267
146 245
72 171
178 277
25 124
102 201
28 127
123 222
169 268
173 272
95 194
130 229
166 265
25 124
41 140
158 257
89 188
165 264
33 132
81 180
54 153
89 188
23 122
164 263
40 139
82 181
103 202
115 214
153 252
64 163
90 189
151 250
63 162
113 212
71 170
134 233
1 100
43 142
152 251
3 102
189 288
16 115
112 211
119 218
34 133
89 188
138 237
62 161
167 266
107 206
145 244
194 293
184 283
193 292
156 255
104 203
37 136
34 133
42 141
166 265
186 285
55 154
88 187
66 165
137 236
62 161
98 197
114 213
139 238
73 172
129 228
68 167
18 117
188 287
147 246
178 277
50 149
125 224
98 197
105 204
60 159
32 131
194 293
191 290
171 270
194 293
34 133
165 264
138 237
117 216
47 146
45 144
21 120
147 246
42 141
67 166
141 240
99 198
67 166
166 265
45 144
18 117
123 222
46 145
10 109
84 183
110 209
51 150
92 191
100 199
71 170
97 196
29 128
91 190
154 253
178 277
107 206
110 209
189 288
39 138
167 266
64 163
140 239
173 272
163 262
120 219
25 124
13 112
40 139
80 179
111 210
119 218
65 164
117 216
36 135
179 278
157 256
96 195
10 109
93 192
122 221
156 255
70 169
20 119
32 131
61 160
172 271
8 107
193 292
156 255
144 243
172 271
126 225
142 241
24 123
187 286
153 252
30 129
183 282
67 166
190 289
28 127
6 105
112 211
152 251
172 271
119 218
67 166
16 115
102 201
175 274
31 130
14 113
58 157
197 296
142 241
131 230
85 184
176 275
169 268
124 223
108 207
143 242
116 215
35 134
82 181
122 221
145 244
197 296
139 238
18 117
45 144
30 129
95 194
18 117
58 157
107 206
75 174
174 273
50 149
44 143
38 137
113 212
83 182
53 152
175 274
123 222
44 143
158 257
115 214
145 244
97 196
52 151
93 192
179 278
9 108
1 100
121 220
38 137
155 254
45 144
84 183
127 226
12 111
180 279
19 118
105 204
182 281
66 165
170 269
91 190
73 172
155 254
58 157
35 134
181 280
179 278
104 203
69 168
15 114
42 141
55 154
66 165
144 243
27 126
73 172
157 256
157 256
54 153
106 205
72 171
151 250
100 199
171 270
102 201
116 215
153 252
71 170
149 248
46 145
182 281
61 160
61 160
186 285
1 100
10 109
66 165
183 282
30 129
20 119
197 296
120 219
69 168
143 242
156 255
7 106
75 174
41 140
156 255
106 205
162 261
144 243
76 175
9 108
133 232
162 261
57 156
146 245
140 239
73 172
32 131
131 230
38 137
21 120
13 112
172 271
139 238
167 266
39 138
126 225
126 225
7 106
170 269
187 286
43 142
188 287
152 251
117 216
130 229
146 245
19 118
90 189
6 105
143 242
181 280
160 259
171 270
84 183
22 121
176 275
165 264
144 243
8 107
149 248
18 117
135 234
180 279
47 146
184 283
116 215
163 262
196 295
195 294
48 147
129 228
71 170
160 259
54 153
172 271
148 247
174 273
179 278
1 100
188 287
27 126
54 153
80 179
128 227
3 102
32 131
184 283
119 218
0 99
8 107
30 129
35 134
43 142
114 213
64 163
85 184
26 125
39 138
81 180
197 296
92 191
78 177
44 143
61 160
67 166
151 250
80 179
167 266
196 295
168 267
169 268
50 149
78 177
119 218
135 234
162 261
179 278
143 242
142 241
10 109
150 249
72 171
194 293
163 262
163 262
38 137
72 171
104 203
181 280
92 191
179 278
102 201
80 179
65 164
72 171
69 168
134 233
17 116
167 266
32 131
13 112
94 193
195 294
169 268
1 100
81 180
88 187
127 226
46 145
91 190
196 295
167 266
66 165
95 194
165 264
164 263
109 208
36 135
86 185
128 227
96 195
185 284
20 119
114 213
125 224
185 284
32 131
108 207
49 148
187 286
189 288
112 211
195 294
124 223
10 109
148 247
33 132
156 255
76 175
99 198
14 113
58 157
115 214
35 134
111 210
94 193
73 172
73 172
42 141
50 149
110 209
118 217
190 289
16 115
109 208
68 167
110 209
39 138
155 254
103 202
44 143
1 100
181 280
110 209
157 256
26 125
34 133
38 137
100 199
177 276
77 176
39 138
100 199
89 188
31 130
187 286
55 154
148 247
155 254
29 128
134 233
175 274
175 274
145 244
173 272
1 100
40 139
27 126
140 239
135 234
48 147
150 249
115 214
31 130
29 128
5 104
167 266
148 247
185 284
76 175
64 163
170 269
157 256
63 162
11 110
41 140
54 153
3 102
66 165
86 185
161 260
103 202
176 275
138 237
13 112
141 240
19 118
75 174
186 285
115 214
124 223
58 157
85 184
153 252
44 143
34 133
102 201
103 202
41 140
91 190
182 281
34 133
193 292
59 158
179 278
129 228
3 102
84 183
193 292
3 102
192 291
189 288
161 260
75 174
170 269
100 199
77 176
60 159
8 107
132 231
64 163
56 155
176 275
164 263
195 294
76 175
125 224
174 273
15 114
62 161
5 104
140 239
144 243
65 164
16 115
28 127
66 165
170 269
62 161
162 261
36 135
140 239
40 139
97 196
160 259
19 118
163 262
188 287
74 173
195 294
150 249
38 137
80 179
95 194
91 190
44 143
134 233
170 269
133 232
91 190
68 167
64 163
87 186
190 289
179 278
113 212
48 147
104 203
86 185
21 120
99 198
141 240
62 161
195 294
191 290
141 240
121 220
67 166
158 257
134 233
118 217
119 218
46 145
1 100
141 240
6 105
152 251
33 132
91 190
164 263
132 231
133 232
122 221
162 261
150 249
164 263
111 210
49 148
4 103
163 262
165 264
67 166
129 228
162 261
60 159
178 277
119 218
157 256
9 108
73 172
18 117
180 279
122 221
108 207
98 197
104 203
2 101
110 209
87 186
57 156
46 145
111 210
191 290
60 159
184 283
163 262
38 137
28 127
2 101
196 295
109 208
85 184
170 269
101 200
55 154
103 202
76 175
119 218
176 275
25 124
18 117
12 111
135 234
132 231
24 123
146 245
72 171
52 151
101 200
115 214
58 157
59 158
13 112
174 273
194 293
0 99
58 157
115 214
125 224
103 202
46 145
97 196
168 267
66 165
103 202
20 119
109 208
158 257
157 256
171 270
196 295
176 275
75 174
114 213
168 267
110 209
182 281
53 152
156 255
47 146
188 287
144 243
141 240
81 180
59 158
68 167
184 283
192 291
60 159
74 173
43 142
52 151
109 208
69 168
76 175
190 289
186 285
197 296
116 215
43 142
60 159
132 231
104 203
1 100
73 172
64 163
20 119
10 109
59 158
140 239
148 247
116 215
81 180
90 189
2 101
11 110
44 143
7 106
68 167
158 257
105 204
87 186
114 213
7 106
10 109
103 202
172 271
147 246
174 273
197 296
194 293
155 254
67 166
117 216
184 283
43 142
123 222
190 289
10 109
40 139
88 187
34 133
157 256
75 174
19 118
151 250
181 280
184 283
190 289
171 270
16 115
140 239
145 244
69 168
43 142
48 147
145 244
185 284
183 282
17 116
11 110
37 136
59 158
122 221
74 173
193 292
18 117
70 169
149 248
39 138
157 256
30 129
79 178
108 207
25 124
43 142
15 114
186 285
69 168
38 137
112 211
101 200
125 224
135 234
115 214
113 212
96 195
3 102
111 210
30 129
50 149
92 191
37 136
183 282
69 168
45 144
90 189
121 220
108 207
10 109
137 236
20 119
108 207
31 130
150 249
20 119
160 259
186 285
59 158
44 143
137 236
190 289
42 141
77 176
111 210
195 294
106 205
23 122
120 219
11 110
50 149
166 265
135 234
81 180
63 162
138 237
128 227
8 107
78 177
19 118
157 256
42 141
24 123
6 105
197 296
61 160
105 204
122 221
106 205
175 274
118 217
121 220
32 131
136 235
122 221
155 254
180 279
187 286
120 219
22 121
112 211
112 211
185 284
91 190
91 190
6 105
75 174
2 101
70 169
31 130
21 120
13 112
30 129
10 109
14 113
57 156
49 148
145 244
122 221
67 166
108 207
133 232
131 230
143 242
56 155
180 279
190 289
33 132
178 277
131 230
98 197
142 241
186 285
1 100
57 156
55 154
95 194
18 117
1 100
36 135
66 165
9 108
81 180
90 189
9 108
130 229
152 251
57 156
12 111
46 145
48 147
53 152
113 212
60 159
96 195
20 119
95 194
94 193
89 188
0 99
62 161
6 105
134 233
8 107
86 185
193 292
27 126
167 266
99 198
69 168
139 238
97 196
162 261
144 243
177 276
101 200
108 207
106 205
80 179
7 106
121 220
28 127
176 275
89 188
193 292
124 223
195 294
53 152
181 280
119 218
110 209
95 194
19 118
138 237
11 110
93 192
66 165
117 216
23 122
153 252
62 161
182 281
77 176
102 201
29 128
117 216
157 256
14 113
160 259
106 205
183 282
119 218
65 164
89 188
176 275
67 166
91 190
19 118
19 118
97 196
134 233
97 196
77 176
122 221
124 223
147 246
134 233
23 122
117 216
192 291
103 202
195 294
63 162
78 177
57 156
171 270
4 103
21 120
154 253
65 164
162 261
55 154
32 131
134 233
111 210
118 217
94 193
92 191
133 232
11 110
138 237
100 199
80 179
17 116
117 216
73 172
156 255
88 187
146 245
107 206
186 285
10 109
6 105
130 229
167 266
103 202
106 205
126 225
159 258
51 150
102 201
49 148
81 180
124 223
35 134
11 110
12 111
90 189
92 191
82 181
21 120
81 180
171 270
148 247
105 204
87 186
40 139
188 287
151 250
142 241
186 285
139 238
177 276
124 223
70 169
77 176
151 250
30 129
24 123
8 107
29 128
51 150
87 186
121 220
144 243
21 120
126 225
191 290
65 164
138 237
50 149
122 221
5 104
13 112
87 186
18 117
0 99
155 254
38 137
157 256
126 225
186 285
179 278
124 223
194 293
123 222
51 150
185 284
64 163
38 137
166 265
122 221
128 227
60 159
115 214
169 268
13 112
125 224
194 293
11 110
174 273
154 253
38 137
177 276
111 210
60 159
81 180
63 162
52 151
96 195
1 100
141 240
35 134
109 208
97 196
105 204
33 132
160 259
12 111
88 187
128 227
44 143
173 272
62 161
122 221
51 150
189 288
80 179
48 147
33 132
22 121
86 185
93 192
131 230
181 280
148 247
151 250
179 278
135 234
75 174
90 189
31 130
72 171
107 206
128 227
137 236
131 230
194 293
75 174
129 228
141 240
117 216
13 112
80 179
185 284
159 258
74 173
145 244
97 196
74 173
116 215
19 118
152 251
164 263
193 292
183 282
1 100
168 267
170 269
25 124
77 176
197 296
34 133
34 133
45 144
191 290
154 253
63 162
56 155
22 121
171 270
65 164
79 178
12 111
182 281
29 128
18 117
145 244
176 275
197 296
93 192
190 289
188 287
28 127
22 121
65 164
132 231
143 242
119 218
135 234
52 151
42 141
17 116
143 242
69 168
145 244
110 209
126 225
109 208
5 104
77 176
11 110
25 124
111 210
82 181
59 158
50 149
91 190
188 287
152 251
96 195
78 177
50 149
23 122
120 219
161 260
184 283
191 290
70 169
171 270
31 130
162 261
57 156
122 221
59 158
152 251
29 128
26 125
83 182
178 277
62 161
94 193
18 117
73 172
47 146
40 139
43 142
98 197
99 198
44 143
144 243
84 183
175 274
22 121
74 173
34 133
166 265
83 182
155 254
62 161
12 111
50 149
16 115
62 161
195 294
82 181
82 181
23 122
61 160
167 266
2 101
50 149
164 263
130 229
35 134
95 194
72 171
193 292
50 149
173 272
56 155
164 263
98 197
81 180
43 142
151 250
104 203
51 150
30 129
132 231
124 223
139 238
160 259
162 261
126 225
174 273
118 217
113 212
177 276
63 162
133 232
130 229
70 169
95 194
181 280
56 155
158 257
121 220
28 127
113 212
165 264
16 115
58 157
172 271
188 287
179 278
127 226
186 285
51 150
168 267
171 270
15 114
87 186
36 135
118 217
57 156
0 99
185 284
114 213
92 191
19 118
71 170
136 235
126 225
27 126
16 115
94 193
188 287
103 202
51 150
139 238
64 163
147 246
35 134
81 180
169 268
89 188
122 221
55 154
160 259
134 233
102 201
188 287
39 138
132 231
87 186
56 155
8 107
195 294
68 167
171 270
119 218
24 123
101 200
89 188
32 131
50 149
110 209
102 201
78 177
102 201
113 212
16 115
132 231
146 245
86 185
105 204
184 283
77 176
187 286
156 255
70 169
42 141
74 173
186 285
181 280
45 144
133 232
3 102
168 267
3 102
41 140
186 285
129 228
185 284
127 226
83 182
8 107
197 296
43 142
148 247
6 105
162 261
0 99
76 175
10 109
96 195
93 192
47 146
68 167
72 171
196 295
137 236
183 282
111 210
10 109
146 245
172 271
129 228
5 104
101 200
3 102
91 190
132 231
82 181
24 123
55 154
174 273
76 175
175 274
105 204
36 135
131 230
52 151
69 168
36 135
179 278
182 281
121 220
125 224
13 112
109 208
147 246
107 206
36 135
179 278
45 144
2 101
46 145
121 220
62 161
23 122
157 256
196 295
47 146
121 220
126 225
58 157
150 249
86 185
17 116
115 214
67 166
50 149
183 282
61 160
100 199
171 270
180 279
87 186
15 114
147 246
14 113
9 108
119 218
125 224
184 283
125 224
115 214
62 161
94 193
73 172
178 277
117 216
142 241
183 282
72 171
45 144
182 281
192 291
75 174
195 294
100 199
39 138
66 165
154 253
123 222
116 215
80 179
43 142
141 240
55 154
86 185
23 122
41 140
46 145
72 171
78 177
191 290
143 242
9 108
22 121
43 142
37 136
53 152
110 209
94 193
69 168
151 250
178 277
44 143
27 126
114 213
25 124
129 228
167 266
97 196
189 288
2 101
105 204
23 122
115 214
95 194
80 179
54 153
78 177
52 151
105 204
98 197
122 221
74 173
106 205
16 115
183 282
100 199
180 279
117 216
23 122
173 272
196 295
135 234
138 237
154 253
149 248
102 201
23 122
37 136
186 285
21 120
132 231
46 145
2 101
88 187
74 173
96 195
52 151
9 108
16 115
155 254
191 290
24 123
135 234
108 207
86 185
41 140
153 252
196 295
94 193
152 251
140 239
24 123
12 111
167 266
147 246
86 185
154 253
131 230
88 187
77 176
174 273
11 110
130 229
31 130
90 189
17 116
17 116
124 223
69 168
54 153
54 153
142 241
77 176
39 138
116 215
157 256
129 228
67 166
66 165
103 202
66 165
14 113
23 122
178 277
25 124
91 190
7 106
141 240
193 292
169 268
144 243
30 129
130 229
23 122
77 176
154 253
65 164
155 254
95 194
166 265
187 286
107 206
65 164
104 203
12 111
90 189
38 137
197 296
18 117
174 273
10 109
192 291
90 189
191 290
157 256
153 252
183 282
105 204
189 288
18 117
111 210
121 220
100 199
148 247
72 171
172 271
58 157
59 158
127 226
140 239
186 285
171 270
157 256
96 195
172 271
155 254
95 194
70 169
129 228
180 279
124 223
80 179
121 220
193 292
14 113
102 201
74 173
186 285
116 215
147 246
29 128
160 259
123 222
171 270
113 212
25 124
93 192
35 134
188 287
4 103
174 273
51 150
95 194
116 215
138 237
128 227
13 112
122 221
78 177
189 288
141 240
170 269
55 154
123 222
144 243
17 116
127 226
70 169
10 109
110 209
135 234
178 277
117 216
132 231
184 283
150 249
48 147
105 204
51 150
179 278
25 124
25 124
45 144
135 234
49 148
58 157
12 111
153 252
33 132
174 273
134 233
123 222
52 151
84 183
144 243
1 100
18 117
2 101
91 190
171 270
178 277
86 185
8 107
51 150
7 106
29 128
52 151
73 172
118 217
56 155
78 177
112 211
141 240
91 190
59 158
133 232
175 274
155 254
195 294
73 172
97 196
154 253
179 278
179 278
187 286
110 209
155 254
8 107
128 227
178 277
68 167
92 191
138 237
46 145
10 109
21 120
170 269
140 239
98 197
61 160
196 295
35 134
74 173
165 264
79 178
124 223
29 128
83 182
82 181
161 260
76 175
8 107
112 211
55 154
125 224
169 268
138 237
74 173
54 153
28 127
99 198
177 276
111 210
10 109
51 150
45 144
185 284
157 256
151 250
71 170
129 228
16 115
94 193
124 223
120 219
115 214
145 244
61 160
194 293
170 269
29 128
118 217
119 218
125 224
85 184
120 219
32 131
177 276
95 194
35 134
44 143
184 283
13 112
67 166
119 218
37 136
194 293
99 198
24 123
80 179
37 136
97 196
95 194
89 188
138 237
139 238
131 230
16 115
190 289
110 209
105 204
101 200
44 143
62 161
66 165
121 220
183 282
178 277
31 130
27 126
136 235
47 146
132 231
103 202
126 225
92 191
6 105
118 217
148 247
77 176
119 218
149 248
111 210
127 226
72 171
80 179
51 150
188 287
81 180
137 236
159 258
189 288
119 218
149 248
150 249
81 180
46 145
144 243
134 233
144 243
93 192
83 182
116 215
1 100
176 275
37 136
197 296
143 242
38 137
123 222
57 156
109 208
9 108
71 170
156 255
128 227
51 150
27 126
95 194
36 135
96 195
197 296
16 115
59 158
167 266
95 194
82 181
124 223
109 208
31 130
64 163
104 203
194 293
173 272
72 171
145 244
101 200
34 133
162 261
155 254
50 149
152 251
192 291
1 100
73 172
42 141
42 141
183 282
153 252
63 162
24 123
173 272
15 114
89 188
194 293
33 132
27 126
46 145
85 184
87 186
111 210
173 272
136 235
151 250
192 291
52 151
46 145
110 209
175 274
63 162
132 231
31 130
82 181
166 265
74 173
44 143
46 145
31 130
123 222
73 172
49 148
3 102
72 171
190 289
187 286
7 106
151 250
159 258
44 143
151 250
110 209
122 221
3 102
187 286
180 279
12 111
108 207
115 214
26 125
131 230
14 113
82 181
173 272
26 125
44 143
9 108
26 125
15 114
9 108
184 283
8 107
180 279
153 252
55 154
39 138
37 136
4 103
87 186
16 115
107 206
154 253
196 295
175 274
108 207
128 227
67 166
10 109
128 227
53 152
156 255
163 262
48 147
173 272
131 230
96 195
119 218
20 119
183 282
104 203
49 148
109 208
150 249
181 280
185 284
10 109
153 252
176 275
143 242
85 184
148 247
174 273
72 171
136 235
73 172
171 270
197 296
150 249
125 224
170 269
88 187
122 221
135 234
15 114
34 133
154 253
51 150
113 212
104 203
32 131
133 232
113 212
97 196
122 221
6 105
110 209
141 240
94 193
112 211
96 195
181 280
130 229
0 99
60 159
189 288
118 217
16 115
183 282
73 172
160 259
38 137
196 295
136 235
21 120
100 199
182 281
104 203
77 176
182 281
161 260
150 249
73 172
49 148
36 135
99 198
161 260
33 132
174 273
149 248
11 110
9 108
82 181
179 278
45 144
82 181
97 196
106 205
144 243
84 183
37 136
55 154
157 256
85 184
124 223
138 237
146 245
98 197
32 131
196 295
56 155
62 161
124 223
19 118
20 119
181 280
59 158
103 202
67 166
170 269
95 194
10 109
13 112
4 103
43 142
175 274
103 202
41 140
173 272
112 211
25 124
28 127
7 106
196 295
141 240
96 195
145 244
79 178
124 223
29 128
142 241
21 120
21 120
113 212
79 178
48 147
120 219
59 158
48 147
162 261
31 130
54 153
114 213
116 215
58 157
63 162
165 264
110 209
27 126
134 233
134 233
146 245
192 291
168 267
58 157
141 240
195 294
2 101
110 209
195 294
47 146
6 105
78 177
159 258
174 273
81 180
86 185
13 112
29 128
38 137
119 218
106 205
177 276
42 141
163 262
171 270
99 198
61 160
177 276
138 237
99 198
29 128
186 285
173 272
1 100
100 199
27 126
83 182
153 252
181 280
83 182
187 286
146 245
50 149
33 132
81 180
178 277
107 206
197 296
134 233
114 213
21 120
92 191
191 290
157 256
95 194
101 200
18 117
44 143
82 181
28 127
124 223
177 276
60 159
119 218
52 151
30 129
173 272
82 181
27 126
131 230
72 171
52 151
158 257
153 252
136 235
6 105
76 175
191 290
104 203
54 153
64 163
187 286
15 114
15 114
74 173
151 250
94 193
156 255
131 230
123 222
104 203
42 141
137 236
153 252
180 279
93 192
129 228
129 228
135 234
20 119
141 240
120 219
96 195
134 233
178 277
133 232
100 199
43 142
37 136
62 161
178 277
11 110
53 152
109 208
56 155
84 183
111 210
153 252
0 99
40 139
133 232
181 280
125 224
144 243
158 257
82 181
166 265
84 183
195 294
86 185
59 158
37 136
134 233
36 135
159 258
46 145
158 257
79 178
36 135
116 215
29 128
187 286
78 177
30 129
43 142
196 295
61 160
173 272
120 219
122 221
50 149
14 113
157 256
90 189
40 139
54 153
185 284
179 278
58 157
153 252
152 251
175 274
68 167
143 242
149 248
43 142
112 211
171 270
18 117
18 117
15 114
176 275
158 257
56 155
23 122
2 101
61 160
112 211
182 281
148 247
173 272
19 118
72 171
143 242
50 149
116 215
138 237
0 99
134 233
38 137
180 279
155 254
26 125
35 134
93 192
176 275
9 108
81 180
64 163
118 217
126 225
43 142
161 260
167 266
190 289
24 123
189 288
110 209
184 283
4 103
3 102
102 201
172 271
137 236
26 125
11 110
63 162
84 183
89 188
79 178
49 148
159 258
155 254
35 134
137 236
174 273
86 185
109 208
88 187
32 131
47 146
141 240
24 123
51 150
41 140
79 178
15 114
123 222
34 133
156 255
34 133
157 256
7 106
60 159
160 259
92 191
155 254
55 154
148 247
27 126
150 249
167 266
183 282
107 206
12 111
86 185
126 225
69 168
162 261
150 249
79 178
140 239
157 256
23 122
23 122
157 256
185 284
174 273
1 100
70 169
54 153
93 192
15 114
66 165
42 141
120 219
8 107
156 255
189 288
80 179
60 159
120 219
123 222
58 157
143 242
10 109
29 128
102 201
87 186
88 187
87 186
144 243
100 199
11 110
159 258
189 288
1 100
64 163
51 150
84 183
163 262
181 280
126 225
17 116
105 204
143 242
55 154
55 154
120 219
127 226
47 146
99 198
87 186
158 257
8 107
148 247
98 197
65 164
166 265
197 296
131 230
17 116
167 266
187 286
72 171
58 157
70 169
54 153
134 233
137 236
114 213
85 184
113 212
125 224
116 215
14 113
148 247
163 262
163 262
171 270
110 209
105 204
82 181
81 180
6 105
32 131
56 155
184 283
38 137
132 231
182 281
51 150
16 115
119 218
10 109
8 107
19 118
145 244
138 237
144 243
155 254
56 155
112 211
0 99
128 227
98 197
29 128
163 262
108 207
122 221
35 134
135 234
97 196
65 164
162 261
86 185
22 121
142 241
135 234
90 189
106 205
188 287
46 145
183 282
131 230
196 295
73 172
76 175
173 272
120 219
124 223
48 147
180 279
147 246
117 216
43 142
72 171
48 147
166 265
152 251
27 126
157 256
75 174
115 214
149 248
18 117
166 265
163 262
99 198
24 123
107 206
116 215
25 124
71 170
146 245
15 114
104 203
114 213
187 286
132 231
123 222
81 180
8 107
89 188
184 283
82 181
173 272
4 103
165 264
183 282
77 176
150 249
153 252
3 102
134 233
58 157
193 292
129 228
184 283
132 231
170 269
144 243
75 174
129 228
174 273
165 264
126 225
28 127
21 120
30 129
144 243
100 199
78 177
22 121
176 275
79 178
44 143
152 251
121 220
26 125
185 284
174 273
45 144
190 289
91 190
77 176
19 118
108 207
90 189
125 224
170 269
117 216
56 155
57 156
0 99
36 135
70 169
2 101
125 224
116 215
154 253
53 152
108 207
17 116
136 235
115 214
187 286
64 163
81 180
183 282
157 256
65 164
30 129
72 171
97 196
85 184
176 275
57 156
134 233
5 104
115 214
73 172
71 170
154 253
184 283
78 177
138 237
104 203
158 257
34 133
141 240
22 121
62 161
83 182
106 205
117 216
7 106
76 175
19 118
166 265
79 178
109 208
3 102
144 243
31 130
5 104
141 240
64 163
192 291
42 141
136 235
80 179
117 216
100 199
77 176
119 218
21 120
49 148
68 167
23 122
140 239
190 289
15 114
109 208
8 107
165 264
13 112
59 158
14 113
5 104
195 294
94 193
140 239
92 191
158 257
111 210
128 227
187 286
79 178
93 192
44 143
193 292
138 237
138 237
41 140
40 139
148 247
142 241
14 113
104 203
182 281
79 178
86 185
190 289
164 263
171 270
135 234
72 171
177 276
135 234
179 278
60 159
192 291
173 272
181 280
196 295
12 111
56 155
172 271
192 291
85 184
187 286
12 111
67 166
172 271
194 293
48 147
117 216
7 106
180 279
93 192
32 131
189 288
165 264
162 261
133 232
197 296
45 144
43 142
1 100
64 163
139 238
181 280
40 139
47 146
67 166
83 182
188 287
18 117
191 290
8 107
110 209
30 129
188 287
181 280
189 288
0 99
77 176
76 175
115 214
104 203
88 187
98 197
8 107
46 145
157 256
38 137
128 227
174 273
59 158
166 265
138 237
28 127
34 133
161 260
159 258
93 192
167 266
14 113
142 241
67 166
181 280
138 237
17 116
82 181
194 293
2 101
140 239
56 155
145 244
128 227
50 149
120 219
140 239
70 169
99 198
67 166
16 115
18 117
62 161
19 118
99 198
40 139
183 282
173 272
104 203
146 245
1 100
37 136
142 241
9 108
47 146
28 127
49 148
114 213
134 233
103 202
87 186
37 136
3 102
114 213
113 212
117 216
3 102
193 292
136 235
128 227
125 224
72 171
171 270
18 117
49 148
122 221
37 136
4 103
163 262
178 277
71 170
110 209
136 235
136 235
151 250
4 103
43 142
165 264
188 287
197 296
173 272
184 283
184 283
87 186
75 174
107 206
19 118
178 277
158 257
146 245
182 281
68 167
195 294
162 261
38 137
52 151
191 290
36 135
170 269
60 159
138 237
197 296
73 172
68 167
90 189
139 238
129 228
89 188
142 241
157 256
96 195
164 263
34 133
7 106
80 179
35 134
60 159
148 247
118 217
100 199
51 150
176 275
171 270
58 157
55 154
36 135
13 112
86 185
127 226
192 291
197 296
52 151
77 176
18 117
97 196
172 271
106 205
39 138
58 157
85 184
52 151
6 105
24 123
100 199
128 227
172 271
45 144
114 213
129 228
155 254
80 179
162 261
29 128
44 143
7 106
146 245
155 254
41 140
100 199
135 234
23 122
90 189
0 99
167 266
161 260
103 202
37 136
84 183
40 139
16 115
179 278
60 159
83 182
56 155
157 256
21 120
29 128
121 220
77 176
54 153
147 246
46 145
113 212
5 104
39 138
2 101
167 266
90 189
127 226
25 124
1 100
118 217
53 152
120 219
58 157
89 188
42 141
151 250
24 123
62 161
163 262
156 255
16 115
2 101
138 237
194 293
195 294
151 250
141 240
106 205
119 218
179 278
176 275
87 186
102 201
81 180
68 167
115 214
138 237
162 261
165 264
116 215
120 219
193 292
184 283
193 292
37 136
177 276
190 289
76 175
145 244
184 283
159 258
184 283
10 109
67 166
138 237
39 138
68 167
134 233
83 182
112 211
36 135
136 235
90 189
57 156
60 159
87 186
100 199
183 282
76 175
167 266
142 241
190 289
17 116
126 225
90 189
88 187
0 99
178 277
124 223
39 138
2 101
0 99
191 290
82 181
184 283
159 258
41 140
4 103
152 251
103 202
34 133
1 100
140 239
127 226
7 106
120 219
126 225
154 253
62 161
23 122
175 274
149 248
10 109
144 243
190 289
54 153
18 117
106 205
56 155
96 195
71 170
138 237
72 171
117 216
187 286
122 221
148 247
102 201
84 183
16 115
142 241
162 261
57 156
115 214
2 101
172 271
197 296
35 134
90 189
13 112
94 193
36 135
54 153
19 118
125 224
72 171
152 251
100 199
114 213
56 155
123 222
50 149
67 166
11 110
22 121
175 274
10 109
193 292
181 280
15 114
170 269
33 132
19 118
80 179
194 293
195 294
13 112
193 292
184 283
107 206
110 209
70 169
114 213
116 215
171 270
154 253
104 203
191 290
189 288
183 282
191 290
3 102
144 243
193 292
14 113
187 286
114 213
43 142
196 295
166 265
55 154
152 251
165 264
100 199
25 124
15 114
151 250
140 239
177 276
156 255
79 178
182 281
7 106
106 205
74 173
31 130
14 113
133 232
103 202
14 113
32 131
59 158
126 225
96 195
23 122
5 104
136 235
107 206
175 274
60 159
166 265
89 188
35 134
122 221
107 206
179 278
137 236
113 212
56 155
81 180
182 281
27 126
61 160
28 127
59 158
53 152
14 113
1 100
42 141
18 117
35 134
17 116
34 133
81 180
99 198
66 165
150 249
83 182
165 264
19 118
57 156
99 198
11 110
24 123
74 173
38 137
93 192
97 196
36 135
105 204
52 151
145 244
152 251
130 229
70 169
14 113
166 265
105 204
183 282
73 172
181 280
83 182
59 158
17 116
91 190
18 117
153 252
100 199
74 173
63 162
164 263
51 150
128 227
11 110
118 217
123 222
36 135
66 165
170 269
87 186
68 167
2 101
190 289
151 250
44 143
156 255
88 187
72 171
27 126
0 99
135 234
181 280
103 202
152 251
20 119
153 252
21 120
113 212
78 177
92 191
8 107
123 222
185 284
113 212
182 281
160 259
53 152
197 296
152 251
72 171
121 220
87 186
115 214
34 133
133 232
163 262
82 181
73 172
95 194
23 122
193 292
131 230
194 293
132 231
99 198
140 239
86 185
64 163
78 177
191 290
42 141
100 199
44 143
75 174
93 192
179 278
153 252
155 254
137 236
105 204
128 227
69 168
57 156
84 183
2 101
80 179
160 259
110 209
89 188
50 149
160 259
135 234
3 102
96 195
114 213
80 179
18 117
144 243
158 257
15 114
159 258
41 140
123 222
79 178
49 148
114 213
92 191
46 145
118 217
69 168
145 244
130 229
141 240
90 189
88 187
195 294
24 123
135 234
115 214
170 269
65 164
112 211
139 238
160 259
156 255
70 169
158 257
47 146
186 285
108 207
112 211
118 217
60 159
88 187
66 165
60 159
120 219
96 195
42 141
177 276
150 249
121 220
55 154
29 128
61 160
33 132
145 244
122 221
63 162
178 277
68 167
22 121
13 112
96 195
137 236
57 156
128 227
52 151
103 202
61 160
5 104
57 156
71 170
59 158
155 254
64 163
127 226
195 294
103 202
168 267
197 296
61 160
50 149
110 209
108 207
190 289
35 134
88 187
3 102
97 196
120 219
71 170
182 281
185 284
173 272
163 262
67 166
118 217
12 111
190 289
103 202
63 162
145 244
37 136
182 281
146 245
158 257
90 189
87 186
105 204
166 265
82 181
127 226
28 127
16 115
112 211
94 193
86 185
161 260
114 213
101 200
39 138
59 158
27 126
121 220
73 172
192 291
68 167
49 148
113 212
61 160
47 146
62 161
45 144
166 265
50 149
170 269
179 278
139 238
41 140
17 116
195 294
90 189
188 287
127 226
182 281
176 275
15 114
153 252
98 197
4 103
40 139
17 116
30 129
87 186
155 254
129 228
51 150
56 155
127 226
12 111
182 281
168 267
186 285
160 259
60 159
80 179
77 176
100 199
174 273
29 128
24 123
122 221
72 171
137 236
122 221
73 172
192 291
80 179
178 277
80 179
122 221
147 246
85 184
67 166
136 235
27 126
95 194
16 115
80 179
128 227
184 283
75 174
14 113
104 203
135 234
132 231
165 264
56 155
95 194
6 105
125 224
89 188
147 246
130 229
55 154
29 128
108 207
116 215
188 287
17 116
16 115
123 222
118 217
178 277
67 166
89 188
195 294
67 166
197 296
143 242
26 125
107 206
0 99
126 225
188 287
69 168
23 122
51 150
93 192
36 135
99 198
131 230
132 231
139 238
10 109
100 199
89 188
54 153
19 118
140 239
31 130
195 294
103 202
59 158
168 267
9 108
165 264
92 191
188 287
150 249
16 115
23 122
34 133
139 238
106 205
115 214
132 231
20 119
183 282
196 295
9 108
113 212
176 275
83 182
41 140
83 182
105 204
67 166
80 179
28 127
90 189
165 264
187 286
183 282
34 133
22 121
143 242
82 181
23 122
70 169
153 252
30 129
158 257
30 129
143 242
10 109
15 114
168 267
0 99
153 252
197 296
64 163
31 130
143 242
135 234
56 155
31 130
166 265
86 185
111 210
55 154
171 270
36 135
195 294
95 194
167 266
150 249
162 261
164 263
99 198
133 232
170 269
122 221
170 269
135 234
60 159
76 175
148 247
169 268
166 265
74 173
136 235
174 273
197 296
35 134
181 280
19 118
126 225
100 199
6 105
57 156
171 270
69 168
65 164
73 172
32 131
120 219
23 122
154 253
53 152
167 266
1 100
39 138
70 169
3 102
69 168
89 188
92 191
40 139
45 144
27 126
76 175
72 171
153 252
83 182
197 296
49 148
134 233
121 220
64 163
80 179
56 155
112 211
182 281
177 276
181 280
101 200
6 105
25 124
90 189
100 199
156 255
59 158
5 104
180 279
11 110
105 204
157 256
46 145
1 100
150 249
48 147
27 126
189 288
42 141
149 248
124 223
133 232
32 131
175 274
55 154
22 121
92 191
54 153
0 99
112 211
60 159
23 122
170 269
99 198
131 230
44 143
174 273
141 240
186 285
186 285
188 287
19 118
111 210
77 176
72 171
102 201
46 145
85 184
148 247
126 225
124 223
128 227
6 105
115 214
5 104
127 226
0 99
137 236
158 257
73 172
82 181
22 121
155 254
181 280
183 282
175 274
48 147
67 166
42 141
50 149
56 155
16 115
154 253
66 165
158 257
87 186
81 180
137 236
189 288
52 151
123 222
124 223
61 160
86 185
171 270
3 102
194 293
184 283
123 222
109 208
69 168
102 201
91 190
105 204
120 219
191 290
3 102
2 101
129 228
145 244
127 226
20 119
65 164
53 152
140 239
132 231
54 153
176 275
90 189
91 190
185 284
176 275
128 227
144 243
52 151
126 225
118 217
105 204
99 198
127 226
50 149
4 103
145 244
78 177
116 215
70 169
57 156
22 121
188 287
152 251
71 170
11 110
165 264
39 138
60 159
147 246
87 186
157 256
42 141
155 254
149 248
101 200
64 163
89 188
122 221
181 280
55 154
124 223
164 263
116 215
24 123
42 141
180 279
55 154
46 145
74 173
16 115
162 261
19 118
175 274
148 247
14 113
182 281
60 159
50 149
186 285
11 110
93 192
62 161
53 152
165 264
145 244
159 258
43 142
115 214
79 178
163 262
129 228
138 237
166 265
115 214
80 179
132 231
180 279
138 237
113 212
142 241
159 258
107 206
41 140
181 280
124 223
29 128
101 200
180 279
168 267
110 209
160 259
83 182
33 132
8 107
179 278
0 99
97 196
75 174
128 227
49 148
24 123
5 104
158 257
101 200
101 200
86 185
30 129
122 221
164 263
60 159
141 240
127 226
186 285
28 127
78 177
77 176
103 202
110 209
100 199
74 173
187 286
49 148
95 194
140 239
24 123
56 155
161 260
182 281
22 121
159 258
1 100
176 275
45 144
116 215
33 132
168 267
0 99
95 194
62 161
36 135
56 155
181 280
0 99
93 192
91 190
114 213
183 282
31 130
75 174
38 137
135 234
119 218
70 169
195 294
62 161
29 128
184 283
97 196
75 174
87 186
139 238
56 155
157 256
154 253
8 107
130 229
16 115
142 241
4 103
145 244
125 224
179 278
187 286
130 229
4 103
184 283
38 137
98 197
151 250
82 181
25 124
150 249
139 238
28 127
194 293
92 191
37 136
156 255
130 229
99 198
126 225
158 257
122 221
131 230
194 293
83 182
192 291
88 187
19 118
49 148
8 107
70 169
24 123
71 170
76 175
67 166
160 259
116 215
186 285
57 156
82 181
42 141
10 109
122 221
191 290
134 233
88 187
80 179
177 276
90 189
72 171
169 268
169 268
153 252
164 263
115 214
115 214
138 237
176 275
191 290
102 201
89 188
122 221
73 172
169 268
156 255
92 191
168 267
173 272
185 284
20 119
97 196
5 104
163 262
49 148
130 229
4 103
191 290
47 146
191 290
21 120
83 182
30 129
155 254
108 207
80 179
175 274
183 282
4 103
187 286
99 198
70 169
126 225
146 245
28 127
128 227
117 216
130 229
28 127
105 204
114 213
3 102
173 272
109 208
169 268
28 127
33 132
42 141
114 213
197 296
131 230
10 109
9 108
48 147
164 263
154 253
94 193
61 160
85 184
158 257
11 110
3 102
33 132
0 99
41 140
108 207
56 155
170 269
154 253
165 264
155 254
67 166
10 109
180 279
5 104
58 157
20 119
71 170
27 126
38 137
9 108
31 130
87 186
48 147
147 246
194 293
166 265
38 137
91 190
6 105
61 160
157 256
14 113
56 155
119 218
166 265
184 283
121 220
145 244
74 173
120 219
191 290
81 180
25 124
53 152
57 156
40 139
103 202
147 246
17 116
164 263
128 227
167 266
59 158
37;156504
187 286
1 100
73 172
197 296
31 130
122 221
29 128
131 230
142 241
12 111
71 170
106 205
42 141
51 150
32 131
103 202
178 277
48 147
11 110
105 204
60 159
142 241
32 131
153 252
129 228
92 191
58 157
71 170
135 234
133 232
118 217
11 110
171 270
17 116
54 153
104 203
53 152
182 281
154 253
151 250
190 289
167 266
158 257
49 148
45 144
154 253
11 110
164 263
148 247
123 222
185 284
116 215
17 116
180 279
140 239
40 139
171 270
109 208
123 222
132 231
174 273
60 159
150 249
42 141
127 226
18 117
167 266
7 106
87 186
195 294
77 176
157 256
96 195
137 236
119 218
38 137
18 117
30 129
157 256
97 196
46 145
190 289
13 112
52 151
22 121
57 156
144 243
82 181
35 134
61 160
12 111
112 211
92 191
136 235
46 145
157 256
126 225
40 139
126 225
76 175
169 268
66 165
84 183
138 237
27 126
192 291
43 142
66 165
40 139
86 185
124 223
103 202
88 187
99 198
70 169
58 157
94 193
145 244
145 244
92 191
12 111
40 139
99 198
191 290
30 129
177 276
2 101
132 231
110 209
182 281
2 101
6 105
125 224
182 281
96 195
141 240
43 142
70 169
142 241
26 125
25 124
59 158
183 282
157 256
140 239
190 289
191 290
76 175
23 122
126 225
108 207
36 135
122 221
17 116
166 265
51 150
94 193
51 150
109 208
59 158
146 245
181 280
87 186
129 228
153 252
51 150
71 170
184 283
168 267
82 181
110 209
38 137
75 174
98 197
196 295
173 272
126 225
13 112
80 179
39 138
84 183
89 188
20 119
9 108
23 122
56 155
111 210
89 188
29 128
153 252
58 157
80 179
47 146
113 212
34 133
168 267
190 289
183 282
117 216
3 102
105 204
7 106
3 102
192 291
186 285
73 172
139 238
143 242
76 175
192 291
44 143
133 232
115 214
26 125
41 140
21 120
86 185
153 252
129 228
63 162
36 135
42 141
39 138
108 207
131 230
19 118
42 141
51 150
52 151
185 284
4 103
112 211
18 117
120 219
35 134
162 261
126 225
15 114
106 205
92 191
128 227
194 293
179 278
190 289
153 252
171 270
43 142
64 163
157 256
102 201
6 105
79 178
17 116
52 151
58 157
78 177
135 234
97 196
26 125
188 287
144 243
118 217
95 194
66 165
3 102
154 253
29 128
164 263
29 128
89 188
189 288
49 148
191 290
157 256
177 276
12 111
85 184
2 101
64 163
94 193
15 114
138 237
79 178
77 176
167 266
101 200
89 188
118 217
89 188
112 211
49 148
120 219
185 284
62 161
175 274
14 113
19 118
72 171
166 265
39 138
133 232
150 249
49 148
119 218
69 168
169 268
7 106
2 101
44 143
163 262
60 159
4 103
114 213
92 191
144 243
11 110
134 233
31 130
100 199
24 123
32 131
95 194
171 270
18 117
151 250
69 168
125 224
18 117
75 174
7 106
69 168
72 171
131 230
42 141
59 158
110 209
57 156
84 183
26 125
162 261
172 271
114 213
102 201
175 274
91 190
32 131
61 160
121 220
136 235
184 283
88 187
115 214
6 105
75 174
132 231
53 152
12 111
125 224
43 142
110 209
159 258
129 228
20 119
116 215
77 176
58 157
192 291
44 143
159 258
111 210
171 270
193 292
92 191
119 218
17 116
44 143
92 191
42 141
190 289
134 233
88 187
125 224
109 208
156 255
130 229
159 258
32 131
41 140
184 283
189 288
66 165
109 208
109 208
48 147
48 147
13 112
85 184
59 158
113 212
68 167
139 238
29 128
69 168
14 113
45 144
185 284
41 140
167 266
64 163
3 102
194 293
68 167
49 148
129 228
124 223
173 272
179 278
191 290
27 126
153 252
87 186
171 270
138 237
74 173
20 119
75 174
38 137
188 287
190 289
148 247
50 149
30 129
21 120
169 268
18 117
142 241
108 207
19 118
68 167
79 178
160 259
130 229
82 181
135 234
160 259
118 217
23 122
107 206
85 184
115 214
69 168
178 277
104 203
57 156
24 123
170 269
104 203
197 296
156 255
173 272
187 286
163 262
138 237
28 127
142 241
50 149
91 190
155 254
168 267
88 187
173 272
34 133
134 233
14 113
137 236
163 262
153 252
2 101
102 201
121 220
152 251
109 208
166 265
118 217
145 244
62 161
134 233
170 269
34 133
37 136
93 192
133 232
159 258
154 253
11 110
17 116
38 137
151 250
0 99
148 247
126 225
69 168
89 188
44 143
18 117
85 184
41 140
7 106
99 198
54 153
110 209
77 176
69 168
190 289
45 144
60 159
136 235
20 119
155 254
104 203
196 295
40 139
49 148
124 223
47 146
165 264
195 294
65 164
175 274
91 190
67 166
88 187
31 130
99 198
140 239
57 156
143 242
156 255
123 222
149 248
80 179
157 256
114 213
110 209
99 198
136 235
139 238
82 181
78 177
35 134
170 269
135 234
189 288
133 232
0 99
127 226
117 216
81 180
106 205
171 270
119 218
116 215
85 184
54 153
38 137
168 267
180 279
71 170
180 279
99 198
174 273
143 242
174 273
141 240
57 156
49 148
81 180
171 270
33 132
197 296
108 207
67 166
11 110
71 170
171 270
143 242
82 181
4 103
102 201
15 114
84 183
41 140
155 254
105 204
196 295
110 209
156 255
121 220
76 175
21 120
115 214
165 264
6 105
82 181
109 208
117 216
32 131
71 170
156 255
94 193
164 263
139 238
149 248
168 267
90 189
169 268
46 145
95 194
148 247
160 259
127 226
190 289
154 253
109 208
180 279
137 236
66 165
156 255
153 252
62 161
144 243
177 276
147 246
101 200
70 169
90 189
12 111
48 147
123 222
89 188
145 244
124 223
190 289
53 152
134 233
0 99
11 110
145 244
103 202
89 188
187 286
105 204
152 251
191 290
166 265
47 146
55 154
175 274
89 188
184 283
118 217
54 153
1 100
176 275
151 250
25 124
177 276
146 245
69 168
174 273
17 116
56 155
143 242
106 205
97 196
117 216
127 226
177 276
2 101
150 249
52 151
94 193
192 291
196 295
62 161
103 202
115 214
100 199
1 100
189 288
132 231
185 284
129 228
88 187
54 153
61 160
30 129
0 99
39 138
123 222
154 253
62 161
90 189
70 169
80 179
54 153
59 158
69 168
132 231
59 158
42 141
139 238
23 122
181 280
21 120
19 118
106 205
98 197
72 171
190 289
102 201
15 114
155 254
97 196
46 145
145 244
110 209
33 132
118 217
85 184
140 239
176 275
180 279
52 151
72 171
195 294
108 207
136 235
36 135
159 258
7 106
103 202
15 114
92 191
124 223
162 261
179 278
64 163
171 270
69 168
99 198
19 118
29 128
74 173
130 229
9 108
94 193
60 159
76 175
60 159
68 167
147 246
78 177
169 268
70 169
68 167
129 228
135 234
58 157
185 284
58 157
111 210
33 132
13 112
24 123
158 257
68 167
26 125
46 145
112 211
79 178
196 295
20 119
86 185
151 250
136 235
189 288
121 220
161 260
150 249
83 182
133 232
64 163
138 237
57 156
188 287
8 107
10 109
124 223
130 229
86 185
166 265
89 188
95 194
53 152
69 168
96 195
39 138
135 234
194 293
59 158
86 185
91 190
165 264
38 137
65 164
181 280
63 162
73 172
3 102
3 102
110 209
157 256
53 152
148 247
76 175
73 172
94 193
73 172
100 199
170 269
23 122
95 194
0 99
110 209
19 118
197 296
0 99
169 268
129 228
78 177
188 287
36 135
44 143
187 286
159 258
149 248
176 275
36 135
114 213
150 249
99 198
40 139
30 129
113 212
50 149
77 176
119 218
148 247
101 200
144 243
191 290
45 144
103 202
62 161
191 290
163 262
142 241
158 257
74 173
48 147
146 245
1 100
160 259
14 113
88 187
129 228
186 285
116 215
117 216
39 138
183 282
87 186
1 100
53 152
138 237
48 147
174 273
105 204
180 279
92 191
119 218
183 282
85 184
174 273
150 249
91 190
76 175
184 283
11 110
109 208
74 173
173 272
192 291
193 292
141 240
36 135
48 147
25 124
61 160
164 263
99 198
2 101
166 265
84 183
180 279
66 165
82 181
157 256
55 154
29 128
47 146
77 176
98 197
73 172
6 105
33 132
82 181
132 231
44 143
13 112
58 157
72 171
26 125
55 154
169 268
118 217
73 172
160 259
34 133
195 294
197 296
87 186
90 189
123 222
35 134
39 138
124 223
176 275
174 273
25 124
173 272
169 268
63 162
125 224
137 236
169 268
164 263
180 279
39 138
174 273
169 268
123 222
7 106
35 134
147 246
172 271
83 182
73 172
149 248
178 277
13 112
34 133
50 149
132 231
22 121
132 231
188 287
45 144
78 177
149 248
129 228
43 142
122 221
48 147
59 158
87 186
145 244
177 276
67 166
10 109
23 122
15 114
69 168
150 249
68 167
41 140
17 116
140 239
197 296
92 191
93 192
52 151
192 291
172 271
59 158
83 182
21 120
77 176
188 287
176 275
15 114
25 124
175 274
152 251
172 271
77 176
190 289
120 219
100 199
20 119
80 179
60 159
108 207
44 143
184 283
136 235
175 274
120 219
171 270
37 136
75 174
191 290
105 204
90 189
83 182
143 242
170 269
81 180
51 150
73 172
100 199
99 198
36 135
29 128
151 250
104 203
140 239
131 230
111 210
139 238
63 162
16 115
34 133
31 130
37 136
197 296
88 187
30 129
48 147
171 270
39 138
52 151
101 200
22 121
195 294
150 249
159 258
196 295
74 173
160 259
163 262
101 200
122 221
28 127
115 214
117 216
158 257
83 182
106 205
19 118
126 225
177 276
173 272
92 191
95 194
27 126
95 194
106 205
52 151
55 154
13 112
30 129
179 278
152 251
184 283
136 235
60 159
85 184
52 151
120 219
158 257
86 185
89 188
136 235
160 259
111 210
33 132
41 140
192 291
89 188
8 107
40 139
63 162
175 274
72 171
29 128
8 107
94 193
107 206
6 105
163 262
149 248
156 255
41 140
105 204
86 185
140 239
143 242
49 148
126 225
74 173
21 120
153 252
45 144
135 234
149 248
48 147
139 238
64 163
60 159
37 136
73 172
29 128
179 278
155 254
112 211
170 269
15 114
89 188
118 217
68 167
115 214
22 121
147 246
109 208
78 177
97 196
185 284
90 189
78 177
2 101
2 101
119 218
141 240
141 240
22 121
85 184
188 287
73 172
100 199
135 234
43 142
27 126
129 228
183 282
8 107
156 255
102 201
125 224
97 196
20 119
81 180
144 243
50 149
159 258
161 260
13 112
35 134
156 255
170 269
149 248
20 119
99 198
126 225
5 104
20 119
185 284
96 195
79 178
4 103
192 291
175 274
80 179
189 288
189 288
41 140
88 187
168 267
157 256
134 233
153 252
110 209
56 155
55 154
125 224
161 260
38 137
22 121
148 247
145 244
79 178
188 287
17 116
163 262
64 163
60 159
112 211
170 269
129 228
157 256
54 153
155 254
91 190
188 287
64 163
32 131
27 126
90 189
17 116
140 239
168 267
131 230
157 256
184 283
53 152
146 245
85 184
177 276
3 102
61 160
184 283
27 126
44 143
13 112
82 181
48 147
166 265
148 247
91 190
138 237
42 141
51 150
81 180
143 242
112 211
82 181
34 133
4 103
148 247
45 144
173 272
146 245
101 200
175 274
67 166
50 149
176 275
104 203
93 192
156 255
67 166
14 113
63 162
117 216
40 139
70 169
117 216
39 138
131 230
187 286
75 174
132 231
31 130
0 99
71 170
27 126
53 152
158 257
168 267
167 266
77 176
18 117
140 239
98 197
8 107
184 283
170 269
64 163
101 200
42 141
104 203
114 213
195 294
147 246
96 195
100 199
138 237
90 189
193 292
166 265
181 280
121 220
44 143
124 223
39 138
54 153
35 134
0 99
167 266
63 162
13 112
83 182
16 115
93 192
126 225
64 163
70 169
7 106
174 273
192 291
50 149
7 106
90 189
49 148
96 195
28 127
131 230
42 141
14 113
82 181
188 287
167 266
168 267
151 250
165 264
178 277
82 181
22 121
116 215
71 170
147 246
187 286
24 123
112 211
78 177
195 294
174 273
119 218
99 198
66 165
33 132
20 119
82 181
36 135
91 190
76 175
4 103
123 222
103 202
189 288
120 219
56 155
169 268
26 125
139 238
166 265
171 270
33 132
58 157
197 296
146 245
25 124
179 278
82 181
29 128
36 135
154 253
111 210
197 296
129 228
144 243
9 108
167 266
48 147
122 221
71 170
25 124
21 120
145 244
1 100
196 295
135 234
91 190
156 255
136 235
172 271
94 193
65 164
44 143
104 203
58 157
53 152
73 172
28 127
156 255
69 168
64 163
101 200
115 214
83 182
127 226
169 268
33 132
151 250
104 203
154 253
128 227
167 266
6 105
152 251
49 148
8 107
154 253
156 255
14 113
157 256
100 199
75 174
60 159
101 200
0 99
8 107
108 207
119 218
7 106
154 253
172 271
66 165
5 104
190 289
136 235
46 145
48 147
107 206
152 251
51 150
47 146
145 244
13 112
19 118
51 150
0 99
139 238
81 180
84 183
76 175
35 134
50 149
32 131
131 230
115 214
2 101
148 247
78 177
39 138
116 215
88 187
129 228
12 111
197 296
105 204
106 205
87 186
81 180
61 160
105 204
0 99
21 120
146 245
138 237
75 174
22 121
117 216
118 217
114 213
74 173
196 295
175 274
43 142
19 118
81 180
156 255
162 261
29 128
141 240
71 170
124 223
159 258
191 290
1 100
157 256
59 158
86 185
168 267
79 178
60 159
93 192
81 180
97 196
91 190
47 146
143 242
108 207
62 161
63 162
102 201
142 241
11 110
194 293
166 265
178 277
185 284
81 180
163 262
158 257
154 253
17 116
78 177
113 212
169 268
9 108
140 239
170 269
121 220
156 255
49 148
73 172
71 170
40 139
90 189
106 205
68 167
142 241
105 204
46 145
101 200
136 235
141 240
61 160
43 142
180 279
129 228
124 223
72 171
193 292
60 159
72 171
121 220
104 203
87 186
73 172
91 190
136 235
96 195
19 118
60 159
173 272
170 269
48 147
165 264
64 163
4 103
141 240
0 99
0 99
0 99
172 271
29 128
33 132
31 130
111 210
173 272
80 179
139 238
35 134
1 100
85 184
36 135
6 105
58 157
84 183
159 258
107 206
46 145
196 295
82 181
41 140
83 182
112 211
42 141
88 187
67 166
93 192
97 196
69 168
25 124
173 272
85 184
103 202
176 275
54 153
48 147
171 270
147 246
181 280
192 291
111 210
19 118
160 259
27 126
197 296
65 164
61 160
163 262
82 181
145 244
51 150
13 112
37 136
54 153
155 254
90 189
106 205
160 259
133 232
155 254
45 144
113 212
47 146
122 221
68 167
19 118
56 155
51 150
3 102
101 200
14 113
39 138
193 292
153 252
155 254
124 223
95 194
100 199
127 226
97 196
49 148
60 159
105 204
183 282
97 196
127 226
133 232
83 182
6 105
131 230
141 240
175 274
93 192
112 211
2 101
77 176
196 295
23 122
103 202
192 291
167 266
191 290
28 127
170 269
31 130
68 167
60 159
190 289
28 127
35 134
158 257
159 258
179 278
153 252
41 140
19 118
106 205
28 127
70 169
19 118
15 114
35 134
46 145
100 199
160 259
177 276
83 182
150 249
189 288
138 237
73 172
27 126
88 187
83 182
51 150
23 122
40 139
0 99
171 270
171 270
100 199
81 180
7 106
124 223
15 114
132 231
167 266
197 296
163 262
87 186
89 188
86 185
178 277
110 209
136 235
33 132
167 266
34 133
24 123
150 249
161 260
65 164
67 166
73 172
195 294
191 290
31 130
136 235
148 247
183 282
73 172
171 270
180 279
161 260
153 252
179 278
16 115
92 191
51 150
44 143
101 200
25 124
40 139
157 256
59 158
40 139
144 243
13 112
183 282
153 252
177 276
2 101
23 122
163 262
146 245
79 178
147 246
148 247
133 232
2 101
5 104
186 285
32 131
43 142
29 128
114 213
43 142
28 127
92 191
0 99
135 234
189 288
136 235
128 227
119 218
73 172
165 264
134 233
28 127
20 119
95 194
49 148
185 284
71 170
150 249
197 296
70 169
136 235
122 221
69 168
1 100
0 99
47 146
112 211
111 210
27 126
140 239
68 167
121 220
118 217
188 287
161 260
54 153
124 223
182 281
196 295
112 211
188 287
74 173
123 222
127 226
128 227
134 233
25 124
169 268
88 187
93 192
37 136
39 138
24 123
51 150
142 241
165 264
180 279
102 201
164 263
135 234
46 145
111 210
82 181
69 168
20 119
2 101
95 194
156 255
108 207
177 276
93 192
42 141
9 108
158 257
166 265
143 242
116 215
33 132
53 152
5 104
186 285
76 175
192 291
183 282
113 212
15 114
46 145
154 253
17 116
72 171
53 152
157 256
106 205
56 155
197 296
166 265
183 282
158 257
73 172
11 110
135 234
153 252
18 117
65 164
5 104
142 241
133 232
181 280
18 117
174 273
66 165
111 210
172 271
159 258
23 122
12 111
140 239
39 138
159 258
143 242
30 129
132 231
45 144
37 136
52 151
156 255
146 245
149 248
104 203
193 292
23 122
57 156
71 170
165 264
196 295
115 214
134 233
153 252
6 105
189 288
189 288
23 122
195 294
110 209
191 290
43 142
137 236
57 156
10 109
184 283
165 264
194 293
176 275
128 227
45 144
5 104
196 295
57 156
158 257
56 155
129 228
142 241
103 202
108 207
10 109
94 193
191 290
188 287
47 146
193 292
184 283
3 102
89 188
161 260
107 206
190 289
194 293
148 247
6 105
154 253
105 204
78 177
150 249
54 153
157 256
142 241
67 166
80 179
157 256
40 139
177 276
157 256
15 114
155 254
156 255
118 217
9 108
94 193
143 242
102 201
67 166
15 114
137 236
52 151
11 110
2 101
87 186
28 127
90 189
170 269
36 135
162 261
36 135
148 247
94 193
30 129
138 237
61 160
91 190
31 130
189 288
132 231
89 188
77 176
11 110
120 219
119 218
187 286
84 183
120 219
189 288
75 174
48 147
126 225
119 218
125 224
99 198
173 272
79 178
187 286
53 152
134 233
177 276
109 208
156 255
97 196
177 276
139 238
177 276
37 136
56 155
59 158
169 268
1 100
26 125
139 238
178 277
93 192
46 145
85 184
101 200
136 235
61 160
140 239
187 286
66 165
163 262
32 131
183 282
107 206
191 290
6 105
93 192
54 153
29 128
90 189
56 155
197 296
102 201
140 239
158 257
166 265
132 231
96 195
80 179
37 136
57 156
123 222
19 118
42 141
84 183
19 118
82 181
78 177
144 243
151 250
163 262
104 203
52 151
21 120
147 246
107 206
116 215
33 132
125 224
101 200
163 262
194 293
173 272
180 279
71 170
123 222
161 260
16 115
131 230
97 196
74 173
83 182
27 126
165 264
146 245
148 247
92 191
114 213
18 117
42 141
56 155
21 120
66 165
75 174
176 275
143 242
60 159
115 214
120 219
163 262
83 182
141 240
7 106
174 273
122 221
138 237
117 216
65 164
82 181
21 120
104 203
188 287
8 107
29 128
39 138
150 249
24 123
1 100
98 197
77 176
2 101
25 124
39 138
116 215
113 212
76 175
173 272
55 154
92 191
96 195
187 286
94 193
152 251
157 256
100 199
62 161
165 264
125 224
164 263
163 262
168 267
165 264
195 294
185 284
106 205
186 285
179 278
96 195
178 277
24 123
130 229
172 271
31 130
87 186
132 231
91 190
180 279
94 193
147 246
62 161
95 194
105 204
28 127
15 114
149 248
98 197
0 99
123 222
64 163
75 174
11 110
63 162
58 157
180 279
56 155
4 103
46 145
45 144
71 170
112 211
125 224
157 256
90 189
16 115
33 132
108 207
98 197
190 289
41 140
189 288
125 224
114 213
91 190
181 280
169 268
159 258
16 115
50 149
97 196
162 261
18 117
195 294
171 270
19 118
174 273
28 127
78 177
102 201
178 277
0 99
54 153
186 285
127 226
115 214
94 193
38 137
34 133
32 131
131 230
197 296
40 139
37 136
195 294
147 246
194 293
90 189
6 105
140 239
150 249
167 266
100 199
174 273
26 125
151 250
5 104
5 104
163 262
92 191
41 140
133 232
9 108
2 101
93 192
10 109
7 106
70 169
20 119
177 276
151 250
150 249
6 105
30 129
10 109
46 145
98 197
133 232
131 230
193 292
184 283
97 196
193 292
156 255
186 285
31 130
3 102
30 129
101 200
58 157
128 227
188 287
181 280
29 128
84 183
108 207
13 112
17 116
133 232
14 113
128 227
167 266
92 191
136 235
58 157
118 217
91 190
75 174
166 265
179 278
19 118
188 287
137 236
117 216
156 255
162 261
181 280
161 260
138 237
190 289
88 187
142 241
144 243
5 104
93 192
12 111
1 100
9 108
20 119
136 235
31 130
196 295
190 289
7 106
6 105
28 127
174 273
52 151
171 270
8 107
138 237
31 130
86 185
63 162
114 213
108 207
148 247
101 200
102 201
79 178
111 210
106 205
191 290
167 266
33 132
59 158
72 171
137 236
13 112
179 278
183 282
14 113
64 163
94 193
126 225
9 108
137 236
191 290
171 270
165 264
197 296
146 245
97 196
1 100
104 203
46 145
67 166
140 239
97 196
178 277
170 269
156 255
97 196
9 108
0 99
164 263
46 145
41 140
3 102
7 106
79 178
116 215
103 202
74 173
49 148
133 232
4 103
128 227
42 141
120 219
134 233
7 106
94 193
120 219
166 265
158 257
47 146
152 251
153 252
161 260
197 296
171 270
138 237
86 185
157 256
101 200
23 122
126 225
177 276
115 214
7 106
82 181
4 103
135 234
145 244
192 291
112 211
91 190
193 292
18 117
56 155
81 180
47 146
181 280
78 177
16 115
109 208
163 262
108 207
52 151
87 186
42 141
188 287
49 148
82 181
67 166
114 213
156 255
117 216
187 286
74 173
31 130
151 250
168 267
37 136
3 102
150 249
92 191
145 244
40 139
81 180
9 108
43 142
103 202
167 266
138 237
143 242
192 291
24 123
0 99
47 146
166 265
80 179
2 101
38 137
151 250
67 166
152 251
129 228
89 188
101 200
10 109
46 145
13 112
171 270
108 207
42 141
109 208
10 109
95 194
124 223
74 173
125 224
106 205
193 292
52 151
190 289
176 275
165 264
6 105
23 122
55 154
7 106
110 209
14 113
171 270
85 184
96 195
149 248
63 162
196 295
143 242
51 150
150 249
47 146
83 182
158 257
38 137
168 267
41 140
161 260
171 270
135 234
43 142
177 276
34 133
48 147
120 219
85 184
121 220
36 135
187 286
75 174
190 289
154 253
168 267
151 250
141 240
174 273
71 170
193 292
121 220
92 191
42 141
50 149
29 128
172 271
105 204
5 104
54 153
176 275
19 118
48 147
45 144
135 234
76 175
185 284
190 289
104 203
114 213
88 187
11 110
78 177
180 279
178 277
189 288
6 105
97 196
4 103
174 273
8 107
78 177
76 175
185 284
104 203
105 204
88 187
131 230
152 251
93 192
181 280
94 193
99 198
1 100
104 203
154 253
106 205
1 100
54 153
156 255
146 245
130 229
103 202
101 200
30 129
20 119
72 171
16 115
193 292
159 258
110 209
164 263
46 145
33 132
81 180
25 124
156 255
113 212
66 165
103 202
155 254
57 156
143 242
12 111
38 137
139 238
186 285
117 216
115 214
69 168
163 262
98 197
183 282
77 176
180 279
176 275
74 173
37 136
39 138
27 126
146 245
153 252
130 229
79 178
160 259
99 198
71 170
181 280
173 272
191 290
163 262
144 243
126 225
132 231
189 288
95 194
18 117
92 191
19 118
45 144
114 213
18 117
115 214
41 140
160 259
2 101
64 163
83 182
124 223
110 209
138 237
131 230
180 279
123 222
186 285
0 99
32 131
128 227
15 114
10 109
61 160
33 132
10 109
21 120
93 192
31 130
195 294
97 196
173 272
180 279
140 239
26 125
53 152
165 264
82 181
129 228
120 219
68 167
147 246
62 161
19 118
113 212
86 185
122 221
24 123
110 209
90 189
34 133
153 252
179 278
166 265
136 235
129 228
64 163
108 207
104 203
5 104
44 143
30 129
144 243
109 208
95 194
127 226
75 174
106 205
11 110
172 271
156 255
110 209
14 113
135 234
81 180
176 275
13 112
22 121
13 112
83 182
51 150
62 161
9 108
26 125
183 282
188 287
19 118
156 255
0 99
58 157
5 104
139 238
11 110
129 228
79 178
165 264
20 119
36 135
41 140
41 140
56 155
33 132
62 161
146 245
19 118
123 222
196 295
79 178
94 193
43 142
73 172
148 247
149 248
42 141
153 252
118 217
91 190
44 143
48 147
36 135
86 185
126 225
62 161
31 130
29 128
180 279
83 182
8 107
32 131
71 170
23 122
177 276
90 189
21 120
194 293
31 130
191 290
24 123
88 187
85 184
102 201
54 153
66 165
189 288
191 290
46 145
20 119
175 274
22 121
50 149
56 155
87 186
169 268
95 194
49 148
18 117
63 162
59 158
92 191
22 121
4 103
156 255
108 207
160 259
146 245
36 135
54 153
175 274
113 212
68 167
5 104
118 217
77 176
28 127
149 248
132 231
33 132
81 180
25 124
28 127
31 130
10 109
50 149
197 296
31 130
35 134
182 281
57 156
157 256
9 108
70 169
144 243
81 180
108 207
37 136
193 292
56 155
67 166
62 161
12 111
152 251
33 132
91 190
98 197
21 120
15 114
111 210
86 185
84 183
80 179
119 218
39 138
59 158
166 265
145 244
128 227
49 148
191 290
13 112
186 285
33 132
9 108
35 134
183 282
184 283
110 209
17 116
94 193
50 149
9 108
119 218
194 293
45 144
119 218
139 238
152 251
92 191
1 100
27 126
99 198
90 189
159 258
70 169
83 182
6 105
182 281
99 198
24 123
180 279
7 106
169 268
162 261
150 249
42 141
155 254
127 226
87 186
178 277
162 261
143 242
38 137
51 150
14 113
111 210
160 259
162 261
67 166
170 269
145 244
74 173
158 257
67 166
110 209
164 263
11 110
56 155
181 280
31 130
94 193
154 253
50 149
152 251
127 226
7 106
96 195
106 205
126 225
29 128
84 183
7 106
170 269
66 165
90 189
153 252
180 279
29 128
16 115
126 225
154 253
1 100
60 159
19 118
168 267
37 136
44 143
123 222
191 290
109 208
38 137
194 293
22 121
3 102
42 141
181 280
125 224
52 151
48 147
56 155
88 187
145 244
46 145
12 111
43 142
157 256
11 110
53 152
175 274
28 127
121 220
181 280
92 191
110 209
167 266
156 255
155 254
163 262
118 217
193 292
64 163
167 266
176 275
162 261
148 247
195 294
39 138
19 118
13 112
89 188
41 140
2 101
92 191
42 141
123 222
33 132
36 135
156 255
179 278
92 191
78 177
32 131
38 137
8 107
57 156
55 154
120 219
89 188
124 223
117 216
51 150
171 270
118 217
145 244
117 216
6 105
119 218
86 185
52 151
141 240
168 267
78 177
141 240
196 295
3 102
58 157
147 246
76 175
38 137
119 218
187 286
149 248
187 286
175 274
166 265
42 141
75 174
190 289
84 183
174 273
71 170
10 109
73 172
147 246
178 277
93 192
173 272
123 222
184 283
68 167
106 205
119 218
157 256
33 132
22 121
186 285
34 133
188 287
133 232
119 218
7 106
16 115
135 234
92 191
129 228
92 191
194 293
31 130
138 237
140 239
94 193
38 137
173 272
63 162
40 139
0 99
167 266
119 218
129 228
148 247
176 275
61 160
34 133
26 125
194 293
163 262
89 188
45 144
136 235
58 157
162 261
71 170
105 204
162 261
33 132
102 201
43 142
104 203
167 266
69 168
2 101
103 202
141 240
99 198
175 274
56 155
143 242
185 284
141 240
79 178
19 118
36 135
24 123
150 249
157 256
2 101
80 179
127 226
42 141
124 223
140 239
98 197
185 284
159 258
36 135
110 209
139 238
117 216
43 142
30 129
184 283
31 130
15 114
142 241
179 278
142 241
92 191
22 121
20 119
180 279
72 171
91 190
105 204
87 186
35 134
48 147
54 153
61 160
160 259
75 174
159 258
94 193
80 179
88 187
184 283
170 269
150 249
164 263
190 289
24 123
54 153
175 274
105 204
90 189
197 296
72 171
31 130
175 274
60 159
172 271
23 122
3 102
35 134
57 156
197 296
120 219
41 140
105 204
153 252
141 240
41 140
89 188
101 200
137 236
57 156
50 149
158 257
50 149
181 280
167 266
197 296
178 277
161 260
116 215
175 274
167 266
8 107
114 213
148 247
49 148
168 267
14 113
156 255
178 277
132 231
77 176
156 255
195 294
154 253
81 180
90 189
33 132
125 224
95 194
96 195
2 101
88 187
177 276
59 158
130 229
54 153
27 126
99 198
48 147
60 159
113 212
128 227
96 195
98 197
113 212
162 261
168 267
89 188
85 184
44 143
2 101
103 202
108 207
184 283
51 150
31 130
157 256
60 159
20 119
48 147
80 179
167 266
20 119
54 153
48 147
86 185
79 178
34 133
119 218
109 208
197 296
195 294
119 218
108 207
0 99
30 129
124 223
34 133
111 210
97 196
128 227
176 275
37 136
100 199
162 261
142 241
168 267
173 272
20 119
30 129
90 189
20 119
38 137
130 229
111 210
189 288
135 234
125 224
124 223
172 271
161 260
174 273
88 187
125 224
156 255
44 143
71 170
93 192
5 104
137 236
157 256
135 234
156 255
177 276
27 126
182 281
12 111
120 219
155 254
121 220
27 126
91 190
13 112
112 211
44 143
19 118
88 187
128 227
172 271
79 178
183 282
124 223
175 274
33 132
20 119
26 125
93 192
43 142
106 205
180 279
159 258
34 133
111 210
41 140
84 183
50 149
70 169
21 120
120 219
168 267
123 222
30 129
175 274
115 214
190 289
93 192
41 140
30 129
85 184
91 190
0 99
191 290
15 114
88 187
59 158
81 180
154 253
55 154
29 128
0 99
69 168
152 251
27 126
168 267
103 202
180 279
56 155
6 105
18 117
127 226
78 177
138 237
88 187
186 285
159 258
68 167
23 122
11 110
99 198
49 148
146 245
147 246
15 114
155 254
0 99
195 294
31 130
173 272
176 275
36 135
172 271
29 128
18 117
85 184
30 129
189 288
154 253
67 166
144 243
162 261
98 197
19 118
125 224
40 139
192 291
25 124
161 260
106 205
135 234
116 215
144 243
53 152
123 222
71 170
184 283
0 99
52 151
40 139
83 182
158 257
182 281
179 278
58 157
167 266
130 229
114 213
172 271
10 109
76 175
104 203
82 181
108 207
133 232
54 153
102 201
175 274
157 256
25 124
37 136
109 208
182 281
134 233
49 148
123 222
146 245
86 185
41 140
23 122
176 275
34 133
81 180
149 248
28 127
126 225
81 180
166 265
96 195
81 180
164 263
144 243
69 168
59 158
107 206
162 261
66 165
151 250
29 128
102 201
8 107
81 180
5 104
116 215
182 281
180 279
48 147
44 143
115 214
164 263
154 253
40 139
103 202
1 100
82 181
6 105
10 109
92 191
82 181
50 149
158 257
106 205
37 136
193 292
146 245
92 191
18 117
117 216
80 179
147 246
19 118
171 270
48 147
79 178
156 255
116 215
137 236
195 294
174 273
82 181
125 224
165 264
122 221
114 213
144 243
188 287
173 272
109 208
196 295
147 246
174 273
29 128
73 172
156 255
109 208
196 295
30 129
5 104
189 288
46 145
172 271
13 112
77 176
89 188
8 107
60 159
34 133
95 194
9 108
130 229
67 166
165 264
51 150
18 117
165 264
103 202
186 285
119 218
146 245
27 126
87 186
64 163
158 257
33 132
177 276
78 177
1 100
179 278
39 138
164 263
163 262
7 106
27 126
17 116
126 225
72 171
186 285
117 216
105 204
118 217
134 233
165 264
78 177
99 198
177 276
47 146
186 285
109 208
27 126
4 103
97 196
179 278
122 221
18 117
167 266
8 107
157 256
46 145
183 282
117 216
162 261
79 178
150 249
81 180
185 284
49 148
33 132
14 113
146 245
143 242
43 142
135 234
67 166
83 182
140 239
129 228
20 119
128 227
78 177
173 272
97 196
78 177
147 246
75 174
21 120
29 128
25 124
194 293
52 151
13 112
14 113
33 132
146 245
27 126
43 142
25 124
23 122
90 189
79 178
142 241
41 140
166 265
115 214
157 256
101 200
69 168
115 214
63 162
92 191
158 257
67 166
105 204
7 106
7 106
68 167
157 256
35 134
160 259
187 286
119 218
118 217
94 193
47 146
86 185
7 106
29 128
187 286
8 107
144 243
171 270
21 120
5 104
74 173
115 214
62 161
113 212
56 155
83 182
15 114
13 112
80 179
72 171
144 243
15 114
42 141
170 269
107 206
196 295
193 292
7 106
97 196
59 158
18 117
87 186
157 256
22 121
179 278
54 153
80 179
118 217
71 170
135 234
88 187
191 290
101 200
154 253
169 268
2 101
116 215
41 140
173 272
121 220
38 137
68 167
70 169
67 166
20 119
63 162
74 173
104 203
97 196
5 104
25 124
92 191
188 287
77 176
25 124
132 231
187 286
135 234
112 211
154 253
22 121
42 141
68 167
40 139
42 141
39 138
174 273
144 243
28 127
73 172
126 225
95 194
136 235
155 254
10 109
84 183
181 280
71 170
17 116
25 124
126 225
53 152
107 206
46 145
55 154
38 137
100 199
156 255
162 261
147 246
33 132
90 189
134 233
67 166
59 158
85 184
91 190
57 156
57 156
155 254
10 109
90 189
180 279
167 266
172 271
159 258
58 157
64 163
8 107
52 151
185 284
131 230
90 189
166 265
103 202
146 245
6 105
59 158
64 163
106 205
18 117
2 101
139 238
22 121
60 159
71 170
166 265
173 272
194 293
155 254
13 112
108 207
141 240
94 193
90 189
59 158
30 129
88 187
171 270
39 138
58 157
77 176
31 130
8 107
149 248
92 191
1 100
181 280
166 265
56 155
98 197
147 246
35 134
36 135
111 210
179 278
190 289
95 194
63 162
168 267
111 210
33 132
20 119
115 214
40 139
13 112
112 211
170 269
69 168
14 113
71 170
0 99
53 152
180 279
107 206
91 190
34 133
42 141
68 167
77 176
169 268
67 166
85 184
128 227
48 147
23 122
43 142
187 286
163 262
69 168
66 165
47 146
150 249
52 151
20 119
196 295
83 182
127 226
112 211
123 222
123 222
6 105
146 245
28 127
168 267
18 117
78 177
18 117
135 234
64 163
125 224
123 222
162 261
197 296
104 203
182 281
176 275
58 157
113 212
26 125
53 152
9 108
82 181
118 217
55 154
79 178
94 193
29 128
97 196
180 279
129 228
81 180
32 131
91 190
73 172
8 107
135 234
171 270
93 192
112 211
142 241
97 196
9 108
58 157
36 135
6 105
43 142
74 173
138 237
86 185
189 288
61 160
95 194
153 252
75 174
76 175
97 196
121 220
194 293
62 161
164 263
70 169
17 116
164 263
192 291
85 184
163 262
9 108
115 214
148 247
112 211
70 169
31 130
88 187
188 287
82 181
54 153
187 286
102 201
27 126
152 251
197 296
4 103
3 102
64 163
194 293
169 268
153 252
44 143
40 139
44 143
42 141
39 138
195 294
196 295
103 202
127 226
24 123
118 217
114 213
103 202
119 218
181 280
127 226
135 234
116 215
120 219
189 288
158 257
91 190
91 190
187 286
180 279
82 181
48 147
192 291
12 111
115 214
101 200
151 250
161 260
37 136
142 241
80 179
65 164
21 120
67 166
76 175
87 186
152 251
38 137
77 176
63 162
26 125
31 130
147 246
157 256
170 269
186 285
115 214
84 183
143 242
187 286
57 156
175 274
185 284
125 224
119 218
9 108
63 162
177 276
12 111
11 110
87 186
104 203
4 103
159 258
31 130
99 198
46 145
57 156
135 234
9 108
91 190
64 163
78 177
118 217
170 269
168 267
160 259
30 129
148 247
180 279
69 168
46 145
195 294
116 215
61 160
66 165
27 126
146 245
173 272
166 265
68 167
61 160
23 122
97 196
18 117
104 203
24 123
76 175
182 281
76 175
40 139
53 152
134 233
39 138
159 258
70 169
57 156
94 193
105 204
117 216
54 153
8 107
26 125
87 186
21 120
105 204
132 231
59 158
105 204
112 211
175 274
195 294
9 108
127 226
118 217
26 125
122 221
107 206
157 256
155 254
83 182
171 270
15 114
85 184
38 137
143 242
23 122
112 211
120 219
126 225
110 209
99 198
87 186
125 224
31 130
103 202
44 143
28 127
115 214
4 103
8 107
49 148
151 250
117 216
141 240
16 115
142 241
8 107
10 109
72 171
189 288
13 112
174 273
120 219
142 241
115 214
109 208
44 143
69 168
89 188
40 139
55 154
145 244
184 283
9 108
175 274
0 99
41 140
79 178
192 291
71 170
155 254
179 278
29 128
68 167
11 110
124 223
53 152
54 153
112 211
48 147
41 140
132 231
183 282
100 199
177 276
82 181
75 174
27 126
178 277
68 167
148 247
81 180
127 226
66 165
22 121
100 199
151 250
23 122
66 165
30 129
116 215
84 183
132 231
29 128
41 140
77 176
58 157
83 182
169 268
196 295
43 142
3 102
54 153
76 175
96 195
183 282
148 247
80 179
179 278
77 176
113 212
142 241
35 134
111 210
103 202
36 135
133 232
154 253
61 160
108 207
156 255
48 147
155 254
107 206
156 255
51 150
51 150
4 103
169 268
68 167
14 113
44 143
59 158
125 224
15 114
180 279
195 294
94 193
64 163
164 263
27 126
157 256
12 111
127 226
164 263
156 255
87 186
86 185
24 123
105 204
139 238
176 275
150 249
171 270
195 294
175 274
167 266
90 189
103 202
154 253
135 234
39 138
3 102
172 271
43 142
19 118
127 226
1 100
43 142
35 134
60 159
64 163
176 275
6 105
148 247
166 265
164 263
169 268
71 170
1 100
114 213
149 248
46 145
145 244
74 173
135 234
86 185
108 207
93 192
14 113
164 263
115 214
26 125
23 122
91 190
98 197
49 148
133 232
170 269
55 154
104 203
56 155
29 128
121 220
155 254
45 144
164 263
55 154
169 268
17 116
158 257
121 220
132 231
56 155
66 165
65 164
136 235
88 187
62 161
7 106
157 256
131 230
81 180
156 255
81 180
145 244
187 286
158 257
95 194
98 197
117 216
70 169
164 263
150 249
186 285
32 131
44 143
52 151
132 231
74 173
99 198
120 219
106 205
103 202
86 185
31 130
73 172
64 163
111 210
180 279
122 221
70 169
187 286
12 111
117 216
0 99
95 194
184 283
74 173
170 269
157 256
77 176
182 281
67 166
166 265
187 286
128 227
183 282
140 239
96 195
167 266
141 240
34 133
133 232
52 151
188 287
98 197
87 186
124 223
2 101
91 190
47 146
18 117
1 100
113 212
111 210
92 191
111 210
95 194
156 255
60 159
80 179
67 166
121 220
12 111
112 211
32 131
86 185
179 278
125 224
141 240
190 289
197 296
28 127
79 178
50 149
87 186
53 152
117 216
113 212
95 194
169 268
132 231
119 218
161 260
188 287
142 241
57 156
131 230
56 155
146 245
194 293
84 183
22 121
85 184
103 202
173 272
46 145
151 250
96 195
157 256
118 217
138 237
61 160
167 266
176 275
86 185
136 235
33 132
175 274
2 101
59 158
186 285
68 167
95 194
177 276
6 105
177 276
80 179
1 100
122 221
197 296
70 169
86 185
116 215
93 192
66 165
6 105
187 286
78 177
178 277
81 180
173 272
78 177
118 217
84 183
167 266
196 295
57 156
75 174
47 146
31 130
113 212
98 197
130 229
61 160
19 118
60 159
152 251
67 166
35 134
27 126
25 124
12 111
109 208
144 243
157 256
52 151
119 218
153 252
196 295
22 121
106 205
81 180
103 202
24 123
192 291
101 200
75 174
113 212
40 139
85 184
78 177
24 123
77 176
54 153
47 146
168 267
191 290
2 101
141 240
191 290
132 231
40 139
185 284
109 208
1 100
58 157
39 138
144 243
60 159
56 155
86 185
28 127
32 131
159 258
99 198
131 230
47 146
50 149
14 113
37 136
10 109
157 256
108 207
88 187
73 172
44 143
86 185
164 263
144 243
18 117
2 101
32 131
62 161
169 268
123 222
73 172
67 166
105 204
169 268
147 246
130 229
180 279
41 140
185 284
163 262
193 292
97 196
38 137
77 176
146 245
189 288
48 147
88 187
13 112
185 284
189 288
34 133
111 210
189 288
179 278
197 296
151 250
71 170
155 254
166 265
89 188
175 274
140 239
42 141
9 108
170 269
88 187
161 260
121 220
144 243
142 241
57 156
15 114
47 146
155 254
85 184
175 274
145 244
35 134
12 111
112 211
46 145
52 151
197 296
38 137
37 136
174 273
189 288
138 237
178 277
101 200
43 142
21 120
130 229
117 216
43 142
185 284
48 147
129 228
157 256
170 269
0 99
46 145
108 207
26 125
77 176
171 270
17 116
51 150
9 108
21 120
84 183
149 248
105 204
24 123
131 230
178 277
156 255
39 138
149 248
8 107
185 284
18 117
126 225
116 215
79 178
75 174
178 277
132 231
34 133
160 259
78 177
87 186
155 254
57 156
188 287
39 138
7 106
138 237
132 231
74 173
51 150
157 256
113 212
159 258
154 253
119 218
45 144
50 149
127 226
2 101
135 234
116 215
90 189
89 188
192 291
178 277
106 205
40 139
107 206
84 183
168 267
117 216
166 265
91 190
58 157
174 273
149 248
180 279
119 218
181 280
168 267
124 223
74 173
74 173
124 223
136 235
137 236
115 214
39 138
123 222
122 221
163 262
33 132
28 127
32 131
171 270
97 196
94 193
24 123
163 262
169 268
158 257
104 203
128 227
80 179
179 278
182 281
98 197
51 150
142 241
142 241
35 134
72 171
19 118
26 125
99 198
127 226
160 259
131 230
177 276
112 211
5 104
12 111
195 294
76 175
7 106
122 221
43 142
65 164
3 102
125 224
124 223
68 167
156 255
24 123
89 188
141 240
156 255
155 254
134 233
87 186
95 194
131 230
40 139
109 208
25 124
192 291
179 278
193 292
48 147
166 265
6 105
197 296
31 130
30 129
146 245
73 172
192 291
83 182
56 155
173 272
187 286
52 151
34 133
168 267
61 160
152 251
124 223
33 132
79 178
57 156
135 234
7 106
21 120
48 147
112 211
128 227
151 250
45 144
118 217
103 202
163 262
161 260
59 158
83 182
79 178
77 176
168 267
75 174
8 107
119 218
36 135
22 121
93 192
96 195
45 144
178 277
4 103
40 139
49 148
59 158
193 292
32 131
191 290
187 286
196 295
0 99
111 210
9 108
50 149
89 188
89 188
148 247
0 99
45 144
128 227
78 177
158 257
104 203
181 280
138 237
107 206
51 150
94 193
31 130
9 108
85 184
22 121
146 245
87 186
138 237
109 208
75 174
14 113
156 255
162 261
154 253
41 140
102 201
158 257
155 254
108 207
71 170
31 130
52 151
108 207
165 264
35 134
128 227
109 208
188 287
183 282
139 238
193 292
22 121
9 108
104 203
120 219
58 157
4 103
52 151
80 179
16 115
174 273
109 208
48 147
164 263
171 270
98 197
176 275
135 234
36 135
21 120
99 198
160 259
147 246
48 147
119 218
133 232
183 282
73 172
45 144
15 114
72 171
136 235
79 178
134 233
145 244
177 276
197 296
179 278
20 119
74 173
43 142
91 190
119 218
97 196
69 168
178 277
16 115
119 218
127 226
65 164
59 158
39 138
114 213
59 158
158 257
149 248
181 280
192 291
172 271
38 137
13 112
173 272
196 295
161 260
14 113
140 239
3 102
58 157
156 255
111 210
68 167
166 265
60 159
26 125
14 113
27 126
14 113
156 255
109 208
135 234
52 151
141 240
165 264
27 126
133 232
48 147
195 294
161 260
28 127
153 252
19 118
44 143
76 175
31 130
34 133
17 116
72 171
135 234
158 257
139 238
129 228
7 106
191 290
168 267
192 291
166 265
76 175
176 275
168 267
25 124
61 160
12 111
118 217
104 203
16 115
174 273
61 160
76 175
10 109
78 177
30 129
43 142
74 173
77 176
59 158
176 275
181 280
74 173
75 174
22 121
197 296
85 184
34 133
180 279
101 200
160 259
139 238
136 235
43 142
41 140
50 149
48 147
30 129
32 131
96 195
76 175
166 265
64 163
93 192
144 243
51 150
107 206
62 161
129 228
176 275
56 155
42 141
95 194
96 195
126 225
185 284
65 164
13 112
94 193
91 190
106 205
80 179
165 264
123 222
73 172
116 215
105 204
78 177
145 244
177 276
129 228
58 157
147 246
93 192
57 156
183 282
130 229
67 166
86 185
70 169
6 105
11 110
137 236
46 145
13 112
169 268
37 136
152 251
34 133
66 165
48 147
104 203
36 135
20 119
1 100
48 147
169 268
37 136
182 281
48 147
28 127
57 156
142 241
1 100
49 148
28 127
139 238
90 189
86 185
151 250
193 292
33 132
85 184
92 191
42 141
41 140
160 259
140 239
98 197
135 234
189 288
142 241
25 124
102 201
105 204
34 133
111 210
18 117
7 106
142 241
17 116
85 184
97 196
180 279
72 171
18 117
74 173
76 175
40 139
135 234
45 144
67 166
124 223
122 221
169 268
187 286
190 289
191 290
148 247
180 279
51 150
62 161
12 111
151 250
192 291
8 107
175 274
35 134
115 214
120 219
70 169
1 100
120 219
90 189
75 174
26 125
7 106
161 260
83 182
146 245
167 266
47 146
156 255
86 185
17 116
145 244
97 196
148 247
187 286
165 264
114 213
77 176
157 256
190 289
164 263
14 113
176 275
22 121
85 184
157 256
177 276
98 197
33 132
119 218
158 257
91 190
191 290
74 173
181 280
153 252
130 229
5 104
111 210
43 142
38 137
69 168
137 236
92 191
107 206
155 254
194 293
114 213
7 106
112 211
60 159
7 106
52 151
8 107
20 119
7 106
166 265
34 133
130 229
53 152
9 108
177 276
182 281
59 158
177 276
124 223
107 206
76 175
61 160
195 294
38 137
2 101
136 235
107 206
22 121
136 235
7 106
20 119
22 121
196 295
103 202
138 237
153 252
153 252
71 170
175 274
195 294
21 120
168 267
100 199
149 248
177 276
164 263
49 148
190 289
125 224
38 137
178 277
140 239
129 228
187 286
99 198
76 175
25 124
165 264
67 166
88 187
130 229
74 173
12 111
129 228
159 258
28 127
150 249
136 235
100 199
10 109
136 235
148 247
197 296
163 262
106 205
126 225
54 153
12 111
165 264
161 260
78 177
167 266
163 262
194 293
160 259
136 235
55 154
149 248
18 117
56 155
154 253
53 152
16 115
147 246
40 139
162 261
7 106
77 176
197 296
58 157
83 182
108 207
132 231
127 226
29 128
45 144
38 137
28 127
83 182
73 172
127 226
114 213
185 284
124 223
171 270
97 196
139 238
165 264
77 176
74 173
167 266
197 296
12 111
61 160
109 208
21 120
143 242
49 148
152 251
15 114
118 217
63 162
169 268
27 126
179 278
66 165
186 285
74 173
93 192
55 154
40 139
178 277
116 215
16 115
151 250
195 294
165 264
82 181
25 124
195 294
59 158
114 213
95 194
49 148
139 238
98 197
35 134
1 100
53 152
165 264
161 260
83 182
80 179
133 232
72 171
48 147
72 171
10 109
30 129
6 105
141 240
116 215
91 190
150 249
5 104
153 252
189 288
153 252
159 258
5 104
15 114
183 282
104 203
10 109
8 107
196 295
106 205
179 278
132 231
36 135
128 227
41 140
190 289
24 123
8 107
91 190
70 169
176 275
139 238
1 100
42 141
167 266
55 154
184 283
126 225
6 105
97 196
165 264
1 100
16 115
17 116
166 265
64 163
84 183
69 168
81 180
56 155
91 190
37 136
76 175
151 250
95 194
77 176
115 214
65 164
66 165
73 172
111 210
49 148
69 168
142 241
62 161
171 270
16 115
46 145
165 264
181 280
10 109
11 110
112 211
141 240
46 145
49 148
42 141
123 222
103 202
129 228
170 269
155 254
135 234
24 123
41 140
147 246
162 261
186 285
179 278
76 175
26 125
44 143
161 260
141 240
19 118
128 227
130 229
26 125
164 263
172 271
185 284
79 178
176 275
180 279
175 274
122 221
125 224
181 280
86 185
73 172
14 113
74 173
5 104
90 189
33 132
100 199
135 234
54 153
183 282
45 144
97 196
192 291
91 190
90 189
44 143
39 138
93 192
22 121
168 267
88 187
158 257
115 214
58 157
45 144
154 253
51 150
55 154
181 280
149 248
120 219
98 197
178 277
37 136
192 291
88 187
152 251
72 171
138 237
173 272
66 165
101 200
162 261
192 291
127 226
110 209
55 154
130 229
7 106
66 165
47 146
105 204
152 251
162 261
30 129
169 268
79 178
141 240
105 204
82 181
131 230
138 237
183 282
109 208
33 132
44 143
150 249
172 271
145 244
30 129
171 270
14 113
109 208
123 222
34 133
9 108
47 146
150 249
117 216
66 165
68 167
189 288
12 111
85 184
144 243
96 195
157 256
105 204
75 174
48 147
28 127
155 254
85 184
33 132
81 180
166 265
89 188
31 130
66 165
78 177
193 292
196 295
190 289
14 113
24 123
115 214
142 241
103 202
144 243
78 177
114 213
194 293
151 250
126 225
179 278
7 106
176 275
181 280
87 186
0 99
47 146
13 112
118 217
42 141
193 292
146 245
21 120
147 246
137 236
49 148
39 138
94 193
56 155
14 113
125 224
31 130
153 252
125 224
75 174
68 167
100 199
167 266
119 218
76 175
66 165
172 271
150 249
83 182
35 134
156 255
99 198
131 230
175 274
51 150
124 223
69 168
44 143
123 222
66 165
120 219
136 235
83 182
65 164
181 280
124 223
112 211
115 214
122 221
120 219
51 150
66 165
34 133
80 179
70 169
105 204
192 291
74 173
40 139
147 246
110 209
106 205
104 203
135 234
35 134
197 296
10 109
18 117
6 105
185 284
42 141
22 121
93 192
81 180
190 289
197 296
50 149
0 99
86 185
125 224
103 202
134 233
12 111
22 121
160 259
140 239
126 225
51 150
13 112
8 107
115 214
163 262
55 154
27 126
121 220
92 191
72 171
85 184
100 199
31 130
122 221
147 246
192 291
32 131
187 286
188 287
81 180
1 100
2 101
20 119
115 214
167 266
58 157
34 133
122 221
8 107
14 113
57 156
131 230
122 221
67 166
61 160
35 134
70 169
23 122
145 244
69 168
182 281
197 296
60 159
40 139
3 102
5 104
50 149
117 216
148 247
120 219
165 264
63 162
195 294
148 247
59 158
94 193
65 164
97 196
17 116
167 266
124 223
70 169
132 231
102 201
10 109
119 218
10 109
132 231
140 239
128 227
163 262
63 162
19 118
32 131
52 151
164 263
146 245
86 185
1 100
64 163
43 142
99 198
109 208
117 216
140 239
177 276
54 153
155 254
94 193
133 232
9 108
120 219
22 121
184 283
155 254
143 242
181 280
152 251
83 182
176 275
84 183
147 246
133 232
74 173
79 178
121 220
70 169
2 101
101 200
78 177
131 230
163 262
134 233
102 201
110 209
117 216
178 277
123 222
121 220
70 169
119 218
24 123
184 283
168 267
142 241
21 120
37 136
107 206
154 253
167 266
139 238
179 278
183 282
26 125
131 230
140 239
162 261
169 268
188 287
21 120
104 203
98 197
5 104
68 167
98 197
122 221
28 127
14 113
85 184
74 173
16 115
2 101
10 109
122 221
26 125
124 223
162 261
17 116
74 173
103 202
120 219
75 174
20 119
107 206
135 234
114 213
47 146
147 246
170 269
130 229
111 210
58 157
2 101
195 294
117 216
193 292
13 112
176 275
153 252
56 155
21 120
141 240
15 114
33 132
61 160
37 136
59 158
83 182
110 209
47 146
182 281
153 252
4 103
121 220
73 172
11 110
3 102
40 139
4 103
186 285
38 137
143 242
129 228
97 196
187 286
176 275
81 180
87 186
46 145
28 127
184 283
11 110
167 266
155 254
174 273
103 202
111 210
166 265
103 202
182 281
74 173
90 189
184 283
114 213
99 198
122 221
51 150
28 127
25 124
187 286
28 127
30 129
94 193
73 172
54 153
105 204
74 173
136 235
51 150
177 276
25 124
120 219
107 206
2 101
111 210
95 194
146 245
34 133
78 177
60 159
113 212
77 176
21 120
153 252
165 264
98 197
171 270
19 118
137 236
90 189
121 220
55 154
118 217
95 194
7 106
140 239
35 134
142 241
160 259
112 211
19 118
57 156
17 116
45 144
62 161
93 192
28 127
194 293
48 147
18 117
31 130
13 112
175 274
41 140
62 161
140 239
145 244
165 264
170 269
53 152
58 157
3 102
167 266
7 106
4 103
160 259
17 116
181 280
92 191
174 273
191 290
150 249
136 235
92 191
57 156
185 284
54 153
147 246
10 109
160 259
66 165
186 285
190 289
173 272
167 266
67 166
122 221
16 115
178 277
136 235
95 194
76 175
14 113
117 216
100 199
182 281
2 101
38 137
93 192
78 177
182 281
55 154
19 118
96 195
112 211
125 224
23 122
156 255
27 126
146 245
33 132
60 159
27 126
131 230
85 184
123 222
21 120
19 118
130 229
32 131
132 231
90 189
73 172
34 133
35 134
95 194
139 238
100 199
185 284
158 257
96 195
136 235
167 266
3 102
27 126
15 114
88 187
196 295
82 181
125 224
58 157
100 199
103 202
70 169
32 131
143 242
174 273
113 212
58 157
95 194
74 173
78 177
88 187
136 235
157 256
71 170
6 105
23 122
84 183
171 270
52 151
126 225
123 222
0 99
55 154
93 192
14 113
18 117
168 267
61 160
63 162
151 250
19 118
95 194
52 151
4 103
149 248
172 271
116 215
188 287
85 184
6 105
63 162
37 136
43 142
196 295
117 216
58 157
72 171
178 277
115 214
114 213
102 201
116 215
140 239
153 252
28 127
115 214
79 178
71 170
117 216
127 226
143 242
127 226
145 244
189 288
61 160
34 133
38 137
17 116
108 207
159 258
113 212
114 213
155 254
86 185
162 261
37 136
159 258
119 218
67 166
137 236
66 165
10 109
50 149
157 256
112 211
87 186
148 247
183 282
72 171
118 217
24 123
16 115
34 133
47 146
95 194
84 183
137 236
149 248
144 243
121 220
142 241
193 292
136 235
70 169
184 283
28 127
58 157
38 137
177 276
110 209
138 237
33 132
127 226
83 182
66 165
166 265
182 281
87 186
189 288
86 185
73 172
107 206
4 103
122 221
127 226
25 124
9 108
94 193
131 230
162 261
72 171
173 272
145 244
147 246
57 156
88 187
67 166
45 144
84 183
64 163
96 195
14 113
29 128
172 271
137 236
170 269
10 109
51 150
90 189
87 186
153 252
89 188
165 264
113 212
137 236
108 207
49 148
187 286
66 165
158 257
100 199
197 296
33 132
27 126
120 219
197 296
195 294
172 271
136 235
128 227
122 221
45 144
80 179
0 99
182 281
133 232
73 172
94 193
20 119
68 167
190 289
77 176
105 204
21 120
82 181
151 250
77 176
100 199
24 123
184 283
173 272
106 205
140 239
53 152
104 203
11 110
85 184
3 102
25 124
47 146
58 157
177 276
142 241
68 167
118 217
11 110
54 153
62 161
110 209
56 155
153 252
126 225
16 115
139 238
45 144
92 191
143 242
117 216
139 238
0 99
137 236
14 113
167 266
137 236
114 213
12 111
125 224
191 290
38 137
71 170
149 248
56 155
76 175
126 225
16 115
105 204
56 155
80 179
176 275
67 166
32 131
36 135
113 212
130 229
51 150
113 212
2 101
105 204
87 186
81 180
99 198
183 282
193 292
31 130
167 266
8 107
196 295
158 257
61 160
106 205
88 187
69 168
144 243
192 291
44 143
6 105
114 213
51 150
123 222
67 166
93 192
130 229
8 107
72 171
173 272
18 117
31 130
177 276
62 161
122 221
183 282
149 248
124 223
145 244
117 216
92 191
175 274
38 137
176 275
38 137
181 280
38 137
107 206
81 180
31 130
3 102
49 148
125 224
106 205
38 137
9 108
7 106
191 290
13 112
151 250
143 242
24 123
34 133
15 114
65 164
74 173
100 199
76 175
122 221
28 127
119 218
36 135
60 159
192 291
175 274
34 133
179 278
134 233
126 225
36 135
12 111
115 214
78 177
61 160
193 292
72 171
148 247
150 249
87 186
1 100
133 232
151 250
40 139
147 246
135 234
104 203
26 125
154 253
149 248
4 103
134 233
149 248
44 143
110 209
194 293
125 224
49 148
27 126
23 122
115 214
61 160
59 158
57 156
75 174
138 237
141 240
4 103
158 257
190 289
103 202
79 178
21 120
187 286
90 189
45 144
160 259
24 123
21 120
49 148
15 114
178 277
86 185
192 291
152 251
122 221
73 172
143 242
168 267
172 271
36 135
182 281
32 131
70 169
131 230
173 272
35 134
58 157
5 104
170 269
162 261
158 257
140 239
76 175
66 165
62 161
36 135
180 279
85 184
78 177
58 157
15 114
7 106
10 109
46 145
55 154
150 249
116 215
129 228
185 284
196 295
175 274
37 136
54 153
17 116
173 272
88 187
105 204
101 200
132 231
46 145
30 129
24 123
175 274
197 296
89 188
45 144
27 126
186 285
144 243
170 269
119 218
117 216
120 219
59 158
176 275
159 258
157 256
8 107
52 151
32 131
152 251
197 296
187 286
17 116
49 148
143 242
117 216
3 102
125 224
42 141
47 146
84 183
3 102
87 186
82 181
175 274
71 170
134 233
40 139
35 134
22 121
180 279
37 136
7 106
16 115
71 170
168 267
173 272
58 157
25 124
159 258
67 166
3 102
28 127
170 269
173 272
120 219
107 206
69 168
103 202
115 214
144 243
111 210
49 148
76 175
92 191
93 192
17 116
33 132
38 137
14 113
0 99
185 284
138 237
113 212
27 126
85 184
59 158
23 122
41 140
80 179
123 222
69 168
111 210
87 186
102 201
8 107
152 251
152 251
57 156
161 260
17 116
143 242
35 134
4 103
87 186
196 295
92 191
41 140
110 209
97 196
160 259
2 101
101 200
96 195
102 201
10 109
179 278
141 240
185 284
81 180
86 185
156 255
3 102
35 134
92 191
5 104
87 186
6 105
78 177
146 245
146 245
64 163
186 285
166 265
148 247
1 100
76 175
60 159
27 126
58 157
118 217
103 202
74 173
147 246
7 106
45 144
152 251
55 154
193 292
59 158
125 224
143 242
127 226
56 155
52 151
114 213
55 154
71 170
28 127
74 173
194 293
82 181
79 178
66 165
45 144
122 221
110 209
185 284
109 208
82 181
155 254
153 252
142 241
24 123
86 185
185 284
86 185
65 164
10 109
130 229
142 241
99 198
113 212
60 159
125 224
124 223
92 191
98 197
129 228
16 115
188 287
164 263
23 122
10 109
50 149
142 241
112 211
16 115
83 182
0 99
111 210
125 224
103 202
64 163
102 201
158 257
84 183
139 238
48 147
132 231
159 258
134 233
186 285
111 210
107 206
107 206
188 287
129 228
59 158
61 160
156 255
170 269
119 218
107 206
102 201
118 217
36 135
56 155
34 133
134 233
142 241
147 246
31 130
50 149
82 181
25 124
37 136
196 295
108 207
189 288
28 127
112 211
136 235
149 248
183 282
130 229
153 252
4 103
41 140
16 115
160 259
143 242
86 185
150 249
58 157
177 276
182 281
23 122
108 207
55 154
125 224
197 296
3 102
148 247
161 260
153 252
134 233
125 224
32 131
115 214
185 284
122 221
177 276
11 110
195 294
118 217
74 173
17 116
135 234
1 100
156 255
23 122
179 278
101 200
5 104
21 120
125 224
164 263
78 177
173 272
11 110
132 231
28 127
62 161
183 282
106 205
18 117
22 121
135 234
120 219
166 265
92 191
37 136
184 283
48 147
108 207
18 117
182 281
109 208
126 225
46 145
178 277
143 242
115 214
120 219
130 229
10 109
11 110
145 244
25 124
112 211
57 156
147 246
39 138
36 135
181 280
170 269
149 248
5 104
25 124
55 154
3 102
175 274
110 209
60 159
52 151
194 293
35 134
51 150
141 240
194 293
56 155
149 248
49 148
75 174
128 227
161 260
138 237
53 152
104 203
172 271
65 164
194 293
68 167
75 174
96 195
1 100
20 119
128 227
157 256
135 234
164 263
48 147
79 178
35 134
67 166
73 172
69 168
66 165
165 264
112 211
121 220
155 254
116 215
130 229
51 150
12 111
20 119
188 287
111 210
185 284
159 258
139 238
37 136
115 214
141 240
165 264
104 203
69 168
12 111
38 137
110 209
195 294
171 270
40 139
143 242
148 247
161 260
105 204
8 107
143 242
142 241
114 213
76 175
60 159
150 249
192 291
12 111
32 131
197 296
55 154
7 106
48 147
62 161
12 111
132 231
184 283
85 184
158 257
160 259
121 220
173 272
166 265
81 180
69 168
114 213
109 208
88 187
78 177
43 142
158 257
160 259
40 139
55 154
21 120
93 192
163 262
193 292
59 158
170 269
90 189
93 192
29 128
91 190
144 243
28 127
168 267
183 282
28 127
68 167
163 262
186 285
134 233
89 188
190 289
177 276
113 212
178 277
29 128
92 191
190 289
184 283
61 160
179 278
187 286
29 128
19 118
174 273
105 204
191 290
88 187
141 240
33 132
138 237
54 153
91 190
51 150
147 246
3 102
132 231
7 106
17 116
91 190
55 154
165 264
49 148
114 213
137 236
172 271
173 272
84 183
6 105
151 250
151 250
109 208
75 174
117 216
191 290
186 285
178 277
9 108
171 270
128 227
40 139
182 281
63 162
30 129
113 212
12 111
26 125
59 158
81 180
127 226
44 143
56 155
48 147
9 108
45 144
88 187
13 112
117 216
177 276
4 103
0 99
14 113
65 164
145 244
61 160
93 192
11 110
191 290
176 275
173 272
192 291
81 180
165 264
136 235
15 114
130 229
142 241
144 243
159 258
15 114
52 151
94 193
112 211
52 151
78 177
36 135
64 163
190 289
25 124
69 168
168 267
100 199
106 205
36 135
114 213
21 120
91 190
124 223
108 207
166 265
193 292
109 208
107 206
150 249
151 250
63 162
63 162
169 268
98 197
5 104
175 274
28 127
90 189
61 160
168 267
147 246
96 195
184 283
11 110
197 296
74 173
10 109
90 189
160 259
144 243
68 167
61 160
192 291
170 269
125 224
78 177
13 112
12 111
172 271
87 186
63 162
13 112
58 157
91 190
158 257
50 149
157 256
25 124
38 137
162 261
160 259
26 125
193 292
156 255
158 257
120 219
47 146
120 219
145 244
95 194
193 292
127 226
26 125
108 207
45 144
62 161
49 148
112 211
38 137
85 184
102 201
186 285
88 187
1 100
14 113
63 162
53 152
96 195
169 268
108 207
129 228
37 136
74 173
116 215
122 221
114 213
185 284
67 166
62 161
151 250
145 244
191 290
181 280
9 108
126 225
105 204
143 242
58 157
60 159
162 261
140 239
66 165
43 142
104 203
153 252
41 140
150 249
8 107
131 230
67 166
58 157
99 198
134 233
59 158
57 156
113 212
157 256
53 152
143 242
148 247
180 279
81 180
13 112
42 141
78 177
16 115
80 179
176 275
9 108
178 277
26 125
130 229
77 176
193 292
115 214
82 181
101 200
64 163
95 194
6 105
90 189
156 255
121 220
185 284
35 134
187 286
140 239
11 110
57 156
147 246
35 134
47 146
134 233
31 130
117 216
138 237
51 150
35 134
72 171
107 206
99 198
169 268
2 101
148 247
31 130
174 273
77 176
143 242
113 212
33 132
110 209
149 248
10 109
8 107
96 195
118 217
187 286
188 287
59 158
185 284
50 149
122 221
39 138
49 148
65 164
140 239
121 220
23 122
82 181
89 188
53 152
133 232
127 226
109 208
13 112
190 289
122 221
116 215
7 106
67 166
82 181
4 103
136 235
95 194
153 252
185 284
54 153
120 219
61 160
65 164
164 263
103 202
141 240
32 131
34 133
93 192
184 283
92 191
135 234
3 102
119 218
119 218
6 105
167 266
82 181
145 244
134 233
83 182
19 118
5 104
165 264
125 224
187 286
124 223
22 121
117 216
123 222
72 171
171 270
185 284
69 168
118 217
29 128
137 236
130 229
61 160
73 172
98 197
180 279
135 234
14 113
107 206
166 265
135 234
119 218
123 222
157 256
57 156
192 291
78 177
69 168
34 133
137 236
165 264
134 233
21 120
196 295
171 270
144 243
62 161
167 266
65 164
120 219
29 128
127 226
85 184
63 162
152 251
25 124
68 167
116 215
127 226
175 274
33 132
118 217
180 279
150 249
55 154
26 125
121 220
129 228
93 192
183 282
197 296
43 142
122 221
27 126
100 199
83 182
87 186
70 169
130 229
35 134
27 126
173 272
9 108
14 113
158 257
132 231
70 169
71 170
40 139
129 228
68 167
187 286
83 182
138 237
164 263
154 253
137 236
5 104
38 137
197 296
97 196
67 166
177 276
97 196
70 169
8 107
191 290
12 111
180 279
101 200
7 106
132 231
84 183
5 104
166 265
131 230
29 128
119 218
193 292
22 121
63 162
25 124
180 279
74 173
125 224
28 127
37 136
155 254
31 130
1 100
194 293
3 102
152 251
154 253
166 265
172 271
125 224
74 173
95 194
66 165
70 169
96 195
143 242
82 181
36 135
63 162
172 271
84 183
48 147
144 243
26 125
133 232
128 227
144 243
55 154
15 114
197 296
70 169
4 103
92 191
188 287
39 138
168 267
163 262
187 286
113 212
181 280
34 133
153 252
27 126
159 258
170 269
125 224
105 204
33 132
143 242
77 176
53 152
115 214
62 161
140 239
189 288
107 206
156 255
33 132
111 210
188 287
124 223
7 106
45 144
126 225
185 284
140 239
88 187
22 121
87 186
114 213
154 253
69 168
49 148
93 192
33 132
105 204
183 282
17 116
112 211
16 115
105 204
143 242
27 126
86 185
157 256
24 123
149 248
52 151
121 220
178 277
182 281
93 192
180 279
84 183
70 169
20 119
86 185
153 252
145 244
125 224
15 114
119 218
149 248
16 115
186 285
25 124
26 125
43 142
63 162
77 176
62 161
73 172
57 156
5 104
59 158
152 251
23 122
128 227
13 112
68 167
21 120
161 260
79 178
3 102
112 211
171 270
129 228
169 268
27 126
23 122
66 165
18 117
6 105
129 228
194 293
22 121
161 260
69 168
173 272
132 231
144 243
196 295
8 107
153 252
36 135
8 107
37 136
186 285
161 260
35 134
74 173
114 213
136 235
127 226
86 185
39 138
77 176
51 150
156 255
26 125
105 204
94 193
129 228
162 261
116 215
139 238
94 193
170 269
3 102
153 252
110 209
61 160
112 211
188 287
37 136
49 148
154 253
38 137
197 296
151 250
52 151
63 162
38 137
85 184
102 201
26 125
134 233
34 133
87 186
98 197
187 286
107 206
128 227
161 260
61 160
54 153
156 255
101 200
108 207
168 267
183 282
31 130
11 110
136 235
23 122
23 122
95 194
128 227
113 212
54 153
67 166
169 268
60 159
194 293
138 237
104 203
40 139
1 100
55 154
162 261
31 130
33 132
109 208
57 156
6 105
133 232
152 251
96 195
9 108
4 103
6 105
114 213
27 126
64 163
125 224
20 119
83 182
174 273
148 247
5 104
113 212
170 269
156 255
76 175
83 182
161 260
88 187
125 224
102 201
16 115
158 257
43 142
144 243
7 106
144 243
106 205
176 275
27 126
21 120
173 272
170 269
138 237
78 177
146 245
191 290
158 257
100 199
85 184
65 164
96 195
193 292
152 251
129 228
148 247
100 199
122 221
4 103
90 189
71 170
76 175
14 113
158 257
176 275
40 139
42 141
44 143
83 182
133 232
159 258
165 264
112 211
105 204
183 282
30 129
138 237
184 283
57 156
39 138
155 254
44 143
79 178
47 146
57 156
22 121
28 127
45 144
11 110
164 263
128 227
24 123
111 210
119 218
74 173
150 249
164 263
67 166
191 290
35 134
2 101
196 295
38 137
149 248
100 199
135 234
141 240
27 126
31 130
89 188
61 160
124 223
187 286
142 241
157 256
112 211
180 279
87 186
159 258
7 106
56 155
70 169
161 260
133 232
170 269
173 272
25 124
59 158
120 219
58 157
149 248
114 213
112 211
30 129
46 145
40 139
27 126
81 180
143 242
40 139
85 184
174 273
154 253
182 281
192 291
16 115
180 279
70 169
88 187
50 149
164 263
190 289
74 173
62 161
62 161
145 244
175 274
119 218
18 117
138 237
113 212
105 204
40 139
121 220
46 145
195 294
10 109
53 152
33 132
47 146
62 161
187 286
127 226
51 150
26 125
14 113
138 237
21 120
31 130
9 108
187 286
104 203
113 212
46 145
158 257
1 100
95 194
155 254
50 149
172 271
119 218
171 270
9 108
0 99
43 142
196 295
89 188
128 227
73 172
65 164
170 269
32 131
11 110
1 100
145 244
6 105
167 266
191 290
35 134
61 160
96 195
31 130
123 222
61 160
119 218
158 257
78 177
186 285
60 159
165 264
190 289
111 210
50 149
38;156504
70 169
119 218
104 203
182 281
122 221
40 139
103 202
184 283
156 255
94 193
80 179
3 102
43 142
75 174
178 277
190 289
79 178
48 147
114 213
45 144
48 147
100 199
84 183
81 180
60 159
179 278
54 153
36 135
11 110
71 170
190 289
110 209
128 227
152 251
124 223
135 234
30 129
21 120
169 268
35 134
2 101
18 117
0 99
191 290
54 153
90 189
42 141
8 107
78 177
188 287
177 276
143 242
103 202
5 104
182 281
38 137
17 116
144 243
32 131
108 207
27 126
22 121
109 208
89 188
122 221
108 207
122 221
116 215
61 160
80 179
176 275
113 212
86 185
61 160
151 250
193 292
185 284
77 176
118 217
126 225
112 211
44 143
116 215
167 266
84 183
44 143
178 277
58 157
192 291
51 150
34 133
20 119
76 175
4 103
30 129
48 147
138 237
59 158
24 123
111 210
15 114
1 100
41 140
128 227
6 105
119 218
69 168
7 106
182 281
99 198
35 134
110 209
43 142
94 193
1 100
64 163
7 106
151 250
169 268
74 173
95 194
12 111
90 189
132 231
0 99
76 175
75 174
98 197
175 274
53 152
133 232
152 251
192 291
13 112
91 190
110 209
57 156
79 178
43 142
58 157
89 188
83 182
62 161
131 230
61 160
13 112
158 257
133 232
96 195
84 183
18 117
28 127
71 170
72 171
121 220
43 142
181 280
45 144
35 134
153 252
162 261
182 281
111 210
32 131
42 141
30 129
61 160
155 254
86 185
138 237
60 159
8 107
154 253
184 283
50 149
82 181
176 275
4 103
32 131
81 180
156 255
172 271
106 205
187 286
141 240
36 135
34 133
185 284
197 296
11 110
147 246
181 280
3 102
172 271
78 177
118 217
124 223
184 283
151 250
100 199
85 184
60 159
140 239
81 180
184 283
103 202
186 285
140 239
195 294
88 187
116 215
34 133
161 260
105 204
141 240
126 225
128 227
104 203
109 208
149 248
76 175
7 106
132 231
168 267
191 290
4 103
193 292
41 140
37 136
156 255
117 216
181 280
193 292
106 205
16 115
14 113
86 185
143 242
167 266
144 243
115 214
34 133
119 218
72 171
71 170
33 132
42 141
158 257
21 120
106 205
71 170
187 286
78 177
74 173
64 163
135 234
126 225
88 187
128 227
89 188
103 202
84 183
163 262
24 123
74 173
185 284
52 151
101 200
196 295
85 184
179 278
17 116
141 240
39 138
55 154
67 166
139 238
14 113
106 205
18 117
51 150
154 253
177 276
87 186
123 222
115 214
121 220
169 268
73 172
49 148
69 168
77 176
190 289
43 142
138 237
171 270
189 288
42 141
105 204
142 241
166 265
83 182
30 129
197 296
43 142
150 249
48 147
171 270
54 153
115 214
106 205
144 243
126 225
21 120
166 265
1 100
190 289
33 132
32 131
183 282
81 180
28 127
171 270
159 258
141 240
50 149
62 161
46 145
180 279
168 267
102 201
99 198
187 286
49 148
100 199
14 113
95 194
127 226
153 252
155 254
38 137
27 126
178 277
62 161
145 244
91 190
142 241
93 192
50 149
59 158
76 175
123 222
194 293
17 116
191 290
149 248
195 294
24 123
19 118
74 173
105 204
79 178
176 275
129 228
102 201
136 235
8 107
120 219
137 236
127 226
181 280
176 275
99 198
160 259
179 278
172 271
166 265
89 188
144 243
149 248
164 263
16 115
5 104
66 165
22 121
71 170
10 109
36 135
87 186
28 127
50 149
186 285
192 291
104 203
157 256
101 200
147 246
67 166
164 263
6 105
72 171
172 271
180 279
147 246
120 219
26 125
55 154
161 260
55 154
67 166
84 183
67 166
38 137
175 274
101 200
135 234
131 230
107 206
117 216
128 227
170 269
189 288
4 103
186 285
86 185
80 179
55 154
129 228
155 254
183 282
63 162
159 258
97 196
19 118
79 178
28 127
83 182
67 166
175 274
15 114
191 290
174 273
87 186
113 212
157 256
48 147
180 279
139 238
75 174
177 276
31 130
98 197
122 221
81 180
129 228
27 126
90 189
146 245
63 162
114 213
170 269
182 281
31 130
65 164
137 236
51 150
79 178
139 238
141 240
46 145
4 103
50 149
190 289
86 185
18 117
130 229
20 119
126 225
155 254
140 239
97 196
6 105
110 209
44 143
38 137
87 186
15 114
197 296
81 180
102 201
143 242
149 248
61 160
42 141
160 259
49 148
126 225
79 178
137 236
194 293
117 216
154 253
119 218
100 199
88 187
79 178
26 125
111 210
137 236
114 213
59 158
95 194
22 121
123 222
1 100
0 99
71 170
172 271
90 189
92 191
20 119
107 206
38 137
94 193
92 191
176 275
88 187
99 198
77 176
139 238
183 282
192 291
159 258
112 211
89 188
166 265
80 179
147 246
113 212
12 111
59 158
43 142
165 264
112 211
185 284
105 204
142 241
58 157
49 148
108 207
109 208
173 272
35 134
187 286
27 126
62 161
36 135
79 178
190 289
94 193
35 134
181 280
46 145
170 269
10 109
105 204
172 271
115 214
151 250
42 141
113 212
153 252
96 195
48 147
34 133
41 140
179 278
44 143
164 263
164 263
192 291
89 188
129 228
26 125
196 295
91 190
157 256
179 278
49 148
100 199
90 189
82 181
110 209
2 101
162 261
74 173
30 129
186 285
49 148
121 220
104 203
94 193
178 277
108 207
140 239
98 197
113 212
31 130
94 193
70 169
121 220
167 266
90 189
54 153
63 162
112 211
52 151
43 142
23 122
177 276
135 234
109 208
94 193
149 248
7 106
122 221
148 247
187 286
111 210
186 285
102 201
191 290
28 127
2 101
131 230
150 249
188 287
112 211
135 234
40 139
91 190
109 208
94 193
29 128
103 202
20 119
143 242
114 213
78 177
181 280
165 264
27 126
166 265
152 251
66 165
157 256
20 119
145 244
141 240
157 256
177 276
72 171
139 238
16 115
11 110
40 139
78 177
164 263
29 128
15 114
75 174
57 156
100 199
157 256
65 164
112 211
76 175
30 129
155 254
83 182
76 175
11 110
126 225
25 124
5 104
96 195
141 240
67 166
105 204
161 260
45 144
73 172
110 209
0 99
110 209
100 199
86 185
57 156
174 273
32 131
186 285
143 242
65 164
135 234
169 268
102 201
99 198
101 200
80 179
138 237
151 250
47 146
113 212
98 197
98 197
24 123
112 211
67 166
195 294
100 199
11 110
53 152
189 288
109 208
121 220
72 171
117 216
77 176
163 262
191 290
118 217
55 154
79 178
159 258
23 122
65 164
64 163
144 243
78 177
25 124
197 296
197 296
69 168
43 142
101 200
135 234
77 176
110 209
91 190
78 177
149 248
27 126
144 243
116 215
119 218
160 259
23 122
197 296
27 126
170 269
167 266
140 239
137 236
196 295
51 150
57 156
155 254
172 271
16 115
53 152
124 223
53 152
124 223
123 222
148 247
121 220
41 140
157 256
155 254
171 270
184 283
2 101
135 234
67 166
5 104
186 285
3 102
170 269
77 176
44 143
79 178
163 262
41 140
184 283
145 244
175 274
28 127
146 245
137 236
92 191
176 275
72 171
69 168
48 147
161 260
42 141
141 240
163 262
182 281
124 223
150 249
135 234
27 126
18 117
38 137
66 165
20 119
153 252
197 296
14 113
191 290
129 228
168 267
16 115
10 109
85 184
175 274
160 259
130 229
25 124
166 265
156 255
37 136
56 155
7 106
175 274
20 119
148 247
43 142
189 288
181 280
60 159
188 287
196 295
114 213
124 223
36 135
27 126
25 124
89 188
126 225
58 157
129 228
16 115
121 220
106 205
112 211
187 286
106 205
195 294
63 162
19 118
55 154
41 140
148 247
58 157
20 119
150 249
161 260
145 244
183 282
0 99
43 142
184 283
19 118
181 280
46 145
31 130
191 290
149 248
176 275
33 132
9 108
84 183
136 235
83 182
185 284
89 188
158 257
50 149
149 248
26 125
100 199
124 223
23 122
12 111
118 217
168 267
69 168
61 160
99 198
168 267
24 123
110 209
58 157
154 253
191 290
126 225
95 194
83 182
93 192
112 211
87 186
164 263
181 280
155 254
158 257
70 169
155 254
138 237
96 195
176 275
141 240
24 123
196 295
165 264
114 213
71 170
180 279
12 111
16 115
112 211
85 184
2 101
167 266
185 284
75 174
113 212
123 222
178 277
42 141
39 138
135 234
103 202
153 252
143 242
146 245
92 191
137 236
17 116
53 152
184 283
159 258
22 121
64 163
87 186
69 168
24 123
80 179
73 172
82 181
19 118
139 238
79 178
197 296
7 106
44 143
91 190
168 267
180 279
3 102
28 127
166 265
137 236
39 138
161 260
21 120
138 237
175 274
92 191
28 127
166 265
161 260
189 288
125 224
177 276
48 147
80 179
99 198
189 288
105 204
157 256
30 129
139 238
179 278
167 266
74 173
42 141
170 269
91 190
68 167
192 291
60 159
150 249
109 208
104 203
192 291
14 113
3 102
70 169
138 237
50 149
138 237
128 227
39 138
179 278
190 289
119 218
196 295
118 217
87 186
62 161
11 110
65 164
34 133
174 273
164 263
90 189
137 236
3 102
18 117
37 136
107 206
179 278
89 188
152 251
49 148
139 238
118 217
82 181
131 230
11 110
192 291
101 200
36 135
130 229
60 159
94 193
21 120
126 225
153 252
109 208
15 114
7 106
3 102
27 126
74 173
14 113
194 293
25 124
90 189
181 280
127 226
46 145
34 133
196 295
2 101
22 121
80 179
142 241
139 238
30 129
137 236
184 283
85 184
94 193
188 287
77 176
58 157
63 162
32 131
165 264
114 213
102 201
61 160
108 207
50 149
24 123
2 101
46 145
161 260
12 111
39 138
172 271
140 239
132 231
51 150
20 119
114 213
59 158
127 226
96 195
42 141
129 228
180 279
5 104
180 279
3 102
194 293
186 285
70 169
167 266
22 121
91 190
24 123
45 144
143 242
97 196
63 162
187 286
120 219
92 191
29 128
127 226
156 255
192 291
30 129
189 288
157 256
137 236
123 222
32 131
144 243
83 182
80 179
118 217
7 106
131 230
18 117
65 164
82 181
2 101
149 248
29 128
58 157
167 266
57 156
116 215
40 139
166 265
174 273
134 233
170 269
133 232
4 103
121 220
156 255
194 293
27 126
35 134
132 231
62 161
93 192
57 156
168 267
44 143
8 107
147 246
138 237
91 190
173 272
70 169
188 287
51 150
138 237
50 149
87 186
30 129
54 153
49 148
89 188
156 255
124 223
109 208
162 261
191 290
47 146
126 225
193 292
118 217
30 129
56 155
16 115
186 285
67 166
51 150
21 120
175 274
117 216
101 200
162 261
46 145
92 191
64 163
12 111
87 186
159 258
46 145
151 250
27 126
42 141
94 193
55 154
167 266
13 112
37 136
17 116
195 294
138 237
57 156
174 273
163 262
177 276
145 244
138 237
170 269
96 195
95 194
167 266
149 248
13 112
128 227
48 147
77 176
134 233
121 220
105 204
61 160
23 122
65 164
183 282
52 151
128 227
165 264
121 220
183 282
131 230
25 124
147 246
56 155
88 187
112 211
192 291
138 237
15 114
152 251
159 258
171 270
191 290
52 151
9 108
24 123
197 296
131 230
120 219
171 270
122 221
66 165
22 121
53 152
106 205
183 282
87 186
44 143
137 236
149 248
192 291
162 261
21 120
82 181
57 156
143 242
159 258
118 217
110 209
9 108
125 224
141 240
183 282
63 162
194 293
44 143
135 234
121 220
7 106
126 225
100 199
105 204
31 130
179 278
72 171
24 123
85 184
14 113
37 136
159 258
62 161
41 140
193 292
103 202
139 238
111 210
57 156
31 130
127 226
153 252
1 100
120 219
39 138
51 150
106 205
187 286
30 129
57 156
116 215
14 113
95 194
194 293
19 118
169 268
109 208
44 143
90 189
74 173
195 294
190 289
151 250
136 235
127 226
157 256
134 233
116 215
54 153
51 150
190 289
8 107
102 201
36 135
50 149
127 226
10 109
5 104
27 126
165 264
144 243
182 281
154 253
49 148
6 105
174 273
190 289
197 296
53 152
88 187
124 223
33 132
133 232
113 212
116 215
130 229
62 161
125 224
46 145
133 232
193 292
153 252
128 227
35 134
93 192
27 126
164 263
173 272
55 154
187 286
163 262
45 144
111 210
20 119
165 264
78 177
172 271
154 253
23 122
133 232
64 163
71 170
140 239
48 147
55 154
195 294
107 206
51 150
57 156
23 122
49 148
139 238
106 205
142 241
117 216
197 296
135 234
23 122
149 248
22 121
84 183
65 164
75 174
99 198
19 118
185 284
153 252
100 199
83 182
93 192
61 160
17 116
43 142
161 260
175 274
179 278
110 209
23 122
141 240
158 257
130 229
27 126
45 144
165 264
134 233
60 159
125 224
20 119
35 134
37 136
197 296
2 101
102 201
106 205
81 180
116 215
150 249
156 255
3 102
61 160
156 255
49 148
194 293
27 126
68 167
46 145
82 181
36 135
136 235
176 275
192 291
145 244
132 231
43 142
154 253
93 192
76 175
158 257
196 295
138 237
109 208
4 103
175 274
133 232
126 225
86 185
102 201
185 284
171 270
192 291
41 140
82 181
94 193
46 145
76 175
145 244
92 191
72 171
168 267
151 250
93 192
177 276
92 191
44 143
179 278
62 161
61 160
87 186
42 141
27 126
195 294
26 125
108 207
127 226
3 102
100 199
23 122
44 143
146 245
73 172
157 256
88 187
185 284
186 285
146 245
9 108
36 135
128 227
14 113
169 268
154 253
1 100
191 290
152 251
190 289
73 172
58 157
35 134
43 142
196 295
94 193
48 147
103 202
13 112
132 231
109 208
33 132
58 157
180 279
95 194
170 269
115 214
35 134
18 117
47 146
30 129
91 190
118 217
53 152
60 159
129 228
113 212
154 253
130 229
196 295
32 131
89 188
133 232
66 165
115 214
108 207
9 108
115 214
190 289
194 293
71 170
153 252
81 180
113 212
87 186
67 166
41 140
108 207
37 136
124 223
166 265
95 194
175 274
184 283
159 258
127 226
197 296
10 109
105 204
146 245
125 224
46 145
141 240
4 103
34 133
190 289
60 159
37 136
132 231
195 294
172 271
80 179
23 122
116 215
197 296
99 198
56 155
81 180
144 243
150 249
133 232
100 199
96 195
59 158
52 151
113 212
64 163
22 121
91 190
129 228
150 249
131 230
68 167
137 236
156 255
70 169
106 205
120 219
2 101
127 226
40 139
19 118
67 166
153 252
57 156
65 164
25 124
127 226
165 264
89 188
43 142
2 101
180 279
72 171
85 184
121 220
125 224
163 262
191 290
47 146
161 260
137 236
191 290
94 193
190 289
147 246
172 271
93 192
23 122
95 194
134 233
83 182
127 226
69 168
25 124
181 280
135 234
15 114
53 152
177 276
66 165
161 260
92 191
117 216
1 100
3 102
151 250
4 103
99 198
4 103
192 291
114 213
115 214
189 288
77 176
75 174
6 105
21 120
131 230
59 158
30 129
74 173
174 273
101 200
192 291
131 230
87 186
3 102
103 202
43 142
122 221
146 245
56 155
160 259
34 133
79 178
174 273
130 229
70 169
19 118
186 285
122 221
73 172
61 160
44 143
181 280
193 292
124 223
83 182
37 136
126 225
108 207
51 150
70 169
151 250
31 130
197 296
143 242
56 155
23 122
26 125
66 165
109 208
159 258
183 282
145 244
71 170
108 207
102 201
184 283
181 280
185 284
53 152
154 253
5 104
106 205
139 238
148 247
191 290
146 245
22 121
191 290
104 203
120 219
171 270
114 213
91 190
170 269
77 176
74 173
141 240
153 252
91 190
78 177
4 103
17 116
29 128
130 229
53 152
144 243
95 194
165 264
83 182
2 101
148 247
48 147
24 123
173 272
123 222
65 164
196 295
131 230
38 137
170 269
175 274
85 184
152 251
175 274
113 212
41 140
77 176
107 206
0 99
3 102
62 161
48 147
196 295
166 265
101 200
85 184
125 224
191 290
106 205
126 225
60 159
95 194
197 296
87 186
165 264
46 145
161 260
170 269
61 160
95 194
128 227
73 172
101 200
141 240
143 242
191 290
116 215
162 261
133 232
17 116
197 296
37 136
111 210
1 100
167 266
93 192
39 138
52 151
55 154
100 199
105 204
19 118
159 258
75 174
99 198
11 110
80 179
184 283
86 185
101 200
149 248
55 154
140 239
31 130
79 178
112 211
42 141
182 281
134 233
87 186
151 250
180 279
20 119
130 229
4 103
173 272
92 191
186 285
15 114
52 151
59 158
176 275
40 139
86 185
77 176
72 171
174 273
185 284
25 124
194 293
60 159
124 223
77 176
57 156
70 169
74 173
167 266
65 164
98 197
185 284
172 271
167 266
76 175
14 113
139 238
33 132
32 131
155 254
112 211
176 275
48 147
96 195
70 169
31 130
150 249
8 107
25 124
113 212
31 130
125 224
122 221
109 208
160 259
150 249
147 246
23 122
5 104
91 190
78 177
1 100
180 279
134 233
92 191
162 261
194 293
173 272
27 126
102 201
80 179
58 157
112 211
88 187
172 271
171 270
168 267
140 239
21 120
65 164
197 296
189 288
53 152
181 280
83 182
130 229
195 294
105 204
11 110
163 262
126 225
186 285
17 116
74 173
166 265
42 141
79 178
67 166
29 128
23 122
77 176
141 240
40 139
174 273
135 234
140 239
171 270
188 287
107 206
125 224
4 103
25 124
53 152
78 177
52 151
58 157
174 273
62 161
54 153
142 241
176 275
107 206
125 224
130 229
23 122
57 156
90 189
195 294
85 184
163 262
126 225
106 205
183 282
78 177
175 274
166 265
171 270
69 168
160 259
158 257
60 159
52 151
153 252
91 190
92 191
104 203
177 276
63 162
16 115
16 115
37 136
21 120
183 282
29 128
111 210
87 186
194 293
28 127
69 168
19 118
98 197
194 293
41 140
9 108
83 182
135 234
139 238
139 238
173 272
164 263
157 256
19 118
163 262
15 114
54 153
17 116
19 118
85 184
142 241
91 190
182 281
189 288
185 284
76 175
107 206
4 103
25 124
65 164
196 295
195 294
99 198
125 224
174 273
111 210
180 279
126 225
62 161
112 211
90 189
107 206
148 247
141 240
177 276
40 139
166 265
73 172
10 109
10 109
142 241
5 104
109 208
8 107
148 247
72 171
162 261
31 130
129 228
32 131
6 105
111 210
142 241
117 216
105 204
181 280
103 202
93 192
87 186
77 176
51 150
129 228
109 208
159 258
2 101
18 117
70 169
166 265
17 116
133 232
154 253
153 252
67 166
162 261
134 233
117 216
187 286
24 123
121 220
151 250
84 183
164 263
171 270
153 252
27 126
163 262
9 108
158 257
43 142
107 206
171 270
85 184
39 138
146 245
92 191
142 241
145 244
126 225
65 164
113 212
30 129
59 158
28 127
132 231
144 243
60 159
108 207
159 258
195 294
17 116
151 250
147 246
165 264
118 217
85 184
25 124
2 101
24 123
136 235
41 140
40 139
77 176
137 236
80 179
21 120
159 258
117 216
55 154
45 144
7 106
7 106
123 222
72 171
77 176
70 169
37 136
173 272
144 243
37 136
110 209
23 122
3 102
114 213
187 286
73 172
15 114
17 116
12 111
74 173
24 123
18 117
57 156
197 296
55 154
2 101
171 270
182 281
192 291
63 162
57 156
52 151
129 228
30 129
146 245
143 242
61 160
186 285
142 241
0 99
36 135
33 132
178 277
167 266
103 202
14 113
49 148
36 135
155 254
97 196
70 169
181 280
75 174
110 209
60 159
90 189
140 239
193 292
108 207
51 150
121 220
78 177
184 283
171 270
171 270
104 203
133 232
149 248
189 288
64 163
11 110
90 189
84 183
145 244
82 181
150 249
161 260
184 283
47 146
180 279
11 110
25 124
62 161
197 296
196 295
88 187
133 232
191 290
103 202
28 127
39 138
128 227
136 235
131 230
27 126
135 234
114 213
24 123
69 168
38 137
12 111
186 285
188 287
46 145
16 115
26 125
132 231
49 148
39 138
56 155
64 163
185 284
55 154
183 282
164 263
195 294
58 157
183 282
126 225
113 212
74 173
170 269
88 187
183 282
162 261
24 123
24 123
176 275
4 103
101 200
92 191
10 109
145 244
30 129
17 116
23 122
110 209
91 190
69 168
78 177
43 142
93 192
172 271
143 242
171 270
80 179
4 103
113 212
143 242
159 258
186 285
152 251
114 213
196 295
160 259
158 257
104 203
38 137
42 141
98 197
175 274
51 150
130 229
139 238
100 199
187 286
99 198
86 185
103 202
175 274
119 218
114 213
5 104
174 273
40 139
54 153
150 249
185 284
17 116
114 213
195 294
13 112
48 147
43 142
100 199
10 109
112 211
192 291
69 168
29 128
183 282
160 259
34 133
150 249
79 178
167 266
179 278
93 192
55 154
143 242
11 110
163 262
110 209
146 245
129 228
21 120
145 244
153 252
119 218
24 123
77 176
122 221
162 261
124 223
189 288
104 203
56 155
118 217
92 191
166 265
178 277
165 264
67 166
163 262
46 145
66 165
67 166
7 106
24 123
161 260
57 156
45 144
55 154
14 113
156 255
173 272
35 134
71 170
197 296
48 147
63 162
149 248
135 234
59 158
133 232
62 161
83 182
55 154
59 158
3 102
127 226
82 181
38 137
77 176
109 208
62 161
131 230
151 250
150 249
99 198
111 210
191 290
182 281
11 110
123 222
179 278
40 139
175 274
55 154
102 201
189 288
132 231
183 282
51 150
176 275
149 248
194 293
184 283
21 120
123 222
74 173
33 132
70 169
177 276
94 193
20 119
99 198
113 212
148 247
67 166
91 190
110 209
176 275
125 224
120 219
145 244
165 264
94 193
69 168
60 159
17 116
61 160
168 267
178 277
87 186
50 149
191 290
193 292
53 152
39 138
4 103
68 167
184 283
165 264
46 145
142 241
154 253
161 260
40 139
153 252
21 120
93 192
22 121
32 131
46 145
110 209
126 225
188 287
115 214
119 218
154 253
96 195
103 202
124 223
88 187
161 260
96 195
31 130
66 165
161 260
62 161
43 142
175 274
86 185
22 121
117 216
113 212
149 248
35 134
148 247
142 241
67 166
86 185
113 212
3 102
48 147
87 186
25 124
9 108
106 205
25 124
161 260
79 178
61 160
123 222
154 253
184 283
162 261
30 129
109 208
96 195
78 177
65 164
167 266
183 282
185 284
95 194
61 160
122 221
183 282
137 236
185 284
108 207
63 162
11 110
4 103
73 172
7 106
23 122
14 113
179 278
134 233
88 187
5 104
27 126
130 229
161 260
162 261
94 193
129 228
142 241
26 125
150 249
161 260
154 253
99 198
128 227
48 147
158 257
50 149
169 268
102 201
40 139
175 274
17 116
173 272
107 206
74 173
41 140
65 164
117 216
38 137
181 280
84 183
192 291
7 106
154 253
73 172
66 165
8 107
169 268
97 196
24 123
87 186
79 178
172 271
39 138
39 138
110 209
36 135
35 134
10 109
173 272
173 272
66 165
113 212
85 184
125 224
29 128
54 153
44 143
153 252
17 116
143 242
183 282
86 185
7 106
48 147
44 143
160 259
28 127
145 244
113 212
84 183
185 284
100 199
123 222
159 258
177 276
152 251
71 170
119 218
171 270
77 176
107 206
143 242
137 236
33 132
88 187
174 273
43 142
51 150
166 265
144 243
6 105
166 265
96 195
88 187
25 124
189 288
104 203
188 287
19 118
22 121
180 279
176 275
22 121
2 101
43 142
181 280
183 282
70 169
70 169
46 145
126 225
113 212
136 235
2 101
49 148
195 294
41 140
150 249
114 213
125 224
174 273
92 191
197 296
169 268
19 118
186 285
183 282
8 107
87 186
55 154
168 267
71 170
185 284
1 100
95 194
73 172
34 133
142 241
68 167
155 254
45 144
25 124
135 234
66 165
114 213
120 219
47 146
151 250
20 119
26 125
113 212
133 232
188 287
148 247
133 232
122 221
116 215
173 272
76 175
28 127
92 191
57 156
45 144
95 194
131 230
126 225
189 288
153 252
39 138
13 112
50 149
56 155
195 294
196 295
197 296
180 279
62 161
113 212
60 159
50 149
141 240
151 250
185 284
184 283
120 219
112 211
148 247
41 140
23 122
153 252
153 252
129 228
122 221
3 102
59 158
173 272
124 223
31 130
88 187
52 151
146 245
14 113
85 184
186 285
43 142
28 127
91 190
99 198
129 228
41 140
115 214
143 242
165 264
23 122
35 134
20 119
63 162
170 269
129 228
91 190
41 140
18 117
178 277
8 107
84 183
141 240
53 152
157 256
143 242
40 139
120 219
105 204
80 179
142 241
102 201
122 221
162 261
71 170
109 208
5 104
188 287
56 155
126 225
183 282
85 184
176 275
193 292
49 148
63 162
172 271
26 125
116 215
90 189
13 112
126 225
64 163
84 183
168 267
173 272
151 250
197 296
151 250
64 163
176 275
179 278
146 245
22 121
72 171
129 228
48 147
181 280
135 234
1 100
91 190
56 155
55 154
146 245
82 181
44 143
110 209
106 205
15 114
67 166
11 110
27 126
80 179
141 240
101 200
80 179
48 147
66 165
166 265
169 268
97 196
17 116
166 265
92 191
71 170
140 239
125 224
19 118
94 193
183 282
122 221
19 118
80 179
136 235
55 154
184 283
144 243
71 170
53 152
60 159
157 256
37 136
14 113
107 206
34 133
180 279
106 205
111 210
75 174
1 100
137 236
27 126
158 257
148 247
18 117
36 135
193 292
39 138
153 252
65 164
131 230
16 115
66 165
127 226
187 286
135 234
52 151
35 134
89 188
28 127
120 219
4 103
18 117
74 173
73 172
134 233
132 231
87 186
56 155
54 153
71 170
69 168
150 249
133 232
145 244
5 104
129 228
141 240
196 295
65 164
103 202
63 162
124 223
158 257
5 104
180 279
70 169
13 112
72 171
41 140
141 240
55 154
152 251
191 290
175 274
156 255
160 259
71 170
71 170
131 230
69 168
13 112
165 264
76 175
173 272
132 231
27 126
160 259
57 156
124 223
110 209
150 249
9 108
59 158
95 194
101 200
86 185
107 206
126 225
41 140
151 250
170 269
44 143
195 294
83 182
87 186
159 258
68 167
167 266
75 174
22 121
12 111
115 214
123 222
153 252
188 287
82 181
66 165
49 148
169 268
92 191
51 150
30 129
133 232
87 186
144 243
187 286
119 218
154 253
65 164
187 286
62 161
125 224
187 286
134 233
48 147
182 281
27 126
118 217
109 208
190 289
153 252
194 293
148 247
84 183
32 131
70 169
45 144
51 150
142 241
20 119
53 152
57 156
26 125
196 295
48 147
28 127
176 275
65 164
159 258
96 195
5 104
29 128
92 191
110 209
6 105
89 188
167 266
175 274
151 250
100 199
161 260
51 150
142 241
81 180
193 292
120 219
10 109
140 239
84 183
15 114
75 174
139 238
152 251
187 286
136 235
152 251
154 253
151 250
165 264
33 132
74 173
109 208
3 102
144 243
180 279
109 208
48 147
109 208
14 113
77 176
11 110
39 138
24 123
39 138
179 278
115 214
25 124
24 123
20 119
17 116
74 173
43 142
39 138
132 231
28 127
5 104
69 168
85 184
128 227
175 274
15 114
23 122
76 175
126 225
98 197
164 263
0 99
94 193
67 166
52 151
3 102
137 236
145 244
16 115
146 245
44 143
69 168
69 168
15 114
192 291
72 171
155 254
115 214
74 173
115 214
187 286
193 292
130 229
84 183
95 194
150 249
20 119
60 159
6 105
184 283
73 172
191 290
175 274
88 187
132 231
134 233
80 179
134 233
82 181
89 188
28 127
0 99
56 155
134 233
6 105
107 206
119 218
112 211
54 153
99 198
30 129
61 160
80 179
84 183
77 176
156 255
140 239
130 229
145 244
183 282
171 270
76 175
0 99
86 185
12 111
109 208
1 100
186 285
33 132
197 296
22 121
182 281
133 232
158 257
162 261
3 102
182 281
197 296
28 127
196 295
132 231
133 232
152 251
184 283
114 213
31 130
42 141
131 230
183 282
9 108
92 191
84 183
52 151
12 111
126 225
47 146
161 260
127 226
157 256
84 183
77 176
176 275
116 215
38 137
157 256
82 181
89 188
160 259
61 160
71 170
127 226
109 208
54 153
27 126
13 112
81 180
147 246
109 208
68 167
53 152
43 142
62 161
134 233
116 215
184 283
86 185
13 112
123 222
132 231
49 148
5 104
130 229
77 176
52 151
8 107
125 224
0 99
120 219
153 252
19 118
193 292
1 100
1 100
164 263
190 289
87 186
183 282
119 218
119 218
125 224
170 269
192 291
3 102
64 163
126 225
70 169
102 201
144 243
10 109
142 241
96 195
162 261
0 99
156 255
126 225
24 123
181 280
75 174
66 165
55 154
163 262
106 205
163 262
37 136
125 224
91 190
176 275
197 296
77 176
118 217
98 197
147 246
96 195
88 187
151 250
113 212
136 235
92 191
120 219
11 110
123 222
178 277
59 158
117 216
151 250
15 114
95 194
121 220
44 143
15 114
58 157
22 121
127 226
87 186
148 247
172 271
111 210
193 292
1 100
129 228
1 100
123 222
195 294
4 103
174 273
73 172
77 176
81 180
159 258
185 284
34 133
160 259
182 281
60 159
151 250
7 106
19 118
136 235
52 151
189 288
161 260
99 198
123 222
61 160
120 219
158 257
17 116
135 234
115 214
47 146
159 258
120 219
191 290
80 179
162 261
189 288
13 112
95 194
117 216
194 293
87 186
128 227
37 136
60 159
59 158
179 278
145 244
37 136
96 195
70 169
45 144
126 225
113 212
5 104
76 175
0 99
38 137
117 216
140 239
33 132
41 140
20 119
44 143
129 228
131 230
62 161
17 116
6 105
113 212
186 285
101 200
181 280
193 292
42 141
30 129
138 237
97 196
138 237
147 246
90 189
191 290
77 176
117 216
180 279
36 135
127 226
91 190
18 117
131 230
152 251
100 199
149 248
82 181
130 229
47 146
51 150
180 279
129 228
163 262
151 250
114 213
137 236
99 198
144 243
82 181
27 126
120 219
28 127
169 268
70 169
43 142
19 118
184 283
72 171
158 257
52 151
6 105
109 208
135 234
172 271
90 189
175 274
134 233
130 229
104 203
33 132
196 295
14 113
96 195
126 225
39 138
108 207
16 115
180 279
107 206
57 156
42 141
137 236
2 101
72 171
42 141
49 148
141 240
82 181
150 249
29 128
137 236
149 248
33 132
115 214
122 221
108 207
149 248
193 292
10 109
79 178
80 179
79 178
189 288
109 208
105 204
31 130
110 209
171 270
133 232
138 237
70 169
121 220
147 246
117 216
53 152
91 190
32 131
144 243
6 105
150 249
168 267
169 268
79 178
130 229
37 136
159 258
89 188
100 199
85 184
136 235
125 224
181 280
62 161
111 210
53 152
75 174
5 104
41 140
126 225
86 185
79 178
16 115
33 132
66 165
148 247
18 117
96 195
171 270
156 255
147 246
170 269
38 137
95 194
86 185
11 110
127 226
172 271
117 216
10 109
51 150
150 249
167 266
99 198
164 263
92 191
100 199
64 163
86 185
126 225
146 245
34 133
162 261
51 150
170 269
177 276
85 184
89 188
90 189
22 121
62 161
68 167
73 172
13 112
134 233
175 274
41 140
195 294
66 165
3 102
94 193
158 257
176 275
182 281
157 256
75 174
4 103
137 236
33 132
127 226
68 167
69 168
119 218
7 106
1 100
16 115
180 279
22 121
131 230
147 246
97 196
37 136
93 192
49 148
145 244
66 165
68 167
149 248
89 188
7 106
53 152
171 270
126 225
74 173
150 249
143 242
166 265
21 120
143 242
122 221
26 125
19 118
88 187
153 252
0 99
107 206
134 233
189 288
42 141
8 107
148 247
125 224
183 282
26 125
88 187
138 237
68 167
124 223
168 267
22 121
147 246
174 273
121 220
136 235
6 105
66 165
8 107
141 240
56 155
17 116
166 265
22 121
53 152
50 149
197 296
11 110
130 229
82 181
146 245
111 210
129 228
35 134
172 271
103 202
165 264
51 150
167 266
115 214
42 141
180 279
134 233
103 202
11 110
78 177
14 113
127 226
167 266
184 283
107 206
159 258
27 126
9 108
192 291
154 253
57 156
127 226
41 140
141 240
161 260
75 174
84 183
156 255
37 136
34 133
185 284
172 271
3 102
33 132
63 162
59 158
64 163
192 291
146 245
113 212
176 275
69 168
136 235
81 180
161 260
31 130
192 291
95 194
124 223
124 223
179 278
25 124
155 254
197 296
89 188
127 226
66 165
114 213
96 195
128 227
4 103
107 206
145 244
44 143
174 273
177 276
85 184
136 235
27 126
114 213
180 279
163 262
3 102
133 232
2 101
126 225
48 147
23 122
71 170
178 277
98 197
39 138
70 169
38 137
4 103
108 207
108 207
59 158
2 101
152 251
142 241
159 258
128 227
170 269
124 223
8 107
126 225
136 235
100 199
23 122
151 250
32 131
73 172
171 270
60 159
176 275
36 135
7 106
150 249
185 284
160 259
177 276
38 137
159 258
105 204
191 290
116 215
41 140
105 204
36 135
132 231
166 265
190 289
129 228
99 198
61 160
16 115
129 228
143 242
22 121
59 158
171 270
85 184
156 255
171 270
119 218
171 270
69 168
105 204
164 263
73 172
12 111
16 115
16 115
162 261
59 158
125 224
144 243
46 145
73 172
121 220
90 189
152 251
15 114
39 138
156 255
61 160
112 211
165 264
157 256
97 196
194 293
160 259
88 187
119 218
80 179
157 256
162 261
117 216
74 173
11 110
62 161
28 127
127 226
162 261
175 274
190 289
24 123
96 195
50 149
50 149
145 244
96 195
53 152
188 287
151 250
2 101
38 137
148 247
76 175
81 180
29 128
69 168
147 246
55 154
109 208
18 117
52 151
32 131
42 141
168 267
177 276
39 138
197 296
3 102
107 206
40 139
88 187
186 285
141 240
101 200
188 287
131 230
141 240
25 124
99 198
149 248
29 128
75 174
79 178
59 158
36 135
119 218
64 163
101 200
71 170
21 120
87 186
44 143
194 293
19 118
183 282
192 291
166 265
78 177
140 239
104 203
127 226
127 226
182 281
85 184
20 119
96 195
96 195
89 188
15 114
72 171
124 223
77 176
170 269
37 136
87 186
140 239
125 224
164 263
18 117
42 141
132 231
192 291
89 188
107 206
84 183
101 200
130 229
174 273
136 235
127 226
8 107
196 295
44 143
133 232
0 99
62 161
125 224
133 232
186 285
123 222
102 201
97 196
30 129
36 135
111 210
46 145
94 193
155 254
68 167
1 100
10 109
35 134
126 225
173 272
192 291
181 280
94 193
82 181
110 209
62 161
139 238
194 293
149 248
7 106
138 237
134 233
61 160
26 125
159 258
88 187
196 295
96 195
125 224
30 129
157 256
161 260
182 281
187 286
169 268
72 171
172 271
38 137
182 281
148 247
131 230
44 143
46 145
89 188
142 241
146 245
9 108
145 244
193 292
94 193
3 102
191 290
50 149
155 254
178 277
38 137
163 262
105 204
85 184
8 107
85 184
18 117
129 228
160 259
66 165
189 288
1 100
129 228
36 135
196 295
56 155
18 117
8 107
56 155
103 202
109 208
161 260
70 169
103 202
175 274
127 226
4 103
11 110
130 229
127 226
186 285
136 235
92 191
187 286
136 235
56 155
56 155
175 274
172 271
145 244
18 117
121 220
75 174
90 189
98 197
141 240
151 250
121 220
162 261
71 170
62 161
174 273
176 275
144 243
49 148
34 133
10 109
19 118
43 142
155 254
60 159
19 118
25 124
184 283
196 295
66 165
162 261
107 206
119 218
153 252
121 220
126 225
173 272
195 294
72 171
1 100
153 252
82 181
84 183
11 110
163 262
35 134
20 119
180 279
153 252
140 239
25 124
18 117
178 277
29 128
151 250
39 138
95 194
153 252
73 172
124 223
36 135
96 195
172 271
125 224
12 111
3 102
113 212
118 217
88 187
46 145
178 277
151 250
14 113
6 105
108 207
88 187
104 203
40 139
123 222
162 261
182 281
66 165
174 273
82 181
150 249
108 207
154 253
170 269
78 177
90 189
148 247
182 281
129 228
78 177
152 251
105 204
124 223
83 182
101 200
31 130
99 198
92 191
10 109
187 286
121 220
29 128
65 164
80 179
143 242
9 108
44 143
109 208
21 120
152 251
74 173
65 164
73 172
167 266
172 271
14 113
0 99
17 116
50 149
193 292
183 282
90 189
27 126
0 99
72 171
35 134
0 99
92 191
110 209
28 127
68 167
124 223
101 200
113 212
23 122
56 155
45 144
184 283
17 116
105 204
72 171
49 148
188 287
86 185
86 185
166 265
48 147
117 216
113 212
41 140
186 285
20 119
107 206
51 150
145 244
40 139
62 161
84 183
69 168
49 148
55 154
101 200
37 136
117 216
134 233
185 284
159 258
99 198
178 277
46 145
4 103
28 127
151 250
149 248
77 176
150 249
30 129
151 250
190 289
43 142
91 190
94 193
112 211
43 142
186 285
157 256
46 145
37 136
35 134
4 103
28 127
102 201
110 209
155 254
94 193
20 119
163 262
110 209
116 215
141 240
173 272
147 246
71 170
142 241
83 182
99 198
114 213
70 169
8 107
82 181
176 275
70 169
160 259
179 278
19 118
30 129
183 282
179 278
138 237
4 103
123 222
104 203
56 155
92 191
40 139
147 246
19 118
133 232
111 210
176 275
146 245
97 196
108 207
163 262
89 188
31 130
113 212
144 243
56 155
180 279
119 218
9 108
108 207
193 292
57 156
26 125
81 180
0 99
63 162
29 128
141 240
125 224
40 139
56 155
65 164
80 179
72 171
44 143
110 209
80 179
88 187
97 196
73 172
103 202
29 128
154 253
49 148
143 242
182 281
62 161
49 148
58 157
148 247
113 212
37 136
140 239
77 176
96 195
66 165
66 165
34 133
47 146
188 287
90 189
114 213
5 104
177 276
104 203
159 258
34 133
16 115
121 220
1 100
48 147
0 99
77 176
184 283
187 286
120 219
141 240
189 288
89 188
71 170
194 293
81 180
36 135
48 147
89 188
125 224
167 266
29 128
187 286
114 213
183 282
104 203
111 210
76 175
153 252
159 258
44 143
196 295
89 188
0 99
71 170
163 262
93 192
168 267
159 258
30 129
15 114
10 109
108 207
24 123
157 256
89 188
185 284
85 184
85 184
136 235
173 272
36 135
66 165
146 245
54 153
100 199
59 158
29 128
186 285
106 205
20 119
9 108
33 132
185 284
102 201
177 276
22 121
26 125
57 156
184 283
53 152
65 164
119 218
98 197
114 213
121 220
67 166
180 279
106 205
193 292
66 165
194 293
119 218
60 159
66 165
81 180
64 163
55 154
164 263
47 146
134 233
95 194
14 113
151 250
52 151
152 251
147 246
52 151
114 213
91 190
85 184
180 279
64 163
66 165
56 155
169 268
92 191
183 282
174 273
19 118
185 284
100 199
22 121
187 286
179 278
1 100
188 287
43 142
119 218
152 251
91 190
162 261
9 108
26 125
23 122
109 208
71 170
157 256
192 291
152 251
190 289
158 257
180 279
5 104
29 128
105 204
184 283
150 249
189 288
72 171
192 291
34 133
14 113
33 132
10 109
58 157
11 110
10 109
190 289
47 146
70 169
30 129
48 147
120 219
190 289
169 268
100 199
171 270
44 143
89 188
106 205
1 100
40 139
27 126
6 105
7 106
9 108
79 178
185 284
67 166
107 206
163 262
121 220
42 141
82 181
78 177
68 167
188 287
42 141
193 292
53 152
34 133
108 207
123 222
65 164
155 254
129 228
71 170
186 285
34 133
84 183
134 233
177 276
27 126
118 217
64 163
195 294
187 286
30 129
186 285
193 292
2 101
145 244
46 145
90 189
68 167
75 174
59 158
103 202
157 256
153 252
96 195
184 283
98 197
21 120
97 196
129 228
178 277
88 187
106 205
125 224
88 187
36 135
86 185
56 155
134 233
55 154
30 129
173 272
8 107
127 226
105 204
62 161
48 147
86 185
123 222
34 133
59 158
173 272
44 143
8 107
140 239
24 123
84 183
25 124
102 201
28 127
54 153
64 163
151 250
130 229
196 295
180 279
22 121
15 114
42 141
95 194
81 180
163 262
68 167
166 265
139 238
66 165
4 103
181 280
155 254
42 141
19 118
153 252
176 275
86 185
69 168
68 167
129 228
119 218
177 276
171 270
43 142
65 164
183 282
6 105
89 188
105 204
116 215
15 114
9 108
23 122
3 102
44 143
157 256
167 266
104 203
49 148
191 290
26 125
162 261
153 252
186 285
7 106
40 139
121 220
22 121
80 179
83 182
14 113
182 281
116 215
113 212
3 102
194 293
105 204
128 227
84 183
66 165
60 159
97 196
29 128
55 154
24 123
43 142
104 203
163 262
74 173
118 217
173 272
16 115
132 231
172 271
150 249
166 265
74 173
10 109
90 189
168 267
45 144
14 113
28 127
101 200
96 195
73 172
8 107
16 115
52 151
126 225
8 107
154 253
181 280
197 296
14 113
171 270
179 278
15 114
42 141
126 225
61 160
0 99
132 231
0 99
75 174
85 184
2 101
170 269
89 188
193 292
8 107
103 202
141 240
21 120
15 114
38 137
60 159
175 274
94 193
104 203
177 276
91 190
123 222
32 131
132 231
14 113
165 264
173 272
56 155
139 238
189 288
60 159
31 130
6 105
21 120
26 125
28 127
79 178
106 205
129 228
60 159
127 226
189 288
69 168
178 277
61 160
169 268
44 143
41 140
14 113
58 157
156 255
37 136
194 293
77 176
111 210
175 274
54 153
178 277
7 106
54 153
54 153
96 195
176 275
153 252
22 121
182 281
0 99
149 248
58 157
163 262
120 219
10 109
149 248
51 150
36 135
17 116
111 210
5 104
157 256
21 120
48 147
155 254
88 187
117 216
111 210
178 277
51 150
7 106
6 105
175 274
85 184
112 211
13 112
8 107
110 209
176 275
147 246
99 198
168 267
177 276
193 292
87 186
75 174
11 110
116 215
26 125
85 184
86 185
71 170
125 224
138 237
114 213
152 251
196 295
192 291
76 175
137 236
152 251
81 180
7 106
145 244
102 201
135 234
89 188
80 179
113 212
175 274
50 149
127 226
171 270
123 222
36 135
187 286
195 294
185 284
149 248
111 210
104 203
65 164
90 189
80 179
183 282
52 151
0 99
4 103
158 257
181 280
171 270
12 111
78 177
51 150
34 133
180 279
6 105
46 145
105 204
164 263
164 263
20 119
102 201
172 271
7 106
96 195
36 135
170 269
100 199
167 266
145 244
152 251
173 272
85 184
84 183
24 123
75 174
25 124
142 241
107 206
24 123
81 180
3 102
51 150
72 171
79 178
73 172
10 109
47 146
14 113
114 213
117 216
103 202
57 156
5 104
114 213
22 121
122 221
39 138
77 176
116 215
155 254
80 179
107 206
3 102
65 164
24 123
155 254
164 263
92 191
108 207
197 296
136 235
168 267
110 209
92 191
68 167
86 185
163 262
68 167
130 229
3 102
3 102
36 135
115 214
196 295
107 206
193 292
61 160
38 137
146 245
0 99
42 141
94 193
180 279
194 293
58 157
113 212
52 151
132 231
125 224
172 271
2 101
52 151
28 127
174 273
178 277
177 276
11 110
177 276
50 149
131 230
48 147
119 218
4 103
28 127
95 194
141 240
152 251
86 185
143 242
4 103
104 203
195 294
41 140
93 192
141 240
62 161
190 289
127 226
3 102
35 134
72 171
195 294
63 162
13 112
20 119
59 158
185 284
60 159
136 235
129 228
139 238
195 294
161 260
19 118
169 268
196 295
103 202
104 203
6 105
34 133
25 124
81 180
175 274
58 157
191 290
17 116
78 177
52 151
52 151
125 224
9 108
46 145
93 192
0 99
15 114
108 207
31 130
181 280
65 164
21 120
79 178
100 199
159 258
132 231
22 121
105 204
55 154
192 291
98 197
169 268
65 164
53 152
43 142
112 211
84 183
138 237
7 106
119 218
167 266
117 216
132 231
159 258
34 133
134 233
116 215
48 147
18 117
195 294
63 162
65 164
74 173
58 157
82 181
30 129
175 274
158 257
42 141
186 285
90 189
115 214
94 193
46 145
46 145
149 248
119 218
141 240
14 113
88 187
142 241
101 200
25 124
195 294
86 185
192 291
155 254
6 105
11 110
130 229
116 215
44 143
29 128
175 274
189 288
115 214
188 287
99 198
94 193
140 239
77 176
60 159
156 255
152 251
177 276
192 291
49 148
159 258
37 136
19 118
86 185
98 197
182 281
72 171
65 164
17 116
62 161
79 178
100 199
4 103
8 107
64 163
171 270
117 216
62 161
85 184
181 280
110 209
195 294
139 238
141 240
52 151
38 137
131 230
3 102
113 212
185 284
118 217
67 166
71 170
60 159
40 139
73 172
54 153
119 218
84 183
26 125
179 278
58 157
180 279
90 189
23 122
169 268
60 159
52 151
193 292
167 266
8 107
50 149
64 163
65 164
122 221
5 104
0 99
109 208
19 118
11 110
56 155
88 187
11 110
185 284
3 102
47 146
32 131
41 140
184 283
116 215
41 140
129 228
0 99
122 221
99 198
76 175
152 251
57 156
72 171
10 109
84 183
128 227
8 107
192 291
23 122
174 273
44 143
105 204
84 183
170 269
172 271
12 111
16 115
84 183
185 284
15 114
77 176
46 145
132 231
21 120
82 181
124 223
188 287
196 295
60 159
133 232
197 296
158 257
38 137
22 121
144 243
124 223
173 272
29 128
77 176
34 133
10 109
91 190
57 156
0 99
117 216
32 131
39 138
176 275
16 115
178 277
142 241
154 253
167 266
5 104
126 225
181 280
53 152
74 173
28 127
69 168
48 147
87 186
63 162
36 135
95 194
165 264
171 270
11 110
168 267
172 271
186 285
26 125
185 284
55 154
158 257
61 160
177 276
12 111
193 292
140 239
197 296
140 239
96 195
194 293
78 177
130 229
154 253
154 253
90 189
182 281
144 243
22 121
37 136
82 181
77 176
88 187
36 135
96 195
191 290
48 147
166 265
178 277
110 209
83 182
4 103
81 180
36 135
171 270
151 250
183 282
8 107
103 202
69 168
129 228
183 282
78 177
106 205
11 110
70 169
2 101
127 226
50 149
20 119
98 197
34 133
180 279
164 263
22 121
139 238
48 147
166 265
16 115
133 232
18 117
92 191
88 187
86 185
65 164
182 281
119 218
48 147
54 153
36 135
13 112
176 275
46 145
80 179
40 139
118 217
163 262
167 266
91 190
173 272
32 131
95 194
197 296
37 136
153 252
62 161
178 277
115 214
171 270
72 171
173 272
171 270
15 114
187 286
108 207
20 119
55 154
183 282
173 272
125 224
106 205
194 293
16 115
23 122
21 120
60 159
97 196
121 220
94 193
177 276
151 250
153 252
141 240
192 291
6 105
3 102
166 265
37 136
130 229
46 145
157 256
74 173
133 232
180 279
144 243
5 104
88 187
146 245
4 103
16 115
41 140
114 213
101 200
136 235
55 154
117 216
49 148
114 213
55 154
134 233
62 161
1 100
44 143
140 239
153 252
43 142
118 217
147 246
4 103
143 242
70 169
179 278
140 239
60 159
43 142
123 222
16 115
40 139
38 137
86 185
80 179
108 207
89 188
88 187
127 226
141 240
108 207
51 150
64 163
3 102
70 169
126 225
185 284
69 168
74 173
42 141
99 198
157 256
105 204
197 296
55 154
32 131
98 197
180 279
21 120
137 236
100 199
32 131
6 105
186 285
179 278
130 229
29 128
114 213
163 262
65 164
169 268
40 139
149 248
120 219
95 194
16 115
99 198
141 240
135 234
7 106
12 111
44 143
3 102
114 213
52 151
93 192
75 174
51 150
161 260
85 184
25 124
123 222
127 226
153 252
68 167
140 239
28 127
128 227
173 272
181 280
68 167
47 146
92 191
44 143
144 243
106 205
65 164
188 287
190 289
92 191
63 162
112 211
133 232
154 253
188 287
180 279
162 261
174 273
144 243
146 245
7 106
74 173
108 207
26 125
108 207
106 205
105 204
191 290
85 184
104 203
104 203
158 257
91 190
3 102
20 119
117 216
163 262
146 245
16 115
141 240
73 172
90 189
126 225
14 113
119 218
97 196
190 289
7 106
66 165
57 156
131 230
80 179
69 168
29 128
146 245
74 173
122 221
101 200
59 158
84 183
122 221
176 275
185 284
148 247
79 178
82 181
169 268
31 130
140 239
72 171
129 228
175 274
20 119
71 170
197 296
120 219
19 118
64 163
134 233
76 175
75 174
18 117
135 234
95 194
182 281
78 177
147 246
168 267
120 219
166 265
141 240
38 137
181 280
101 200
74 173
85 184
95 194
42 141
129 228
94 193
147 246
177 276
170 269
135 234
133 232
191 290
15 114
103 202
0 99
153 252
195 294
42 141
113 212
145 244
135 234
189 288
10 109
196 295
84 183
176 275
146 245
124 223
116 215
57 156
173 272
124 223
149 248
74 173
157 256
140 239
177 276
47 146
27 126
154 253
47 146
117 216
28 127
195 294
103 202
61 160
113 212
47 146
138 237
169 268
15 114
150 249
32 131
104 203
152 251
24 123
183 282
101 200
105 204
2 101
13 112
180 279
24 123
0 99
84 183
194 293
70 169
142 241
161 260
53 152
78 177
181 280
178 277
166 265
42 141
149 248
44 143
166 265
36 135
197 296
72 171
40 139
3 102
133 232
109 208
75 174
115 214
68 167
55 154
79 178
128 227
48 147
65 164
118 217
111 210
97 196
91 190
166 265
111 210
136 235
19 118
190 289
41 140
79 178
62 161
145 244
6 105
30 129
53 152
92 191
164 263
159 258
189 288
1 100
150 249
158 257
53 152
120 219
10 109
150 249
96 195
24 123
129 228
171 270
44 143
61 160
0 99
39 138
71 170
23 122
48 147
65 164
165 264
132 231
1 100
120 219
24 123
94 193
48 147
147 246
84 183
168 267
173 272
116 215
72 171
37 136
99 198
15 114
143 242
82 181
131 230
87 186
93 192
91 190
42 141
167 266
49 148
140 239
120 219
160 259
163 262
157 256
136 235
58 157
64 163
97 196
55 154
17 116
31 130
68 167
3 102
133 232
186 285
156 255
10 109
184 283
113 212
84 183
109 208
48 147
152 251
109 208
127 226
90 189
51 150
10 109
31 130
135 234
93 192
144 243
6 105
5 104
188 287
72 171
118 217
130 229
144 243
138 237
82 181
57 156
154 253
80 179
39 138
115 214
29 128
102 201
159 258
152 251
41 140
149 248
14 113
100 199
145 244
31 130
113 212
109 208
77 176
113 212
108 207
144 243
104 203
111 210
33 132
45 144
155 254
131 230
60 159
12 111
96 195
56 155
20 119
35 134
159 258
106 205
105 204
82 181
66 165
98 197
11 110
182 281
39 138
94 193
78 177
37 136
91 190
163 262
145 244
137 236
93 192
186 285
166 265
149 248
29 128
56 155
64 163
41 140
188 287
148 247
140 239
138 237
190 289
11 110
35 134
126 225
109 208
67 166
192 291
104 203
167 266
100 199
91 190
139 238
179 278
113 212
165 264
3 102
60 159
10 109
12 111
179 278
182 281
3 102
37 136
80 179
82 181
122 221
46 145
157 256
10 109
105 204
75 174
118 217
93 192
165 264
173 272
106 205
173 272
123 222
172 271
8 107
154 253
143 242
161 260
19 118
65 164
86 185
82 181
104 203
163 262
145 244
4 103
177 276
46 145
169 268
85 184
80 179
197 296
73 172
77 176
178 277
159 258
77 176
10 109
191 290
139 238
22 121
177 276
33 132
117 216
44 143
38 137
126 225
192 291
24 123
141 240
56 155
106 205
15 114
109 208
152 251
31 130
164 263
172 271
94 193
155 254
37 136
101 200
83 182
175 274
97 196
107 206
43 142
96 195
153 252
165 264
5 104
66 165
47 146
26 125
185 284
106 205
91 190
48 147
131 230
127 226
180 279
30 129
136 235
3 102
96 195
186 285
65 164
150 249
127 226
85 184
162 261
183 282
91 190
117 216
143 242
157 256
13 112
149 248
19 118
22 121
153 252
65 164
97 196
161 260
155 254
69 168
121 220
186 285
145 244
7 106
160 259
179 278
171 270
158 257
143 242
37 136
166 265
3 102
32 131
73 172
140 239
40 139
163 262
15 114
65 164
166 265
61 160
96 195
9 108
72 171
65 164
115 214
99 198
75 174
147 246
79 178
142 241
135 234
177 276
19 118
92 191
163 262
46 145
75 174
8 107
158 257
143 242
101 200
139 238
170 269
85 184
32 131
190 289
7 106
40 139
129 228
187 286
88 187
104 203
57 156
164 263
165 264
55 154
14 113
80 179
197 296
179 278
115 214
169 268
134 233
181 280
32 131
41 140
8 107
89 188
154 253
63 162
195 294
106 205
12 111
105 204
168 267
186 285
114 213
5 104
76 175
116 215
116 215
0 99
90 189
110 209
55 154
104 203
50 149
87 186
23 122
57 156
121 220
64 163
103 202
184 283
13 112
62 161
87 186
171 270
45 144
77 176
170 269
11 110
121 220
153 252
161 260
107 206
33 132
177 276
167 266
35 134
73 172
112 211
190 289
175 274
163 262
157 256
126 225
5 104
194 293
147 246
185 284
11 110
152 251
165 264
55 154
12 111
35 134
78 177
46 145
33 132
134 233
46 145
28 127
25 124
180 279
128 227
141 240
177 276
172 271
151 250
34 133
4 103
146 245
135 234
105 204
81 180
60 159
129 228
11 110
120 219
80 179
189 288
123 222
34 133
113 212
53 152
114 213
149 248
175 274
97 196
66 165
115 214
63 162
134 233
45 144
78 177
168 267
141 240
9 108
20 119
110 209
183 282
187 286
183 282
180 279
186 285
153 252
72 171
82 181
6 105
13 112
44 143
58 157
70 169
142 241
90 189
96 195
100 199
149 248
68 167
10 109
168 267
123 222
80 179
184 283
41 140
138 237
8 107
93 192
109 208
88 187
166 265
141 240
159 258
80 179
193 292
170 269
162 261
176 275
153 252
193 292
22 121
21 120
59 158
98 197
109 208
187 286
182 281
96 195
86 185
161 260
45 144
92 191
125 224
31 130
187 286
51 150
188 287
88 187
14 113
123 222
23 122
38 137
104 203
148 247
82 181
185 284
8 107
68 167
132 231
148 247
145 244
120 219
197 296
12 111
84 183
25 124
184 283
103 202
194 293
101 200
131 230
132 231
182 281
60 159
13 112
121 220
33 132
28 127
71 170
109 208
68 167
6 105
86 185
96 195
18 117
59 158
51 150
52 151
94 193
93 192
194 293
178 277
150 249
163 262
35 134
6 105
154 253
80 179
43 142
95 194
119 218
56 155
66 165
120 219
130 229
87 186
24 123
8 107
54 153
102 201
13 112
27 126
24 123
88 187
111 210
187 286
183 282
161 260
82 181
3 102
166 265
176 275
21 120
117 216
109 208
122 221
2 101
186 285
119 218
161 260
25 124
130 229
13 112
100 199
31 130
156 255
23 122
86 185
156 255
155 254
169 268
90 189
107 206
95 194
83 182
122 221
187 286
156 255
60 159
144 243
154 253
2 101
94 193
127 226
55 154
154 253
27 126
78 177
131 230
197 296
165 264
170 269
99 198
157 256
4 103
87 186
188 287
37 136
107 206
116 215
37 136
19 118
78 177
61 160
89 188
142 241
145 244
25 124
182 281
57 156
68 167
92 191
156 255
67 166
73 172
12 111
177 276
112 211
83 182
6 105
192 291
35 134
20 119
192 291
6 105
152 251
12 111
75 174
121 220
127 226
60 159
181 280
83 182
45 144
9 108
111 210
90 189
80 179
104 203
172 271
75 174
95 194
91 190
195 294
86 185
74 173
90 189
89 188
8 107
137 236
186 285
62 161
57 156
53 152
70 169
59 158
147 246
95 194
62 161
16 115
169 268
51 150
169 268
125 224
145 244
40 139
112 211
63 162
161 260
52 151
67 166
8 107
9 108
38 137
70 169
105 204
170 269
25 124
99 198
190 289
106 205
181 280
196 295
173 272
5 104
140 239
114 213
187 286
185 284
185 284
123 222
52 151
77 176
154 253
70 169
195 294
17 116
24 123
135 234
188 287
49 148
144 243
100 199
152 251
43 142
74 173
48 147
179 278
90 189
152 251
117 216
53 152
154 253
183 282
120 219
151 250
179 278
172 271
161 260
40 139
147 246
88 187
164 263
95 194
64 163
78 177
192 291
52 151
11 110
10 109
0 99
94 193
109 208
1 100
70 169
96 195
55 154
68 167
125 224
135 234
59 158
91 190
190 289
174 273
4 103
188 287
183 282
25 124
137 236
70 169
14 113
155 254
1 100
27 126
175 274
98 197
34 133
102 201
129 228
157 256
78 177
37 136
159 258
154 253
129 228
60 159
159 258
166 265
44 143
117 216
78 177
173 272
169 268
196 295
7 106
146 245
55 154
52 151
48 147
52 151
55 154
110 209
157 256
17 116
138 237
133 232
104 203
172 271
89 188
26 125
165 264
62 161
116 215
168 267
62 161
112 211
106 205
140 239
132 231
98 197
119 218
134 233
135 234
115 214
138 237
70 169
190 289
167 266
167 266
39 138
9 108
34 133
45 144
33 132
137 236
49 148
92 191
30 129
191 290
126 225
163 262
189 288
157 256
67 166
181 280
7 106
88 187
173 272
135 234
95 194
25 124
73 172
106 205
187 286
101 200
90 189
118 217
123 222
101 200
101 200
144 243
37 136
126 225
165 264
16 115
137 236
189 288
60 159
5 104
9 108
117 216
18 117
2 101
135 234
36 135
68 167
162 261
135 234
74 173
137 236
152 251
75 174
169 268
178 277
83 182
47 146
50 149
34 133
23 122
190 289
27 126
60 159
47 146
44 143
5 104
56 155
67 166
44 143
92 191
164 263
127 226
88 187
7 106
73 172
121 220
113 212
22 121
179 278
41 140
22 121
114 213
56 155
15 114
141 240
150 249
18 117
72 171
169 268
68 167
125 224
196 295
176 275
62 161
158 257
13 112
37 136
38 137
117 216
4 103
174 273
112 211
25 124
103 202
156 255
68 167
115 214
193 292
15 114
106 205
157 256
112 211
12 111
106 205
51 150
132 231
4 103
28 127
57 156
20 119
72 171
129 228
78 177
9 108
139 238
79 178
168 267
185 284
37 136
182 281
26 125
98 197
177 276
16 115
51 150
24 123
69 168
108 207
93 192
180 279
146 245
164 263
115 214
80 179
21 120
86 185
13 112
121 220
55 154
113 212
138 237
136 235
173 272
15 114
39 138
106 205
181 280
9 108
52 151
178 277
129 228
190 289
11 110
55 154
173 272
112 211
148 247
10 109
182 281
152 251
18 117
195 294
32 131
112 211
27 126
148 247
116 215
36 135
56 155
14 113
122 221
116 215
115 214
93 192
33 132
68 167
34 133
95 194
75 174
21 120
15 114
121 220
73 172
143 242
95 194
187 286
196 295
7 106
20 119
59 158
134 233
43 142
182 281
126 225
128 227
39 138
82 181
19 118
136 235
162 261
14 113
75 174
62 161
42 141
39 138
36 135
101 200
46 145
149 248
38 137
97 196
159 258
177 276
190 289
140 239
92 191
175 274
70 169
56 155
104 203
60 159
80 179
148 247
120 219
83 182
6 105
161 260
89 188
145 244
144 243
181 280
180 279
62 161
126 225
176 275
74 173
106 205
74 173
101 200
127 226
181 280
115 214
178 277
55 154
75 174
171 270
147 246
29 128
88 187
130 229
134 233
105 204
26 125
122 221
145 244
148 247
30 129
16 115
95 194
53 152
135 234
80 179
116 215
118 217
36 135
171 270
176 275
111 210
33 132
159 258
191 290
62 161
66 165
59 158
46 145
72 171
13 112
52 151
81 180
75 174
61 160
99 198
96 195
30 129
131 230
161 260
113 212
86 185
72 171
64 163
104 203
78 177
62 161
167 266
47 146
154 253
174 273
3 102
165 264
169 268
83 182
12 111
116 215
11 110
145 244
99 198
158 257
8 107
43 142
73 172
148 247
171 270
188 287
152 251
66 165
79 178
188 287
91 190
25 124
24 123
130 229
89 188
116 215
193 292
143 242
137 236
33 132
60 159
181 280
184 283
47 146
49 148
76 175
61 160
150 249
182 281
25 124
119 218
76 175
47 146
179 278
159 258
110 209
38 137
83 182
195 294
6 105
186 285
69 168
86 185
11 110
119 218
174 273
135 234
59 158
105 204
91 190
23 122
169 268
166 265
66 165
7 106
116 215
117 216
181 280
147 246
129 228
24 123
188 287
32 131
76 175
196 295
54 153
41 140
190 289
110 209
79 178
177 276
159 258
125 224
129 228
106 205
12 111
117 216
163 262
109 208
67 166
192 291
43 142
49 148
155 254
75 174
108 207
9 108
196 295
61 160
56 155
4 103
172 271
160 259
94 193
143 242
129 228
48 147
63 162
172 271
49 148
174 273
178 277
11 110
99 198
143 242
86 185
95 194
35 134
42 141
182 281
28 127
77 176
127 226
92 191
165 264
75 174
132 231
153 252
148 247
75 174
78 177
146 245
135 234
86 185
79 178
106 205
41 140
38 137
120 219
10 109
125 224
186 285
13 112
95 194
14 113
9 108
71 170
156 255
74 173
49 148
163 262
3 102
23 122
146 245
152 251
197 296
182 281
57 156
41 140
155 254
110 209
93 192
171 270
116 215
63 162
15 114
113 212
42 141
37 136
129 228
47 146
83 182
55 154
88 187
8 107
3 102
45 144
140 239
43 142
115 214
19 118
178 277
123 222
135 234
77 176
161 260
173 272
82 181
24 123
100 199
189 288
24 123
159 258
11 110
144 243
29 128
9 108
111 210
170 269
126 225
184 283
62 161
0 99
138 237
52 151
20 119
5 104
52 151
95 194
99 198
108 207
44 143
99 198
113 212
26 125
140 239
96 195
180 279
14 113
48 147
30 129
54 153
106 205
71 170
85 184
111 210
84 183
4 103
110 209
69 168
10 109
70 169
3 102
49 148
108 207
36 135
52 151
178 277
2 101
79 178
29 128
164 263
68 167
155 254
123 222
179 278
180 279
11 110
168 267
143 242
168 267
166 265
178 277
115 214
156 255
152 251
5 104
150 249
113 212
97 196
26 125
163 262
19 118
82 181
48 147
153 252
77 176
42 141
19 118
170 269
183 282
27 126
175 274
74 173
160 259
120 219
151 250
173 272
187 286
88 187
192 291
26 125
28 127
182 281
117 216
54 153
139 238
42 141
172 271
15 114
180 279
165 264
161 260
78 177
107 206
158 257
49 148
196 295
136 235
105 204
194 293
144 243
43 142
128 227
88 187
17 116
20 119
146 245
87 186
43 142
3 102
44 143
1 100
196 295
175 274
152 251
0 99
152 251
132 231
111 210
97 196
98 197
193 292
68 167
70 169
116 215
114 213
34 133
189 288
137 236
43 142
173 272
193 292
169 268
84 183
176 275
59 158
68 167
18 117
114 213
29 128
68 167
165 264
139 238
129 228
133 232
176 275
172 271
75 174
161 260
184 283
18 117
175 274
136 235
148 247
161 260
46 145
64 163
120 219
1 100
153 252
51 150
165 264
194 293
96 195
45 144
118 217
58 157
142 241
193 292
160 259
39 138
41 140
106 205
161 260
112 211
117 216
86 185
168 267
180 279
162 261
146 245
70 169
75 174
22 121
85 184
18 117
36 135
172 271
77 176
23 122
164 263
20 119
22 121
93 192
64 163
181 280
178 277
77 176
150 249
193 292
91 190
183 282
159 258
65 164
154 253
163 262
59 158
0 99
114 213
74 173
157 256
28 127
150 249
46 145
23 122
191 290
167 266
25 124
125 224
170 269
156 255
166 265
37 136
149 248
75 174
96 195
22 121
107 206
26 125
92 191
5 104
99 198
167 266
196 295
106 205
115 214
94 193
24 123
104 203
103 202
72 171
41 140
136 235
164 263
121 220
31 130
149 248
107 206
73 172
93 192
172 271
71 170
74 173
122 221
23 122
76 175
26 125
163 262
19 118
33 132
104 203
20 119
101 200
112 211
107 206
100 199
119 218
186 285
69 168
173 272
96 195
186 285
49 148
88 187
112 211
147 246
51 150
10 109
25 124
63 162
39 138
162 261
143 242
29 128
190 289
94 193
156 255
178 277
126 225
114 213
99 198
126 225
27 126
42 141
183 282
21 120
5 104
95 194
186 285
172 271
139 238
28 127
84 183
146 245
50 149
57 156
23 122
96 195
150 249
114 213
38 137
102 201
129 228
80 179
49 148
121 220
100 199
55 154
72 171
150 249
36 135
175 274
63 162
90 189
16 115
98 197
9 108
21 120
126 225
19 118
156 255
31 130
156 255
129 228
168 267
82 181
177 276
94 193
145 244
68 167
31 130
35 134
169 268
144 243
19 118
77 176
48 147
167 266
61 160
16 115
149 248
15 114
126 225
44 143
147 246
82 181
58 157
108 207
44 143
6 105
14 113
13 112
77 176
163 262
38 137
190 289
132 231
11 110
185 284
189 288
36 135
139 238
156 255
29 128
158 257
122 221
177 276
29 128
63 162
33 132
40 139
42 141
70 169
103 202
147 246
128 227
189 288
91 190
171 270
115 214
83 182
173 272
107 206
38 137
158 257
49 148
58 157
50 149
190 289
68 167
173 272
147 246
115 214
70 169
180 279
19 118
197 296
186 285
186 285
49 148
35 134
74 173
57 156
116 215
195 294
60 159
146 245
196 295
59 158
71 170
30 129
157 256
61 160
42 141
6 105
85 184
90 189
17 116
143 242
94 193
44 143
38 137
108 207
15 114
8 107
67 166
59 158
127 226
166 265
88 187
115 214
167 266
66 165
31 130
108 207
73 172
13 112
39 138
14 113
117 216
129 228
133 232
134 233
123 222
81 180
195 294
139 238
167 266
105 204
40 139
93 192
122 221
146 245
3 102
181 280
34 133
20 119
168 267
30 129
167 266
135 234
27 126
147 246
144 243
22 121
188 287
129 228
166 265
94 193
128 227
123 222
181 280
7 106
82 181
28 127
99 198
190 289
52 151
132 231
94 193
103 202
115 214
30 129
4 103
38 137
113 212
24 123
96 195
73 172
51 150
164 263
55 154
46 145
131 230
133 232
139 238
99 198
134 233
64 163
52 151
91 190
123 222
90 189
116 215
165 264
19 118
79 178
142 241
165 264
54 153
120 219
112 211
81 180
78 177
133 232
193 292
149 248
50 149
2 101
34 133
2 101
69 168
21 120
138 237
180 279
96 195
76 175
172 271
167 266
157 256
196 295
60 159
17 116
58 157
135 234
155 254
19 118
131 230
30 129
125 224
38 137
64 163
158 257
128 227
160 259
136 235
142 241
133 232
179 278
149 248
88 187
56 155
55 154
190 289
68 167
70 169
111 210
39 138
62 161
27 126
140 239
73 172
193 292
101 200
79 178
196 295
152 251
1 100
180 279
167 266
140 239
188 287
75 174
143 242
193 292
192 291
72 171
17 116
102 201
68 167
123 222
151 250
34 133
55 154
109 208
170 269
73 172
151 250
64 163
22 121
73 172
190 289
95 194
108 207
88 187
111 210
137 236
68 167
77 176
89 188
144 243
21 120
165 264
110 209
178 277
98 197
75 174
185 284
5 104
36 135
82 181
19 118
122 221
167 266
63 162
128 227
72 171
58 157
144 243
28 127
83 182
161 260
10 109
100 199
99 198
188 287
74 173
33 132
96 195
172 271
77 176
106 205
179 278
2 101
54 153
81 180
125 224
181 280
81 180
2 101
93 192
81 180
39 138
41 140
91 190
76 175
186 285
7 106
42 141
42 141
44 143
189 288
145 244
76 175
178 277
149 248
107 206
168 267
169 268
133 232
25 124
121 220
157 256
180 279
116 215
24 123
25 124
22 121
63 162
1 100
64 163
156 255
172 271
191 290
61 160
8 107
142 241
67 166
151 250
95 194
57 156
117 216
185 284
133 232
180 279
54 153
44 143
21 120
186 285
97 196
68 167
140 239
192 291
113 212
10 109
66 165
151 250
83 182
64 163
32 131
136 235
47 146
12 111
49 148
53 152
123 222
157 256
152 251
70 169
111 210
177 276
18 117
130 229
142 241
97 196
23 122
119 218
126 225
78 177
37 136
96 195
188 287
142 241
149 248
180 279
113 212
16 115
5 104
27 126
165 264
169 268
64 163
159 258
70 169
111 210
48 147
150 249
64 163
136 235
148 247
66 165
149 248
148 247
148 247
127 226
144 243
125 224
65 164
16 115
14 113
3 102
139 238
80 179
155 254
102 201
184 283
157 256
94 193
27 126
131 230
103 202
79 178
118 217
110 209
39 138
29 128
166 265
72 171
100 199
54 153
107 206
47 146
36 135
60 159
17 116
167 266
194 293
33 132
84 183
152 251
66 165
65 164
67 166
167 266
123 222
143 242
195 294
181 280
4 103
74 173
13 112
80 179
45 144
193 292
34 133
179 278
194 293
149 248
54 153
35 134
65 164
74 173
110 209
85 184
117 216
167 266
159 258
42 141
113 212
131 230
172 271
32 131
39;156504
73 172
17 116
70 169
21 120
32 131
115 214
184 283
177 276
83 182
41 140
151 250
41 140
148 247
141 240
143 242
75 174
156 255
188 287
112 211
161 260
85 184
147 246
11 110
65 164
133 232
24 123
108 207
152 251
136 235
91 190
62 161
166 265
197 296
13 112
129 228
86 185
40 139
112 211
18 117
61 160
37 136
67 166
158 257
182 281
177 276
79 178
100 199
65 164
13 112
137 236
69 168
52 151
45 144
43 142
50 149
148 247
35 134
27 126
79 178
59 158
60 159
54 153
184 283
190 289
117 216
61 160
25 124
189 288
167 266
27 126
126 225
94 193
179 278
38 137
93 192
123 222
41 140
78 177
25 124
74 173
62 161
148 247
69 168
156 255
126 225
94 193
149 248
53 152
74 173
160 259
171 270
107 206
83 182
63 162
119 218
182 281
162 261
111 210
118 217
67 166
170 269
101 200
170 269
40 139
68 167
116 215
64 163
193 292
124 223
158 257
41 140
142 241
167 266
59 158
38 137
196 295
34 133
167 266
123 222
7 106
137 236
14 113
155 254
128 227
51 150
32 131
180 279
89 188
103 202
106 205
79 178
8 107
180 279
65 164
69 168
8 107
124 223
144 243
53 152
80 179
157 256
69 168
99 198
44 143
175 274
3 102
106 205
155 254
17 116
13 112
158 257
95 194
32 131
20 119
61 160
181 280
33 132
161 260
196 295
112 211
73 172
150 249
173 272
81 180
33 132
19 118
178 277
77 176
128 227
173 272
184 283
105 204
86 185
92 191
68 167
186 285
163 262
86 185
141 240
117 216
72 171
92 191
2 101
84 183
152 251
28 127
174 273
140 239
60 159
150 249
20 119
84 183
137 236
37 136
45 144
157 256
186 285
8 107
77 176
139 238
137 236
158 257
119 218
87 186
117 216
59 158
10 109
76 175
81 180
111 210
78 177
32 131
105 204
92 191
48 147
88 187
166 265
61 160
167 266
150 249
161 260
85 184
21 120
168 267
159 258
62 161
73 172
55 154
19 118
45 144
69 168
166 265
9 108
55 154
167 266
122 221
132 231
63 162
130 229
113 212
105 204
24 123
170 269
123 222
197 296
107 206
173 272
164 263
90 189
192 291
109 208
138 237
160 259
187 286
150 249
143 242
167 266
66 165
145 244
180 279
96 195
81 180
171 270
53 152
62 161
97 196
84 183
179 278
196 295
116 215
149 248
131 230
31 130
124 223
138 237
113 212
125 224
40 139
40 139
65 164
31 130
77 176
197 296
56 155
95 194
18 117
110 209
112 211
95 194
168 267
119 218
155 254
134 233
35 134
191 290
113 212
48 147
165 264
165 264
33 132
26 125
13 112
13 112
3 102
41 140
12 111
192 291
32 131
174 273
132 231
51 150
11 110
14 113
53 152
173 272
76 175
108 207
88 187
131 230
13 112
122 221
187 286
5 104
123 222
3 102
74 173
132 231
173 272
157 256
84 183
21 120
108 207
193 292
155 254
62 161
157 256
49 148
143 242
117 216
96 195
94 193
174 273
56 155
64 163
98 197
96 195
105 204
146 245
111 210
5 104
85 184
91 190
170 269
80 179
154 253
67 166
117 216
130 229
119 218
132 231
40 139
96 195
80 179
16 115
46 145
30 129
60 159
186 285
10 109
197 296
154 253
170 269
27 126
192 291
106 205
114 213
1 100
103 202
53 152
89 188
24 123
185 284
179 278
23 122
42 141
37 136
63 162
145 244
122 221
194 293
171 270
26 125
75 174
48 147
166 265
113 212
11 110
112 211
98 197
178 277
184 283
144 243
131 230
145 244
2 101
45 144
150 249
88 187
96 195
19 118
66 165
105 204
16 115
158 257
41 140
171 270
183 282
181 280
193 292
126 225
29 128
73 172
38 137
127 226
181 280
69 168
131 230
74 173
188 287
100 199
161 260
96 195
186 285
77 176
15 114
79 178
123 222
119 218
95 194
125 224
157 256
166 265
101 200
193 292
55 154
177 276
188 287
112 211
187 286
155 254
134 233
115 214
190 289
79 178
31 130
90 189
130 229
192 291
172 271
72 171
69 168
18 117
149 248
37 136
21 120
175 274
181 280
62 161
131 230
144 243
114 213
40 139
94 193
189 288
24 123
1 100
163 262
93 192
159 258
176 275
122 221
157 256
34 133
92 191
188 287
178 277
173 272
110 209
35 134
82 181
174 273
194 293
6 105
118 217
122 221
17 116
83 182
34 133
63 162
51 150
77 176
59 158
84 183
119 218
183 282
154 253
19 118
23 122
95 194
20 119
192 291
59 158
146 245
147 246
133 232
56 155
8 107
3 102
10 109
83 182
170 269
140 239
23 122
117 216
139 238
46 145
144 243
174 273
63 162
48 147
125 224
90 189
30 129
88 187
164 263
81 180
69 168
137 236
35 134
110 209
62 161
95 194
32 131
2 101
33 132
116 215
158 257
5 104
71 170
3 102
67 166
22 121
123 222
183 282
125 224
82 181
104 203
144 243
151 250
83 182
51 150
169 268
76 175
143 242
23 122
167 266
175 274
163 262
176 275
78 177
158 257
52 151
162 261
48 147
184 283
68 167
166 265
91 190
14 113
80 179
175 274
24 123
173 272
134 233
105 204
174 273
192 291
51 150
111 210
195 294
175 274
125 224
188 287
6 105
5 104
61 160
88 187
139 238
32 131
102 201
170 269
10 109
133 232
77 176
72 171
108 207
183 282
69 168
0 99
77 176
128 227
82 181
140 239
97 196
111 210
119 218
51 150
166 265
93 192
73 172
103 202
92 191
74 173
72 171
28 127
98 197
166 265
154 253
0 99
82 181
175 274
160 259
129 228
161 260
18 117
29 128
105 204
134 233
157 256
28 127
22 121
65 164
173 272
12 111
18 117
152 251
98 197
155 254
174 273
141 240
7 106
71 170
64 163
150 249
186 285
194 293
17 116
111 210
150 249
176 275
156 255
19 118
125 224
124 223
114 213
23 122
44 143
73 172
22 121
62 161
66 165
122 221
167 266
67 166
81 180
129 228
35 134
89 188
177 276
90 189
98 197
103 202
102 201
34 133
115 214
160 259
91 190
4 103
174 273
106 205
51 150
77 176
147 246
21 120
57 156
15 114
148 247
51 150
188 287
147 246
115 214
47 146
110 209
48 147
60 159
10 109
144 243
162 261
44 143
170 269
108 207
130 229
71 170
66 165
164 263
14 113
66 165
171 270
192 291
105 204
37 136
167 266
57 156
179 278
188 287
30 129
81 180
185 284
72 171
107 206
167 266
2 101
67 166
138 237
156 255
67 166
58 157
143 242
162 261
175 274
61 160
27 126
75 174
50 149
98 197
83 182
105 204
113 212
54 153
126 225
24 123
18 117
64 163
3 102
70 169
109 208
38 137
171 270
150 249
85 184
151 250
146 245
101 200
159 258
147 246
166 265
156 255
83 182
117 216
104 203
107 206
37 136
122 221
32 131
136 235
25 124
58 157
191 290
184 283
11 110
124 223
122 221
108 207
96 195
83 182
13 112
196 295
160 259
74 173
16 115
16 115
58 157
126 225
84 183
166 265
47 146
125 224
180 279
112 211
108 207
151 250
50 149
55 154
178 277
34 133
73 172
108 207
124 223
94 193
190 289
136 235
37 136
178 277
124 223
186 285
104 203
54 153
51 150
69 168
66 165
91 190
68 167
79 178
32 131
192 291
22 121
197 296
15 114
37 136
102 201
144 243
100 199
160 259
22 121
9 108
149 248
54 153
92 191
133 232
75 174
133 232
9 108
124 223
193 292
158 257
85 184
53 152
163 262
30 129
134 233
7 106
2 101
42 141
88 187
7 106
66 165
130 229
147 246
25 124
22 121
158 257
9 108
159 258
135 234
164 263
107 206
173 272
108 207
94 193
32 131
170 269
63 162
148 247
170 269
75 174
125 224
6 105
38 137
49 148
4 103
128 227
135 234
123 222
27 126
171 270
122 221
152 251
87 186
120 219
145 244
169 268
2 101
107 206
97 196
40 139
162 261
30 129
157 256
105 204
146 245
88 187
101 200
30 129
144 243
105 204
14 113
27 126
97 196
78 177
115 214
4 103
149 248
140 239
108 207
166 265
149 248
161 260
105 204
192 291
66 165
181 280
21 120
10 109
190 289
100 199
191 290
140 239
4 103
26 125
61 160
166 265
135 234
150 249
52 151
47 146
6 105
8 107
113 212
51 150
78 177
90 189
65 164
3 102
167 266
3 102
153 252
117 216
65 164
69 168
166 265
18 117
158 257
44 143
133 232
20 119
26 125
32 131
80 179
183 282
177 276
136 235
148 247
138 237
24 123
98 197
57 156
121 220
122 221
6 105
85 184
185 284
140 239
10 109
80 179
84 183
111 210
12 111
114 213
11 110
131 230
162 261
34 133
108 207
82 181
161 260
58 157
0 99
27 126
58 157
185 284
154 253
90 189
197 296
125 224
112 211
100 199
183 282
66 165
141 240
42 141
86 185
49 148
143 242
126 225
73 172
129 228
169 268
39 138
83 182
149 248
149 248
118 217
107 206
9 108
11 110
138 237
91 190
38 137
138 237
149 248
82 181
66 165
151 250
139 238
12 111
104 203
91 190
187 286
22 121
129 228
19 118
170 269
65 164
176 275
146 245
101 200
124 223
182 281
167 266
168 267
158 257
9 108
42 141
120 219
36 135
127 226
190 289
5 104
46 145
25 124
163 262
171 270
117 216
49 148
191 290
148 247
54 153
15 114
105 204
118 217
37 136
180 279
95 194
179 278
43 142
167 266
88 187
20 119
135 234
195 294
177 276
130 229
60 159
160 259
132 231
165 264
70 169
7 106
66 165
59 158
86 185
135 234
69 168
2 101
149 248
195 294
171 270
47 146
142 241
119 218
2 101
115 214
123 222
35 134
81 180
5 104
59 158
179 278
154 253
4 103
177 276
54 153
181 280
163 262
37 136
92 191
124 223
82 181
145 244
90 189
91 190
60 159
194 293
180 279
186 285
116 215
59 158
127 226
181 280
106 205
165 264
169 268
78 177
125 224
157 256
128 227
180 279
47 146
66 165
39 138
7 106
8 107
50 149
34 133
40 139
141 240
148 247
147 246
125 224
125 224
156 255
72 171
85 184
27 126
49 148
172 271
91 190
137 236
95 194
129 228
196 295
37 136
89 188
171 270
105 204
190 289
196 295
161 260
192 291
90 189
158 257
150 249
60 159
21 120
157 256
103 202
140 239
6 105
76 175
5 104
18 117
139 238
88 187
2 101
151 250
4 103
74 173
99 198
53 152
65 164
133 232
121 220
137 236
81 180
105 204
115 214
91 190
141 240
1 100
62 161
45 144
44 143
4 103
115 214
41 140
130 229
186 285
79 178
130 229
152 251
144 243
136 235
9 108
40 139
177 276
55 154
93 192
166 265
24 123
17 116
123 222
100 199
86 185
11 110
138 237
3 102
133 232
70 169
11 110
5 104
96 195
169 268
71 170
162 261
121 220
183 282
31 130
158 257
31 130
177 276
18 117
84 183
15 114
94 193
170 269
106 205
168 267
167 266
128 227
80 179
142 241
191 290
110 209
108 207
99 198
90 189
21 120
136 235
62 161
130 229
17 116
18 117
186 285
64 163
121 220
1 100
140 239
45 144
174 273
44 143
72 171
36 135
131 230
173 272
16 115
187 286
19 118
34 133
190 289
107 206
71 170
14 113
3 102
130 229
6 105
87 186
42 141
172 271
193 292
96 195
71 170
17 116
83 182
86 185
160 259
9 108
94 193
125 224
73 172
49 148
64 163
186 285
139 238
67 166
119 218
125 224
100 199
183 282
66 165
177 276
1 100
29 128
13 112
100 199
167 266
94 193
183 282
102 201
166 265
13 112
146 245
66 165
59 158
140 239
79 178
62 161
175 274
58 157
122 221
191 290
87 186
71 170
11 110
138 237
195 294
4 103
167 266
169 268
109 208
29 128
185 284
94 193
62 161
181 280
39 138
90 189
75 174
53 152
175 274
178 277
95 194
187 286
150 249
106 205
85 184
130 229
50 149
128 227
195 294
183 282
136 235
86 185
40 139
158 257
159 258
17 116
59 158
60 159
130 229
132 231
36 135
71 170
138 237
153 252
57 156
23 122
135 234
179 278
14 113
192 291
170 269
119 218
74 173
66 165
26 125
130 229
152 251
71 170
118 217
56 155
105 204
120 219
80 179
166 265
3 102
166 265
143 242
22 121
23 122
67 166
115 214
6 105
96 195
137 236
193 292
187 286
90 189
45 144
88 187
133 232
173 272
153 252
190 289
28 127
194 293
81 180
56 155
20 119
43 142
74 173
126 225
133 232
123 222
139 238
143 242
43 142
55 154
33 132
35 134
63 162
76 175
87 186
166 265
155 254
146 245
125 224
164 263
120 219
137 236
91 190
66 165
188 287
153 252
109 208
148 247
4 103
76 175
99 198
118 217
64 163
177 276
148 247
98 197
5 104
67 166
139 238
179 278
25 124
86 185
148 247
116 215
76 175
12 111
103 202
31 130
112 211
113 212
13 112
146 245
96 195
44 143
106 205
66 165
141 240
78 177
23 122
24 123
96 195
172 271
64 163
27 126
31 130
55 154
54 153
38 137
87 186
132 231
160 259
166 265
60 159
192 291
147 246
54 153
171 270
17 116
125 224
31 130
131 230
55 154
46 145
44 143
176 275
8 107
41 140
66 165
52 151
62 161
51 150
26 125
36 135
131 230
146 245
169 268
70 169
83 182
98 197
159 258
113 212
148 247
157 256
25 124
121 220
73 172
122 221
76 175
120 219
97 196
46 145
149 248
180 279
185 284
73 172
174 273
185 284
31 130
158 257
144 243
104 203
154 253
64 163
154 253
18 117
183 282
97 196
156 255
162 261
133 232
98 197
184 283
91 190
76 175
151 250
28 127
71 170
111 210
174 273
141 240
166 265
145 244
171 270
45 144
108 207
191 290
24 123
54 153
42 141
48 147
83 182
196 295
33 132
189 288
127 226
160 259
27 126
139 238
154 253
96 195
33 132
140 239
189 288
155 254
146 245
165 264
107 206
89 188
94 193
61 160
195 294
63 162
196 295
178 277
68 167
89 188
111 210
131 230
156 255
172 271
155 254
101 200
129 228
120 219
175 274
197 296
170 269
159 258
185 284
157 256
98 197
99 198
35 134
69 168
18 117
196 295
151 250
151 250
147 246
132 231
63 162
5 104
182 281
15 114
71 170
108 207
65 164
95 194
75 174
57 156
79 178
22 121
5 104
76 175
13 112
88 187
51 150
184 283
170 269
46 145
182 281
24 123
156 255
74 173
151 250
16 115
50 149
7 106
119 218
187 286
39 138
186 285
58 157
80 179
163 262
189 288
36 135
91 190
143 242
64 163
134 233
191 290
52 151
134 233
43 142
79 178
69 168
106 205
67 166
38 137
186 285
75 174
160 259
164 263
103 202
27 126
136 235
134 233
55 154
19 118
193 292
113 212
34 133
115 214
111 210
34 133
153 252
173 272
44 143
134 233
96 195
92 191
63 162
175 274
35 134
87 186
40 139
153 252
50 149
16 115
18 117
3 102
153 252
56 155
144 243
160 259
113 212
64 163
170 269
1 100
181 280
71 170
147 246
162 261
118 217
86 185
101 200
190 289
142 241
195 294
62 161
0 99
59 158
118 217
188 287
115 214
7 106
192 291
168 267
26 125
49 148
139 238
104 203
121 220
11 110
112 211
165 264
110 209
98 197
107 206
112 211
58 157
190 289
132 231
47 146
106 205
185 284
105 204
71 170
93 192
83 182
16 115
68 167
144 243
97 196
101 200
166 265
105 204
135 234
102 201
177 276
149 248
17 116
101 200
107 206
125 224
87 186
60 159
148 247
20 119
37 136
111 210
106 205
183 282
44 143
35 134
122 221
125 224
195 294
69 168
147 246
184 283
115 214
115 214
94 193
169 268
2 101
147 246
18 117
4 103
100 199
69 168
9 108
118 217
134 233
109 208
102 201
193 292
106 205
59 158
63 162
13 112
100 199
111 210
188 287
176 275
149 248
42 141
39 138
86 185
91 190
125 224
156 255
184 283
11 110
45 144
187 286
150 249
191 290
134 233
191 290
189 288
136 235
104 203
101 200
29 128
28 127
131 230
160 259
44 143
128 227
123 222
184 283
26 125
179 278
149 248
12 111
77 176
26 125
188 287
173 272
54 153
50 149
77 176
130 229
65 164
119 218
140 239
92 191
74 173
36 135
75 174
60 159
154 253
114 213
143 242
68 167
102 201
32 131
191 290
195 294
74 173
32 131
155 254
131 230
52 151
131 230
194 293
139 238
42 141
78 177
38 137
181 280
142 241
127 226
58 157
136 235
173 272
128 227
87 186
37 136
160 259
108 207
141 240
88 187
96 195
129 228
17 116
48 147
109 208
53 152
74 173
124 223
196 295
181 280
79 178
104 203
102 201
177 276
42 141
20 119
130 229
51 150
108 207
124 223
1 100
49 148
16 115
187 286
43 142
65 164
129 228
172 271
135 234
138 237
104 203
149 248
188 287
113 212
108 207
103 202
13 112
171 270
175 274
187 286
47 146
70 169
83 182
74 173
132 231
146 245
81 180
100 199
192 291
102 201
75 174
5 104
50 149
11 110
183 282
55 154
121 220
1 100
55 154
17 116
169 268
145 244
145 244
46 145
13 112
53 152
161 260
89 188
14 113
195 294
146 245
101 200
125 224
50 149
180 279
63 162
4 103
61 160
16 115
105 204
86 185
20 119
117 216
160 259
188 287
175 274
81 180
97 196
19 118
31 130
50 149
0 99
101 200
45 144
151 250
156 255
75 174
181 280
61 160
142 241
141 240
22 121
138 237
12 111
23 122
190 289
165 264
44 143
69 168
25 124
163 262
92 191
155 254
109 208
110 209
83 182
14 113
29 128
182 281
10 109
15 114
18 117
11 110
165 264
154 253
84 183
7 106
76 175
131 230
141 240
162 261
93 192
180 279
171 270
184 283
167 266
121 220
86 185
172 271
11 110
174 273
12 111
117 216
170 269
28 127
123 222
184 283
163 262
60 159
76 175
122 221
161 260
11 110
83 182
175 274
83 182
111 210
93 192
77 176
166 265
80 179
177 276
73 172
119 218
59 158
102 201
9 108
11 110
81 180
23 122
4 103
97 196
93 192
52 151
75 174
141 240
55 154
25 124
144 243
131 230
63 162
68 167
69 168
177 276
194 293
192 291
161 260
29 128
190 289
181 280
65 164
190 289
23 122
20 119
5 104
118 217
195 294
36 135
150 249
168 267
35 134
101 200
35 134
105 204
144 243
88 187
26 125
68 167
147 246
15 114
166 265
172 271
104 203
170 269
160 259
119 218
73 172
95 194
16 115
151 250
135 234
61 160
197 296
141 240
194 293
12 111
180 279
23 122
185 284
115 214
38 137
5 104
139 238
121 220
161 260
113 212
150 249
70 169
58 157
18 117
188 287
56 155
4 103
18 117
85 184
13 112
105 204
65 164
76 175
155 254
15 114
44 143
78 177
33 132
81 180
8 107
177 276
110 209
126 225
90 189
43 142
180 279
166 265
33 132
151 250
1 100
131 230
95 194
114 213
121 220
116 215
155 254
112 211
147 246
71 170
65 164
161 260
126 225
179 278
187 286
180 279
118 217
177 276
5 104
38 137
21 120
180 279
107 206
142 241
0 99
131 230
56 155
165 264
104 203
87 186
94 193
184 283
99 198
14 113
69 168
70 169
95 194
37 136
27 126
33 132
110 209
71 170
58 157
101 200
82 181
97 196
152 251
136 235
158 257
5 104
20 119
153 252
176 275
122 221
108 207
35 134
155 254
194 293
11 110
124 223
50 149
120 219
97 196
177 276
46 145
81 180
81 180
148 247
180 279
130 229
37 136
17 116
73 172
27 126
130 229
61 160
35 134
10 109
112 211
36 135
105 204
193 292
132 231
62 161
167 266
100 199
164 263
131 230
7 106
13 112
146 245
49 148
19 118
74 173
62 161
94 193
194 293
184 283
73 172
4 103
114 213
63 162
158 257
3 102
192 291
66 165
25 124
139 238
114 213
5 104
52 151
71 170
65 164
141 240
46 145
56 155
58 157
16 115
183 282
154 253
166 265
30 129
65 164
83 182
75 174
115 214
126 225
197 296
88 187
122 221
10 109
191 290
21 120
39 138
59 158
110 209
193 292
189 288
135 234
37 136
180 279
191 290
8 107
2 101
166 265
35 134
112 211
161 260
14 113
105 204
62 161
110 209
117 216
102 201
86 185
62 161
196 295
10 109
41 140
197 296
108 207
195 294
19 118
94 193
85 184
139 238
75 174
143 242
155 254
166 265
186 285
139 238
153 252
87 186
6 105
91 190
102 201
18 117
136 235
178 277
135 234
157 256
174 273
25 124
19 118
110 209
77 176
14 113
69 168
6 105
122 221
141 240
28 127
143 242
84 183
151 250
113 212
91 190
32 131
191 290
49 148
122 221
147 246
187 286
40 139
197 296
105 204
45 144
65 164
160 259
4 103
145 244
80 179
191 290
177 276
110 209
76 175
106 205
113 212
181 280
81 180
191 290
165 264
66 165
95 194
57 156
116 215
7 106
62 161
64 163
160 259
151 250
188 287
138 237
79 178
86 185
152 251
147 246
175 274
162 261
38 137
3 102
87 186
70 169
49 148
127 226
173 272
56 155
103 202
97 196
192 291
193 292
41 140
156 255
11 110
24 123
58 157
55 154
42 141
17 116
122 221
87 186
148 247
76 175
38 137
147 246
120 219
36 135
175 274
143 242
41 140
187 286
50 149
146 245
132 231
155 254
106 205
173 272
33 132
197 296
68 167
62 161
30 129
80 179
141 240
130 229
111 210
87 186
57 156
182 281
81 180
95 194
71 170
81 180
159 258
193 292
8 107
143 242
9 108
5 104
125 224
98 197
99 198
185 284
115 214
178 277
62 161
98 197
45 144
53 152
87 186
34 133
172 271
156 255
18 117
2 101
70 169
145 244
140 239
81 180
116 215
44 143
130 229
168 267
58 157
98 197
149 248
56 155
13 112
48 147
182 281
64 163
126 225
135 234
99 198
17 116
109 208
137 236
193 292
6 105
176 275
21 120
97 196
44 143
12 111
15 114
131 230
145 244
158 257
62 161
156 255
24 123
14 113
32 131
174 273
23 122
5 104
175 274
19 118
14 113
93 192
85 184
39 138
60 159
2 101
187 286
89 188
126 225
117 216
130 229
80 179
184 283
89 188
61 160
143 242
139 238
47 146
103 202
41 140
44 143
6 105
74 173
36 135
112 211
67 166
29 128
20 119
39 138
63 162
55 154
2 101
139 238
115 214
185 284
195 294
55 154
17 116
155 254
106 205
122 221
97 196
86 185
60 159
120 219
149 248
183 282
16 115
178 277
186 285
51 150
35 134
63 162
144 243
40 139
72 171
14 113
33 132
185 284
37 136
85 184
117 216
139 238
46 145
116 215
113 212
156 255
196 295
111 210
56 155
14 113
89 188
51 150
176 275
113 212
178 277
63 162
197 296
129 228
107 206
74 173
57 156
147 246
114 213
158 257
183 282
128 227
147 246
46 145
5 104
155 254
56 155
72 171
116 215
183 282
185 284
39 138
168 267
76 175
2 101
72 171
169 268
95 194
103 202
131 230
13 112
137 236
113 212
166 265
86 185
96 195
133 232
111 210
151 250
162 261
42 141
96 195
119 218
29 128
68 167
154 253
119 218
134 233
90 189
78 177
113 212
6 105
186 285
118 217
30 129
95 194
144 243
102 201
163 262
154 253
40 139
168 267
119 218
118 217
111 210
96 195
91 190
40 139
124 223
116 215
87 186
2 101
195 294
125 224
54 153
45 144
195 294
12 111
73 172
69 168
157 256
126 225
152 251
66 165
93 192
164 263
110 209
141 240
189 288
145 244
23 122
142 241
147 246
36 135
0 99
151 250
28 127
76 175
68 167
74 173
194 293
12 111
29 128
62 161
170 269
87 186
170 269
121 220
193 292
177 276
78 177
101 200
2 101
140 239
142 241
27 126
132 231
146 245
86 185
162 261
186 285
89 188
30 129
14 113
184 283
80 179
71 170
64 163
31 130
141 240
88 187
35 134
88 187
125 224
126 225
137 236
159 258
63 162
48 147
190 289
19 118
174 273
116 215
184 283
192 291
23 122
164 263
33 132
170 269
96 195
75 174
4 103
97 196
163 262
187 286
14 113
116 215
167 266
130 229
196 295
149 248
103 202
105 204
191 290
115 214
164 263
102 201
120 219
152 251
134 233
185 284
7 106
142 241
180 279
61 160
174 273
176 275
2 101
21 120
149 248
35 134
31 130
93 192
71 170
27 126
127 226
47 146
75 174
68 167
46 145
24 123
54 153
160 259
69 168
119 218
33 132
110 209
68 167
46 145
116 215
37 136
71 170
113 212
11 110
64 163
52 151
77 176
187 286
104 203
7 106
182 281
131 230
33 132
39 138
127 226
115 214
66 165
103 202
144 243
57 156
49 148
61 160
127 226
188 287
50 149
90 189
86 185
68 167
180 279
148 247
100 199
74 173
192 291
93 192
159 258
67 166
195 294
30 129
163 262
32 131
52 151
94 193
174 273
192 291
24 123
15 114
12 111
90 189
54 153
100 199
132 231
82 181
123 222
146 245
172 271
22 121
53 152
17 116
72 171
147 246
87 186
145 244
2 101
84 183
125 224
161 260
135 234
77 176
101 200
197 296
88 187
22 121
185 284
69 168
189 288
84 183
11 110
144 243
141 240
129 228
169 268
100 199
104 203
85 184
157 256
191 290
45 144
10 109
98 197
20 119
155 254
30 129
110 209
33 132
70 169
34 133
1 100
102 201
111 210
101 200
197 296
16 115
135 234
149 248
52 151
2 101
63 162
43 142
50 149
105 204
72 171
22 121
193 292
77 176
146 245
160 259
106 205
90 189
58 157
61 160
48 147
115 214
180 279
8 107
103 202
131 230
192 291
141 240
2 101
19 118
117 216
89 188
0 99
18 117
140 239
25 124
64 163
192 291
35 134
99 198
153 252
25 124
51 150
133 232
44 143
152 251
88 187
173 272
170 269
109 208
35 134
176 275
196 295
179 278
154 253
152 251
185 284
94 193
116 215
34 133
101 200
73 172
31 130
61 160
44 143
75 174
101 200
57 156
80 179
71 170
41 140
161 260
66 165
69 168
154 253
147 246
158 257
171 270
117 216
44 143
130 229
196 295
130 229
146 245
166 265
183 282
109 208
157 256
105 204
167 266
117 216
185 284
136 235
60 159
5 104
31 130
180 279
119 218
122 221
148 247
177 276
93 192
74 173
117 216
150 249
74 173
173 272
16 115
150 249
42 141
143 242
51 150
98 197
84 183
31 130
19 118
4 103
49 148
140 239
146 245
31 130
122 221
169 268
121 220
80 179
77 176
127 226
80 179
99 198
129 228
79 178
6 105
90 189
42 141
43 142
157 256
95 194
88 187
162 261
140 239
63 162
50 149
38 137
106 205
53 152
197 296
102 201
99 198
83 182
152 251
36 135
113 212
195 294
154 253
4 103
79 178
53 152
49 148
190 289
36 135
101 200
150 249
194 293
191 290
12 111
195 294
107 206
40 139
110 209
164 263
130 229
44 143
191 290
162 261
54 153
80 179
46 145
129 228
76 175
119 218
91 190
195 294
56 155
148 247
39 138
132 231
38 137
110 209
95 194
12 111
165 264
168 267
51 150
2 101
174 273
29 128
161 260
4 103
79 178
20 119
197 296
195 294
129 228
47 146
12 111
192 291
173 272
197 296
2 101
142 241
141 240
43 142
112 211
144 243
7 106
174 273
21 120
36 135
27 126
54 153
45 144
38 137
89 188
196 295
35 134
191 290
48 147
15 114
107 206
79 178
112 211
170 269
94 193
136 235
184 283
3 102
44 143
30 129
96 195
185 284
34 133
157 256
112 211
70 169
84 183
44 143
78 177
123 222
174 273
42 141
11 110
24 123
7 106
99 198
125 224
3 102
121 220
29 128
108 207
27 126
195 294
48 147
76 175
114 213
166 265
121 220
37 136
131 230
184 283
185 284
14 113
154 253
120 219
39 138
82 181
147 246
130 229
133 232
1 100
111 210
30 129
111 210
38 137
121 220
160 259
164 263
5 104
61 160
86 185
41 140
44 143
161 260
178 277
89 188
185 284
175 274
176 275
140 239
131 230
78 177
157 256
8 107
48 147
116 215
21 120
64 163
139 238
131 230
107 206
144 243
170 269
39 138
74 173
121 220
116 215
68 167
10 109
34 133
102 201
192 291
39 138
21 120
104 203
184 283
126 225
11 110
6 105
67 166
194 293
131 230
19 118
53 152
79 178
39 138
148 247
62 161
14 113
1 100
8 107
77 176
137 236
185 284
57 156
16 115
173 272
82 181
195 294
176 275
134 233
36 135
96 195
43 142
111 210
10 109
68 167
152 251
5 104
30 129
121 220
116 215
167 266
146 245
75 174
87 186
16 115
53 152
154 253
68 167
117 216
14 113
8 107
95 194
14 113
169 268
47 146
185 284
107 206
78 177
157 256
147 246
197 296
88 187
92 191
12 111
49 148
68 167
66 165
107 206
108 207
107 206
10 109
140 239
66 165
171 270
172 271
185 284
188 287
169 268
84 183
139 238
142 241
138 237
3 102
9 108
125 224
14 113
106 205
19 118
84 183
191 290
179 278
2 101
125 224
157 256
111 210
164 263
141 240
85 184
81 180
19 118
127 226
152 251
83 182
73 172
126 225
105 204
154 253
132 231
1 100
180 279
83 182
151 250
77 176
167 266
104 203
15 114
111 210
117 216
34 133
163 262
25 124
89 188
74 173
99 198
56 155
134 233
101 200
63 162
76 175
107 206
64 163
126 225
192 291
147 246
57 156
104 203
61 160
92 191
80 179
125 224
31 130
189 288
0 99
123 222
184 283
70 169
79 178
10 109
39 138
60 159
79 178
188 287
123 222
99 198
178 277
11 110
136 235
168 267
121 220
22 121
57 156
194 293
94 193
123 222
24 123
36 135
95 194
109 208
134 233
197 296
193 292
55 154
142 241
82 181
135 234
136 235
84 183
9 108
51 150
49 148
121 220
5 104
172 271
122 221
40 139
14 113
83 182
181 280
65 164
77 176
196 295
99 198
179 278
3 102
109 208
68 167
121 220
29 128
137 236
51 150
152 251
126 225
58 157
49 148
12 111
111 210
184 283
178 277
25 124
15 114
160 259
8 107
28 127
153 252
75 174
101 200
71 170
101 200
9 108
35 134
45 144
112 211
59 158
175 274
144 243
113 212
128 227
191 290
1 100
37 136
192 291
126 225
27 126
180 279
174 273
166 265
178 277
126 225
57 156
5 104
125 224
187 286
115 214
66 165
184 283
51 150
144 243
124 223
44 143
10 109
29 128
35 134
88 187
74 173
105 204
180 279
105 204
110 209
87 186
148 247
143 242
108 207
191 290
183 282
105 204
11 110
171 270
128 227
67 166
104 203
12 111
144 243
171 270
112 211
183 282
120 219
34 133
67 166
175 274
116 215
152 251
39 138
62 161
79 178
196 295
143 242
179 278
16 115
69 168
27 126
153 252
193 292
51 150
11 110
179 278
183 282
134 233
111 210
87 186
124 223
136 235
114 213
8 107
144 243
76 175
55 154
151 250
83 182
118 217
131 230
63 162
123 222
60 159
159 258
137 236
190 289
50 149
78 177
81 180
86 185
185 284
89 188
44 143
119 218
10 109
154 253
157 256
75 174
47 146
179 278
119 218
127 226
11 110
192 291
138 237
29 128
190 289
0 99
186 285
125 224
97 196
136 235
125 224
191 290
166 265
118 217
187 286
123 222
142 241
102 201
125 224
195 294
153 252
55 154
41 140
170 269
191 290
46 145
118 217
66 165
114 213
132 231
56 155
92 191
30 129
65 164
34 133
168 267
148 247
9 108
117 216
187 286
100 199
45 144
20 119
186 285
3 102
180 279
157 256
111 210
44 143
17 116
155 254
111 210
158 257
97 196
189 288
158 257
196 295
116 215
51 150
106 205
187 286
82 181
145 244
175 274
17 116
89 188
164 263
178 277
87 186
7 106
91 190
161 260
100 199
29 128
19 118
94 193
101 200
194 293
47 146
9 108
44 143
85 184
26 125
0 99
37 136
103 202
14 113
42 141
51 150
90 189
184 283
6 105
105 204
175 274
106 205
129 228
15 114
16 115
31 130
83 182
84 183
16 115
194 293
1 100
179 278
155 254
65 164
49 148
9 108
11 110
98 197
127 226
148 247
175 274
170 269
177 276
36 135
181 280
77 176
120 219
159 258
44 143
105 204
167 266
132 231
136 235
181 280
89 188
67 166
108 207
23 122
139 238
104 203
167 266
195 294
62 161
14 113
97 196
34 133
71 170
66 165
78 177
49 148
158 257
58 157
111 210
139 238
120 219
182 281
86 185
146 245
22 121
67 166
194 293
24 123
84 183
94 193
49 148
180 279
108 207
87 186
138 237
58 157
51 150
187 286
88 187
157 256
162 261
8 107
151 250
7 106
27 126
129 228
2 101
47 146
23 122
184 283
196 295
14 113
156 255
3 102
44 143
74 173
31 130
189 288
183 282
115 214
148 247
63 162
139 238
183 282
132 231
185 284
41 140
24 123
123 222
152 251
123 222
50 149
112 211
49 148
76 175
111 210
50 149
44 143
78 177
142 241
113 212
75 174
91 190
144 243
193 292
181 280
109 208
125 224
132 231
76 175
4 103
54 153
96 195
180 279
80 179
191 290
121 220
53 152
187 286
74 173
125 224
192 291
32 131
159 258
14 113
197 296
140 239
18 117
77 176
88 187
28 127
101 200
29 128
178 277
110 209
145 244
27 126
126 225
195 294
178 277
12 111
57 156
55 154
138 237
72 171
94 193
37 136
29 128
140 239
36 135
12 111
0 99
155 254
75 174
123 222
125 224
95 194
68 167
182 281
170 269
145 244
160 259
44 143
68 167
10 109
44 143
73 172
159 258
54 153
39 138
184 283
177 276
71 170
174 273
98 197
149 248
168 267
132 231
168 267
66 165
9 108
184 283
159 258
20 119
177 276
116 215
167 266
129 228
182 281
176 275
120 219
62 161
83 182
42 141
85 184
165 264
134 233
23 122
114 213
138 237
26 125
34 133
79 178
160 259
114 213
171 270
165 264
23 122
99 198
98 197
131 230
114 213
9 108
28 127
47 146
46 145
89 188
58 157
77 176
20 119
144 243
62 161
34 133
108 207
194 293
155 254
53 152
23 122
147 246
117 216
181 280
121 220
135 234
124 223
90 189
42 141
145 244
140 239
10 109
32 131
154 253
13 112
2 101
47 146
157 256
194 293
97 196
108 207
15 114
79 178
31 130
109 208
67 166
83 182
167 266
106 205
167 266
147 246
129 228
46 145
46 145
148 247
84 183
56 155
191 290
166 265
42 141
192 291
175 274
164 263
57 156
61 160
82 181
195 294
88 187
85 184
110 209
97 196
169 268
61 160
83 182
58 157
13 112
88 187
149 248
187 286
154 253
34 133
193 292
24 123
129 228
147 246
11 110
0 99
29 128
196 295
65 164
97 196
141 240
20 119
52 151
96 195
197 296
19 118
55 154
114 213
73 172
7 106
143 242
6 105
147 246
57 156
123 222
83 182
159 258
69 168
102 201
90 189
89 188
183 282
101 200
54 153
68 167
173 272
0 99
104 203
50 149
114 213
133 232
4 103
1 100
120 219
19 118
170 269
161 260
36 135
20 119
139 238
101 200
77 176
61 160
31 130
52 151
161 260
51 150
119 218
105 204
61 160
44 143
188 287
183 282
40 139
134 233
155 254
153 252
88 187
6 105
10 109
10 109
74 173
158 257
131 230
144 243
63 162
174 273
64 163
45 144
182 281
135 234
43 142
21 120
179 278
57 156
99 198
132 231
195 294
96 195
103 202
178 277
61 160
77 176
27 126
144 243
49 148
186 285
67 166
16 115
57 156
11 110
193 292
136 235
195 294
140 239
31 130
177 276
86 185
126 225
172 271
159 258
28 127
37 136
191 290
139 238
73 172
83 182
181 280
40 139
180 279
7 106
47 146
113 212
177 276
28 127
190 289
53 152
182 281
19 118
164 263
99 198
66 165
49 148
101 200
167 266
115 214
19 118
87 186
57 156
0 99
49 148
172 271
80 179
158 257
141 240
7 106
156 255
14 113
80 179
178 277
117 216
142 241
165 264
59 158
146 245
68 167
160 259
93 192
195 294
56 155
129 228
34 133
31 130
51 150
180 279
108 207
47 146
174 273
159 258
35 134
24 123
175 274
145 244
31 130
61 160
17 116
118 217
174 273
39 138
65 164
28 127
92 191
73 172
152 251
4 103
123 222
185 284
22 121
137 236
74 173
31 130
30 129
143 242
106 205
49 148
59 158
79 178
191 290
155 254
98 197
20 119
104 203
90 189
181 280
160 259
67 166
15 114
50 149
143 242
18 117
7 106
150 249
61 160
143 242
8 107
113 212
73 172
10 109
32 131
63 162
86 185
90 189
23 122
194 293
62 161
1 100
164 263
185 284
43 142
140 239
145 244
64 163
2 101
58 157
37 136
167 266
40 139
112 211
51 150
98 197
80 179
141 240
46 145
54 153
177 276
122 221
176 275
162 261
11 110
49 148
70 169
114 213
0 99
21 120
60 159
113 212
136 235
98 197
175 274
15 114
166 265
176 275
147 246
193 292
191 290
8 107
116 215
23 122
34 133
79 178
95 194
45 144
89 188
148 247
125 224
186 285
161 260
160 259
52 151
20 119
110 209
22 121
17 116
148 247
96 195
139 238
20 119
61 160
52 151
117 216
14 113
113 212
130 229
14 113
115 214
63 162
54 153
136 235
148 247
24 123
30 129
5 104
186 285
139 238
99 198
41 140
12 111
94 193
74 173
40 139
52 151
169 268
142 241
102 201
48 147
66 165
171 270
182 281
98 197
89 188
72 171
182 281
181 280
139 238
150 249
3 102
66 165
3 102
174 273
61 160
27 126
47 146
9 108
168 267
151 250
176 275
32 131
4 103
93 192
78 177
142 241
72 171
101 200
93 192
25 124
173 272
127 226
101 200
70 169
191 290
142 241
154 253
184 283
9 108
177 276
187 286
77 176
163 262
99 198
112 211
97 196
151 250
169 268
30 129
127 226
28 127
106 205
22 121
137 236
194 293
140 239
0 99
37 136
68 167
112 211
157 256
46 145
51 150
97 196
51 150
154 253
178 277
35 134
195 294
7 106
135 234
152 251
113 212
22 121
94 193
133 232
165 264
177 276
165 264
78 177
10 109
152 251
121 220
104 203
193 292
36 135
50 149
180 279
186 285
29 128
171 270
148 247
186 285
47 146
195 294
87 186
154 253
74 173
124 223
83 182
1 100
86 185
66 165
31 130
36 135
69 168
42 141
141 240
70 169
185 284
195 294
52 151
131 230
172 271
194 293
149 248
153 252
15 114
104 203
79 178
153 252
127 226
124 223
48 147
144 243
23 122
92 191
120 219
128 227
151 250
5 104
135 234
63 162
47 146
30 129
113 212
146 245
182 281
105 204
156 255
121 220
132 231
170 269
114 213
14 113
1 100
134 233
116 215
184 283
148 247
93 192
132 231
0 99
109 208
133 232
85 184
48 147
122 221
186 285
101 200
80 179
167 266
139 238
28 127
48 147
112 211
122 221
155 254
71 170
47 146
2 101
85 184
21 120
64 163
177 276
86 185
61 160
77 176
41 140
8 107
22 121
147 246
12 111
17 116
26 125
157 256
48 147
75 174
110 209
163 262
51 150
177 276
43 142
4 103
171 270
195 294
89 188
180 279
38 137
57 156
60 159
56 155
77 176
52 151
124 223
126 225
192 291
186 285
188 287
192 291
29 128
76 175
114 213
187 286
195 294
183 282
83 182
51 150
175 274
115 214
157 256
31 130
67 166
139 238
192 291
74 173
153 252
194 293
159 258
39 138
81 180
34 133
173 272
41 140
18 117
175 274
123 222
155 254
148 247
25 124
104 203
85 184
120 219
33 132
39 138
136 235
92 191
194 293
30 129
76 175
0 99
108 207
151 250
114 213
119 218
147 246
160 259
185 284
78 177
174 273
177 276
27 126
113 212
195 294
172 271
50 149
127 226
10 109
165 264
29 128
124 223
162 261
122 221
68 167
94 193
7 106
102 201
12 111
171 270
187 286
152 251
185 284
161 260
127 226
189 288
106 205
131 230
185 284
128 227
30 129
44 143
183 282
137 236
58 157
93 192
131 230
43 142
153 252
77 176
155 254
172 271
21 120
136 235
116 215
74 173
114 213
61 160
2 101
23 122
78 177
29 128
107 206
37 136
102 201
64 163
60 159
115 214
70 169
4 103
66 165
76 175
29 128
43 142
125 224
75 174
78 177
72 171
9 108
154 253
37 136
16 115
44 143
7 106
129 228
112 211
58 157
156 255
92 191
196 295
7 106
175 274
78 177
75 174
79 178
94 193
103 202
3 102
195 294
87 186
13 112
172 271
85 184
163 262
48 147
12 111
95 194
64 163
130 229
131 230
87 186
117 216
73 172
49 148
24 123
170 269
150 249
148 247
79 178
63 162
176 275
126 225
32 131
2 101
42 141
47 146
98 197
119 218
138 237
166 265
25 124
180 279
21 120
191 290
83 182
129 228
78 177
185 284
132 231
97 196
70 169
38 137
22 121
125 224
187 286
164 263
53 152
93 192
6 105
193 292
189 288
59 158
131 230
18 117
64 163
93 192
142 241
196 295
145 244
197 296
77 176
90 189
127 226
133 232
174 273
147 246
108 207
47 146
114 213
123 222
153 252
175 274
72 171
171 270
109 208
152 251
173 272
99 198
164 263
108 207
138 237
47 146
137 236
132 231
74 173
166 265
132 231
112 211
191 290
152 251
0 99
125 224
164 263
158 257
93 192
46 145
145 244
153 252
146 245
189 288
108 207
133 232
2 101
13 112
141 240
72 171
121 220
46 145
3 102
151 250
93 192
130 229
86 185
9 108
54 153
154 253
162 261
37 136
146 245
22 121
34 133
3 102
53 152
3 102
89 188
101 200
41 140
145 244
14 113
76 175
31 130
137 236
184 283
177 276
107 206
184 283
24 123
171 270
179 278
60 159
70 169
64 163
66 165
186 285
98 197
56 155
75 174
117 216
42 141
181 280
21 120
1 100
139 238
26 125
2 101
47 146
103 202
27 126
103 202
64 163
28 127
64 163
178 277
85 184
62 161
186 285
122 221
29 128
117 216
43 142
162 261
161 260
12 111
63 162
136 235
47 146
89 188
56 155
38 137
137 236
157 256
77 176
52 151
183 282
116 215
16 115
91 190
140 239
105 204
111 210
197 296
6 105
190 289
102 201
76 175
101 200
113 212
123 222
122 221
139 238
163 262
72 171
65 164
49 148
106 205
170 269
27 126
169 268
11 110
170 269
9 108
44 143
10 109
129 228
110 209
154 253
160 259
101 200
112 211
107 206
119 218
69 168
110 209
33 132
132 231
113 212
13 112
64 163
133 232
174 273
48 147
180 279
20 119
176 275
37 136
22 121
100 199
126 225
132 231
64 163
52 151
64 163
188 287
3 102
108 207
55 154
151 250
158 257
85 184
6 105
97 196
19 118
158 257
4 103
153 252
99 198
97 196
186 285
81 180
111 210
13 112
165 264
5 104
74 173
5 104
164 263
65 164
43 142
133 232
43 142
177 276
51 150
41 140
162 261
52 151
64 163
72 171
127 226
93 192
100 199
93 192
76 175
144 243
51 150
122 221
62 161
79 178
86 185
107 206
191 290
94 193
197 296
11 110
195 294
23 122
186 285
34 133
193 292
45 144
28 127
93 192
14 113
185 284
126 225
105 204
188 287
65 164
169 268
176 275
186 285
84 183
0 99
27 126
8 107
59 158
150 249
85 184
61 160
74 173
53 152
152 251
123 222
191 290
24 123
60 159
165 264
132 231
136 235
166 265
71 170
82 181
54 153
106 205
125 224
117 216
109 208
111 210
149 248
86 185
123 222
163 262
112 211
98 197
171 270
164 263
148 247
193 292
13 112
53 152
84 183
75 174
191 290
143 242
65 164
39 138
94 193
41 140
54 153
53 152
24 123
186 285
106 205
71 170
37 136
60 159
167 266
76 175
52 151
95 194
18 117
93 192
39 138
110 209
174 273
119 218
97 196
0 99
58 157
35 134
5 104
161 260
60 159
22 121
138 237
42 141
6 105
81 180
16 115
110 209
27 126
11 110
156 255
14 113
12 111
125 224
100 199
175 274
57 156
69 168
165 264
187 286
118 217
193 292
87 186
150 249
105 204
46 145
51 150
75 174
129 228
42 141
36 135
183 282
108 207
23 122
194 293
28 127
108 207
63 162
132 231
9 108
22 121
172 271
64 163
14 113
19 118
77 176
54 153
160 259
152 251
29 128
41 140
137 236
179 278
45 144
174 273
29 128
31 130
144 243
127 226
46 145
33 132
58 157
106 205
46 145
70 169
44 143
10 109
79 178
122 221
63 162
178 277
95 194
82 181
139 238
20 119
107 206
77 176
44 143
108 207
17 116
55 154
175 274
61 160
99 198
92 191
71 170
39 138
134 233
62 161
41 140
11 110
47 146
14 113
38 137
39 138
171 270
90 189
21 120
178 277
77 176
48 147
85 184
147 246
192 291
1 100
9 108
74 173
93 192
131 230
164 263
144 243
106 205
6 105
82 181
150 249
95 194
16 115
32 131
109 208
179 278
21 120
120 219
86 185
45 144
162 261
85 184
138 237
89 188
175 274
74 173
154 253
143 242
129 228
91 190
80 179
151 250
76 175
39 138
3 102
83 182
158 257
72 171
26 125
89 188
192 291
92 191
162 261
168 267
20 119
20 119
28 127
150 249
154 253
190 289
36 135
119 218
173 272
193 292
56 155
179 278
114 213
98 197
195 294
131 230
12 111
26 125
173 272
139 238
57 156
194 293
194 293
65 164
92 191
18 117
185 284
17 116
103 202
101 200
56 155
62 161
31 130
13 112
24 123
143 242
66 165
141 240
28 127
55 154
5 104
9 108
130 229
95 194
90 189
28 127
85 184
32 131
182 281
138 237
33 132
126 225
2 101
48 147
178 277
71 170
173 272
177 276
116 215
93 192
89 188
9 108
65 164
91 190
180 279
82 181
81 180
188 287
130 229
56 155
139 238
22 121
143 242
109 208
101 200
97 196
160 259
8 107
138 237
125 224
161 260
88 187
162 261
167 266
34 133
168 267
196 295
8 107
95 194
124 223
127 226
1 100
191 290
90 189
154 253
167 266
91 190
43 142
20 119
100 199
39 138
25 124
52 151
145 244
68 167
156 255
123 222
151 250
106 205
105 204
155 254
119 218
30 129
138 237
75 174
22 121
58 157
15 114
181 280
75 174
193 292
30 129
116 215
85 184
75 174
197 296
78 177
190 289
21 120
189 288
95 194
95 194
181 280
56 155
97 196
104 203
141 240
26 125
33 132
41 140
104 203
45 144
157 256
129 228
126 225
11 110
193 292
162 261
153 252
193 292
87 186
171 270
150 249
45 144
5 104
58 157
155 254
47 146
128 227
120 219
75 174
136 235
157 256
16 115
127 226
10 109
79 178
181 280
171 270
162 261
64 163
111 210
98 197
80 179
63 162
90 189
1 100
135 234
1 100
133 232
41 140
54 153
49 148
49 148
133 232
23 122
57 156
117 216
26 125
16 115
22 121
108 207
180 279
74 173
136 235
150 249
194 293
195 294
144 243
185 284
108 207
174 273
69 168
184 283
98 197
135 234
109 208
65 164
146 245
61 160
137 236
117 216
99 198
99 198
120 219
65 164
84 183
190 289
122 221
25 124
153 252
190 289
64 163
100 199
163 262
146 245
19 118
40 139
98 197
153 252
184 283
0 99
63 162
72 171
110 209
86 185
164 263
192 291
133 232
10 109
46 145
44 143
169 268
59 158
170 269
135 234
163 262
81 180
43 142
28 127
145 244
66 165
155 254
76 175
62 161
162 261
2 101
83 182
165 264
85 184
69 168
91 190
44 143
188 287
173 272
102 201
154 253
162 261
189 288
171 270
187 286
11 110
115 214
18 117
52 151
151 250
192 291
97 196
56 155
117 216
168 267
75 174
66 165
4 103
106 205
26 125
18 117
23 122
111 210
80 179
17 116
191 290
117 216
59 158
26 125
128 227
152 251
110 209
17 116
91 190
149 248
111 210
159 258
47 146
196 295
29 128
67 166
179 278
94 193
132 231
126 225
11 110
180 279
20 119
150 249
180 279
60 159
99 198
171 270
36 135
137 236
109 208
185 284
103 202
103 202
53 152
127 226
79 178
189 288
190 289
128 227
112 211
116 215
140 239
98 197
28 127
93 192
47 146
118 217
82 181
168 267
184 283
4 103
170 269
157 256
137 236
155 254
112 211
151 250
18 117
84 183
113 212
71 170
129 228
157 256
41 140
122 221
58 157
9 108
77 176
48 147
118 217
2 101
96 195
187 286
164 263
148 247
166 265
181 280
51 150
194 293
131 230
2 101
196 295
90 189
21 120
126 225
9 108
13 112
110 209
126 225
1 100
110 209
11 110
187 286
143 242
40 139
160 259
67 166
44 143
133 232
183 282
83 182
57 156
126 225
110 209
7 106
87 186
118 217
124 223
91 190
145 244
78 177
15 114
41 140
175 274
92 191
7 106
77 176
38 137
94 193
74 173
30 129
59 158
188 287
45 144
193 292
9 108
144 243
154 253
125 224
55 154
177 276
133 232
34 133
108 207
133 232
104 203
43 142
68 167
70 169
4 103
129 228
143 242
148 247
45 144
96 195
2 101
90 189
90 189
115 214
139 238
93 192
196 295
36 135
91 190
105 204
156 255
84 183
0 99
80 179
15 114
162 261
102 201
22 121
69 168
77 176
168 267
0 99
48 147
193 292
17 116
192 291
48 147
160 259
123 222
19 118
148 247
122 221
48 147
182 281
93 192
1 100
38 137
88 187
14 113
143 242
39 138
77 176
173 272
16 115
81 180
174 273
69 168
104 203
144 243
37 136
61 160
155 254
110 209
2 101
53 152
138 237
144 243
133 232
36 135
2 101
119 218
165 264
86 185
118 217
184 283
150 249
63 162
94 193
146 245
58 157
123 222
12 111
119 218
9 108
84 183
59 158
90 189
114 213
71 170
107 206
44 143
111 210
96 195
117 216
49 148
115 214
153 252
45 144
63 162
176 275
52 151
84 183
0 99
84 183
50 149
64 163
161 260
58 157
120 219
57 156
161 260
196 295
9 108
2 101
147 246
133 232
193 292
77 176
108 207
54 153
53 152
21 120
161 260
7 106
10 109
137 236
78 177
179 278
87 186
77 176
41 140
8 107
89 188
173 272
171 270
49 148
123 222
76 175
154 253
69 168
18 117
96 195
68 167
165 264
137 236
107 206
140 239
44 143
126 225
64 163
73 172
23 122
62 161
76 175
110 209
124 223
6 105
140 239
98 197
5 104
132 231
129 228
55 154
85 184
34 133
87 186
46 145
160 259
56 155
182 281
2 101
196 295
62 161
171 270
195 294
126 225
127 226
154 253
108 207
113 212
155 254
168 267
45 144
185 284
197 296
49 148
108 207
75 174
150 249
158 257
134 233
67 166
131 230
66 165
78 177
21 120
76 175
58 157
103 202
166 265
144 243
152 251
76 175
157 256
129 228
148 247
95 194
115 214
19 118
164 263
136 235
161 260
18 117
92 191
55 154
142 241
47 146
15 114
60 159
45 144
178 277
99 198
26 125
9 108
144 243
144 243
70 169
89 188
118 217
90 189
100 199
49 148
187 286
120 219
194 293
191 290
105 204
98 197
83 182
95 194
133 232
117 216
26 125
168 267
173 272
196 295
71 170
89 188
196 295
178 277
66 165
97 196
23 122
108 207
158 257
12 111
97 196
75 174
59 158
61 160
68 167
95 194
52 151
56 155
29 128
1 100
149 248
150 249
129 228
110 209
45 144
96 195
17 116
193 292
106 205
122 221
172 271
112 211
154 253
45 144
152 251
91 190
73 172
113 212
72 171
10 109
153 252
128 227
119 218
33 132
84 183
84 183
86 185
133 232
59 158
65 164
81 180
40 139
31 130
185 284
143 242
133 232
32 131
190 289
43 142
74 173
157 256
45 144
131 230
104 203
152 251
25 124
171 270
55 154
121 220
1 100
99 198
58 157
88 187
136 235
37 136
99 198
29 128
57 156
22 121
142 241
72 171
167 266
136 235
56 155
182 281
180 279
61 160
188 287
44 143
71 170
133 232
164 263
129 228
113 212
3 102
131 230
111 210
97 196
50 149
39 138
96 195
144 243
35 134
97 196
5 104
96 195
46 145
83 182
131 230
158 257
68 167
60 159
171 270
8 107
190 289
17 116
29 128
53 152
55 154
115 214
101 200
184 283
153 252
124 223
85 184
188 287
78 177
92 191
71 170
117 216
66 165
43 142
147 246
187 286
124 223
39 138
196 295
126 225
30 129
72 171
99 198
112 211
125 224
72 171
11 110
21 120
94 193
80 179
52 151
23 122
15 114
85 184
66 165
98 197
182 281
71 170
10 109
125 224
172 271
128 227
196 295
117 216
189 288
142 241
89 188
135 234
188 287
28 127
61 160
14 113
131 230
166 265
89 188
48 147
21 120
124 223
170 269
78 177
113 212
153 252
86 185
181 280
180 279
195 294
111 210
168 267
166 265
24 123
106 205
55 154
116 215
58 157
55 154
185 284
190 289
183 282
103 202
133 232
97 196
108 207
90 189
124 223
122 221
134 233
74 173
23 122
18 117
103 202
161 260
178 277
44 143
164 263
116 215
181 280
115 214
8 107
167 266
38 137
132 231
160 259
29 128
181 280
45 144
164 263
169 268
22 121
158 257
135 234
162 261
134 233
115 214
157 256
170 269
175 274
78 177
138 237
131 230
70 169
60 159
158 257
135 234
23 122
90 189
53 152
49 148
46 145
93 192
31 130
120 219
148 247
91 190
58 157
96 195
144 243
101 200
32 131
80 179
135 234
127 226
25 124
172 271
30 129
95 194
118 217
40 139
51 150
24 123
148 247
191 290
193 292
52 151
177 276
62 161
99 198
115 214
73 172
76 175
53 152
98 197
43 142
127 226
77 176
15 114
59 158
100 199
97 196
111 210
105 204
52 151
161 260
78 177
69 168
93 192
31 130
84 183
31 130
56 155
39 138
167 266
161 260
145 244
12 111
169 268
114 213
7 106
45 144
82 181
93 192
179 278
61 160
45 144
174 273
69 168
14 113
104 203
94 193
141 240
174 273
127 226
158 257
132 231
196 295
114 213
67 166
138 237
15 114
4 103
62 161
116 215
32 131
133 232
130 229
139 238
28 127
107 206
20 119
65 164
75 174
192 291
173 272
132 231
80 179
40 139
173 272
34 133
177 276
188 287
102 201
9 108
191 290
66 165
38 137
2 101
126 225
55 154
54 153
180 279
159 258
153 252
158 257
104 203
106 205
188 287
175 274
75 174
41 140
17 116
82 181
100 199
45 144
46 145
77 176
155 254
149 248
128 227
3 102
177 276
182 281
85 184
135 234
2 101
60 159
162 261
183 282
123 222
117 216
76 175
112 211
50 149
171 270
120 219
174 273
157 256
39 138
88 187
144 243
16 115
129 228
180 279
170 269
16 115
53 152
103 202
125 224
1 100
26 125
148 247
143 242
4 103
138 237
132 231
56 155
83 182
0 99
56 155
185 284
76 175
29 128
126 225
24 123
76 175
34 133
162 261
99 198
128 227
126 225
187 286
41 140
187 286
46 145
105 204
185 284
134 233
114 213
95 194
126 225
99 198
177 276
166 265
33 132
130 229
38 137
147 246
66 165
152 251
127 226
134 233
133 232
104 203
36 135
98 197
54 153
106 205
71 170
23 122
106 205
90 189
40 139
142 241
140 239
39 138
25 124
190 289
120 219
78 177
151 250
158 257
127 226
125 224
159 258
48 147
17 116
65 164
40 139
20 119
0 99
77 176
57 156
162 261
86 185
93 192
145 244
80 179
59 158
63 162
29 128
26 125
196 295
167 266
20 119
74 173
152 251
64 163
101 200
102 201
48 147
52 151
184 283
26 125
83 182
190 289
16 115
176 275
113 212
139 238
170 269
58 157
108 207
55 154
37 136
50 149
158 257
6 105
57 156
72 171
6 105
134 233
63 162
67 166
99 198
87 186
170 269
11 110
149 248
77 176
183 282
60 159
93 192
170 269
105 204
41 140
40 139
102 201
19 118
137 236
24 123
91 190
171 270
161 260
192 291
71 170
25 124
179 278
15 114
38 137
103 202
163 262
183 282
81 180
66 165
183 282
18 117
131 230
166 265
48 147
146 245
57 156
86 185
33 132
80 179
135 234
39 138
186 285
147 246
122 221
152 251
73 172
62 161
32 131
180 279
122 221
59 158
104 203
119 218
152 251
180 279
10 109
67 166
81 180
53 152
45 144
113 212
84 183
74 173
50 149
6 105
194 293
116 215
138 237
159 258
74 173
159 258
68 167
11 110
32 131
74 173
24 123
136 235
52 151
83 182
65 164
73 172
96 195
152 251
9 108
84 183
135 234
35 134
180 279
82 181
162 261
137 236
20 119
28 127
1 100
18 117
159 258
62 161
12 111
71 170
47 146
108 207
52 151
136 235
163 262
186 285
195 294
3 102
175 274
136 235
151 250
141 240
121 220
21 120
40 139
94 193
59 158
55 154
45 144
49 148
23 122
69 168
70 169
16 115
187 286
103 202
127 226
31 130
181 280
180 279
58 157
19 118
156 255
32 131
196 295
3 102
82 181
51 150
78 177
174 273
131 230
123 222
13 112
130 229
9 108
53 152
57 156
10 109
187 286
37 136
171 270
133 232
113 212
10 109
58 157
44 143
105 204
133 232
115 214
102 201
172 271
66 165
192 291
110 209
107 206
145 244
74 173
193 292
138 237
176 275
116 215
140 239
195 294
175 274
7 106
120 219
125 224
45 144
181 280
81 180
40 139
97 196
83 182
32 131
148 247
125 224
39 138
124 223
95 194
140 239
128 227
60 159
36 135
21 120
72 171
127 226
184 283
83 182
26 125
18 117
170 269
172 271
2 101
142 241
126 225
70 169
2 101
9 108
40 139
6 105
4 103
125 224
91 190
50 149
17 116
173 272
19 118
31 130
189 288
6 105
3 102
186 285
71 170
98 197
5 104
129 228
130 229
52 151
118 217
175 274
102 201
192 291
103 202
46 145
46 145
162 261
34 133
56 155
111 210
12 111
178 277
95 194
160 259
150 249
14 113
159 258
46 145
179 278
0 99
111 210
129 228
20 119
162 261
95 194
136 235
66 165
46 145
165 264
31 130
149 248
31 130
148 247
48 147
81 180
134 233
166 265
184 283
144 243
163 262
28 127
157 256
59 158
82 181
96 195
81 180
22 121
82 181
158 257
171 270
3 102
86 185
30 129
63 162
102 201
76 175
51 150
151 250
56 155
172 271
118 217
167 266
49 148
127 226
1 100
186 285
188 287
156 255
79 178
45 144
20 119
63 162
150 249
143 242
163 262
143 242
70 169
166 265
19 118
126 225
181 280
31 130
163 262
30 129
72 171
124 223
190 289
118 217
171 270
187 286
82 181
91 190
23 122
27 126
115 214
147 246
179 278
120 219
99 198
43 142
101 200
177 276
64 163
13 112
175 274
61 160
75 174
102 201
63 162
164 263
102 201
60 159
24 123
26 125
82 181
36 135
84 183
6 105
94 193
170 269
102 201
136 235
17 116
194 293
168 267
82 181
32 131
189 288
75 174
112 211
19 118
62 161
123 222
74 173
86 185
23 122
69 168
155 254
34 133
107 206
62 161
141 240
112 211
99 198
180 279
127 226
196 295
87 186
141 240
154 253
11 110
32 131
123 222
141 240
191 290
161 260
92 191
186 285
98 197
150 249
197 296
179 278
156 255
16 115
83 182
178 277
8 107
84 183
44 143
77 176
197 296
0 99
135 234
158 257
131 230
45 144
100 199
7 106
60 159
66 165
177 276
87 186
61 160
53 152
153 252
145 244
158 257
186 285
104 203
192 291
89 188
44 143
88 187
2 101
19 118
64 163
90 189
6 105
134 233
195 294
83 182
150 249
58 157
99 198
81 180
31 130
50 149
45 144
87 186
82 181
109 208
117 216
126 225
45 144
13 112
26 125
107 206
132 231
171 270
138 237
156 255
193 292
157 256
180 279
149 248
83 182
19 118
134 233
15 114
55 154
169 268
178 277
74 173
183 282
164 263
163 262
164 263
13 112
34 133
107 206
15 114
165 264
122 221
190 289
188 287
70 169
191 290
141 240
189 288
142 241
40 139
68 167
147 246
15 114
197 296
78 177
69 168
36 135
185 284
101 200
148 247
87 186
86 185
120 219
63 162
104 203
39 138
39 138
100 199
44 143
124 223
36 135
117 216
179 278
81 180
72 171
172 271
17 116
31 130
152 251
71 170
71 170
64 163
44 143
167 266
132 231
116 215
89 188
172 271
138 237
149 248
91 190
55 154
145 244
89 188
188 287
162 261
81 180
177 276
122 221
102 201
35 134
106 205
184 283
133 232
43 142
33 132
164 263
123 222
6 105
63 162
195 294
131 230
58 157
26 125
74 173
94 193
89 188
143 242
159 258
41 140
35 134
120 219
112 211
173 272
33 132
183 282
75 174
127 226
101 200
20 119
108 207
26 125
13 112
64 163
64 163
47 146
175 274
8 107
80 179
71 170
131 230
91 190
61 160
91 190
176 275
191 290
28 127
161 260
16 115
67 166
115 214
64 163
163 262
113 212
137 236
160 259
68 167
28 127
189 288
143 242
36 135
177 276
78 177
70 169
154 253
171 270
103 202
136 235
19 118
11 110
96 195
77 176
34 133
27 126
30 129
127 226
167 266
19 118
78 177
3 102
96 195
162 261
155 254
55 154
17 116
182 281
28 127
131 230
136 235
52 151
160 259
20 119
106 205
115 214
175 274
165 264
27 126
131 230
159 258
155 254
45 144
16 115
143 242
91 190
150 249
139 238
1 100
143 242
51 150
162 261
186 285
85 184
68 167
42 141
95 194
28 127
122 221
118 217
86 185
156 255
146 245
83 182
23 122
175 274
40 139
54 153
148 247
125 224
18 117
27 126
27 126
186 285
18 117
117 216
3 102
122 221
114 213
145 244
150 249
102 201
104 203
126 225
14 113
30 129
53 152
37 136
92 191
52 151
32 131
174 273
141 240
11 110
186 285
63 162
66 165
90 189
54 153
92 191
121 220
161 260
9 108
17 116
136 235
193 292
107 206
50 149
160 259
85 184
69 168
76 175
82 181
27 126
33 132
192 291
172 271
119 218
119 218
60 159
35 134
34 133
42 141
103 202
22 121
53 152
123 222
146 245
157 256
21 120
45 144
115 214
111 210
149 248
63 162
100 199
22 121
75 174
189 288
188 287
94 193
45 144
1 100
113 212
172 271
196 295
121 220
156 255
26 125
28 127
104 203
87 186
114 213
101 200
4 103
159 258
56 155
23 122
32 131
5 104
158 257
56 155
35 134
69 168
41 140
121 220
115 214
42 141
121 220
182 281
179 278
146 245
125 224
164 263
163 262
170 269
166 265
118 217
128 227
7 106
19 118
188 287
20 119
168 267
72 171
173 272
100 199
164 263
86 185
7 106
181 280
11 110
121 220
76 175
30 129
157 256
167 266
77 176
156 255
60 159
124 223
47 146
194 293
73 172
69 168
59 158
158 257
154 253
83 182
186 285
176 275
2 101
88 187
88 187
176 275
191 290
137 236
56 155
3 102
180 279
168 267
92 191
88 187
46 145
140 239
25 124
21 120
112 211
122 221
73 172
51 150
98 197
134 233
168 267
41 140
193 292
183 282
76 175
103 202
121 220
33 132
104 203
148 247
62 161
109 208
114 213
94 193
180 279
50 149
87 186
174 273
195 294
45 144
123 222
49 148
62 161
47 146
83 182
182 281
182 281
6 105
51 150
95 194
46 145
16 115
190 289
65 164
180 279
195 294
13 112
138 237
186 285
175 274
82 181
144 243
71 170
9 108
97 196
189 288
36 135
173 272
134 233
54 153
182 281
0 99
49 148
154 253
88 187
152 251
135 234
155 254
135 234
69 168
97 196
65 164
145 244
197 296
188 287
162 261
47 146
111 210
8 107
100 199
125 224
195 294
62 161
173 272
63 162
172 271
144 243
8 107
187 286
37 136
108 207
90 189
139 238
167 266
191 290
182 281
26 125
163 262
130 229
116 215
10 109
174 273
131 230
47 146
63 162
100 199
90 189
153 252
41 140
130 229
167 266
177 276
90 189
9 108
143 242
16 115
126 225
144 243
107 206
111 210
33 132
173 272
178 277
55 154
167 266
44 143
19 118
139 238
152 251
131 230
107 206
171 270
87 186
47 146
104 203
17 116
193 292
79 178
117 216
49 148
55 154
54 153
2 101
151 250
151 250
189 288
107 206
129 228
36 135
121 220
141 240
48 147
108 207
29 128
122 221
46 145
33 132
151 250
46 145
18 117
152 251
178 277
174 273
136 235
7 106
57 156
179 278
177 276
84 183
58 157
44 143
166 265
182 281
134 233
46 145
84 183
180 279
97 196
105 204
33 132
4 103
88 187
168 267
129 228
110 209
55 154
102 201
28 127
88 187
78 177
143 242
156 255
78 177
155 254
97 196
76 175
25 124
125 224
84 183
51 150
187 286
63 162
197 296
194 293
156 255
114 213
39 138
91 190
108 207
162 261
129 228
146 245
179 278
55 154
67 166
69 168
86 185
162 261
4 103
106 205
115 214
96 195
50 149
16 115
76 175
132 231
18 117
129 228
130 229
135 234
48 147
13 112
43 142
57 156
144 243
48 147
192 291
78 177
192 291
58 157
3 102
73 172
17 116
81 180
102 201
159 258
12 111
141 240
13 112
148 247
158 257
33 132
68 167
24 123
146 245
187 286
93 192
144 243
112 211
87 186
8 107
120 219
22 121
181 280
102 201
9 108
178 277
181 280
59 158
80 179
44 143
0 99
33 132
119 218
130 229
139 238
131 230
140 239
82 181
129 228
30 129
15 114
119 218
181 280
100 199
137 236
32 131
112 211
150 249
4 103
176 275
30 129
85 184
7 106
101 200
175 274
73 172
34 133
116 215
5 104
10 109
43 142
28 127
77 176
151 250
76 175
94 193
28 127
109 208
84 183
127 226
11 110
173 272
19 118
194 293
138 237
141 240
33 132
183 282
26 125
69 168
11 110
4 103
27 126
8 107
55 154
94 193
105 204
184 283
93 192
124 223
186 285
139 238
186 285
137 236
108 207
4 103
9 108
111 210
190 289
186 285
195 294
189 288
36 135
148 247
166 265
41 140
126 225
49 148
160 259
167 266
12 111
40 139
93 192
142 241
65 164
146 245
27 126
131 230
191 290
81 180
88 187
58 157
60 159
167 266
25 124
160 259
114 213
165 264
98 197
28 127
9 108
85 184
29 128
9 108
95 194
75 174
151 250
147 246
77 176
117 216
50 149
42 141
129 228
131 230
72 171
115 214
96 195
21 120
15 114
102 201
124 223
102 201
58 157
43 142
156 255
12 111
142 241
190 289
66 165
63 162
19 118
147 246
59 158
2 101
64 163
159 258
193 292
161 260
191 290
5 104
33 132
158 257
193 292
65 164
122 221
105 204
83 182
15 114
50 149
19 118
172 271
135 234
35 134
143 242
112 211
101 200
135 234
35 134
34 133
122 221
87 186
102 201
125 224
39 138
145 244
79 178
176 275
173 272
37 136
47 146
101 200
31 130
192 291
21 120
64 163
160 259
34 133
41 140
155 254
158 257
117 216
185 284
124 223
11 110
104 203
14 113
169 268
142 241
134 233
83 182
27 126
11 110
26 125
156 255
54 153
142 241
29 128
54 153
186 285
140 239
8 107
154 253
156 255
102 201
76 175
31 130
192 291
186 285
73 172
151 250
164 263
132 231
85 184
169 268
170 269
82 181
44 143
19 118
5 104
25 124
196 295
2 101
12 111
18 117
105 204
129 228
121 220
129 228
7 106
85 184
64 163
18 117
104 203
134 233
40 139
194 293
93 192
95 194
93 192
104 203
165 264
41 140
144 243
186 285
50 149
129 228
164 263
154 253
120 219
43 142
41 140
21 120
86 185
20 119
20 119
138 237
183 282
66 165
65 164
126 225
111 210
40 139
108 207
92 191
138 237
152 251
99 198
110 209
151 250
2 101
48 147
137 236
57 156
57 156
137 236
98 197
122 221
65 164
40 139
189 288
37 136
47 146
26 125
174 273
150 249
67 166
86 185
99 198
78 177
70 169
78 177
50 149
171 270
156 255
32 131
106 205
76 175
102 201
125 224
135 234
104 203
52 151
160 259
5 104
187 286
53 152
101 200
130 229
29 128
123 222
182 281
110 209
153 252
191 290
53 152
140 239
94 193
61 160
5 104
156 255
45 144
11 110
166 265
138 237
69 168
162 261
101 200
174 273
17 116
85 184
51 150
150 249
185 284
93 192
69 168
55 154
29 128
166 265
11 110
168 267
87 186
135 234
54 153
194 293
80 179
84 183
182 281
8 107
186 285
122 221
0 99
66 165
131 230
71 170
7 106
44 143
2 101
41 140
161 260
112 211
23 122
30 129
139 238
25 124
128 227
18 117
38 137
26 125
12 111
120 219
152 251
181 280
92 191
192 291
95 194
168 267
111 210
88 187
34 133
132 231
168 267
50 149
125 224
49 148
5 104
97 196
18 117
128 227
59 158
61 160
89 188
107 206
184 283
102 201
186 285
72 171
125 224
26 125
13 112
108 207
106 205
163 262
162 261
171 270
96 195
91 190
81 180
173 272
194 293
161 260
106 205
126 225
139 238
131 230
132 231
54 153
88 187
95 194
106 205
114 213
89 188
137 236
159 258
112 211
38 137
19 118
80 179
111 210
84 183
68 167
106 205
169 268
46 145
72 171
43 142
51 150
27 126
19 118
11 110
115 214
87 186
88 187
18 117
72 171
167 266
16 115
155 254
175 274
83 182
16 115
195 294
10 109
159 258
30 129
104 203
16 115
7 106
74 173
159 258
99 198
121 220
146 245
17 116
30 129
156 255
189 288
137 236
42 141
177 276
172 271
2 101
13 112
128 227
161 260
80 179
157 256
118 217
67 166
40 139
61 160
127 226
151 250
2 101
34 133
124 223
55 154
65 164
114 213
31 130
53 152
187 286
134 233
194 293
156 255
129 228
170 269
20 119
149 248
14 113
192 291
193 292
69 168
70 169
153 252
141 240
196 295
132 231
98 197
183 282
150 249
139 238
121 220
144 243
76 175
108 207
37 136
156 255
34 133
96 195
139 238
57 156
151 250
12 111
135 234
2 101
48 147
162 261
172 271
154 253
25 124
18 117
69 168
15 114
82 181
87 186
38 137
4 103
174 273
61 160
143 242
84 183
21 120
45 144
165 264
190 289
16 115
35 134
49 148
42 141
77 176
20 119
10 109
95 194
133 232
49 148
10 109
184 283
145 244
33 132
18 117
101 200
177 276
79 178
165 264
73 172
126 225
178 277
16 115
55 154
10 109
91 190
134 233
170 269
64 163
122 221
84 183
166 265
139 238
53 152
136 235
181 280
139 238
100 199
72 171
144 243
3 102
137 236
96 195
69 168
15 114
15 114
54 153
120 219
30 129
114 213
158 257
186 285
172 271
123 222
95 194
13 112
110 209
6 105
6 105
181 280
56 155
143 242
179 278
7 106
146 245
80 179
197 296
143 242
167 266
103 202
12 111
50 149
162 261
40;156504
156 255
194 293
30 129
190 289
75 174
131 230
194 293
27 126
8 107
150 249
46 145
194 293
8 107
56 155
115 214
147 246
64 163
14 113
169 268
125 224
32 131
159 258
24 123
43 142
25 124
79 178
119 218
41 140
64 163
76 175
165 264
188 287
30 129
107 206
144 243
146 245
98 197
107 206
189 288
77 176
12 111
191 290
91 190
145 244
133 232
123 222
53 152
171 270
81 180
131 230
126 225
114 213
97 196
160 259
1 100
81 180
182 281
124 223
6 105
119 218
136 235
93 192
182 281
13 112
85 184
22 121
87 186
156 255
74 173
53 152
187 286
87 186
112 211
129 228
8 107
120 219
48 147
142 241
43 142
108 207
182 281
43 142
69 168
17 116
181 280
164 263
196 295
85 184
173 272
125 224
10 109
51 150
1 100
93 192
43 142
98 197
181 280
194 293
191 290
109 208
185 284
177 276
130 229
169 268
137 236
45 144
142 241
143 242
189 288
100 199
33 132
77 176
22 121
130 229
53 152
117 216
76 175
183 282
121 220
81 180
132 231
136 235
21 120
31 130
171 270
178 277
189 288
95 194
64 163
129 228
146 245
5 104
111 210
58 157
5 104
105 204
75 174
136 235
90 189
148 247
25 124
83 182
26 125
88 187
176 275
93 192
39 138
131 230
76 175
126 225
67 166
133 232
190 289
173 272
181 280
92 191
58 157
71 170
85 184
108 207
12 111
97 196
124 223
92 191
123 222
62 161
13 112
4 103
60 159
117 216
115 214
106 205
84 183
36 135
80 179
106 205
143 242
108 207
183 282
170 269
3 102
183 282
42 141
137 236
50 149
164 263
140 239
2 101
172 271
179 278
139 238
123 222
137 236
192 291
178 277
186 285
123 222
55 154
59 158
130 229
72 171
92 191
184 283
31 130
189 288
88 187
73 172
146 245
42 141
176 275
37 136
162 261
75 174
45 144
100 199
114 213
17 116
67 166
14 113
157 256
187 286
25 124
94 193
11 110
55 154
189 288
186 285
18 117
183 282
164 263
192 291
168 267
160 259
108 207
151 250
190 289
90 189
172 271
34 133
128 227
54 153
30 129
151 250
114 213
56 155
61 160
50 149
50 149
82 181
80 179
121 220
48 147
75 174
129 228
3 102
25 124
141 240
17 116
60 159
78 177
145 244
153 252
19 118
83 182
150 249
80 179
61 160
2 101
181 280
152 251
166 265
25 124
4 103
36 135
10 109
92 191
18 117
113 212
123 222
145 244
164 263
145 244
184 283
79 178
184 283
169 268
87 186
180 279
15 114
20 119
182 281
163 262
152 251
182 281
165 264
69 168
58 157
135 234
125 224
8 107
180 279
168 267
113 212
111 210
12 111
30 129
197 296
192 291
38 137
51 150
153 252
27 126
97 196
177 276
5 104
92 191
116 215
113 212
23 122
17 116
69 168
87 186
156 255
119 218
128 227
93 192
122 221
88 187
3 102
46 145
146 245
41 140
60 159
135 234
180 279
66 165
18 117
46 145
119 218
93 192
175 274
76 175
141 240
12 111
91 190
126 225
68 167
178 277
192 291
75 174
3 102
110 209
14 113
178 277
40 139
13 112
90 189
84 183
41 140
25 124
0 99
79 178
185 284
182 281
122 221
2 101
29 128
28 127
25 124
98 197
183 282
195 294
170 269
147 246
118 217
37 136
120 219
137 236
88 187
91 190
100 199
80 179
64 163
175 274
43 142
9 108
115 214
193 292
2 101
58 157
102 201
185 284
90 189
160 259
83 182
153 252
103 202
61 160
14 113
194 293
103 202
88 187
8 107
47 146
54 153
97 196
70 169
123 222
36 135
118 217
168 267
177 276
27 126
103 202
67 166
36 135
43 142
28 127
108 207
194 293
64 163
150 249
8 107
112 211
18 117
126 225
151 250
49 148
24 123
123 222
106 205
116 215
27 126
3 102
73 172
148 247
140 239
45 144
129 228
171 270
64 163
192 291
144 243
194 293
105 204
160 259
52 151
71 170
85 184
122 221
163 262
51 150
109 208
165 264
66 165
193 292
2 101
47 146
99 198
127 226
1 100
63 162
197 296
160 259
101 200
169 268
179 278
20 119
90 189
186 285
31 130
121 220
155 254
33 132
75 174
35 134
158 257
140 239
140 239
21 120
44 143
51 150
59 158
0 99
197 296
16 115
2 101
47 146
89 188
121 220
9 108
152 251
178 277
126 225
129 228
152 251
6 105
153 252
70 169
174 273
79 178
25 124
71 170
3 102
190 289
38 137
104 203
14 113
5 104
151 250
106 205
49 148
72 171
144 243
113 212
63 162
186 285
146 245
41 140
124 223
7 106
28 127
120 219
48 147
155 254
48 147
160 259
84 183
72 171
121 220
104 203
189 288
111 210
187 286
167 266
78 177
125 224
87 186
121 220
153 252
140 239
35 134
30 129
48 147
113 212
97 196
177 276
64 163
12 111
155 254
151 250
112 211
68 167
127 226
31 130
124 223
1 100
60 159
87 186
66 165
60 159
165 264
95 194
51 150
68 167
164 263
1 100
146 245
152 251
37 136
76 175
59 158
130 229
120 219
14 113
172 271
165 264
79 178
34 133
157 256
38 137
36 135
180 279
186 285
29 128
177 276
164 263
81 180
113 212
85 184
172 271
5 104
80 179
70 169
83 182
145 244
127 226
101 200
30 129
67 166
137 236
105 204
192 291
191 290
174 273
182 281
79 178
103 202
9 108
162 261
28 127
21 120
103 202
73 172
161 260
146 245
129 228
183 282
29 128
56 155
82 181
56 155
68 167
61 160
41 140
34 133
6 105
38 137
122 221
177 276
149 248
4 103
113 212
58 157
5 104
93 192
195 294
12 111
131 230
54 153
175 274
115 214
26 125
95 194
187 286
0 99
62 161
22 121
166 265
191 290
61 160
16 115
188 287
70 169
15 114
49 148
135 234
78 177
23 122
113 212
21 120
0 99
12 111
124 223
152 251
26 125
64 163
38 137
86 185
115 214
111 210
174 273
51 150
6 105
172 271
108 207
64 163
9 108
15 114
8 107
84 183
98 197
109 208
142 241
38 137
170 269
182 281
120 219
99 198
197 296
33 132
7 106
42 141
168 267
65 164
59 158
68 167
164 263
134 233
30 129
80 179
121 220
193 292
39 138
14 113
95 194
156 255
89 188
43 142
137 236
82 181
34 133
3 102
43 142
112 211
43 142
52 151
125 224
179 278
135 234
176 275
91 190
158 257
132 231
163 262
53 152
131 230
128 227
195 294
155 254
195 294
124 223
85 184
164 263
135 234
75 174
138 237
184 283
34 133
112 211
144 243
103 202
189 288
135 234
187 286
61 160
56 155
106 205
150 249
152 251
132 231
114 213
136 235
165 264
108 207
143 242
131 230
124 223
0 99
89 188
179 278
36 135
18 117
17 116
136 235
184 283
53 152
172 271
109 208
89 188
68 167
100 199
116 215
19 118
98 197
41 140
112 211
29 128
182 281
112 211
62 161
92 191
136 235
64 163
86 185
101 200
31 130
22 121
66 165
98 197
138 237
95 194
63 162
21 120
149 248
39 138
188 287
140 239
94 193
107 206
155 254
67 166
146 245
44 143
78 177
101 200
134 233
164 263
18 117
178 277
176 275
64 163
20 119
72 171
1 100
118 217
54 153
186 285
174 273
91 190
173 272
167 266
94 193
149 248
44 143
24 123
70 169
19 118
54 153
144 243
167 266
74 173
183 282
145 244
58 157
100 199
136 235
152 251
109 208
82 181
6 105
194 293
161 260
170 269
112 211
42 141
21 120
125 224
79 178
30 129
49 148
97 196
73 172
131 230
196 295
158 257
61 160
146 245
73 172
13 112
113 212
88 187
193 292
135 234
117 216
138 237
172 271
83 182
180 279
86 185
63 162
138 237
18 117
51 150
25 124
177 276
13 112
100 199
127 226
121 220
96 195
21 120
149 248
139 238
64 163
59 158
23 122
46 145
22 121
14 113
177 276
192 291
171 270
143 242
181 280
142 241
65 164
161 260
195 294
50 149
197 296
127 226
12 111
133 232
195 294
192 291
70 169
109 208
150 249
119 218
81 180
191 290
9 108
33 132
121 220
95 194
128 227
25 124
128 227
190 289
25 124
0 99
174 273
7 106
165 264
31 130
101 200
69 168
14 113
91 190
21 120
47 146
121 220
141 240
191 290
155 254
76 175
161 260
45 144
55 154
27 126
77 176
71 170
4 103
118 217
6 105
56 155
119 218
62 161
90 189
158 257
99 198
77 176
155 254
25 124
34 133
46 145
35 134
114 213
55 154
131 230
20 119
84 183
109 208
170 269
133 232
79 178
170 269
119 218
99 198
124 223
14 113
159 258
92 191
7 106
4 103
76 175
6 105
54 153
10 109
135 234
151 250
56 155
179 278
112 211
111 210
13 112
46 145
47 146
50 149
7 106
61 160
61 160
58 157
164 263
19 118
122 221
181 280
138 237
74 173
93 192
113 212
152 251
181 280
64 163
101 200
101 200
42 141
67 166
30 129
153 252
77 176
90 189
4 103
27 126
22 121
4 103
192 291
66 165
138 237
196 295
129 228
176 275
92 191
143 242
90 189
108 207
129 228
175 274
69 168
9 108
101 200
26 125
13 112
80 179
12 111
38 137
66 165
101 200
88 187
20 119
156 255
51 150
174 273
101 200
66 165
29 128
81 180
196 295
91 190
31 130
171 270
108 207
12 111
44 143
149 248
155 254
61 160
188 287
73 172
40 139
141 240
184 283
133 232
146 245
129 228
2 101
153 252
73 172
181 280
51 150
171 270
180 279
14 113
66 165
147 246
54 153
162 261
81 180
126 225
93 192
86 185
164 263
97 196
94 193
41 140
67 166
189 288
0 99
157 256
149 248
32 131
101 200
173 272
79 178
70 169
162 261
105 204
43 142
12 111
113 212
42 141
97 196
155 254
74 173
183 282
153 252
75 174
55 154
76 175
30 129
128 227
141 240
64 163
24 123
38 137
104 203
165 264
100 199
4 103
131 230
103 202
153 252
131 230
105 204
74 173
52 151
195 294
12 111
75 174
119 218
21 120
49 148
24 123
56 155
34 133
59 158
10 109
92 191
145 244
163 262
147 246
169 268
105 204
66 165
39 138
134 233
160 259
142 241
67 166
16 115
38 137
95 194
117 216
41 140
153 252
58 157
54 153
109 208
190 289
111 210
150 249
197 296
159 258
47 146
156 255
61 160
169 268
18 117
187 286
141 240
127 226
84 183
66 165
124 223
46 145
181 280
59 158
133 232
98 197
9 108
27 126
196 295
128 227
146 245
192 291
7 106
189 288
186 285
54 153
65 164
100 199
98 197
177 276
1 100
162 261
68 167
98 197
161 260
75 174
44 143
188 287
50 149
85 184
28 127
118 217
96 195
82 181
189 288
6 105
40 139
32 131
143 242
108 207
4 103
77 176
97 196
162 261
59 158
161 260
112 211
114 213
28 127
122 221
138 237
31 130
21 120
76 175
101 200
65 164
52 151
33 132
64 163
134 233
144 243
35 134
142 241
141 240
108 207
166 265
153 252
190 289
148 247
17 116
3 102
124 223
142 241
47 146
131 230
87 186
90 189
102 201
6 105
155 254
80 179
64 163
194 293
32 131
144 243
34 133
49 148
103 202
56 155
23 122
115 214
21 120
76 175
190 289
55 154
117 216
22 121
128 227
110 209
104 203
51 150
145 244
89 188
188 287
176 275
155 254
170 269
47 146
171 270
123 222
36 135
80 179
16 115
177 276
117 216
192 291
43 142
0 99
5 104
78 177
91 190
175 274
98 197
24 123
186 285
5 104
8 107
142 241
35 134
68 167
28 127
83 182
182 281
19 118
160 259
87 186
103 202
101 200
38 137
181 280
141 240
112 211
35 134
1 100
67 166
159 258
99 198
27 126
131 230
65 164
136 235
141 240
106 205
164 263
78 177
149 248
4 103
131 230
180 279
74 173
76 175
126 225
64 163
104 203
149 248
114 213
160 259
95 194
51 150
153 252
171 270
38 137
9 108
6 105
85 184
0 99
162 261
118 217
147 246
139 238
167 266
121 220
30 129
143 242
163 262
15 114
52 151
126 225
28 127
147 246
51 150
31 130
115 214
100 199
167 266
169 268
122 221
156 255
32 131
72 171
185 284
165 264
36 135
123 222
40 139
129 228
42 141
85 184
156 255
20 119
45 144
99 198
11 110
50 149
47 146
193 292
8 107
22 121
149 248
90 189
62 161
38 137
58 157
152 251
187 286
30 129
104 203
37 136
125 224
124 223
86 185
63 162
25 124
79 178
130 229
69 168
58 157
92 191
117 216
127 226
94 193
167 266
150 249
100 199
6 105
184 283
123 222
162 261
143 242
12 111
27 126
82 181
84 183
61 160
62 161
100 199
48 147
41 140
66 165
43 142
142 241
172 271
122 221
61 160
123 222
121 220
62 161
55 154
161 260
18 117
197 296
17 116
60 159
98 197
80 179
174 273
65 164
118 217
176 275
131 230
146 245
123 222
123 222
168 267
45 144
183 282
107 206
190 289
9 108
166 265
183 282
21 120
101 200
174 273
84 183
18 117
192 291
6 105
192 291
110 209
173 272
154 253
45 144
113 212
166 265
146 245
123 222
23 122
112 211
6 105
178 277
18 117
176 275
0 99
116 215
26 125
86 185
27 126
89 188
125 224
84 183
178 277
57 156
34 133
151 250
115 214
188 287
72 171
115 214
170 269
119 218
167 266
169 268
98 197
60 159
104 203
91 190
181 280
138 237
163 262
135 234
182 281
129 228
76 175
132 231
137 236
174 273
34 133
54 153
182 281
97 196
87 186
25 124
144 243
170 269
120 219
110 209
118 217
35 134
135 234
158 257
12 111
140 239
0 99
7 106
77 176
97 196
77 176
136 235
138 237
128 227
177 276
29 128
105 204
185 284
152 251
110 209
129 228
65 164
48 147
103 202
99 198
124 223
24 123
169 268
137 236
29 128
147 246
73 172
60 159
26 125
67 166
108 207
34 133
157 256
196 295
46 145
190 289
185 284
84 183
18 117
65 164
1 100
80 179
6 105
16 115
185 284
4 103
8 107
16 115
83 182
70 169
133 232
156 255
83 182
184 283
162 261
62 161
163 262
107 206
102 201
91 190
195 294
162 261
143 242
22 121
94 193
130 229
129 228
164 263
16 115
37 136
147 246
185 284
76 175
49 148
188 287
89 188
168 267
177 276
62 161
180 279
75 174
38 137
134 233
111 210
102 201
105 204
165 264
152 251
62 161
55 154
153 252
151 250
123 222
33 132
108 207
105 204
57 156
127 226
20 119
77 176
117 216
146 245
188 287
24 123
181 280
41 140
95 194
95 194
7 106
166 265
45 144
140 239
190 289
10 109
175 274
100 199
1 100
52 151
118 217
32 131
148 247
188 287
0 99
5 104
165 264
181 280
42 141
139 238
9 108
72 171
19 118
140 239
17 116
131 230
75 174
190 289
190 289
102 201
144 243
75 174
171 270
34 133
159 258
27 126
46 145
19 118
123 222
157 256
161 260
118 217
165 264
120 219
154 253
89 188
56 155
113 212
171 270
164 263
36 135
40 139
35 134
168 267
183 282
58 157
196 295
44 143
39 138
175 274
23 122
128 227
176 275
158 257
119 218
194 293
29 128
39 138
80 179
184 283
51 150
11 110
17 116
91 190
186 285
47 146
148 247
34 133
63 162
55 154
114 213
121 220
197 296
37 136
96 195
190 289
171 270
2 101
34 133
88 187
68 167
50 149
184 283
78 177
158 257
27 126
189 288
189 288
179 278
82 181
70 169
161 260
160 259
74 173
4 103
28 127
178 277
178 277
145 244
106 205
73 172
123 222
187 286
150 249
169 268
84 183
196 295
182 281
162 261
25 124
87 186
146 245
13 112
56 155
6 105
185 284
161 260
27 126
8 107
25 124
121 220
44 143
36 135
104 203
77 176
160 259
14 113
74 173
20 119
122 221
83 182
186 285
6 105
66 165
191 290
94 193
128 227
147 246
170 269
110 209
28 127
184 283
119 218
53 152
28 127
139 238
1 100
143 242
34 133
142 241
104 203
37 136
134 233
155 254
87 186
151 250
165 264
170 269
41 140
134 233
149 248
174 273
70 169
144 243
91 190
153 252
190 289
138 237
3 102
121 220
81 180
143 242
20 119
50 149
156 255
115 214
18 117
46 145
195 294
11 110
44 143
129 228
51 150
35 134
55 154
163 262
100 199
49 148
183 282
169 268
59 158
67 166
86 185
121 220
97 196
119 218
94 193
15 114
33 132
114 213
187 286
51 150
125 224
85 184
6 105
124 223
107 206
18 117
71 170
88 187
146 245
47 146
25 124
137 236
39 138
22 121
171 270
28 127
62 161
71 170
57 156
57 156
133 232
189 288
75 174
113 212
55 154
183 282
155 254
67 166
122 221
166 265
46 145
0 99
99 198
110 209
11 110
33 132
162 261
6 105
32 131
169 268
152 251
105 204
84 183
149 248
68 167
45 144
61 160
169 268
154 253
95 194
150 249
104 203
186 285
29 128
123 222
47 146
120 219
135 234
64 163
96 195
138 237
36 135
40 139
103 202
48 147
178 277
131 230
44 143
1 100
16 115
10 109
67 166
125 224
39 138
12 111
124 223
111 210
45 144
21 120
177 276
96 195
59 158
1 100
44 143
76 175
129 228
83 182
139 238
50 149
151 250
19 118
45 144
184 283
63 162
139 238
31 130
23 122
27 126
68 167
129 228
60 159
43 142
4 103
22 121
155 254
171 270
104 203
85 184
139 238
11 110
45 144
97 196
81 180
70 169
171 270
73 172
175 274
100 199
59 158
26 125
107 206
75 174
14 113
102 201
98 197
44 143
130 229
169 268
114 213
126 225
102 201
145 244
62 161
104 203
83 182
158 257
131 230
118 217
92 191
26 125
43 142
3 102
193 292
102 201
101 200
61 160
85 184
50 149
119 218
23 122
174 273
12 111
142 241
4 103
41 140
98 197
13 112
28 127
168 267
8 107
63 162
134 233
38 137
143 242
31 130
72 171
126 225
85 184
182 281
100 199
36 135
1 100
109 208
163 262
76 175
78 177
152 251
194 293
22 121
153 252
55 154
111 210
14 113
170 269
42 141
99 198
128 227
71 170
36 135
40 139
105 204
8 107
49 148
194 293
105 204
169 268
60 159
108 207
51 150
1 100
42 141
127 226
37 136
5 104
3 102
9 108
7 106
89 188
73 172
36 135
86 185
164 263
47 146
53 152
172 271
19 118
117 216
162 261
184 283
105 204
71 170
142 241
54 153
15 114
118 217
154 253
101 200
160 259
129 228
128 227
133 232
145 244
95 194
42 141
132 231
150 249
122 221
78 177
38 137
136 235
163 262
186 285
196 295
55 154
50 149
142 241
64 163
146 245
187 286
1 100
66 165
90 189
67 166
111 210
88 187
150 249
111 210
88 187
92 191
112 211
182 281
4 103
8 107
123 222
124 223
26 125
136 235
27 126
36 135
196 295
123 222
32 131
177 276
106 205
180 279
166 265
60 159
34 133
186 285
188 287
177 276
112 211
143 242
127 226
137 236
65 164
190 289
89 188
46 145
5 104
90 189
33 132
16 115
120 219
33 132
89 188
20 119
35 134
67 166
55 154
128 227
10 109
113 212
116 215
188 287
31 130
180 279
45 144
89 188
53 152
100 199
91 190
177 276
64 163
70 169
38 137
69 168
165 264
95 194
113 212
191 290
47 146
174 273
145 244
117 216
74 173
80 179
61 160
33 132
161 260
196 295
176 275
145 244
51 150
118 217
179 278
190 289
82 181
38 137
4 103
164 263
161 260
32 131
173 272
44 143
158 257
151 250
84 183
97 196
140 239
10 109
30 129
101 200
84 183
115 214
4 103
128 227
36 135
85 184
127 226
24 123
101 200
196 295
25 124
44 143
94 193
70 169
69 168
99 198
108 207
54 153
136 235
84 183
5 104
134 233
75 174
164 263
186 285
76 175
144 243
119 218
47 146
191 290
71 170
162 261
129 228
113 212
57 156
64 163
10 109
108 207
129 228
128 227
37 136
77 176
82 181
2 101
30 129
20 119
136 235
130 229
147 246
75 174
142 241
128 227
117 216
159 258
38 137
183 282
131 230
153 252
36 135
171 270
36 135
165 264
5 104
144 243
190 289
89 188
113 212
43 142
93 192
72 171
11 110
157 256
125 224
110 209
42 141
109 208
96 195
176 275
97 196
127 226
67 166
48 147
23 122
78 177
121 220
147 246
121 220
159 258
55 154
165 264
123 222
111 210
169 268
118 217
156 255
55 154
85 184
135 234
78 177
158 257
189 288
91 190
175 274
58 157
151 250
169 268
51 150
183 282
87 186
9 108
166 265
37 136
81 180
152 251
139 238
166 265
189 288
84 183
182 281
89 188
150 249
121 220
152 251
11 110
31 130
90 189
101 200
68 167
196 295
70 169
80 179
79 178
193 292
182 281
90 189
156 255
29 128
135 234
88 187
15 114
68 167
12 111
153 252
192 291
69 168
168 267
19 118
68 167
23 122
74 173
151 250
52 151
74 173
41 140
163 262
124 223
104 203
103 202
86 185
45 144
53 152
147 246
162 261
108 207
80 179
90 189
32 131
99 198
103 202
67 166
127 226
44 143
36 135
66 165
39 138
63 162
145 244
95 194
67 166
194 293
98 197
121 220
22 121
168 267
36 135
69 168
61 160
194 293
119 218
132 231
186 285
20 119
177 276
24 123
103 202
17 116
191 290
87 186
90 189
151 250
30 129
141 240
182 281
102 201
66 165
105 204
76 175
160 259
103 202
182 281
183 282
77 176
120 219
164 263
175 274
117 216
28 127
18 117
181 280
77 176
35 134
117 216
52 151
11 110
33 132
3 102
70 169
96 195
99 198
96 195
162 261
153 252
132 231
82 181
166 265
51 150
76 175
53 152
188 287
38 137
193 292
176 275
136 235
44 143
18 117
81 180
127 226
10 109
16 115
124 223
110 209
31 130
95 194
52 151
7 106
94 193
21 120
84 183
159 258
51 150
50 149
88 187
168 267
136 235
53 152
118 217
160 259
178 277
191 290
178 277
153 252
48 147
34 133
56 155
107 206
19 118
140 239
17 116
191 290
61 160
99 198
8 107
95 194
131 230
14 113
91 190
105 204
112 211
19 118
167 266
144 243
3 102
47 146
18 117
1 100
91 190
76 175
86 185
39 138
151 250
139 238
27 126
32 131
132 231
37 136
106 205
3 102
119 218
168 267
176 275
149 248
57 156
137 236
77 176
183 282
131 230
123 222
37 136
48 147
44 143
147 246
103 202
188 287
132 231
117 216
171 270
165 264
148 247
33 132
67 166
53 152
49 148
122 221
45 144
81 180
151 250
3 102
125 224
171 270
184 283
164 263
78 177
183 282
149 248
91 190
189 288
182 281
164 263
167 266
10 109
71 170
64 163
59 158
34 133
127 226
51 150
1 100
185 284
123 222
166 265
76 175
15 114
155 254
44 143
133 232
193 292
138 237
187 286
12 111
97 196
178 277
154 253
192 291
0 99
27 126
132 231
190 289
180 279
45 144
21 120
146 245
3 102
134 233
34 133
191 290
143 242
175 274
181 280
160 259
177 276
59 158
160 259
156 255
21 120
192 291
143 242
91 190
5 104
42 141
42 141
138 237
78 177
94 193
7 106
168 267
51 150
176 275
159 258
1 100
26 125
28 127
174 273
188 287
126 225
190 289
145 244
52 151
188 287
4 103
170 269
38 137
196 295
138 237
112 211
76 175
5 104
186 285
41 140
34 133
7 106
143 242
51 150
105 204
163 262
83 182
187 286
185 284
172 271
78 177
144 243
138 237
85 184
0 99
37 136
99 198
106 205
108 207
1 100
37 136
24 123
16 115
103 202
150 249
88 187
189 288
30 129
146 245
50 149
182 281
44 143
12 111
148 247
61 160
190 289
162 261
166 265
162 261
14 113
125 224
28 127
111 210
73 172
129 228
36 135
173 272
142 241
40 139
133 232
124 223
26 125
193 292
118 217
143 242
195 294
156 255
107 206
11 110
104 203
157 256
173 272
141 240
109 208
77 176
194 293
186 285
76 175
79 178
21 120
138 237
145 244
108 207
40 139
42 141
96 195
134 233
134 233
106 205
44 143
188 287
19 118
64 163
179 278
41 140
48 147
147 246
197 296
18 117
124 223
40 139
134 233
33 132
169 268
172 271
188 287
129 228
7 106
128 227
110 209
136 235
182 281
131 230
134 233
170 269
80 179
62 161
17 116
27 126
131 230
88 187
21 120
4 103
79 178
111 210
73 172
18 117
153 252
88 187
112 211
39 138
167 266
166 265
74 173
21 120
79 178
89 188
52 151
37 136
31 130
76 175
63 162
118 217
33 132
55 154
163 262
159 258
24 123
87 186
103 202
63 162
66 165
191 290
158 257
128 227
116 215
35 134
194 293
117 216
160 259
100 199
180 279
56 155
90 189
146 245
130 229
177 276
63 162
182 281
54 153
130 229
178 277
25 124
111 210
50 149
135 234
77 176
71 170
2 101
125 224
50 149
3 102
94 193
92 191
14 113
92 191
162 261
80 179
122 221
51 150
144 243
2 101
22 121
44 143
112 211
174 273
160 259
4 103
173 272
23 122
88 187
3 102
143 242
79 178
50 149
195 294
13 112
82 181
187 286
116 215
73 172
167 266
61 160
92 191
57 156
136 235
163 262
119 218
126 225
46 145
171 270
75 174
6 105
83 182
121 220
101 200
61 160
34 133
7 106
6 105
50 149
57 156
84 183
118 217
32 131
0 99
50 149
9 108
31 130
185 284
22 121
193 292
20 119
88 187
190 289
82 181
102 201
108 207
181 280
73 172
190 289
167 266
110 209
125 224
110 209
19 118
51 150
112 211
4 103
56 155
31 130
133 232
97 196
5 104
110 209
111 210
140 239
116 215
155 254
12 111
48 147
171 270
140 239
150 249
179 278
90 189
61 160
127 226
169 268
13 112
16 115
81 180
116 215
159 258
10 109
141 240
41 140
140 239
122 221
194 293
156 255
63 162
15 114
123 222
11 110
26 125
111 210
193 292
119 218
194 293
157 256
18 117
65 164
71 170
175 274
136 235
50 149
137 236
112 211
189 288
171 270
120 219
28 127
79 178
163 262
131 230
60 159
34 133
115 214
186 285
2 101
38 137
139 238
56 155
49 148
186 285
10 109
111 210
45 144
127 226
150 249
92 191
96 195
187 286
6 105
131 230
77 176
90 189
96 195
51 150
40 139
172 271
149 248
123 222
32 131
97 196
153 252
73 172
166 265
127 226
100 199
38 137
164 263
66 165
96 195
139 238
99 198
187 286
18 117
175 274
88 187
59 158
54 153
25 124
192 291
118 217
173 272
10 109
134 233
117 216
64 163
86 185
179 278
168 267
173 272
43 142
63 162
104 203
148 247
140 239
61 160
179 278
72 171
121 220
46 145
42 141
16 115
167 266
102 201
37 136
55 154
187 286
68 167
102 201
132 231
172 271
23 122
58 157
196 295
2 101
82 181
155 254
128 227
95 194
150 249
129 228
135 234
157 256
10 109
59 158
56 155
39 138
109 208
90 189
191 290
53 152
63 162
51 150
100 199
107 206
107 206
59 158
109 208
99 198
46 145
82 181
65 164
112 211
116 215
135 234
120 219
59 158
11 110
55 154
107 206
16 115
33 132
21 120
162 261
52 151
73 172
93 192
76 175
33 132
176 275
79 178
129 228
115 214
161 260
74 173
112 211
45 144
37 136
98 197
148 247
183 282
67 166
38 137
41 140
112 211
195 294
66 165
95 194
9 108
181 280
58 157
94 193
136 235
46 145
170 269
97 196
0 99
65 164
188 287
35 134
96 195
98 197
104 203
180 279
38 137
115 214
20 119
5 104
70 169
184 283
71 170
71 170
154 253
118 217
18 117
81 180
115 214
153 252
134 233
54 153
59 158
137 236
46 145
185 284
48 147
74 173
105 204
12 111
119 218
23 122
73 172
85 184
49 148
50 149
109 208
61 160
79 178
106 205
65 164
24 123
149 248
82 181
92 191
179 278
16 115
58 157
129 228
126 225
192 291
47 146
74 173
92 191
17 116
93 192
127 226
81 180
125 224
189 288
74 173
32 131
5 104
194 293
179 278
149 248
149 248
116 215
117 216
46 145
189 288
10 109
55 154
129 228
82 181
61 160
93 192
71 170
60 159
109 208
122 221
173 272
39 138
11 110
121 220
58 157
147 246
124 223
112 211
53 152
184 283
124 223
118 217
102 201
136 235
46 145
150 249
13 112
101 200
57 156
140 239
6 105
134 233
161 260
170 269
116 215
69 168
130 229
172 271
65 164
130 229
193 292
114 213
105 204
58 157
37 136
147 246
194 293
89 188
78 177
156 255
33 132
178 277
82 181
51 150
177 276
116 215
106 205
193 292
67 166
39 138
90 189
181 280
197 296
141 240
41 140
118 217
194 293
110 209
79 178
66 165
129 228
120 219
119 218
154 253
91 190
25 124
92 191
135 234
111 210
24 123
97 196
152 251
70 169
17 116
10 109
25 124
45 144
161 260
192 291
72 171
141 240
136 235
62 161
106 205
47 146
98 197
166 265
51 150
25 124
0 99
112 211
103 202
33 132
140 239
78 177
116 215
193 292
193 292
193 292
104 203
136 235
67 166
49 148
177 276
115 214
147 246
48 147
187 286
149 248
1 100
158 257
145 244
12 111
13 112
144 243
177 276
95 194
59 158
19 118
46 145
197 296
1 100
125 224
196 295
129 228
31 130
16 115
137 236
87 186
100 199
191 290
147 246
136 235
27 126
129 228
0 99
101 200
5 104
49 148
18 117
163 262
63 162
98 197
183 282
107 206
39 138
6 105
20 119
44 143
135 234
150 249
181 280
144 243
130 229
27 126
71 170
107 206
171 270
131 230
128 227
127 226
3 102
39 138
170 269
102 201
83 182
52 151
13 112
134 233
38 137
196 295
72 171
145 244
160 259
29 128
159 258
73 172
112 211
157 256
6 105
140 239
122 221
187 286
6 105
174 273
180 279
37 136
30 129
23 122
83 182
178 277
162 261
96 195
137 236
131 230
11 110
47 146
120 219
142 241
103 202
34 133
41 140
46 145
29 128
169 268
171 270
97 196
36 135
77 176
57 156
161 260
26 125
162 261
93 192
19 118
87 186
44 143
114 213
142 241
30 129
82 181
157 256
190 289
10 109
147 246
192 291
57 156
105 204
175 274
2 101
142 241
169 268
150 249
138 237
138 237
153 252
123 222
153 252
120 219
42 141
197 296
6 105
3 102
23 122
4 103
123 222
11 110
85 184
106 205
131 230
17 116
35 134
80 179
75 174
196 295
147 246
126 225
93 192
102 201
186 285
161 260
174 273
172 271
4 103
171 270
108 207
185 284
90 189
145 244
22 121
159 258
82 181
42 141
126 225
74 173
101 200
139 238
76 175
84 183
19 118
102 201
68 167
160 259
17 116
19 118
174 273
149 248
76 175
44 143
82 181
1 100
134 233
77 176
36 135
157 256
101 200
140 239
32 131
144 243
146 245
104 203
69 168
147 246
15 114
43 142
151 250
14 113
92 191
178 277
183 282
150 249
144 243
182 281
19 118
46 145
108 207
85 184
137 236
154 253
74 173
23 122
161 260
43 142
40 139
98 197
118 217
111 210
64 163
170 269
15 114
188 287
123 222
49 148
180 279
140 239
169 268
108 207
86 185
104 203
107 206
152 251
104 203
131 230
64 163
28 127
181 280
139 238
49 148
131 230
31 130
3 102
109 208
27 126
0 99
14 113
130 229
98 197
154 253
49 148
131 230
8 107
131 230
185 284
114 213
0 99
151 250
145 244
16 115
96 195
179 278
191 290
174 273
15 114
182 281
132 231
162 261
171 270
10 109
190 289
38 137
10 109
85 184
177 276
135 234
151 250
180 279
97 196
80 179
116 215
157 256
11 110
21 120
53 152
109 208
20 119
193 292
145 244
130 229
6 105
172 271
189 288
57 156
8 107
44 143
54 153
60 159
156 255
182 281
52 151
33 132
40 139
43 142
87 186
80 179
112 211
72 171
85 184
54 153
88 187
5 104
73 172
54 153
39 138
163 262
22 121
95 194
157 256
176 275
111 210
52 151
44 143
106 205
63 162
178 277
29 128
163 262
63 162
125 224
66 165
181 280
91 190
142 241
42 141
159 258
77 176
194 293
74 173
117 216
110 209
10 109
69 168
187 286
184 283
136 235
189 288
42 141
197 296
82 181
176 275
0 99
95 194
86 185
142 241
162 261
110 209
125 224
44 143
25 124
51 150
66 165
51 150
62 161
124 223
34 133
47 146
119 218
84 183
12 111
24 123
4 103
171 270
116 215
42 141
83 182
192 291
75 174
44 143
184 283
74 173
52 151
72 171
105 204
30 129
170 269
177 276
174 273
61 160
82 181
49 148
171 270
188 287
107 206
51 150
100 199
72 171
168 267
148 247
192 291
147 246
17 116
159 258
64 163
178 277
128 227
123 222
14 113
71 170
90 189
129 228
98 197
91 190
1 100
43 142
41 140
98 197
109 208
92 191
79 178
166 265
196 295
55 154
115 214
115 214
128 227
124 223
49 148
144 243
101 200
172 271
140 239
169 268
75 174
45 144
122 221
177 276
175 274
95 194
128 227
151 250
109 208
88 187
118 217
111 210
181 280
74 173
30 129
104 203
5 104
162 261
20 119
167 266
57 156
43 142
191 290
119 218
71 170
174 273
64 163
94 193
94 193
21 120
139 238
137 236
29 128
25 124
26 125
30 129
47 146
38 137
168 267
48 147
151 250
146 245
5 104
78 177
15 114
27 126
116 215
112 211
9 108
113 212
152 251
52 151
6 105
123 222
0 99
69 168
70 169
85 184
139 238
8 107
89 188
90 189
144 243
37 136
95 194
20 119
163 262
62 161
91 190
48 147
114 213
184 283
35 134
98 197
65 164
30 129
83 182
131 230
134 233
50 149
130 229
97 196
136 235
173 272
153 252
52 151
77 176
46 145
40 139
191 290
75 174
114 213
139 238
51 150
2 101
53 152
145 244
45 144
138 237
163 262
124 223
61 160
94 193
8 107
163 262
14 113
33 132
47 146
25 124
173 272
65 164
90 189
195 294
148 247
80 179
9 108
42 141
145 244
118 217
72 171
167 266
178 277
176 275
173 272
17 116
7 106
116 215
102 201
169 268
14 113
179 278
72 171
101 200
37 136
179 278
64 163
26 125
3 102
166 265
176 275
124 223
178 277
73 172
32 131
57 156
174 273
13 112
104 203
21 120
39 138
93 192
114 213
187 286
172 271
67 166
38 137
41 140
9 108
56 155
183 282
85 184
128 227
59 158
195 294
148 247
127 226
46 145
152 251
162 261
89 188
143 242
105 204
10 109
55 154
64 163
188 287
167 266
92 191
176 275
169 268
120 219
103 202
129 228
106 205
17 116
2 101
50 149
193 292
13 112
120 219
101 200
152 251
191 290
34 133
49 148
98 197
83 182
34 133
179 278
160 259
104 203
74 173
31 130
14 113
86 185
23 122
182 281
196 295
127 226
151 250
42 141
22 121
177 276
11 110
175 274
119 218
62 161
13 112
110 209
116 215
12 111
29 128
158 257
142 241
107 206
49 148
78 177
15 114
175 274
192 291
170 269
169 268
119 218
87 186
121 220
196 295
129 228
118 217
97 196
185 284
41 140
137 236
69 168
176 275
185 284
13 112
78 177
110 209
112 211
37 136
54 153
148 247
68 167
109 208
56 155
2 101
150 249
149 248
28 127
181 280
29 128
3 102
179 278
105 204
89 188
97 196
41 140
154 253
102 201
9 108
197 296
37 136
131 230
60 159
35 134
136 235
11 110
87 186
159 258
126 225
26 125
65 164
110 209
127 226
97 196
131 230
100 199
164 263
90 189
25 124
5 104
144 243
58 157
47 146
41 140
135 234
116 215
89 188
60 159
71 170
41 140
57 156
28 127
173 272
97 196
108 207
118 217
34 133
89 188
127 226
100 199
25 124
63 162
44 143
114 213
148 247
18 117
111 210
9 108
66 165
80 179
75 174
122 221
102 201
179 278
29 128
87 186
89 188
109 208
105 204
123 222
48 147
78 177
159 258
42 141
111 210
109 208
176 275
111 210
81 180
173 272
87 186
24 123
26 125
136 235
151 250
196 295
36 135
73 172
102 201
56 155
40 139
175 274
164 263
16 115
92 191
170 269
195 294
24 123
190 289
2 101
64 163
48 147
149 248
114 213
53 152
163 262
54 153
62 161
149 248
4 103
112 211
114 213
134 233
38 137
146 245
150 249
148 247
183 282
192 291
41 140
153 252
34 133
78 177
43 142
186 285
42 141
195 294
159 258
165 264
0 99
84 183
82 181
110 209
143 242
149 248
136 235
178 277
54 153
92 191
19 118
4 103
25 124
56 155
177 276
31 130
129 228
87 186
47 146
72 171
21 120
122 221
84 183
35 134
86 185
26 125
64 163
164 263
14 113
14 113
118 217
97 196
84 183
113 212
44 143
31 130
0 99
58 157
11 110
65 164
114 213
11 110
132 231
112 211
12 111
30 129
125 224
117 216
77 176
169 268
191 290
124 223
39 138
141 240
143 242
15 114
105 204
190 289
160 259
10 109
59 158
184 283
24 123
182 281
1 100
3 102
165 264
29 128
48 147
83 182
172 271
73 172
139 238
13 112
184 283
101 200
130 229
154 253
126 225
124 223
133 232
55 154
178 277
161 260
42 141
143 242
34 133
135 234
156 255
194 293
17 116
79 178
44 143
0 99
2 101
144 243
20 119
67 166
53 152
7 106
55 154
158 257
163 262
87 186
150 249
89 188
146 245
38 137
62 161
160 259
16 115
92 191
115 214
67 166
150 249
187 286
131 230
127 226
188 287
54 153
137 236
162 261
12 111
13 112
23 122
115 214
128 227
6 105
136 235
43 142
52 151
153 252
169 268
57 156
116 215
132 231
8 107
54 153
70 169
32 131
129 228
86 185
130 229
10 109
191 290
157 256
48 147
126 225
191 290
73 172
62 161
9 108
191 290
77 176
157 256
5 104
175 274
107 206
100 199
106 205
22 121
128 227
38 137
71 170
181 280
28 127
126 225
161 260
80 179
135 234
169 268
178 277
6 105
175 274
85 184
109 208
195 294
185 284
42 141
19 118
68 167
181 280
168 267
101 200
82 181
1 100
93 192
95 194
193 292
163 262
150 249
3 102
80 179
115 214
176 275
69 168
150 249
5 104
122 221
88 187
116 215
97 196
115 214
66 165
64 163
76 175
164 263
34 133
16 115
157 256
143 242
77 176
16 115
173 272
64 163
88 187
62 161
134 233
63 162
26 125
116 215
55 154
194 293
112 211
142 241
77 176
24 123
42 141
162 261
187 286
72 171
195 294
11 110
114 213
136 235
187 286
117 216
32 131
110 209
30 129
39 138
85 184
2 101
45 144
6 105
100 199
128 227
62 161
118 217
54 153
161 260
142 241
5 104
78 177
183 282
12 111
141 240
60 159
158 257
139 238
76 175
54 153
27 126
26 125
183 282
5 104
146 245
67 166
108 207
110 209
178 277
11 110
139 238
83 182
73 172
63 162
103 202
158 257
45 144
52 151
27 126
118 217
74 173
69 168
109 208
167 266
169 268
48 147
69 168
144 243
98 197
192 291
106 205
10 109
182 281
60 159
0 99
139 238
71 170
54 153
108 207
36 135
176 275
34 133
114 213
192 291
155 254
81 180
140 239
35 134
50 149
186 285
130 229
5 104
43 142
37 136
82 181
83 182
90 189
56 155
3 102
88 187
104 203
193 292
155 254
161 260
106 205
129 228
194 293
22 121
40 139
3 102
185 284
79 178
109 208
173 272
8 107
7 106
165 264
143 242
1 100
134 233
139 238
51 150
111 210
8 107
77 176
140 239
160 259
47 146
191 290
42 141
14 113
117 216
24 123
26 125
88 187
86 185
160 259
91 190
73 172
142 241
135 234
33 132
177 276
60 159
105 204
170 269
7 106
162 261
171 270
44 143
78 177
158 257
33 132
35 134
37 136
85 184
122 221
35 134
192 291
87 186
69 168
117 216
180 279
171 270
0 99
74 173
6 105
65 164
64 163
121 220
51 150
10 109
86 185
21 120
185 284
197 296
99 198
81 180
108 207
69 168
111 210
10 109
29 128
182 281
118 217
38 137
178 277
52 151
158 257
110 209
192 291
72 171
58 157
102 201
41 140
57 156
168 267
47 146
131 230
190 289
33 132
23 122
153 252
107 206
25 124
97 196
144 243
85 184
195 294
128 227
121 220
89 188
104 203
91 190
180 279
166 265
81 180
100 199
59 158
14 113
101 200
180 279
88 187
76 175
140 239
14 113
191 290
144 243
112 211
37 136
112 211
193 292
20 119
36 135
96 195
145 244
116 215
135 234
12 111
84 183
41 140
90 189
132 231
152 251
17 116
63 162
12 111
72 171
87 186
102 201
194 293
13 112
36 135
191 290
75 174
125 224
53 152
155 254
196 295
35 134
187 286
3 102
36 135
90 189
95 194
152 251
171 270
86 185
17 116
180 279
71 170
51 150
48 147
182 281
98 197
127 226
42 141
178 277
150 249
78 177
124 223
28 127
180 279
84 183
48 147
169 268
195 294
78 177
79 178
42 141
92 191
54 153
0 99
38 137
73 172
46 145
120 219
123 222
194 293
92 191
172 271
135 234
50 149
16 115
6 105
177 276
180 279
99 198
176 275
169 268
158 257
38 137
117 216
152 251
31 130
73 172
158 257
105 204
175 274
129 228
74 173
124 223
116 215
173 272
41 140
86 185
28 127
60 159
44 143
98 197
54 153
142 241
32 131
72 171
178 277
94 193
20 119
23 122
58 157
197 296
178 277
0 99
19 118
138 237
162 261
30 129
19 118
136 235
193 292
184 283
135 234
163 262
171 270
23 122
87 186
184 283
40 139
171 270
56 155
155 254
156 255
67 166
20 119
185 284
99 198
185 284
63 162
84 183
17 116
171 270
22 121
71 170
118 217
27 126
196 295
9 108
151 250
146 245
34 133
194 293
98 197
159 258
9 108
84 183
28 127
118 217
149 248
176 275
186 285
129 228
2 101
132 231
21 120
122 221
154 253
176 275
27 126
103 202
197 296
92 191
55 154
137 236
118 217
54 153
163 262
191 290
23 122
96 195
106 205
112 211
157 256
3 102
94 193
7 106
15 114
84 183
106 205
96 195
15 114
161 260
131 230
78 177
193 292
143 242
64 163
47 146
109 208
177 276
131 230
172 271
102 201
94 193
178 277
120 219
182 281
141 240
185 284
17 116
72 171
102 201
87 186
15 114
88 187
35 134
77 176
83 182
84 183
120 219
13 112
90 189
46 145
53 152
7 106
107 206
91 190
2 101
77 176
76 175
152 251
55 154
128 227
79 178
197 296
127 226
110 209
121 220
83 182
76 175
29 128
193 292
129 228
111 210
129 228
61 160
48 147
81 180
189 288
89 188
119 218
176 275
74 173
78 177
181 280
49 148
118 217
92 191
170 269
64 163
64 163
24 123
157 256
65 164
49 148
46 145
53 152
32 131
114 213
145 244
152 251
47 146
142 241
82 181
166 265
28 127
38 137
117 216
18 117
176 275
179 278
2 101
24 123
121 220
57 156
38 137
197 296
194 293
190 289
182 281
22 121
15 114
117 216
31 130
4 103
73 172
167 266
82 181
97 196
99 198
140 239
178 277
92 191
103 202
28 127
149 248
102 201
4 103
41 140
96 195
76 175
165 264
175 274
17 116
6 105
168 267
41 140
147 246
79 178
118 217
3 102
74 173
129 228
12 111
41 140
135 234
50 149
144 243
64 163
113 212
51 150
0 99
29 128
35 134
149 248
62 161
9 108
184 283
147 246
90 189
19 118
61 160
11 110
4 103
82 181
10 109
48 147
122 221
82 181
5 104
51 150
77 176
73 172
177 276
74 173
155 254
28 127
45 144
25 124
129 228
177 276
34 133
76 175
76 175
97 196
187 286
17 116
42 141
73 172
125 224
76 175
69 168
195 294
63 162
122 221
158 257
96 195
129 228
111 210
179 278
156 255
60 159
33 132
92 191
180 279
113 212
108 207
65 164
34 133
113 212
129 228
91 190
170 269
136 235
25 124
109 208
2 101
6 105
130 229
91 190
65 164
136 235
143 242
182 281
80 179
190 289
93 192
3 102
103 202
152 251
192 291
34 133
197 296
15 114
75 174
62 161
100 199
102 201
45 144
131 230
194 293
4 103
82 181
26 125
46 145
151 250
99 198
188 287
157 256
192 291
140 239
70 169
146 245
51 150
194 293
94 193
174 273
179 278
174 273
172 271
148 247
137 236
27 126
118 217
44 143
173 272
143 242
7 106
43 142
112 211
34 133
183 282
0 99
85 184
140 239
159 258
1 100
70 169
174 273
150 249
29 128
32 131
84 183
160 259
56 155
118 217
88 187
174 273
93 192
144 243
170 269
77 176
124 223
60 159
26 125
136 235
141 240
188 287
47 146
62 161
135 234
4 103
121 220
117 216
38 137
76 175
66 165
16 115
123 222
149 248
12 111
37 136
123 222
59 158
172 271
57 156
39 138
58 157
98 197
115 214
164 263
176 275
124 223
98 197
36 135
89 188
103 202
178 277
102 201
155 254
15 114
153 252
196 295
12 111
174 273
91 190
66 165
54 153
62 161
160 259
132 231
64 163
55 154
24 123
153 252
26 125
42 141
126 225
108 207
165 264
6 105
55 154
171 270
175 274
64 163
171 270
193 292
45 144
148 247
82 181
6 105
165 264
83 182
172 271
16 115
105 204
105 204
190 289
133 232
6 105
122 221
40 139
160 259
26 125
134 233
193 292
111 210
136 235
148 247
60 159
8 107
57 156
54 153
75 174
67 166
94 193
19 118
71 170
128 227
3 102
88 187
105 204
107 206
136 235
151 250
91 190
161 260
163 262
61 160
19 118
14 113
42 141
41 140
181 280
42 141
139 238
105 204
188 287
194 293
5 104
26 125
72 171
180 279
126 225
4 103
23 122
28 127
165 264
166 265
42 141
37 136
57 156
178 277
165 264
129 228
82 181
80 179
168 267
45 144
83 182
195 294
16 115
93 192
56 155
123 222
119 218
33 132
136 235
173 272
151 250
42 141
192 291
80 179
117 216
157 256
43 142
109 208
197 296
84 183
45 144
95 194
197 296
82 181
108 207
143 242
56 155
93 192
9 108
118 217
78 177
137 236
182 281
35 134
72 171
163 262
183 282
143 242
151 250
93 192
102 201
21 120
123 222
79 178
174 273
68 167
28 127
166 265
163 262
138 237
86 185
32 131
62 161
66 165
77 176
121 220
88 187
75 174
147 246
62 161
101 200
71 170
74 173
170 269
79 178
37 136
73 172
175 274
82 181
184 283
157 256
68 167
43 142
159 258
168 267
12 111
53 152
90 189
58 157
40 139
56 155
114 213
11 110
83 182
121 220
72 171
112 211
15 114
82 181
77 176
196 295
19 118
35 134
9 108
12 111
11 110
171 270
21 120
185 284
69 168
113 212
10 109
22 121
67 166
17 116
94 193
99 198
124 223
109 208
82 181
113 212
137 236
159 258
85 184
193 292
17 116
72 171
166 265
107 206
39 138
110 209
102 201
43 142
196 295
151 250
101 200
68 167
172 271
134 233
4 103
76 175
72 171
133 232
98 197
48 147
41 140
102 201
24 123
95 194
34 133
97 196
62 161
152 251
14 113
84 183
107 206
113 212
186 285
41 140
104 203
176 275
197 296
152 251
115 214
138 237
16 115
35 134
168 267
61 160
117 216
28 127
125 224
156 255
11 110
18 117
62 161
130 229
7 106
58 157
41 140
10 109
149 248
123 222
56 155
21 120
186 285
168 267
64 163
185 284
68 167
152 251
0 99
81 180
103 202
196 295
93 192
88 187
74 173
181 280
181 280
51 150
162 261
155 254
106 205
121 220
196 295
157 256
38 137
67 166
186 285
103 202
163 262
144 243
176 275
133 232
25 124
81 180
151 250
51 150
57 156
24 123
0 99
8 107
85 184
155 254
81 180
195 294
149 248
116 215
98 197
86 185
73 172
73 172
14 113
185 284
88 187
85 184
112 211
39 138
17 116
125 224
153 252
30 129
64 163
4 103
83 182
179 278
46 145
96 195
174 273
10 109
167 266
107 206
9 108
140 239
103 202
84 183
62 161
182 281
24 123
172 271
151 250
21 120
25 124
128 227
173 272
170 269
7 106
188 287
142 241
126 225
87 186
109 208
113 212
141 240
18 117
53 152
107 206
30 129
113 212
109 208
56 155
81 180
184 283
115 214
170 269
128 227
144 243
100 199
163 262
150 249
80 179
12 111
177 276
19 118
155 254
49 148
47 146
108 207
138 237
193 292
178 277
100 199
169 268
12 111
65 164
91 190
109 208
43 142
184 283
152 251
45 144
25 124
24 123
22 121
63 162
50 149
116 215
68 167
116 215
44 143
1 100
127 226
33 132
103 202
34 133
127 226
44 143
48 147
84 183
143 242
27 126
39 138
136 235
23 122
139 238
76 175
34 133
7 106
35 134
34 133
58 157
115 214
58 157
103 202
92 191
16 115
172 271
31 130
172 271
25 124
74 173
140 239
75 174
140 239
179 278
58 157
39 138
67 166
161 260
153 252
25 124
102 201
41 140
101 200
55 154
34 133
134 233
182 281
81 180
49 148
121 220
0 99
100 199
19 118
166 265
133 232
193 292
125 224
130 229
42 141
146 245
111 210
62 161
21 120
80 179
17 116
196 295
82 181
115 214
16 115
175 274
80 179
93 192
32 131
104 203
7 106
47 146
144 243
124 223
139 238
128 227
158 257
23 122
178 277
23 122
105 204
48 147
73 172
175 274
127 226
60 159
193 292
100 199
153 252
172 271
107 206
4 103
195 294
193 292
97 196
184 283
40 139
193 292
19 118
38 137
49 148
36 135
192 291
44 143
164 263
67 166
181 280
104 203
160 259
107 206
19 118
171 270
27 126
39 138
66 165
15 114
96 195
20 119
176 275
180 279
25 124
122 221
165 264
112 211
9 108
177 276
48 147
32 131
163 262
127 226
181 280
47 146
55 154
127 226
23 122
69 168
81 180
181 280
0 99
125 224
75 174
149 248
103 202
197 296
3 102
95 194
9 108
79 178
48 147
55 154
82 181
163 262
175 274
45 144
26 125
174 273
57 156
64 163
188 287
140 239
188 287
178 277
42 141
49 148
77 176
115 214
140 239
110 209
74 173
119 218
16 115
159 258
46 145
12 111
102 201
106 205
137 236
183 282
106 205
45 144
79 178
166 265
1 100
25 124
21 120
50 149
196 295
62 161
135 234
131 230
63 162
28 127
9 108
39 138
152 251
174 273
148 247
161 260
58 157
22 121
183 282
44 143
99 198
146 245
122 221
155 254
127 226
71 170
54 153
113 212
69 168
60 159
150 249
109 208
118 217
25 124
139 238
174 273
128 227
136 235
66 165
132 231
172 271
136 235
63 162
127 226
192 291
21 120
182 281
117 216
23 122
58 157
191 290
161 260
167 266
85 184
49 148
106 205
45 144
114 213
64 163
37 136
54 153
40 139
113 212
33 132
108 207
76 175
160 259
69 168
102 201
123 222
80 179
39 138
47 146
26 125
19 118
70 169
38 137
196 295
114 213
8 107
37 136
179 278
52 151
73 172
39 138
64 163
103 202
168 267
145 244
183 282
193 292
107 206
183 282
186 285
134 233
130 229
15 114
26 125
50 149
81 180
187 286
75 174
23 122
158 257
37 136
50 149
71 170
95 194
138 237
184 283
59 158
136 235
148 247
112 211
88 187
187 286
162 261
22 121
189 288
102 201
69 168
72 171
101 200
86 185
86 185
62 161
180 279
58 157
60 159
48 147
22 121
182 281
134 233
113 212
146 245
102 201
57 156
22 121
95 194
128 227
66 165
91 190
101 200
148 247
5 104
114 213
128 227
109 208
114 213
8 107
119 218
190 289
138 237
36 135
182 281
73 172
19 118
90 189
180 279
169 268
93 192
60 159
16 115
37 136
115 214
156 255
180 279
47 146
6 105
31 130
54 153
72 171
189 288
54 153
5 104
39 138
24 123
19 118
118 217
117 216
112 211
63 162
77 176
54 153
63 162
172 271
82 181
36 135
75 174
6 105
119 218
106 205
31 130
113 212
70 169
122 221
164 263
139 238
188 287
117 216
157 256
187 286
197 296
173 272
106 205
70 169
164 263
66 165
72 171
2 101
95 194
115 214
111 210
158 257
163 262
61 160
87 186
19 118
159 258
64 163
47 146
29 128
58 157
91 190
174 273
121 220
74 173
118 217
97 196
143 242
141 240
177 276
163 262
106 205
13 112
178 277
21 120
22 121
139 238
85 184
168 267
74 173
19 118
183 282
122 221
68 167
190 289
3 102
101 200
140 239
56 155
167 266
24 123
191 290
162 261
81 180
27 126
186 285
14 113
127 226
156 255
61 160
111 210
96 195
128 227
109 208
158 257
10 109
148 247
114 213
144 243
61 160
71 170
93 192
17 116
55 154
23 122
95 194
149 248
111 210
58 157
172 271
54 153
106 205
84 183
160 259
194 293
72 171
144 243
56 155
39 138
141 240
119 218
44 143
17 116
102 201
99 198
133 232
161 260
126 225
101 200
161 260
151 250
10 109
32 131
111 210
191 290
188 287
170 269
144 243
34 133
132 231
92 191
114 213
170 269
126 225
170 269
6 105
162 261
59 158
183 282
44 143
94 193
157 256
189 288
95 194
15 114
81 180
180 279
167 266
139 238
47 146
58 157
162 261
70 169
85 184
48 147
15 114
158 257
147 246
159 258
120 219
124 223
79 178
65 164
193 292
194 293
104 203
151 250
99 198
38 137
124 223
95 194
35 134
60 159
70 169
18 117
148 247
2 101
34 133
72 171
71 170
52 151
147 246
140 239
108 207
35 134
74 173
47 146
34 133
39 138
154 253
187 286
41 140
192 291
31 130
116 215
127 226
96 195
172 271
159 258
74 173
20 119
107 206
4 103
88 187
118 217
83 182
90 189
71 170
22 121
37 136
178 277
5 104
68 167
25 124
117 216
84 183
157 256
6 105
61 160
2 101
170 269
81 180
119 218
74 173
84 183
185 284
153 252
128 227
80 179
17 116
34 133
64 163
129 228
175 274
83 182
19 118
151 250
45 144
83 182
159 258
8 107
150 249
134 233
174 273
72 171
90 189
2 101
169 268
158 257
56 155
3 102
94 193
142 241
11 110
187 286
106 205
125 224
67 166
71 170
66 165
139 238
6 105
166 265
60 159
137 236
35 134
54 153
111 210
173 272
62 161
106 205
105 204
153 252
189 288
136 235
69 168
117 216
136 235
155 254
172 271
183 282
174 273
62 161
151 250
130 229
178 277
26 125
193 292
89 188
54 153
183 282
190 289
22 121
66 165
175 274
173 272
187 286
133 232
71 170
55 154
125 224
94 193
66 165
132 231
123 222
93 192
53 152
162 261
125 224
155 254
64 163
113 212
145 244
143 242
90 189
118 217
162 261
187 286
184 283
187 286
188 287
176 275
14 113
158 257
151 250
23 122
125 224
178 277
95 194
177 276
35 134
115 214
7 106
191 290
138 237
63 162
160 259
91 190
108 207
17 116
140 239
189 288
26 125
188 287
142 241
143 242
179 278
74 173
79 178
179 278
94 193
101 200
133 232
188 287
24 123
82 181
181 280
2 101
124 223
53 152
79 178
49 148
93 192
151 250
180 279
184 283
147 246
161 260
107 206
8 107
33 132
139 238
179 278
116 215
45 144
158 257
98 197
109 208
18 117
11 110
167 266
90 189
20 119
128 227
97 196
61 160
163 262
85 184
103 202
132 231
172 271
193 292
137 236
182 281
64 163
25 124
138 237
51 150
140 239
194 293
98 197
65 164
184 283
66 165
151 250
150 249
182 281
56 155
146 245
179 278
182 281
11 110
113 212
98 197
166 265
89 188
139 238
103 202
79 178
7 106
167 266
144 243
80 179
47 146
183 282
104 203
178 277
70 169
32 131
45 144
85 184
47 146
180 279
0 99
83 182
184 283
116 215
70 169
122 221
179 278
190 289
7 106
45 144
10 109
32 131
167 266
127 226
115 214
121 220
96 195
139 238
197 296
1 100
189 288
72 171
122 221
15 114
34 133
64 163
193 292
27 126
20 119
40 139
84 183
114 213
22 121
129 228
197 296
150 249
68 167
43 142
43 142
15 114
102 201
11 110
112 211
195 294
138 237
86 185
124 223
76 175
123 222
93 192
166 265
168 267
66 165
1 100
112 211
100 199
50 149
8 107
164 263
41 140
155 254
50 149
88 187
101 200
47 146
140 239
95 194
86 185
153 252
138 237
170 269
108 207
13 112
197 296
155 254
44 143
6 105
140 239
16 115
130 229
31 130
144 243
136 235
32 131
56 155
97 196
18 117
165 264
103 202
176 275
55 154
131 230
168 267
92 191
130 229
129 228
195 294
107 206
43 142
114 213
41 140
139 238
123 222
13 112
125 224
196 295
129 228
173 272
125 224
82 181
182 281
77 176
179 278
117 216
189 288
45 144
184 283
12 111
124 223
55 154
26 125
191 290
176 275
101 200
115 214
137 236
148 247
132 231
114 213
131 230
154 253
117 216
25 124
20 119
53 152
177 276
175 274
174 273
135 234
81 180
172 271
98 197
84 183
119 218
114 213
187 286
41 140
28 127
10 109
181 280
14 113
155 254
54 153
5 104
145 244
142 241
47 146
135 234
1 100
0 99
41 140
8 107
35 134
133 232
44 143
69 168
9 108
83 182
62 161
46 145
69 168
110 209
143 242
74 173
187 286
42 141
186 285
129 228
168 267
56 155
157 256
171 270
143 242
147 246
118 217
65 164
161 260
65 164
47 146
190 289
184 283
157 256
62 161
168 267
139 238
92 191
191 290
97 196
22 121
97 196
145 244
52 151
110 209
29 128
33 132
137 236
6 105
46 145
50 149
84 183
2 101
51 150
57 156
137 236
127 226
107 206
7 106
39 138
179 278
103 202
44 143
62 161
84 183
122 221
127 226
21 120
4 103
183 282
122 221
25 124
141 240
144 243
164 263
8 107
184 283
190 289
131 230
73 172
46 145
105 204
104 203
135 234
135 234
30 129
46 145
99 198
44 143
139 238
27 126
192 291
32 131
150 249
112 211
101 200
55 154
55 154
194 293
144 243
189 288
45 144
3 102
184 283
85 184
60 159
89 188
67 166
0 99
73 172
167 266
45 144
118 217
88 187
79 178
89 188
176 275
194 293
62 161
193 292
157 256
166 265
27 126
40 139
2 101
181 280
20 119
55 154
2 101
135 234
166 265
159 258
2 101
26 125
47 146
142 241
90 189
44 143
110 209
137 236
73 172
191 290
33 132
90 189
147 246
120 219
59 158
150 249
35 134
172 271
131 230
174 273
55 154
129 228
88 187
177 276
159 258
76 175
107 206
152 251
158 257
63 162
182 281
56 155
84 183
50 149
90 189
127 226
13 112
131 230
30 129
91 190
106 205
183 282
45 144
36 135
117 216
83 182
113 212
19 118
35 134
3 102
111 210
48 147
103 202
150 249
4 103
155 254
57 156
182 281
136 235
105 204
112 211
197 296
170 269
30 129
187 286
65 164
150 249
5 104
104 203
121 220
51 150
25 124
71 170
38 137
112 211
124 223
10 109
91 190
20 119
178 277
39 138
129 228
21 120
56 155
172 271
178 277
181 280
67 166
72 171
0 99
86 185
189 288
43 142
97 196
7 106
157 256
46 145
130 229
177 276
19 118
168 267
125 224
74 173
63 162
143 242
117 216
185 284
140 239
192 291
129 228
40 139
112 211
51 150
185 284
84 183
138 237
26 125
157 256
36 135
185 284
11 110
96 195
156 255
47 146
88 187
196 295
183 282
24 123
135 234
104 203
59 158
87 186
151 250
65 164
101 200
33 132
120 219
172 271
71 170
122 221
18 117
175 274
108 207
177 276
18 117
25 124
125 224
168 267
86 185
112 211
2 101
162 261
157 256
119 218
141 240
25 124
176 275
2 101
43 142
136 235
39 138
109 208
3 102
126 225
2 101
4 103
195 294
168 267
137 236
172 271
75 174
176 275
147 246
94 193
19 118
98 197
160 259
33 132
37 136
81 180
161 260
134 233
124 223
88 187
52 151
152 251
141 240
11 110
33 132
117 216
110 209
153 252
183 282
136 235
164 263
87 186
154 253
179 278
152 251
42 141
145 244
169 268
173 272
158 257
196 295
57 156
156 255
114 213
133 232
8 107
85 184
166 265
1 100
23 122
24 123
121 220
157 256
152 251
39 138
170 269
39 138
84 183
135 234
148 247
35 134
2 101
94 193
179 278
137 236
70 169
114 213
144 243
33 132
114 213
123 222
6 105
152 251
53 152
117 216
185 284
25 124
2 101
76 175
21 120
30 129
44 143
62 161
46 145
29 128
26 125
193 292
108 207
27 126
19 118
164 263
97 196
36 135
12 111
146 245
117 216
141 240
49 148
8 107
55 154
62 161
46 145
119 218
61 160
67 166
31 130
45 144
7 106
36 135
116 215
1 100
73 172
181 280
9 108
123 222
181 280
59 158
35 134
62 161
66 165
110 209
35 134
141 240
139 238
105 204
124 223
133 232
167 266
81 180
134 233
87 186
156 255
170 269
180 279
76 175
106 205
30 129
45 144
19 118
124 223
188 287
32 131
172 271
124 223
134 233
123 222
62 161
148 247
157 256
76 175
39 138
76 175
186 285
170 269
164 263
100 199
75 174
47 146
180 279
170 269
117 216
2 101
53 152
32 131
123 222
70 169
59 158
130 229
127 226
86 185
34 133
79 178
178 277
151 250
17 116
107 206
95 194
34 133
44 143
41 140
143 242
24 123
197 296
57 156
182 281
147 246
8 107
192 291
105 204
75 174
114 213
152 251
9 108
187 286
196 295
23 122
91 190
78 177
109 208
154 253
179 278
8 107
102 201
141 240
72 171
113 212
148 247
82 181
60 159
78 177
49 148
102 201
136 235
131 230
37 136
161 260
53 152
189 288
144 243
68 167
121 220
14 113
116 215
40 139
166 265
161 260
192 291
142 241
40 139
170 269
35 134
22 121
147 246
13 112
53 152
45 144
138 237
46 145
131 230
84 183
44 143
10 109
1 100
170 269
11 110
113 212
168 267
147 246
138 237
101 200
185 284
99 198
5 104
103 202
166 265
42 141
72 171
3 102
27 126
146 245
43 142
71 170
17 116
13 112
127 226
172 271
58 157
131 230
168 267
99 198
118 217
177 276
28 127
144 243
75 174
123 222
144 243
162 261
10 109
6 105
194 293
155 254
102 201
38 137
45 144
113 212
146 245
182 281
140 239
30 129
15 114
178 277
62 161
117 216
11 110
90 189
145 244
101 200
143 242
114 213
83 182
105 204
46 145
41 140
163 262
153 252
145 244
80 179
3 102
34 133
85 184
117 216
83 182
176 275
71 170
121 220
154 253
94 193
29 128
57 156
141 240
162 261
51 150
71 170
162 261
53 152
129 228
193 292
7 106
175 274
150 249
105 204
31 130
62 161
25 124
134 233
123 222
2 101
66 165
196 295
105 204
111 210
196 295
178 277
18 117
51 150
110 209
186 285
165 264
34 133
138 237
181 280
12 111
50 149
177 276
187 286
149 248
39 138
16 115
51 150
28 127
145 244
34 133
150 249
61 160
165 264
83 182
191 290
174 273
74 173
78 177
59 158
67 166
139 238
39 138
196 295
169 268
197 296
148 247
75 174
167 266
164 263
116 215
45 144
185 284
181 280
62 161
142 241
118 217
75 174
131 230
133 232
96 195
79 178
149 248
16 115
180 279
46 145
104 203
28 127
142 241
94 193
154 253
4 103
169 268
118 217
37 136
50 149
91 190
85 184
20 119
101 200
127 226
20 119
38 137
27 126
20 119
60 159
107 206
61 160
133 232
120 219
121 220
122 221
184 283
7 106
46 145
151 250
40 139
105 204
153 252
109 208
135 234
38 137
126 225
60 159
111 210
59 158
62 161
145 244
143 242
51 150
84 183
13 112
24 123
22 121
17 116
166 265
140 239
116 215
137 236
53 152
27 126
80 179
196 295
94 193
144 243
103 202
49 148
185 284
55 154
72 171
56 155
186 285
139 238
87 186
151 250
143 242
193 292
110 209
19 118
149 248
161 260
49 148
66 165
18 117
54 153
151 250
162 261
187 286
109 208
73 172
59 158
179 278
190 289
131 230
44 143
194 293
109 208
40 139
100 199
104 203
75 174
106 205
58 157
28 127
143 242
166 265
131 230
31 130
171 270
111 210
125 224
60 159
102 201
44 143
62 161
197 296
187 286
160 259
168 267
171 270
34 133
141 240
91 190
112 211
51 150
40 139
121 220
33 132
151 250
5 104
40 139
100 199
5 104
122 221
173 272
145 244
17 116
23 122
53 152
24 123
26 125
87 186
83 182
129 228
177 276
176 275
175 274
96 195
80 179
99 198
166 265
25 124
55 154
58 157
152 251
179 278
120 219
38 137
26 125
42 141
110 209
181 280
28 127
108 207
95 194
69 168
40 139
145 244
80 179
86 185
144 243
167 266
114 213
35 134
195 294
192 291
35 134
77 176
182 281
62 161
65 164
32 131
68 167
82 181
100 199
57 156
75 174
63 162
30 129
78 177
86 185
119 218
9 108
4 103
20 119
2 101
107 206
82 181
174 273
141 240
0 99
104 203
128 227
183 282
67 166
180 279
178 277
62 161
151 250
29 128
105 204
177 276
27 126
191 290
107 206
92 191
110 209
56 155
156 255
140 239
157 256
61 160
77 176
35 134
169 268
185 284
171 270
119 218
124 223
92 191
52 151
11 110
122 221
26 125
50 149
141 240
154 253
149 248
140 239
109 208
120 219
7 106
167 266
162 261
162 261
54 153
131 230
97 196
196 295
26 125
74 173
165 264
133 232
93 192
65 164
124 223
98 197
7 106
120 219
133 232
107 206
121 220
191 290
83 182
48 147
64 163
85 184
181 280
195 294
24 123
133 232
178 277
158 257
108 207
46 145
197 296
141 240
63 162
101 200
63 162
196 295
143 242
25 124
27 126
150 249
60 159
22 121
30 129
149 248
83 182
12 111
73 172
151 250
145 244
10 109
17 116
102 201
158 257
65 164
129 228
127 226
121 220
57 156
48 147
25 124
168 267
38 137
164 263
90 189
133 232
30 129
1 100
104 203
74 173
59 158
135 234
12 111
2 101
126 225
186 285
107 206
63 162
119 218
122 221
101 200
145 244
80 179
66 165
160 259
71 170
142 241
183 282
111 210
154 253
18 117
112 211
6 105
124 223
185 284
137 236
113 212
128 227
71 170
15 114
55 154
17 116
123 222
114 213
155 254
42 141
129 228
166 265
174 273
161 260
73 172
134 233
134 233
42 141
23 122
80 179
66 165
150 249
123 222
16 115
19 118
162 261
37 136
180 279
79 178
140 239
111 210
185 284
49 148
80 179
154 253
0 99
97 196
59 158
45 144
86 185
102 201
13 112
105 204
7 106
155 254
143 242
137 236
19 118
1 100
75 174
192 291
70 169
195 294
60 159
161 260
150 249
68 167
96 195
113 212
28 127
136 235
9 108
79 178
95 194
182 281
74 173
16 115
73 172
83 182
124 223
166 265
135 234
175 274
94 193
114 213
147 246
79 178
110 209
162 261
52 151
34 133
159 258
109 208
113 212
81 180
183 282
150 249
37 136
81 180
95 194
139 238
23 122
64 163
174 273
35 134
57 156
5 104
53 152
13 112
5 104
119 218
19 118
177 276
189 288
108 207
75 174
181 280
167 266
181 280
65 164
122 221
164 263
161 260
145 244
186 285
109 208
55 154
158 257
158 257
24 123
61 160
81 180
124 223
114 213
52 151
124 223
106 205
122 221
101 200
182 281
99 198
41 140
177 276
69 168
109 208
116 215
82 181
44 143
74 173
114 213
143 242
53 152
15 114
67 166
21 120
41 140
101 200
175 274
76 175
102 201
110 209
1 100
13 112
26 125
197 296
63 162
146 245
113 212
19 118
182 281
74 173
145 244
97 196
29 128
54 153
163 262
185 284
1 100
23 122
15 114
16 115
46 145
29 128
178 277
191 290
25 124
166 265
104 203
75 174
80 179
29 128
185 284
69 168
87 186
156 255
185 284
94 193
88 187
144 243
190 289
121 220
103 202
197 296
194 293
193 292
97 196
160 259
46 145
5 104
104 203
122 221
91 190
58 157
131 230
66 165
194 293
171 270
188 287
182 281
188 287
54 153
160 259
98 197
176 275
5 104
197 296
46 145
186 285
41 140
3 102
158 257
133 232
190 289
135 234
1 100
93 192
68 167
87 186
192 291
172 271
53 152
182 281
136 235
74 173
183 282
153 252
108 207
7 106
167 266
38 137
30 129
194 293
111 210
51 150
44 143
80 179
97 196
174 273
106 205
125 224
150 249
0 99
90 189
60 159
61 160
140 239
0 99
179 278
69 168
183 282
197 296
28 127
106 205
171 270
173 272
77 176
112 211
111 210
195 294
69 168
146 245
28 127
5 104
98 197
59 158
74 173
67 166
152 251
103 202
54 153
183 282
143 242
94 193
172 271
136 235
106 205
89 188
3 102
195 294
70 169
78 177
188 287
133 232
192 291
31 130
76 175
166 265
100 199
191 290
97 196
110 209
120 219
112 211
46 145
137 236
176 275
87 186
141 240
175 274
163 262
133 232
50 149
126 225
77 176
174 273
158 257
183 282
87 186
189 288
72 171
119 218
59 158
84 183
173 272
12 111
137 236
100 199
139 238
35 134
130 229
76 175
89 188
151 250
96 195
188 287
17 116
17 116
30 129
76 175
176 275
184 283
31 130
1 100
31 130
6 105
79 178
11 110
179 278
149 248
173 272
0 99
103 202
159 258
99 198
41;156504
89 188
43 142
191 290
155 254
75 174
16 115
60 159
102 201
75 174
69 168
192 291
195 294
18 117
25 124
60 159
124 223
69 168
124 223
87 186
48 147
0 99
184 283
154 253
61 160
171 270
56 155
98 197
81 180
18 117
99 198
79 178
149 248
175 274
89 188
186 285
124 223
165 264
26 125
22 121
56 155
186 285
75 174
19 118
160 259
153 252
49 148
89 188
174 273
152 251
61 160
139 238
180 279
141 240
190 289
106 205
66 165
21 120
13 112
141 240
129 228
183 282
181 280
120 219
96 195
125 224
91 190
13 112
127 226
177 276
139 238
35 134
35 134
40 139
132 231
49 148
71 170
183 282
146 245
110 209
168 267
56 155
63 162
70 169
29 128
8 107
116 215
12 111
162 261
164 263
28 127
149 248
87 186
41 140
52 151
119 218
80 179
71 170
48 147
133 232
167 266
69 168
181 280
191 290
120 219
59 158
59 158
193 292
168 267
49 148
149 248
137 236
165 264
20 119
190 289
118 217
17 116
18 117
85 184
165 264
96 195
37 136
162 261
195 294
83 182
9 108
160 259
99 198
9 108
83 182
64 163
84 183
52 151
78 177
112 211
118 217
77 176
154 253
45 144
168 267
190 289
46 145
21 120
84 183
195 294
163 262
138 237
156 255
195 294
107 206
19 118
78 177
153 252
13 112
86 185
153 252
75 174
179 278
31 130
149 248
155 254
118 217
39 138
174 273
168 267
64 163
35 134
17 116
173 272
82 181
169 268
141 240
93 192
93 192
114 213
20 119
154 253
41 140
159 258
49 148
85 184
127 226
6 105
89 188
134 233
142 241
175 274
58 157
141 240
47 146
181 280
14 113
98 197
185 284
64 163
26 125
183 282
85 184
43 142
32 131
112 211
101 200
131 230
82 181
67 166
84 183
167 266
31 130
180 279
65 164
16 115
148 247
18 117
143 242
63 162
51 150
167 266
105 204
110 209
144 243
135 234
74 173
41 140
108 207
119 218
161 260
94 193
168 267
182 281
101 200
118 217
133 232
75 174
19 118
164 263
121 220
119 218
110 209
68 167
129 228
69 168
181 280
137 236
42 141
10 109
156 255
185 284
116 215
165 264
68 167
89 188
6 105
13 112
55 154
82 181
168 267
184 283
109 208
130 229
171 270
101 200
106 205
159 258
140 239
79 178
170 269
124 223
122 221
184 283
156 255
111 210
100 199
118 217
31 130
64 163
151 250
100 199
139 238
176 275
187 286
154 253
9 108
125 224
88 187
196 295
18 117
85 184
122 221
82 181
61 160
120 219
74 173
156 255
43 142
179 278
161 260
8 107
98 197
28 127
93 192
183 282
181 280
193 292
72 171
41 140
4 103
53 152
167 266
18 117
37 136
86 185
95 194
111 210
100 199
127 226
37 136
177 276
5 104
83 182
17 116
107 206
48 147
89 188
98 197
123 222
113 212
184 283
143 242
22 121
27 126
122 221
187 286
188 287
109 208
88 187
59 158
179 278
53 152
46 145
14 113
113 212
29 128
34 133
139 238
103 202
173 272
79 178
4 103
15 114
9 108
99 198
33 132
117 216
28 127
38 137
92 191
187 286
84 183
49 148
152 251
151 250
186 285
147 246
74 173
89 188
57 156
134 233
125 224
14 113
45 144
42 141
177 276
0 99
29 128
191 290
66 165
14 113
61 160
154 253
115 214
89 188
133 232
35 134
176 275
115 214
102 201
162 261
53 152
14 113
132 231
185 284
36 135
80 179
159 258
130 229
123 222
54 153
3 102
170 269
76 175
119 218
45 144
134 233
165 264
170 269
32 131
155 254
38 137
115 214
67 166
4 103
101 200
149 248
18 117
44 143
16 115
173 272
2 101
47 146
111 210
126 225
77 176
140 239
51 150
39 138
119 218
8 107
34 133
192 291
48 147
86 185
174 273
30 129
21 120
28 127
111 210
88 187
193 292
53 152
169 268
75 174
127 226
9 108
93 192
128 227
20 119
185 284
73 172
165 264
59 158
34 133
151 250
134 233
167 266
19 118
0 99
16 115
81 180
91 190
174 273
99 198
109 208
80 179
60 159
3 102
50 149
96 195
147 246
88 187
145 244
190 289
21 120
87 186
69 168
103 202
47 146
79 178
196 295
14 113
132 231
168 267
179 278
21 120
22 121
2 101
100 199
175 274
142 241
156 255
53 152
83 182
33 132
69 168
170 269
125 224
89 188
28 127
115 214
7 106
16 115
121 220
0 99
109 208
177 276
146 245
7 106
115 214
145 244
166 265
139 238
167 266
148 247
44 143
26 125
193 292
84 183
94 193
53 152
144 243
15 114
40 139
28 127
105 204
27 126
41 140
90 189
99 198
51 150
138 237
97 196
145 244
17 116
40 139
57 156
185 284
175 274
154 253
30 129
153 252
8 107
189 288
172 271
182 281
147 246
141 240
178 277
89 188
172 271
5 104
193 292
5 104
47 146
106 205
33 132
54 153
15 114
41 140
138 237
174 273
61 160
193 292
63 162
102 201
1 100
37 136
189 288
166 265
80 179
77 176
16 115
60 159
107 206
96 195
81 180
140 239
196 295
173 272
146 245
101 200
129 228
170 269
47 146
15 114
176 275
191 290
185 284
32 131
53 152
0 99
141 240
150 249
170 269
79 178
27 126
70 169
169 268
10 109
33 132
58 157
116 215
93 192
8 107
161 260
106 205
1 100
54 153
1 100
156 255
152 251
12 111
19 118
161 260
54 153
182 281
131 230
172 271
13 112
162 261
184 283
69 168
32 131
5 104
8 107
18 117
14 113
154 253
35 134
131 230
3 102
105 204
59 158
136 235
152 251
55 154
184 283
87 186
160 259
35 134
193 292
72 171
75 174
148 247
44 143
107 206
26 125
57 156
127 226
181 280
17 116
54 153
134 233
99 198
82 181
62 161
192 291
173 272
87 186
153 252
113 212
172 271
146 245
6 105
24 123
19 118
10 109
130 229
15 114
88 187
94 193
109 208
95 194
31 130
95 194
180 279
179 278
36 135
189 288
185 284
181 280
111 210
8 107
84 183
169 268
42 141
69 168
163 262
141 240
163 262
45 144
175 274
31 130
144 243
139 238
135 234
18 117
16 115
97 196
187 286
153 252
88 187
92 191
46 145
120 219
96 195
154 253
123 222
51 150
84 183
3 102
122 221
73 172
133 232
122 221
116 215
16 115
100 199
3 102
100 199
137 236
195 294
163 262
28 127
16 115
60 159
187 286
171 270
126 225
153 252
67 166
47 146
111 210
43 142
117 216
71 170
127 226
126 225
34 133
144 243
45 144
15 114
95 194
79 178
72 171
9 108
44 143
104 203
111 210
9 108
94 193
31 130
115 214
185 284
172 271
72 171
112 211
32 131
167 266
21 120
186 285
21 120
34 133
135 234
46 145
38 137
143 242
66 165
91 190
33 132
28 127
154 253
171 270
63 162
68 167
5 104
189 288
172 271
195 294
6 105
118 217
100 199
93 192
17 116
135 234
150 249
163 262
128 227
80 179
74 173
145 244
171 270
104 203
142 241
134 233
67 166
153 252
150 249
145 244
91 190
94 193
24 123
14 113
4 103
93 192
29 128
3 102
74 173
111 210
14 113
0 99
134 233
56 155
140 239
20 119
110 209
30 129
63 162
99 198
79 178
196 295
12 111
149 248
53 152
169 268
109 208
12 111
162 261
86 185
15 114
149 248
146 245
149 248
154 253
106 205
39 138
91 190
147 246
84 183
82 181
26 125
74 173
133 232
188 287
112 211
131 230
141 240
145 244
136 235
56 155
106 205
46 145
193 292
185 284
3 102
24 123
58 157
32 131
35 134
117 216
84 183
166 265
38 137
155 254
19 118
63 162
119 218
30 129
34 133
3 102
76 175
93 192
19 118
23 122
15 114
125 224
6 105
192 291
192 291
19 118
140 239
0 99
131 230
4 103
194 293
191 290
114 213
193 292
49 148
170 269
73 172
105 204
190 289
113 212
123 222
140 239
131 230
48 147
91 190
114 213
28 127
126 225
197 296
8 107
113 212
111 210
183 282
160 259
19 118
197 296
61 160
62 161
147 246
112 211
180 279
107 206
72 171
142 241
69 168
57 156
10 109
47 146
193 292
131 230
63 162
181 280
138 237
54 153
3 102
169 268
123 222
98 197
102 201
93 192
178 277
154 253
96 195
66 165
80 179
140 239
93 192
106 205
141 240
181 280
60 159
114 213
176 275
63 162
184 283
146 245
109 208
190 289
64 163
58 157
157 256
112 211
118 217
7 106
70 169
154 253
31 130
70 169
50 149
196 295
20 119
119 218
58 157
84 183
25 124
15 114
126 225
102 201
26 125
71 170
137 236
143 242
183 282
122 221
182 281
121 220
5 104
102 201
23 122
140 239
162 261
49 148
100 199
7 106
180 279
153 252
89 188
153 252
145 244
189 288
14 113
162 261
179 278
196 295
30 129
136 235
69 168
85 184
63 162
104 203
38 137
181 280
60 159
180 279
52 151
162 261
18 117
69 168
134 233
21 120
67 166
58 157
119 218
162 261
157 256
32 131
162 261
50 149
164 263
95 194
170 269
91 190
100 199
149 248
26 125
173 272
73 172
135 234
135 234
148 247
129 228
14 113
160 259
189 288
61 160
186 285
62 161
37 136
73 172
134 233
2 101
183 282
33 132
153 252
15 114
50 149
122 221
168 267
103 202
48 147
136 235
160 259
176 275
80 179
157 256
137 236
114 213
12 111
151 250
12 111
99 198
186 285
34 133
168 267
122 221
112 211
30 129
139 238
28 127
171 270
65 164
122 221
12 111
131 230
42 141
142 241
171 270
161 260
5 104
130 229
158 257
87 186
5 104
126 225
57 156
130 229
40 139
188 287
71 170
30 129
18 117
50 149
114 213
49 148
92 191
68 167
128 227
104 203
78 177
142 241
51 150
142 241
114 213
44 143
72 171
139 238
40 139
162 261
61 160
140 239
41 140
133 232
131 230
153 252
15 114
145 244
167 266
0 99
26 125
185 284
120 219
0 99
115 214
32 131
10 109
104 203
2 101
99 198
46 145
11 110
179 278
87 186
84 183
0 99
96 195
195 294
71 170
85 184
13 112
191 290
24 123
56 155
90 189
172 271
148 247
8 107
138 237
195 294
93 192
144 243
189 288
1 100
149 248
181 280
52 151
173 272
6 105
175 274
108 207
8 107
20 119
137 236
181 280
0 99
90 189
108 207
74 173
74 173
177 276
83 182
36 135
148 247
21 120
57 156
80 179
145 244
62 161
105 204
156 255
167 266
70 169
158 257
12 111
24 123
88 187
24 123
86 185
48 147
139 238
139 238
79 178
110 209
29 128
160 259
34 133
54 153
178 277
179 278
10 109
140 239
197 296
124 223
95 194
137 236
196 295
48 147
193 292
12 111
83 182
118 217
28 127
131 230
143 242
72 171
64 163
87 186
183 282
157 256
124 223
188 287
130 229
23 122
87 186
127 226
62 161
125 224
177 276
125 224
71 170
15 114
186 285
26 125
105 204
195 294
174 273
88 187
44 143
13 112
43 142
57 156
27 126
163 262
159 258
78 177
46 145
87 186
197 296
187 286
76 175
93 192
82 181
38 137
4 103
41 140
114 213
110 209
36 135
105 204
11 110
5 104
99 198
183 282
30 129
105 204
158 257
180 279
196 295
25 124
61 160
81 180
7 106
141 240
24 123
79 178
30 129
140 239
64 163
129 228
74 173
51 150
124 223
116 215
65 164
76 175
29 128
9 108
170 269
123 222
196 295
45 144
192 291
55 154
104 203
114 213
67 166
152 251
139 238
42 141
47 146
1 100
63 162
196 295
7 106
83 182
96 195
100 199
159 258
128 227
65 164
154 253
63 162
142 241
55 154
153 252
101 200
143 242
124 223
83 182
149 248
148 247
111 210
10 109
76 175
183 282
193 292
170 269
125 224
148 247
120 219
124 223
58 157
97 196
62 161
56 155
87 186
120 219
150 249
116 215
15 114
79 178
36 135
38 137
58 157
138 237
31 130
133 232
9 108
122 221
92 191
69 168
129 228
136 235
137 236
126 225
23 122
161 260
23 122
138 237
173 272
49 148
145 244
38 137
7 106
45 144
144 243
47 146
154 253
128 227
30 129
62 161
99 198
55 154
147 246
127 226
167 266
27 126
24 123
119 218
134 233
22 121
16 115
57 156
188 287
93 192
78 177
87 186
125 224
49 148
84 183
0 99
68 167
133 232
171 270
44 143
86 185
105 204
120 219
65 164
102 201
92 191
67 166
119 218
11 110
16 115
57 156
188 287
37 136
65 164
185 284
81 180
185 284
20 119
153 252
181 280
14 113
128 227
184 283
94 193
155 254
191 290
49 148
26 125
98 197
110 209
42 141
53 152
125 224
56 155
115 214
40 139
139 238
157 256
121 220
179 278
121 220
60 159
119 218
21 120
191 290
30 129
134 233
94 193
139 238
151 250
25 124
45 144
49 148
8 107
58 157
76 175
172 271
40 139
54 153
130 229
129 228
56 155
24 123
187 286
62 161
18 117
93 192
9 108
156 255
189 288
157 256
91 190
181 280
25 124
58 157
193 292
85 184
96 195
120 219
23 122
114 213
12 111
188 287
165 264
85 184
3 102
53 152
44 143
12 111
82 181
67 166
44 143
111 210
177 276
120 219
105 204
59 158
16 115
32 131
138 237
77 176
190 289
102 201
148 247
141 240
116 215
36 135
131 230
162 261
166 265
72 171
126 225
169 268
26 125
143 242
110 209
153 252
121 220
163 262
26 125
53 152
176 275
19 118
116 215
37 136
19 118
39 138
141 240
20 119
1 100
34 133
175 274
103 202
40 139
81 180
31 130
51 150
22 121
73 172
85 184
150 249
93 192
159 258
159 258
159 258
154 253
91 190
126 225
120 219
6 105
41 140
28 127
140 239
185 284
98 197
45 144
135 234
143 242
145 244
41 140
17 116
56 155
36 135
45 144
168 267
154 253
102 201
153 252
55 154
50 149
101 200
48 147
193 292
126 225
169 268
44 143
41 140
181 280
2 101
52 151
76 175
78 177
131 230
29 128
93 192
5 104
8 107
101 200
47 146
17 116
19 118
54 153
114 213
13 112
105 204
165 264
106 205
3 102
46 145
123 222
110 209
106 205
22 121
63 162
114 213
181 280
151 250
188 287
63 162
110 209
148 247
117 216
37 136
160 259
58 157
19 118
18 117
130 229
160 259
172 271
58 157
22 121
170 269
150 249
74 173
171 270
160 259
93 192
78 177
113 212
116 215
151 250
68 167
56 155
75 174
133 232
118 217
13 112
13 112
140 239
38 137
34 133
132 231
15 114
45 144
130 229
23 122
27 126
61 160
66 165
132 231
45 144
178 277
144 243
84 183
140 239
178 277
87 186
118 217
156 255
86 185
104 203
68 167
35 134
128 227
4 103
51 150
85 184
38 137
129 228
84 183
82 181
175 274
3 102
40 139
5 104
11 110
40 139
146 245
91 190
41 140
173 272
158 257
68 167
61 160
149 248
0 99
151 250
185 284
185 284
33 132
146 245
165 264
40 139
106 205
105 204
153 252
73 172
26 125
106 205
178 277
164 263
15 114
28 127
50 149
156 255
182 281
134 233
77 176
110 209
100 199
24 123
162 261
156 255
166 265
29 128
76 175
22 121
172 271
41 140
17 116
181 280
100 199
175 274
28 127
56 155
79 178
193 292
176 275
11 110
51 150
186 285
62 161
101 200
28 127
42 141
189 288
128 227
76 175
168 267
41 140
50 149
162 261
181 280
68 167
125 224
78 177
37 136
97 196
135 234
141 240
93 192
148 247
26 125
102 201
41 140
153 252
161 260
162 261
104 203
126 225
29 128
76 175
12 111
50 149
90 189
85 184
112 211
20 119
36 135
79 178
175 274
81 180
0 99
126 225
126 225
166 265
8 107
90 189
185 284
25 124
5 104
33 132
50 149
195 294
127 226
116 215
161 260
185 284
16 115
181 280
151 250
164 263
76 175
188 287
156 255
58 157
24 123
161 260
82 181
31 130
106 205
94 193
153 252
79 178
5 104
184 283
104 203
115 214
197 296
47 146
184 283
191 290
84 183
9 108
155 254
72 171
78 177
26 125
164 263
138 237
32 131
16 115
65 164
119 218
187 286
78 177
81 180
119 218
89 188
197 296
112 211
5 104
168 267
6 105
31 130
59 158
154 253
18 117
85 184
27 126
99 198
103 202
145 244
121 220
56 155
152 251
197 296
8 107
161 260
113 212
87 186
172 271
180 279
165 264
183 282
57 156
85 184
9 108
2 101
107 206
97 196
107 206
9 108
93 192
35 134
79 178
64 163
100 199
11 110
151 250
157 256
167 266
171 270
77 176
111 210
105 204
85 184
175 274
133 232
183 282
43 142
33 132
35 134
138 237
133 232
117 216
63 162
147 246
176 275
3 102
163 262
112 211
165 264
92 191
81 180
100 199
56 155
36 135
40 139
17 116
101 200
68 167
156 255
155 254
197 296
195 294
139 238
83 182
27 126
170 269
28 127
8 107
94 193
124 223
179 278
27 126
7 106
98 197
4 103
39 138
37 136
76 175
155 254
125 224
66 165
60 159
172 271
176 275
132 231
91 190
101 200
47 146
25 124
86 185
97 196
57 156
182 281
122 221
113 212
83 182
125 224
54 153
167 266
129 228
176 275
182 281
163 262
113 212
127 226
88 187
115 214
159 258
162 261
90 189
95 194
94 193
4 103
132 231
189 288
9 108
78 177
68 167
123 222
137 236
3 102
62 161
124 223
106 205
172 271
82 181
31 130
179 278
108 207
101 200
27 126
95 194
146 245
31 130
141 240
33 132
196 295
11 110
54 153
69 168
25 124
157 256
170 269
146 245
127 226
11 110
130 229
134 233
174 273
111 210
36 135
166 265
67 166
101 200
21 120
68 167
168 267
97 196
45 144
69 168
72 171
41 140
40 139
145 244
88 187
176 275
46 145
18 117
184 283
2 101
52 151
146 245
29 128
78 177
100 199
155 254
35 134
168 267
48 147
160 259
195 294
120 219
10 109
112 211
181 280
141 240
129 228
174 273
194 293
62 161
49 148
154 253
166 265
120 219
9 108
0 99
22 121
181 280
61 160
125 224
124 223
137 236
187 286
144 243
56 155
191 290
14 113
81 180
89 188
162 261
47 146
128 227
111 210
158 257
172 271
143 242
39 138
111 210
114 213
58 157
70 169
6 105
56 155
29 128
128 227
184 283
84 183
30 129
166 265
18 117
120 219
10 109
116 215
163 262
70 169
129 228
82 181
117 216
2 101
8 107
81 180
126 225
23 122
157 256
33 132
124 223
123 222
55 154
32 131
96 195
102 201
54 153
95 194
71 170
96 195
88 187
181 280
132 231
158 257
31 130
196 295
35 134
171 270
51 150
69 168
49 148
118 217
90 189
150 249
128 227
128 227
46 145
195 294
119 218
29 128
35 134
130 229
129 228
44 143
165 264
178 277
185 284
14 113
86 185
174 273
122 221
3 102
29 128
186 285
167 266
196 295
127 226
125 224
146 245
183 282
91 190
117 216
1 100
153 252
58 157
61 160
50 149
170 269
52 151
179 278
82 181
101 200
85 184
127 226
19 118
181 280
183 282
188 287
158 257
102 201
95 194
77 176
37 136
120 219
48 147
167 266
43 142
172 271
111 210
189 288
62 161
104 203
65 164
95 194
116 215
142 241
15 114
61 160
95 194
158 257
180 279
63 162
1 100
121 220
15 114
51 150
42 141
16 115
48 147
12 111
116 215
12 111
43 142
6 105
110 209
8 107
17 116
172 271
161 260
139 238
119 218
102 201
74 173
59 158
4 103
99 198
100 199
118 217
140 239
43 142
104 203
105 204
117 216
140 239
149 248
141 240
172 271
30 129
188 287
147 246
55 154
189 288
90 189
61 160
91 190
102 201
6 105
117 216
12 111
105 204
193 292
97 196
52 151
121 220
44 143
112 211
128 227
27 126
92 191
36 135
171 270
90 189
143 242
134 233
159 258
116 215
59 158
184 283
130 229
186 285
155 254
161 260
24 123
166 265
5 104
119 218
61 160
65 164
181 280
73 172
133 232
108 207
139 238
59 158
117 216
51 150
5 104
73 172
35 134
144 243
2 101
42 141
14 113
22 121
46 145
133 232
125 224
155 254
180 279
154 253
190 289
195 294
84 183
141 240
5 104
185 284
118 217
148 247
53 152
142 241
12 111
2 101
91 190
128 227
16 115
177 276
117 216
73 172
158 257
69 168
121 220
61 160
138 237
166 265
132 231
70 169
189 288
178 277
106 205
44 143
46 145
179 278
22 121
129 228
50 149
70 169
73 172
182 281
94 193
189 288
150 249
173 272
118 217
49 148
97 196
167 266
166 265
90 189
54 153
186 285
121 220
173 272
186 285
157 256
125 224
68 167
82 181
83 182
143 242
179 278
27 126
34 133
43 142
148 247
79 178
111 210
171 270
26 125
95 194
26 125
108 207
2 101
158 257
153 252
27 126
84 183
180 279
28 127
47 146
190 289
180 279
173 272
46 145
163 262
25 124
178 277
44 143
99 198
8 107
163 262
99 198
160 259
156 255
5 104
90 189
184 283
150 249
75 174
192 291
103 202
30 129
180 279
35 134
58 157
84 183
175 274
32 131
17 116
103 202
38 137
104 203
8 107
31 130
44 143
97 196
115 214
146 245
122 221
120 219
121 220
34 133
39 138
52 151
197 296
109 208
162 261
180 279
94 193
83 182
174 273
60 159
192 291
134 233
67 166
114 213
71 170
133 232
66 165
80 179
158 257
144 243
144 243
43 142
25 124
79 178
148 247
133 232
62 161
113 212
37 136
163 262
48 147
30 129
10 109
34 133
67 166
83 182
49 148
135 234
55 154
144 243
39 138
176 275
43 142
106 205
30 129
173 272
84 183
124 223
24 123
114 213
89 188
163 262
33 132
39 138
59 158
111 210
68 167
195 294
21 120
15 114
77 176
50 149
105 204
177 276
146 245
29 128
153 252
65 164
23 122
136 235
39 138
135 234
111 210
152 251
36 135
49 148
187 286
105 204
28 127
64 163
193 292
162 261
27 126
39 138
98 197
92 191
175 274
129 228
134 233
184 283
6 105
104 203
91 190
174 273
104 203
150 249
57 156
29 128
130 229
6 105
5 104
156 255
89 188
63 162
175 274
170 269
77 176
80 179
100 199
5 104
33 132
147 246
146 245
49 148
137 236
90 189
31 130
64 163
27 126
167 266
73 172
126 225
45 144
90 189
60 159
197 296
121 220
0 99
171 270
74 173
18 117
104 203
100 199
191 290
147 246
89 188
33 132
58 157
57 156
173 272
196 295
112 211
72 171
14 113
159 258
190 289
142 241
23 122
49 148
154 253
60 159
104 203
22 121
161 260
38 137
161 260
112 211
154 253
47 146
188 287
7 106
166 265
92 191
192 291
2 101
186 285
71 170
57 156
96 195
146 245
138 237
102 201
150 249
61 160
187 286
184 283
80 179
72 171
43 142
180 279
75 174
117 216
103 202
99 198
0 99
108 207
116 215
57 156
29 128
135 234
10 109
5 104
124 223
138 237
181 280
77 176
188 287
178 277
109 208
193 292
193 292
125 224
46 145
91 190
18 117
96 195
59 158
160 259
18 117
163 262
103 202
188 287
138 237
82 181
155 254
89 188
144 243
103 202
149 248
92 191
72 171
86 185
24 123
42 141
111 210
69 168
157 256
197 296
79 178
33 132
54 153
109 208
14 113
197 296
16 115
63 162
108 207
38 137
180 279
85 184
147 246
29 128
117 216
94 193
142 241
153 252
153 252
13 112
182 281
180 279
155 254
36 135
116 215
154 253
191 290
71 170
180 279
100 199
27 126
179 278
110 209
127 226
72 171
105 204
75 174
195 294
132 231
158 257
133 232
132 231
100 199
141 240
69 168
19 118
150 249
9 108
115 214
4 103
137 236
159 258
70 169
195 294
140 239
48 147
43 142
192 291
124 223
175 274
161 260
99 198
170 269
104 203
134 233
57 156
79 178
27 126
127 226
125 224
55 154
132 231
52 151
99 198
195 294
55 154
66 165
11 110
196 295
176 275
19 118
182 281
140 239
96 195
168 267
152 251
129 228
7 106
15 114
112 211
105 204
10 109
176 275
5 104
167 266
78 177
155 254
142 241
80 179
116 215
27 126
16 115
54 153
77 176
95 194
146 245
192 291
85 184
28 127
58 157
192 291
119 218
74 173
168 267
174 273
48 147
73 172
85 184
6 105
98 197
87 186
17 116
98 197
122 221
28 127
36 135
161 260
67 166
77 176
18 117
116 215
69 168
154 253
151 250
90 189
19 118
136 235
197 296
20 119
65 164
155 254
140 239
23 122
115 214
59 158
124 223
192 291
154 253
43 142
93 192
5 104
176 275
44 143
153 252
121 220
123 222
82 181
115 214
13 112
17 116
179 278
183 282
89 188
166 265
18 117
191 290
37 136
83 182
128 227
186 285
47 146
116 215
12 111
5 104
72 171
67 166
30 129
99 198
62 161
159 258
61 160
140 239
41 140
10 109
196 295
166 265
38 137
139 238
5 104
141 240
156 255
139 238
111 210
71 170
120 219
78 177
117 216
154 253
39 138
87 186
119 218
35 134
110 209
70 169
126 225
97 196
61 160
178 277
180 279
30 129
15 114
3 102
0 99
175 274
143 242
189 288
23 122
87 186
64 163
128 227
150 249
24 123
190 289
77 176
161 260
171 270
191 290
170 269
63 162
5 104
158 257
33 132
63 162
25 124
115 214
153 252
122 221
49 148
32 131
58 157
112 211
55 154
79 178
118 217
91 190
51 150
116 215
188 287
26 125
172 271
65 164
65 164
196 295
47 146
86 185
179 278
30 129
46 145
32 131
4 103
87 186
71 170
31 130
110 209
89 188
73 172
142 241
6 105
77 176
149 248
52 151
4 103
196 295
128 227
99 198
183 282
58 157
37 136
137 236
186 285
127 226
48 147
88 187
102 201
123 222
168 267
41 140
126 225
35 134
90 189
157 256
170 269
25 124
128 227
167 266
51 150
117 216
131 230
175 274
142 241
51 150
49 148
130 229
143 242
102 201
104 203
128 227
82 181
169 268
71 170
122 221
196 295
125 224
177 276
33 132
83 182
170 269
63 162
183 282
104 203
163 262
53 152
152 251
86 185
141 240
133 232
1 100
177 276
153 252
10 109
104 203
167 266
31 130
27 126
141 240
195 294
71 170
27 126
148 247
127 226
89 188
64 163
44 143
185 284
31 130
134 233
125 224
78 177
97 196
84 183
97 196
133 232
197 296
130 229
197 296
176 275
79 178
148 247
3 102
159 258
73 172
0 99
130 229
183 282
166 265
186 285
184 283
89 188
107 206
168 267
119 218
113 212
129 228
136 235
1 100
90 189
60 159
100 199
104 203
89 188
8 107
111 210
94 193
48 147
192 291
146 245
47 146
76 175
183 282
167 266
143 242
177 276
168 267
135 234
14 113
36 135
125 224
155 254
168 267
186 285
116 215
33 132
46 145
160 259
9 108
24 123
43 142
43 142
45 144
92 191
170 269
49 148
78 177
126 225
104 203
188 287
15 114
140 239
76 175
129 228
6 105
60 159
86 185
13 112
140 239
79 178
126 225
192 291
176 275
62 161
97 196
23 122
23 122
86 185
12 111
89 188
135 234
156 255
174 273
84 183
58 157
60 159
94 193
139 238
29 128
101 200
167 266
125 224
69 168
181 280
35 134
14 113
109 208
59 158
142 241
35 134
91 190
79 178
26 125
37 136
17 116
147 246
16 115
137 236
76 175
84 183
123 222
144 243
144 243
85 184
119 218
158 257
192 291
165 264
144 243
192 291
58 157
165 264
62 161
110 209
129 228
52 151
146 245
180 279
19 118
53 152
124 223
95 194
169 268
151 250
176 275
80 179
124 223
57 156
197 296
73 172
111 210
181 280
16 115
85 184
118 217
138 237
136 235
163 262
189 288
128 227
22 121
164 263
22 121
174 273
91 190
106 205
43 142
60 159
129 228
82 181
57 156
73 172
5 104
138 237
1 100
170 269
67 166
5 104
34 133
81 180
182 281
118 217
110 209
158 257
85 184
31 130
28 127
74 173
113 212
22 121
0 99
42 141
87 186
25 124
121 220
69 168
104 203
184 283
181 280
185 284
12 111
153 252
62 161
11 110
55 154
20 119
161 260
68 167
184 283
59 158
25 124
91 190
133 232
61 160
173 272
80 179
11 110
140 239
3 102
49 148
101 200
177 276
162 261
109 208
139 238
133 232
76 175
116 215
171 270
122 221
131 230
172 271
101 200
133 232
91 190
16 115
57 156
195 294
167 266
92 191
48 147
175 274
15 114
98 197
23 122
19 118
102 201
45 144
2 101
12 111
95 194
53 152
11 110
163 262
87 186
31 130
86 185
45 144
137 236
79 178
123 222
43 142
196 295
5 104
130 229
165 264
189 288
164 263
103 202
191 290
184 283
159 258
50 149
123 222
35 134
129 228
138 237
21 120
49 148
156 255
53 152
112 211
151 250
28 127
59 158
31 130
119 218
181 280
142 241
85 184
79 178
189 288
61 160
172 271
172 271
110 209
9 108
138 237
42 141
162 261
14 113
188 287
124 223
24 123
54 153
29 128
60 159
103 202
105 204
36 135
8 107
156 255
124 223
10 109
141 240
119 218
52 151
159 258
179 278
11 110
26 125
1 100
158 257
82 181
185 284
62 161
9 108
178 277
62 161
148 247
96 195
71 170
173 272
176 275
134 233
45 144
112 211
108 207
194 293
176 275
78 177
114 213
43 142
161 260
184 283
138 237
79 178
96 195
168 267
20 119
135 234
113 212
165 264
90 189
108 207
164 263
177 276
179 278
195 294
6 105
78 177
142 241
21 120
101 200
120 219
13 112
192 291
189 288
114 213
142 241
194 293
124 223
24 123
169 268
108 207
16 115
50 149
65 164
188 287
116 215
182 281
175 274
107 206
24 123
175 274
74 173
60 159
56 155
149 248
71 170
152 251
190 289
71 170
129 228
115 214
195 294
5 104
75 174
105 204
134 233
27 126
52 151
169 268
70 169
177 276
78 177
20 119
145 244
184 283
43 142
58 157
160 259
173 272
5 104
54 153
0 99
72 171
79 178
98 197
110 209
177 276
116 215
22 121
75 174
147 246
183 282
170 269
34 133
148 247
102 201
66 165
121 220
151 250
164 263
170 269
56 155
101 200
38 137
155 254
90 189
100 199
84 183
25 124
81 180
55 154
56 155
180 279
181 280
183 282
116 215
18 117
168 267
162 261
12 111
138 237
104 203
138 237
170 269
66 165
13 112
176 275
52 151
189 288
94 193
130 229
29 128
61 160
39 138
33 132
136 235
50 149
116 215
171 270
117 216
138 237
156 255
195 294
142 241
15 114
60 159
136 235
47 146
187 286
181 280
107 206
93 192
105 204
125 224
162 261
67 166
73 172
197 296
61 160
99 198
78 177
77 176
76 175
87 186
182 281
94 193
105 204
113 212
172 271
102 201
89 188
136 235
194 293
8 107
160 259
47 146
89 188
51 150
195 294
88 187
64 163
146 245
121 220
68 167
99 198
163 262
1 100
61 160
174 273
36 135
9 108
28 127
131 230
97 196
95 194
117 216
188 287
115 214
185 284
12 111
13 112
170 269
41 140
193 292
81 180
68 167
172 271
149 248
197 296
197 296
122 221
90 189
88 187
41 140
122 221
28 127
57 156
168 267
181 280
154 253
176 275
170 269
103 202
129 228
2 101
116 215
134 233
14 113
80 179
169 268
28 127
158 257
66 165
32 131
25 124
173 272
98 197
147 246
131 230
25 124
159 258
137 236
159 258
105 204
120 219
104 203
110 209
115 214
148 247
137 236
134 233
76 175
128 227
68 167
132 231
163 262
8 107
133 232
93 192
50 149
188 287
16 115
102 201
145 244
146 245
39 138
18 117
31 130
52 151
143 242
56 155
14 113
138 237
159 258
81 180
83 182
40 139
28 127
179 278
160 259
184 283
194 293
110 209
137 236
187 286
142 241
188 287
84 183
80 179
91 190
86 185
134 233
88 187
176 275
99 198
96 195
196 295
142 241
56 155
100 199
85 184
158 257
48 147
91 190
1 100
61 160
190 289
52 151
129 228
186 285
42 141
27 126
14 113
102 201
183 282
125 224
78 177
152 251
68 167
96 195
142 241
12 111
9 108
59 158
182 281
42 141
191 290
162 261
118 217
105 204
190 289
28 127
101 200
52 151
102 201
72 171
10 109
119 218
101 200
87 186
119 218
145 244
180 279
124 223
102 201
147 246
136 235
93 192
129 228
197 296
158 257
79 178
187 286
157 256
47 146
91 190
132 231
54 153
6 105
45 144
128 227
154 253
167 266
174 273
90 189
118 217
163 262
109 208
163 262
22 121
129 228
97 196
34 133
124 223
61 160
124 223
148 247
114 213
112 211
39 138
133 232
16 115
93 192
68 167
53 152
91 190
20 119
196 295
191 290
111 210
185 284
162 261
90 189
26 125
27 126
86 185
52 151
119 218
159 258
3 102
19 118
168 267
193 292
79 178
72 171
28 127
65 164
99 198
88 187
53 152
68 167
186 285
197 296
104 203
75 174
116 215
128 227
13 112
189 288
139 238
180 279
116 215
131 230
157 256
149 248
3 102
147 246
137 236
81 180
129 228
89 188
190 289
35 134
16 115
79 178
189 288
148 247
177 276
109 208
78 177
57 156
4 103
4 103
148 247
57 156
81 180
155 254
21 120
142 241
91 190
16 115
105 204
153 252
48 147
158 257
124 223
169 268
142 241
122 221
191 290
112 211
34 133
25 124
119 218
78 177
71 170
12 111
183 282
62 161
103 202
109 208
130 229
163 262
117 216
3 102
90 189
20 119
54 153
196 295
75 174
21 120
59 158
128 227
37 136
157 256
29 128
161 260
38 137
130 229
175 274
39 138
117 216
100 199
84 183
113 212
104 203
129 228
69 168
97 196
106 205
77 176
159 258
191 290
64 163
119 218
120 219
136 235
72 171
30 129
152 251
77 176
99 198
195 294
104 203
54 153
42 141
54 153
137 236
147 246
175 274
72 171
194 293
138 237
20 119
13 112
105 204
82 181
186 285
44 143
74 173
188 287
104 203
36 135
167 266
76 175
27 126
182 281
44 143
13 112
53 152
178 277
15 114
57 156
85 184
143 242
141 240
57 156
168 267
82 181
79 178
101 200
13 112
191 290
24 123
161 260
178 277
136 235
41 140
155 254
32 131
18 117
142 241
45 144
32 131
84 183
171 270
52 151
94 193
182 281
94 193
82 181
32 131
132 231
100 199
17 116
62 161
119 218
119 218
172 271
44 143
104 203
13 112
48 147
122 221
9 108
127 226
31 130
111 210
78 177
78 177
193 292
78 177
63 162
58 157
161 260
133 232
3 102
30 129
157 256
2 101
125 224
116 215
193 292
134 233
68 167
80 179
143 242
83 182
38 137
83 182
129 228
132 231
70 169
38 137
67 166
15 114
58 157
132 231
55 154
197 296
76 175
107 206
121 220
23 122
76 175
162 261
151 250
181 280
181 280
172 271
82 181
108 207
87 186
153 252
7 106
135 234
165 264
36 135
27 126
35 134
132 231
151 250
171 270
76 175
190 289
130 229
193 292
104 203
122 221
128 227
94 193
168 267
114 213
23 122
64 163
40 139
89 188
156 255
82 181
34 133
10 109
124 223
193 292
81 180
54 153
48 147
12 111
194 293
75 174
0 99
40 139
190 289
34 133
130 229
115 214
22 121
61 160
26 125
85 184
103 202
20 119
130 229
111 210
175 274
50 149
111 210
178 277
60 159
133 232
98 197
57 156
71 170
126 225
193 292
175 274
143 242
187 286
180 279
29 128
95 194
96 195
51 150
73 172
176 275
67 166
63 162
141 240
57 156
144 243
61 160
156 255
99 198
27 126
130 229
144 243
116 215
186 285
78 177
110 209
39 138
4 103
176 275
95 194
124 223
171 270
178 277
43 142
43 142
18 117
146 245
159 258
11 110
84 183
174 273
18 117
146 245
54 153
33 132
168 267
74 173
22 121
83 182
171 270
60 159
61 160
154 253
27 126
159 258
126 225
87 186
128 227
193 292
23 122
8 107
155 254
111 210
21 120
96 195
179 278
186 285
114 213
109 208
60 159
88 187
143 242
129 228
149 248
44 143
153 252
41 140
40 139
9 108
44 143
151 250
60 159
146 245
42 141
95 194
128 227
14 113
143 242
63 162
176 275
155 254
181 280
138 237
90 189
83 182
158 257
64 163
60 159
121 220
65 164
72 171
187 286
9 108
21 120
152 251
93 192
23 122
21 120
22 121
74 173
124 223
22 121
96 195
189 288
182 281
1 100
12 111
131 230
2 101
79 178
44 143
57 156
114 213
162 261
3 102
71 170
154 253
70 169
24 123
6 105
57 156
23 122
12 111
97 196
133 232
176 275
149 248
47 146
125 224
38 137
94 193
104 203
72 171
135 234
150 249
152 251
63 162
79 178
165 264
49 148
35 134
32 131
96 195
177 276
16 115
53 152
37 136
8 107
134 233
154 253
50 149
124 223
94 193
22 121
127 226
72 171
19 118
34 133
154 253
60 159
46 145
173 272
129 228
10 109
15 114
161 260
78 177
53 152
130 229
86 185
187 286
36 135
96 195
27 126
167 266
177 276
172 271
84 183
164 263
71 170
25 124
23 122
71 170
110 209
70 169
54 153
145 244
188 287
40 139
88 187
194 293
193 292
169 268
48 147
123 222
154 253
13 112
121 220
96 195
115 214
131 230
188 287
63 162
156 255
48 147
189 288
148 247
139 238
18 117
72 171
64 163
2 101
114 213
23 122
186 285
165 264
88 187
67 166
134 233
175 274
48 147
141 240
109 208
112 211
173 272
19 118
76 175
120 219
93 192
100 199
139 238
76 175
66 165
186 285
78 177
166 265
144 243
40 139
190 289
104 203
149 248
95 194
92 191
15 114
124 223
70 169
28 127
54 153
119 218
70 169
138 237
146 245
94 193
153 252
24 123
15 114
53 152
167 266
95 194
40 139
120 219
0 99
50 149
175 274
197 296
143 242
149 248
124 223
47 146
79 178
175 274
114 213
195 294
154 253
14 113
53 152
80 179
60 159
168 267
114 213
196 295
85 184
89 188
165 264
52 151
171 270
122 221
86 185
108 207
181 280
173 272
11 110
53 152
38 137
160 259
196 295
100 199
75 174
51 150
160 259
68 167
19 118
20 119
145 244
27 126
4 103
149 248
5 104
145 244
31 130
123 222
69 168
161 260
125 224
144 243
133 232
179 278
131 230
95 194
51 150
162 261
143 242
4 103
37 136
5 104
184 283
125 224
94 193
96 195
117 216
179 278
78 177
96 195
141 240
192 291
90 189
167 266
100 199
157 256
149 248
126 225
119 218
57 156
174 273
95 194
86 185
139 238
179 278
182 281
139 238
33 132
110 209
3 102
60 159
190 289
191 290
56 155
87 186
60 159
186 285
197 296
149 248
113 212
12 111
185 284
183 282
164 263
105 204
50 149
172 271
84 183
143 242
44 143
38 137
93 192
190 289
191 290
106 205
16 115
8 107
105 204
186 285
10 109
134 233
133 232
45 144
120 219
56 155
133 232
192 291
102 201
72 171
179 278
9 108
117 216
178 277
187 286
61 160
38 137
83 182
186 285
164 263
3 102
27 126
88 187
116 215
58 157
162 261
26 125
127 226
123 222
124 223
102 201
117 216
88 187
9 108
19 118
174 273
50 149
68 167
186 285
61 160
148 247
121 220
40 139
188 287
5 104
142 241
194 293
111 210
38 137
174 273
37 136
137 236
35 134
162 261
189 288
184 283
163 262
119 218
85 184
77 176
150 249
101 200
63 162
72 171
194 293
26 125
131 230
105 204
73 172
135 234
76 175
95 194
187 286
182 281
142 241
196 295
172 271
152 251
62 161
124 223
118 217
55 154
46 145
120 219
53 152
51 150
81 180
100 199
106 205
119 218
193 292
117 216
63 162
98 197
157 256
191 290
27 126
29 128
111 210
70 169
31 130
11 110
109 208
148 247
119 218
129 228
8 107
157 256
7 106
110 209
16 115
109 208
42 141
40 139
6 105
96 195
135 234
102 201
17 116
138 237
88 187
173 272
92 191
24 123
170 269
102 201
30 129
43 142
101 200
144 243
171 270
160 259
30 129
171 270
11 110
191 290
179 278
118 217
26 125
120 219
61 160
168 267
93 192
70 169
183 282
99 198
85 184
170 269
197 296
92 191
183 282
187 286
122 221
155 254
51 150
88 187
73 172
141 240
27 126
48 147
136 235
168 267
65 164
193 292
132 231
185 284
5 104
192 291
46 145
66 165
75 174
163 262
64 163
167 266
133 232
148 247
131 230
129 228
85 184
19 118
109 208
116 215
71 170
99 198
163 262
60 159
5 104
99 198
140 239
70 169
191 290
111 210
137 236
145 244
140 239
46 145
44 143
193 292
159 258
144 243
56 155
23 122
131 230
95 194
141 240
15 114
111 210
125 224
92 191
45 144
183 282
165 264
65 164
181 280
80 179
25 124
145 244
144 243
35 134
95 194
172 271
11 110
35 134
150 249
127 226
177 276
96 195
75 174
3 102
137 236
161 260
3 102
67 166
125 224
86 185
123 222
142 241
14 113
90 189
19 118
160 259
78 177
9 108
179 278
85 184
106 205
55 154
145 244
144 243
59 158
50 149
132 231
138 237
137 236
157 256
23 122
119 218
0 99
35 134
137 236
27 126
13 112
148 247
14 113
180 279
153 252
158 257
47 146
16 115
68 167
115 214
125 224
166 265
44 143
13 112
39 138
65 164
85 184
168 267
92 191
172 271
191 290
84 183
162 261
110 209
130 229
68 167
27 126
29 128
40 139
102 201
72 171
134 233
22 121
159 258
174 273
187 286
110 209
38 137
66 165
144 243
181 280
14 113
180 279
81 180
28 127
105 204
63 162
170 269
183 282
39 138
32 131
18 117
91 190
194 293
123 222
106 205
173 272
126 225
17 116
196 295
136 235
178 277
33 132
168 267
93 192
32 131
94 193
158 257
158 257
96 195
89 188
101 200
20 119
95 194
136 235
127 226
36 135
65 164
139 238
156 255
106 205
96 195
34 133
195 294
125 224
48 147
27 126
169 268
118 217
19 118
89 188
87 186
154 253
156 255
55 154
176 275
101 200
29 128
81 180
192 291
3 102
184 283
104 203
38 137
107 206
184 283
101 200
134 233
18 117
151 250
137 236
77 176
170 269
47 146
168 267
181 280
87 186
62 161
38 137
30 129
32 131
156 255
193 292
119 218
179 278
136 235
11 110
159 258
173 272
90 189
76 175
44 143
196 295
131 230
168 267
13 112
72 171
61 160
183 282
44 143
58 157
20 119
119 218
61 160
139 238
35 134
152 251
91 190
108 207
192 291
88 187
97 196
14 113
92 191
177 276
114 213
122 221
190 289
194 293
123 222
96 195
1 100
151 250
5 104
109 208
53 152
117 216
1 100
141 240
90 189
155 254
45 144
185 284
16 115
34 133
7 106
45 144
95 194
63 162
108 207
69 168
130 229
32 131
86 185
89 188
122 221
53 152
84 183
42 141
113 212
180 279
111 210
96 195
192 291
99 198
114 213
132 231
16 115
139 238
6 105
169 268
163 262
116 215
61 160
61 160
93 192
152 251
32 131
58 157
37 136
3 102
182 281
64 163
101 200
82 181
50 149
113 212
194 293
156 255
5 104
144 243
41 140
140 239
29 128
65 164
196 295
78 177
10 109
134 233
174 273
43 142
178 277
72 171
102 201
152 251
60 159
151 250
103 202
18 117
140 239
63 162
191 290
69 168
75 174
112 211
36 135
18 117
36 135
102 201
165 264
8 107
29 128
39 138
94 193
13 112
112 211
31 130
43 142
195 294
62 161
148 247
53 152
46 145
133 232
100 199
57 156
63 162
47 146
161 260
83 182
132 231
93 192
138 237
53 152
78 177
77 176
126 225
30 129
83 182
66 165
47 146
182 281
167 266
79 178
45 144
64 163
56 155
53 152
20 119
25 124
82 181
130 229
77 176
162 261
104 203
161 260
44 143
132 231
70 169
22 121
162 261
62 161
25 124
119 218
167 266
152 251
123 222
61 160
71 170
58 157
24 123
152 251
34 133
176 275
164 263
163 262
151 250
166 265
143 242
118 217
77 176
116 215
78 177
137 236
52 151
189 288
190 289
39 138
88 187
102 201
160 259
145 244
166 265
193 292
55 154
0 99
53 152
151 250
172 271
67 166
141 240
15 114
67 166
45 144
179 278
6 105
95 194
112 211
177 276
134 233
22 121
139 238
168 267
124 223
55 154
122 221
4 103
129 228
179 278
81 180
5 104
166 265
55 154
160 259
57 156
149 248
49 148
149 248
65 164
138 237
55 154
196 295
165 264
120 219
162 261
193 292
21 120
54 153
188 287
50 149
146 245
78 177
185 284
139 238
137 236
72 171
82 181
159 258
97 196
167 266
47 146
44 143
149 248
124 223
161 260
161 260
151 250
170 269
195 294
49 148
99 198
82 181
73 172
121 220
98 197
165 264
160 259
168 267
9 108
142 241
5 104
69 168
71 170
141 240
73 172
139 238
1 100
37 136
38 137
124 223
161 260
105 204
108 207
120 219
184 283
155 254
41 140
38 137
71 170
166 265
128 227
83 182
43 142
41 140
187 286
8 107
27 126
145 244
88 187
99 198
8 107
82 181
58 157
109 208
17 116
109 208
42 141
22 121
73 172
88 187
31 130
55 154
81 180
106 205
77 176
125 224
16 115
126 225
100 199
128 227
172 271
135 234
86 185
90 189
3 102
194 293
156 255
61 160
184 283
189 288
122 221
50 149
67 166
140 239
179 278
16 115
40 139
177 276
160 259
77 176
116 215
45 144
119 218
25 124
96 195
12 111
194 293
59 158
124 223
118 217
80 179
143 242
176 275
159 258
75 174
138 237
193 292
34 133
184 283
195 294
112 211
21 120
140 239
109 208
127 226
5 104
187 286
12 111
167 266
172 271
150 249
189 288
196 295
41 140
64 163
25 124
53 152
101 200
153 252
167 266
145 244
24 123
91 190
131 230
176 275
97 196
93 192
159 258
155 254
99 198
76 175
109 208
38 137
171 270
50 149
0 99
120 219
133 232
111 210
185 284
125 224
147 246
130 229
51 150
48 147
196 295
142 241
140 239
143 242
136 235
97 196
164 263
56 155
119 218
98 197
132 231
134 233
22 121
152 251
43 142
186 285
119 218
4 103
65 164
95 194
45 144
170 269
171 270
34 133
74 173
98 197
186 285
156 255
149 248
5 104
122 221
18 117
60 159
193 292
182 281
158 257
23 122
124 223
173 272
129 228
163 262
10 109
64 163
79 178
101 200
30 129
108 207
76 175
95 194
143 242
139 238
127 226
51 150
129 228
176 275
25 124
22 121
197 296
163 262
177 276
85 184
129 228
188 287
148 247
168 267
56 155
165 264
142 241
128 227
49 148
172 271
29 128
148 247
103 202
16 115
150 249
1 100
150 249
140 239
107 206
61 160
153 252
119 218
140 239
191 290
116 215
75 174
45 144
18 117
144 243
14 113
10 109
78 177
20 119
155 254
89 188
56 155
28 127
151 250
31 130
101 200
16 115
44 143
185 284
184 283
95 194
175 274
108 207
38 137
153 252
119 218
121 220
86 185
197 296
127 226
21 120
120 219
105 204
60 159
79 178
158 257
51 150
74 173
144 243
6 105
82 181
171 270
66 165
146 245
141 240
93 192
48 147
3 102
49 148
86 185
49 148
68 167
138 237
56 155
191 290
13 112
154 253
104 203
0 99
171 270
160 259
5 104
167 266
7 106
196 295
105 204
40 139
67 166
5 104
33 132
163 262
18 117
28 127
70 169
136 235
128 227
139 238
30 129
104 203
45 144
25 124
130 229
179 278
70 169
187 286
154 253
141 240
30 129
37 136
14 113
120 219
39 138
4 103
180 279
34 133
162 261
104 203
89 188
185 284
149 248
17 116
180 279
193 292
12 111
3 102
83 182
130 229
52 151
53 152
87 186
45 144
88 187
190 289
144 243
150 249
72 171
6 105
188 287
85 184
126 225
26 125
67 166
182 281
176 275
165 264
138 237
179 278
98 197
3 102
78 177
35 134
119 218
168 267
150 249
50 149
132 231
0 99
66 165
50 149
42 141
14 113
58 157
78 177
111 210
25 124
88 187
151 250
91 190
94 193
164 263
143 242
6 105
140 239
191 290
95 194
122 221
115 214
110 209
7 106
14 113
87 186
169 268
36 135
155 254
43 142
95 194
63 162
1 100
83 182
105 204
181 280
78 177
22 121
88 187
104 203
79 178
49 148
177 276
22 121
61 160
16 115
46 145
30 129
83 182
82 181
99 198
4 103
26 125
72 171
83 182
132 231
69 168
144 243
119 218
57 156
162 261
10 109
78 177
81 180
193 292
172 271
166 265
57 156
50 149
4 103
150 249
100 199
142 241
105 204
157 256
158 257
140 239
52 151
10 109
148 247
121 220
120 219
95 194
122 221
107 206
144 243
80 179
7 106
65 164
82 181
58 157
132 231
110 209
165 264
173 272
2 101
45 144
178 277
77 176
197 296
89 188
161 260
46 145
158 257
65 164
119 218
102 201
194 293
99 198
32 131
76 175
129 228
78 177
58 157
111 210
147 246
37 136
195 294
65 164
94 193
183 282
156 255
71 170
31 130
162 261
110 209
155 254
53 152
13 112
25 124
131 230
86 185
9 108
114 213
106 205
158 257
68 167
76 175
101 200
86 185
96 195
170 269
148 247
92 191
164 263
151 250
125 224
175 274
24 123
45 144
107 206
69 168
47 146
108 207
67 166
130 229
191 290
150 249
67 166
120 219
20 119
21 120
177 276
42 141
13 112
195 294
84 183
120 219
166 265
56 155
189 288
57 156
58 157
139 238
167 266
69 168
51 150
37 136
0 99
193 292
46 145
45 144
65 164
172 271
121 220
172 271
83 182
137 236
16 115
39 138
50 149
146 245
20 119
84 183
103 202
19 118
33 132
159 258
86 185
195 294
70 169
94 193
103 202
41 140
79 178
191 290
186 285
166 265
159 258
91 190
191 290
98 197
141 240
88 187
132 231
162 261
172 271
22 121
65 164
77 176
97 196
105 204
112 211
80 179
62 161
7 106
91 190
159 258
45 144
153 252
196 295
162 261
193 292
95 194
164 263
123 222
16 115
109 208
64 163
42 141
4 103
184 283
3 102
192 291
159 258
14 113
83 182
12 111
152 251
7 106
122 221
90 189
156 255
8 107
15 114
2 101
20 119
19 118
195 294
153 252
40 139
41 140
74 173
131 230
185 284
7 106
154 253
112 211
117 216
158 257
190 289
115 214
58 157
122 221
80 179
105 204
68 167
29 128
18 117
111 210
159 258
68 167
163 262
107 206
154 253
33 132
162 261
114 213
164 263
84 183
188 287
144 243
6 105
74 173
138 237
90 189
78 177
19 118
3 102
38 137
1 100
147 246
165 264
154 253
134 233
103 202
27 126
56 155
162 261
57 156
135 234
182 281
18 117
135 234
162 261
18 117
139 238
13 112
87 186
95 194
68 167
161 260
25 124
6 105
105 204
156 255
165 264
108 207
130 229
110 209
22 121
9 108
132 231
14 113
68 167
137 236
188 287
58 157
29 128
145 244
189 288
3 102
47 146
155 254
26 125
49 148
96 195
24 123
9 108
97 196
184 283
134 233
17 116
137 236
179 278
144 243
121 220
89 188
24 123
142 241
150 249
62 161
177 276
114 213
40 139
12 111
112 211
142 241
151 250
103 202
4 103
71 170
176 275
59 158
14 113
109 208
123 222
188 287
178 277
115 214
139 238
112 211
157 256
156 255
42 141
161 260
28 127
61 160
163 262
33 132
179 278
146 245
44 143
11 110
1 100
24 123
155 254
81 180
41 140
83 182
109 208
16 115
140 239
140 239
121 220
162 261
165 264
20 119
122 221
124 223
57 156
26 125
41 140
105 204
146 245
40 139
20 119
156 255
110 209
109 208
174 273
150 249
8 107
45 144
183 282
90 189
110 209
54 153
18 117
130 229
44 143
197 296
154 253
16 115
175 274
89 188
165 264
5 104
179 278
156 255
164 263
146 245
22 121
131 230
186 285
8 107
80 179
118 217
64 163
154 253
103 202
142 241
169 268
37 136
113 212
112 211
54 153
8 107
95 194
61 160
57 156
164 263
158 257
129 228
72 171
22 121
139 238
193 292
114 213
118 217
166 265
122 221
62 161
111 210
147 246
130 229
28 127
8 107
155 254
148 247
193 292
177 276
98 197
112 211
161 260
9 108
71 170
137 236
16 115
133 232
27 126
68 167
12 111
9 108
111 210
19 118
122 221
130 229
98 197
78 177
194 293
85 184
192 291
50 149
75 174
13 112
137 236
96 195
176 275
42 141
42 141
21 120
118 217
110 209
117 216
186 285
93 192
146 245
121 220
57 156
98 197
155 254
113 212
180 279
64 163
0 99
58 157
7 106
47 146
130 229
73 172
3 102
41 140
78 177
110 209
43 142
180 279
148 247
182 281
128 227
43 142
23 122
76 175
119 218
86 185
148 247
32 131
49 148
108 207
133 232
82 181
98 197
116 215
36 135
37 136
144 243
111 210
153 252
119 218
116 215
23 122
78 177
37 136
195 294
97 196
112 211
121 220
5 104
104 203
139 238
144 243
90 189
63 162
133 232
109 208
75 174
9 108
77 176
145 244
123 222
27 126
191 290
37 136
120 219
142 241
166 265
129 228
151 250
94 193
168 267
68 167
177 276
98 197
41 140
105 204
188 287
128 227
70 169
12 111
104 203
49 148
32 131
93 192
159 258
163 262
92 191
188 287
48 147
11 110
114 213
47 146
147 246
58 157
195 294
192 291
142 241
44 143
123 222
41 140
83 182
19 118
3 102
122 221
175 274
163 262
28 127
90 189
21 120
156 255
88 187
144 243
195 294
183 282
69 168
110 209
51 150
86 185
43 142
5 104
74 173
78 177
159 258
34 133
103 202
62 161
131 230
73 172
23 122
123 222
153 252
37 136
171 270
186 285
16 115
98 197
4 103
142 241
97 196
153 252
52 151
171 270
187 286
194 293
150 249
114 213
101 200
128 227
123 222
138 237
55 154
63 162
92 191
18 117
8 107
106 205
43 142
110 209
186 285
53 152
181 280
119 218
164 263
39 138
192 291
191 290
20 119
67 166
108 207
38 137
2 101
9 108
72 171
7 106
35 134
115 214
149 248
84 183
13 112
106 205
103 202
168 267
141 240
24 123
7 106
109 208
109 208
45 144
84 183
81 180
176 275
175 274
189 288
119 218
76 175
34 133
60 159
149 248
154 253
109 208
182 281
56 155
20 119
123 222
141 240
100 199
11 110
107 206
148 247
188 287
30 129
5 104
166 265
197 296
104 203
153 252
97 196
183 282
9 108
125 224
143 242
122 221
155 254
154 253
45 144
11 110
193 292
79 178
42 141
80 179
71 170
170 269
90 189
27 126
77 176
89 188
17 116
126 225
6 105
110 209
168 267
61 160
123 222
139 238
165 264
139 238
118 217
159 258
177 276
72 171
1 100
9 108
179 278
181 280
136 235
113 212
19 118
69 168
115 214
190 289
19 118
154 253
130 229
127 226
1 100
65 164
7 106
75 174
110 209
69 168
66 165
164 263
170 269
27 126
190 289
126 225
66 165
116 215
119 218
92 191
149 248
8 107
133 232
80 179
95 194
38 137
61 160
52 151
149 248
90 189
154 253
155 254
82 181
65 164
195 294
170 269
160 259
57 156
125 224
20 119
14 113
177 276
70 169
104 203
18 117
179 278
120 219
73 172
2 101
152 251
53 152
76 175
44 143
188 287
12 111
114 213
8 107
116 215
65 164
55 154
62 161
87 186
90 189
196 295
43 142
183 282
62 161
192 291
61 160
35 134
164 263
75 174
39 138
44 143
12 111
15 114
34 133
59 158
185 284
144 243
117 216
132 231
62 161
37 136
26 125
101 200
32 131
98 197
20 119
166 265
144 243
74 173
42 141
74 173
111 210
60 159
9 108
166 265
55 154
148 247
21 120
176 275
171 270
11 110
89 188
186 285
103 202
101 200
78 177
164 263
149 248
183 282
178 277
4 103
6 105
118 217
147 246
81 180
137 236
32 131
154 253
112 211
68 167
49 148
196 295
72 171
55 154
173 272
187 286
109 208
12 111
130 229
72 171
3 102
115 214
45 144
168 267
91 190
113 212
97 196
41 140
25 124
90 189
60 159
153 252
121 220
101 200
10 109
50 149
168 267
137 236
95 194
17 116
166 265
25 124
121 220
42 141
147 246
140 239
26 125
185 284
169 268
172 271
23 122
124 223
57 156
57 156
127 226
120 219
102 201
105 204
165 264
44 143
18 117
159 258
54 153
197 296
70 169
109 208
1 100
24 123
84 183
61 160
176 275
194 293
132 231
47 146
32 131
173 272
80 179
121 220
64 163
172 271
18 117
19 118
98 197
62 161
77 176
195 294
56 155
142 241
150 249
128 227
63 162
92 191
152 251
46 145
58 157
136 235
122 221
96 195
108 207
151 250
87 186
3 102
26 125
22 121
23 122
15 114
120 219
51 150
188 287
162 261
103 202
105 204
164 263
2 101
114 213
45 144
180 279
147 246
170 269
28 127
89 188
168 267
47 146
130 229
168 267
19 118
51 150
18 117
29 128
138 237
55 154
1 100
25 124
174 273
137 236
74 173
125 224
90 189
26 125
26 125
172 271
24 123
13 112
109 208
138 237
34 133
180 279
39 138
43 142
131 230
26 125
101 200
121 220
164 263
144 243
122 221
15 114
71 170
33 132
183 282
42 141
165 264
140 239
52 151
178 277
132 231
109 208
129 228
188 287
57 156
157 256
143 242
81 180
19 118
113 212
17 116
75 174
195 294
170 269
41 140
174 273
196 295
95 194
150 249
15 114
145 244
140 239
130 229
196 295
29 128
169 268
42 141
166 265
15 114
118 217
97 196
31 130
127 226
149 248
137 236
58 157
183 282
127 226
128 227
104 203
31 130
41 140
152 251
98 197
121 220
75 174
191 290
191 290
115 214
186 285
102 201
51 150
0 99
118 217
124 223
90 189
1 100
97 196
66 165
142 241
121 220
90 189
141 240
170 269
88 187
25 124
111 210
169 268
142 241
152 251
82 181
150 249
60 159
181 280
41 140
53 152
196 295
96 195
114 213
73 172
66 165
65 164
167 266
57 156
123 222
4 103
94 193
184 283
60 159
42 141
92 191
142 241
184 283
0 99
75 174
51 150
152 251
57 156
146 245
104 203
132 231
55 154
174 273
140 239
71 170
56 155
26 125
161 260
63 162
62 161
160 259
10 109
165 264
92 191
167 266
3 102
142 241
129 228
52 151
59 158
17 116
72 171
156 255
191 290
166 265
40 139
90 189
117 216
82 181
124 223
104 203
75 174
116 215
102 201
55 154
194 293
97 196
101 200
74 173
2 101
110 209
25 124
81 180
55 154
69 168
78 177
113 212
149 248
152 251
69 168
104 203
92 191
138 237
196 295
47 146
101 200
187 286
191 290
187 286
137 236
21 120
15 114
147 246
65 164
155 254
17 116
37 136
62 161
37 136
61 160
137 236
192 291
166 265
128 227
125 224
15 114
129 228
181 280
61 160
56 155
84 183
163 262
173 272
172 271
124 223
158 257
157 256
94 193
106 205
109 208
175 274
127 226
129 228
3 102
120 219
54 153
135 234
52 151
168 267
104 203
19 118
163 262
194 293
164 263
106 205
11 110
167 266
175 274
56 155
36 135
44 143
115 214
188 287
129 228
77 176
114 213
11 110
50 149
197 296
7 106
179 278
122 221
18 117
180 279
44 143
140 239
12 111
176 275
50 149
147 246
136 235
114 213
136 235
127 226
186 285
9 108
31 130
119 218
70 169
44 143
133 232
30 129
13 112
159 258
188 287
151 250
15 114
162 261
159 258
173 272
38 137
178 277
111 210
65 164
135 234
17 116
81 180
111 210
69 168
140 239
12 111
84 183
191 290
195 294
55 154
38 137
44 143
4 103
193 292
36 135
67 166
104 203
139 238
152 251
68 167
135 234
123 222
66 165
122 221
160 259
44 143
23 122
13 112
5 104
192 291
128 227
155 254
168 267
32 131
144 243
71 170
28 127
181 280
40 139
137 236
67 166
181 280
182 281
6 105
192 291
98 197
4 103
12 111
83 182
108 207
58 157
159 258
112 211
81 180
7 106
104 203
163 262
103 202
184 283
164 263
193 292
155 254
122 221
75 174
91 190
115 214
148 247
168 267
78 177
167 266
188 287
76 175
30 129
116 215
196 295
94 193
139 238
39 138
91 190
134 233
189 288
148 247
119 218
125 224
8 107
100 199
54 153
157 256
90 189
87 186
194 293
100 199
7 106
176 275
184 283
77 176
144 243
182 281
147 246
121 220
41 140
77 176
126 225
19 118
124 223
0 99
59 158
157 256
24 123
108 207
57 156
135 234
127 226
67 166
113 212
102 201
100 199
111 210
104 203
122 221
138 237
66 165
29 128
121 220
141 240
24 123
54 153
53 152
24 123
37 136
88 187
80 179
169 268
159 258
192 291
1 100
151 250
83 182
28 127
142 241
136 235
195 294
182 281
155 254
135 234
101 200
172 271
41 140
41 140
6 105
110 209
24 123
106 205
117 216
89 188
157 256
87 186
83 182
69 168
4 103
60 159
67 166
128 227
22 121
109 208
23 122
125 224
54 153
62 161
164 263
29 128
124 223
3 102
140 239
0 99
99 198
20 119
10 109
100 199
6 105
193 292
20 119
161 260
102 201
115 214
151 250
144 243
60 159
35 134
29 128
132 231
105 204
68 167
71 170
160 259
125 224
103 202
50 149
57 156
19 118
53 152
96 195
123 222
76 175
62 161
162 261
58 157
40 139
182 281
27 126
55 154
122 221
152 251
111 210
175 274
25 124
161 260
72 171
95 194
144 243
135 234
61 160
76 175
163 262
50 149
16 115
41 140
184 283
195 294
0 99
76 175
131 230
50 149
53 152
102 201
9 108
56 155
27 126
98 197
15 114
143 242
19 118
110 209
73 172
87 186
34 133
161 260
1 100
147 246
39 138
62 161
181 280
148 247
10 109
197 296
15 114
120 219
62 161
146 245
93 192
130 229
12 111
145 244
103 202
179 278
192 291
102 201
54 153
175 274
15 114
59 158
196 295
129 228
1 100
63 162
145 244
36 135
87 186
109 208
114 213
148 247
47 146
155 254
121 220
190 289
50 149
170 269
149 248
15 114
141 240
80 179
15 114
110 209
164 263
154 253
150 249
2 101
175 274
72 171
94 193
76 175
192 291
39 138
196 295
129 228
81 180
156 255
44 143
112 211
197 296
148 247
19 118
81 180
2 101
13 112
92 191
117 216
135 234
194 293
39 138
3 102
189 288
148 247
30 129
173 272
2 101
0 99
164 263
48 147
156 255
193 292
92 191
42 141
68 167
8 107
111 210
20 119
31 130
155 254
179 278
189 288
44 143
113 212
192 291
46 145
128 227
143 242
118 217
125 224
97 196
71 170
175 274
128 227
134 233
103 202
80 179
0 99
22 121
188 287
43 142
90 189
101 200
176 275
144 243
69 168
147 246
20 119
5 104
65 164
157 256
37 136
162 261
53 152
51 150
180 279
3 102
131 230
77 176
31 130
136 235
174 273
82 181
63 162
188 287
153 252
158 257
45 144
93 192
159 258
195 294
18 117
52 151
58 157
94 193
47 146
109 208
169 268
191 290
111 210
85 184
174 273
80 179
15 114
5 104
136 235
41 140
124 223
82 181
87 186
140 239
165 264
182 281
113 212
28 127
164 263
49 148
163 262
59 158
101 200
142 241
183 282
148 247
14 113
168 267
148 247
107 206
112 211
180 279
79 178
53 152
57 156
94 193
110 209
126 225
44 143
27 126
100 199
97 196
77 176
146 245
55 154
93 192
193 292
24 123
170 269
162 261
116 215
150 249
27 126
195 294
65 164
115 214
68 167
189 288
55 154
116 215
175 274
112 211
138 237
95 194
179 278
171 270
172 271
20 119
23 122
87 186
44 143
8 107
117 216
165 264
186 285
170 269
116 215
162 261
133 232
159 258
147 246
83 182
130 229
74 173
127 226
72 171
8 107
149 248
73 172
80 179
175 274
158 257
87 186
145 244
128 227
160 259
84 183
0 99
68 167
79 178
30 129
106 205
153 252
152 251
151 250
79 178
150 249
59 158
124 223
46 145
11 110
13 112
125 224
159 258
61 160
16 115
69 168
122 221
194 293
102 201
152 251
108 207
100 199
60 159
37 136
191 290
148 247
111 210
16 115
92 191
155 254
147 246
105 204
122 221
55 154
92 191
7 106
17 116
188 287
166 265
50 149
0 99
152 251
103 202
92 191
6 105
64 163
154 253
188 287
105 204
62 161
11 110
178 277
51 150
133 232
173 272
156 255
114 213
178 277
31 130
105 204
79 178
48 147
194 293
108 207
29 128
5 104
7 106
132 231
97 196
97 196
193 292
101 200
137 236
8 107
183 282
71 170
174 273
188 287
85 184
2 101
122 221
41 140
170 269
101 200
84 183
18 117
74 173
133 232
92 191
15 114
58 157
173 272
0 99
74 173
162 261
19 118
100 199
152 251
17 116
71 170
17 116
96 195
141 240
8 107
114 213
59 158
131 230
197 296
74 173
65 164
134 233
50 149
69 168
103 202
165 264
38 137
145 244
131 230
31 130
16 115
100 199
76 175
176 275
3 102
29 128
112 211
18 117
83 182
182 281
47 146
159 258
173 272
142 241
139 238
24 123
96 195
95 194
17 116
105 204
176 275
168 267
87 186
112 211
7 106
152 251
172 271
192 291
163 262
45 144
68 167
24 123
2 101
177 276
196 295
126 225
119 218
190 289
144 243
37 136
182 281
5 104
97 196
128 227
184 283
106 205
24 123
127 226
35 134
15 114
93 192
59 158
100 199
156 255
87 186
68 167
46 145
165 264
94 193
177 276
48 147
138 237
184 283
101 200
154 253
104 203
118 217
16 115
136 235
13 112
146 245
140 239
91 190
170 269
19 118
162 261
167 266
181 280
15 114
81 180
172 271
142 241
164 263
94 193
103 202
21 120
23 122
63 162
97 196
45 144
145 244
172 271
125 224
23 122
18 117
75 174
136 235
57 156
0 99
71 170
13 112
67 166
184 283
139 238
166 265
19 118
41 140
111 210
79 178
6 105
15 114
2 101
22 121
120 219
186 285
163 262
176 275
104 203
85 184
39 138
127 226
27 126
66 165
38 137
126 225
86 185
47 146
57 156
11 110
107 206
131 230
32 131
7 106
22 121
58 157
34 133
144 243
56 155
19 118
31 130
108 207
57 156
12 111
96 195
40 139
197 296
134 233
149 248
69 168
120 219
14 113
90 189
157 256
48 147
132 231
130 229
32 131
60 159
118 217
77 176
49 148
64 163
5 104
10 109
105 204
127 226
43 142
156 255
142 241
179 278
42 141
17 116
108 207
118 217
79 178
36 135
44 143
3 102
25 124
173 272
131 230
68 167
44 143
30 129
146 245
16 115
38 137
104 203
87 186
103 202
139 238
157 256
140 239
26 125
37 136
163 262
27 126
37 136
103 202
48 147
102 201
176 275
35 134
150 249
12 111
92 191
47 146
140 239
160 259
87 186
50 149
128 227
124 223
88 187
20 119
1 100
30 129
129 228
193 292
68 167
140 239
98 197
195 294
73 172
180 279
86 185
33 132
165 264
38 137
67 166
0 99
140 239
90 189
56 155
2 101
191 290
25 124
19 118
11 110
130 229
124 223
44 143
109 208
93 192
13 112
5 104
74 173
84 183
118 217
24 123
10 109
109 208
133 232
188 287
141 240
161 260
87 186
77 176
155 254
64 163
54 153
11 110
103 202
104 203
155 254
97 196
23 122
101 200
175 274
89 188
157 256
157 256
104 203
169 268
90 189
144 243
124 223
126 225
151 250
168 267
60 159
56 155
58 157
164 263
25 124
45 144
112 211
46 145
90 189
177 276
148 247
106 205
123 222
175 274
164 263
71 170
136 235
23 122
101 200
174 273
90 189
180 279
156 255
8 107
149 248
80 179
191 290
130 229
74 173
186 285
38 137
128 227
153 252
109 208
197 296
169 268
103 202
174 273
144 243
178 277
22 121
109 208
46 145
107 206
139 238
47 146
149 248
16 115
167 266
85 184
193 292
156 255
128 227
103 202
141 240
169 268
151 250
42 141
79 178
193 292
76 175
107 206
128 227
73 172
56 155
19 118
69 168
176 275
70 169
192 291
62 161
5 104
141 240
2 101
60 159
100 199
129 228
41 140
131 230
54 153
34 133
72 171
69 168
126 225
103 202
155 254
155 254
87 186
172 271
189 288
126 225
105 204
38 137
88 187
147 246
191 290
186 285
25 124
17 116
111 210
74 173
179 278
52 151
89 188
135 234
33 132
185 284
187 286
69 168
111 210
142 241
30 129
78 177
180 279
75 174
96 195
150 249
66 165
118 217
152 251
15 114
131 230
182 281
59 158
177 276
186 285
68 167
70 169
59 158
85 184
131 230
109 208
105 204
30 129
140 239
122 221
19 118
99 198
44 143
104 203
88 187
151 250
127 226
185 284
129 228
139 238
17 116
111 210
182 281
71 170
80 179
98 197
1 100
172 271
52 151
67 166
3 102
98 197
117 216
125 224
26 125
33 132
150 249
105 204
0 99
86 185
186 285
101 200
157 256
11 110
159 258
196 295
147 246
191 290
106 205
95 194
34 133
42;156504
27 126
5 104
144 243
132 231
97 196
82 181
114 213
69 168
105 204
90 189
156 255
28 127
167 266
140 239
132 231
73 172
36 135
120 219
31 130
62 161
150 249
172 271
143 242
4 103
186 285
176 275
12 111
101 200
112 211
0 99
100 199
49 148
138 237
185 284
108 207
125 224
175 274
187 286
156 255
169 268
175 274
137 236
46 145
81 180
106 205
6 105
101 200
71 170
136 235
78 177
145 244
186 285
139 238
150 249
197 296
190 289
39 138
123 222
104 203
145 244
89 188
160 259
18 117
184 283
142 241
35 134
110 209
102 201
173 272
46 145
75 174
164 263
157 256
90 189
19 118
131 230
81 180
162 261
14 113
196 295
168 267
56 155
19 118
23 122
0 99
93 192
120 219
91 190
30 129
137 236
92 191
21 120
88 187
90 189
94 193
197 296
0 99
190 289
117 216
15 114
109 208
192 291
11 110
194 293
21 120
15 114
116 215
109 208
184 283
123 222
96 195
197 296
90 189
53 152
95 194
113 212
110 209
139 238
140 239
52 151
103 202
155 254
21 120
40 139
61 160
56 155
94 193
151 250
92 191
0 99
196 295
130 229
161 260
164 263
84 183
148 247
44 143
9 108
51 150
95 194
45 144
170 269
180 279
93 192
119 218
117 216
109 208
105 204
141 240
130 229
146 245
97 196
47 146
129 228
53 152
129 228
164 263
154 253
28 127
174 273
73 172
159 258
16 115
65 164
141 240
109 208
155 254
44 143
147 246
22 121
27 126
37 136
175 274
174 273
121 220
35 134
123 222
8 107
10 109
64 163
25 124
149 248
195 294
59 158
0 99
190 289
23 122
70 169
79 178
93 192
94 193
109 208
124 223
109 208
95 194
143 242
151 250
182 281
47 146
124 223
74 173
180 279
186 285
43 142
182 281
82 181
117 216
122 221
84 183
44 143
159 258
125 224
140 239
104 203
124 223
27 126
71 170
41 140
142 241
127 226
42 141
35 134
118 217
108 207
18 117
143 242
46 145
81 180
98 197
170 269
64 163
150 249
114 213
175 274
196 295
77 176
137 236
84 183
184 283
84 183
173 272
77 176
153 252
67 166
48 147
180 279
148 247
15 114
113 212
17 116
64 163
29 128
23 122
79 178
194 293
111 210
120 219
153 252
111 210
167 266
20 119
44 143
63 162
40 139
54 153
71 170
55 154
192 291
64 163
109 208
175 274
3 102
176 275
174 273
49 148
63 162
155 254
111 210
13 112
79 178
186 285
62 161
56 155
96 195
104 203
3 102
105 204
11 110
111 210
183 282
173 272
136 235
116 215
72 171
131 230
158 257
132 231
33 132
134 233
90 189
187 286
182 281
78 177
143 242
95 194
112 211
94 193
95 194
41 140
174 273
114 213
22 121
169 268
176 275
137 236
39 138
157 256
60 159
134 233
195 294
94 193
160 259
162 261
65 164
164 263
111 210
127 226
163 262
14 113
66 165
186 285
24 123
60 159
10 109
136 235
46 145
81 180
129 228
120 219
100 199
183 282
31 130
186 285
179 278
21 120
33 132
56 155
69 168
136 235
58 157
190 289
115 214
178 277
117 216
128 227
149 248
31 130
78 177
179 278
150 249
32 131
39 138
163 262
18 117
8 107
110 209
141 240
107 206
122 221
187 286
18 117
140 239
143 242
149 248
95 194
19 118
189 288
193 292
110 209
10 109
33 132
122 221
133 232
74 173
32 131
43 142
111 210
27 126
176 275
73 172
94 193
12 111
34 133
123 222
95 194
41 140
108 207
25 124
73 172
53 152
98 197
189 288
35 134
40 139
183 282
10 109
150 249
168 267
124 223
29 128
125 224
152 251
97 196
18 117
77 176
151 250
100 199
155 254
93 192
151 250
55 154
19 118
24 123
3 102
142 241
99 198
8 107
124 223
172 271
7 106
178 277
35 134
180 279
32 131
0 99
141 240
56 155
122 221
160 259
124 223
46 145
55 154
120 219
16 115
74 173
104 203
111 210
46 145
18 117
122 221
123 222
69 168
176 275
80 179
11 110
113 212
93 192
191 290
14 113
191 290
64 163
143 242
4 103
74 173
149 248
153 252
97 196
176 275
48 147
114 213
137 236
93 192
195 294
82 181
194 293
38 137
51 150
141 240
174 273
89 188
7 106
95 194
141 240
63 162
134 233
116 215
191 290
137 236
59 158
85 184
104 203
54 153
0 99
27 126
156 255
157 256
162 261
89 188
146 245
52 151
160 259
161 260
75 174
25 124
44 143
156 255
98 197
48 147
5 104
1 100
101 200
151 250
149 248
5 104
128 227
86 185
23 122
149 248
41 140
181 280
129 228
126 225
102 201
65 164
137 236
105 204
46 145
34 133
1 100
52 151
133 232
135 234
8 107
1 100
145 244
28 127
126 225
39 138
93 192
98 197
62 161
12 111
137 236
39 138
18 117
2 101
171 270
140 239
60 159
30 129
5 104
2 101
150 249
11 110
193 292
21 120
144 243
6 105
158 257
155 254
77 176
178 277
113 212
14 113
144 243
130 229
182 281
24 123
92 191
31 130
23 122
185 284
145 244
115 214
77 176
131 230
104 203
12 111
163 262
95 194
35 134
181 280
122 221
131 230
147 246
94 193
149 248
94 193
171 270
78 177
171 270
143 242
136 235
177 276
29 128
170 269
56 155
91 190
7 106
17 116
157 256
11 110
20 119
9 108
162 261
36 135
61 160
68 167
21 120
72 171
12 111
175 274
117 216
178 277
53 152
131 230
130 229
90 189
83 182
12 111
9 108
189 288
169 268
180 279
195 294
58 157
177 276
127 226
133 232
94 193
8 107
120 219
157 256
15 114
183 282
34 133
157 256
169 268
71 170
107 206
59 158
177 276
133 232
134 233
54 153
9 108
194 293
133 232
73 172
66 165
11 110
184 283
134 233
63 162
80 179
48 147
8 107
118 217
48 147
75 174
97 196
104 203
195 294
88 187
154 253
20 119
87 186
86 185
51 150
105 204
84 183
51 150
85 184
90 189
153 252
129 228
129 228
66 165
18 117
99 198
0 99
185 284
157 256
100 199
48 147
167 266
3 102
195 294
69 168
59 158
140 239
156 255
173 272
30 129
159 258
145 244
155 254
158 257
19 118
66 165
155 254
101 200
193 292
91 190
15 114
137 236
51 150
36 135
76 175
69 168
66 165
62 161
108 207
148 247
64 163
46 145
18 117
59 158
33 132
104 203
38 137
119 218
189 288
142 241
192 291
188 287
63 162
77 176
53 152
167 266
152 251
162 261
159 258
73 172
151 250
124 223
165 264
114 213
44 143
146 245
111 210
17 116
38 137
172 271
112 211
146 245
166 265
90 189
15 114
157 256
97 196
68 167
109 208
152 251
119 218
189 288
189 288
177 276
142 241
4 103
83 182
22 121
143 242
167 266
45 144
184 283
170 269
94 193
168 267
53 152
165 264
37 136
21 120
112 211
135 234
130 229
68 167
186 285
133 232
25 124
107 206
51 150
130 229
163 262
63 162
107 206
138 237
111 210
88 187
115 214
34 133
46 145
42 141
101 200
120 219
65 164
54 153
82 181
65 164
16 115
89 188
143 242
185 284
62 161
76 175
136 235
130 229
97 196
159 258
117 216
182 281
163 262
83 182
183 282
120 219
35 134
99 198
10 109
183 282
131 230
74 173
145 244
186 285
12 111
146 245
16 115
126 225
98 197
170 269
104 203
99 198
179 278
174 273
22 121
1 100
13 112
121 220
142 241
153 252
101 200
33 132
182 281
80 179
26 125
71 170
168 267
76 175
143 242
143 242
60 159
82 181
1 100
95 194
122 221
2 101
71 170
147 246
179 278
46 145
53 152
40 139
126 225
161 260
0 99
46 145
193 292
56 155
5 104
72 171
90 189
186 285
147 246
170 269
111 210
33 132
141 240
21 120
40 139
47 146
59 158
64 163
186 285
17 116
22 121
38 137
166 265
96 195
65 164
143 242
100 199
71 170
117 216
63 162
82 181
64 163
171 270
16 115
30 129
49 148
178 277
138 237
179 278
102 201
148 247
168 267
93 192
53 152
16 115
114 213
27 126
64 163
35 134
120 219
124 223
189 288
151 250
51 150
196 295
69 168
17 116
121 220
151 250
12 111
168 267
112 211
72 171
36 135
53 152
90 189
162 261
179 278
135 234
127 226
171 270
19 118
93 192
49 148
36 135
165 264
40 139
184 283
140 239
102 201
197 296
30 129
191 290
138 237
128 227
70 169
145 244
22 121
49 148
157 256
134 233
94 193
69 168
139 238
33 132
170 269
174 273
125 224
34 133
10 109
111 210
149 248
119 218
113 212
120 219
179 278
130 229
150 249
12 111
26 125
63 162
138 237
7 106
51 150
26 125
19 118
94 193
27 126
193 292
104 203
94 193
136 235
45 144
19 118
6 105
138 237
25 124
9 108
114 213
71 170
154 253
5 104
45 144
96 195
8 107
140 239
191 290
29 128
63 162
51 150
11 110
168 267
134 233
55 154
34 133
148 247
13 112
194 293
160 259
87 186
126 225
145 244
138 237
57 156
126 225
66 165
183 282
58 157
53 152
15 114
149 248
124 223
149 248
84 183
166 265
139 238
53 152
79 178
29 128
149 248
170 269
122 221
179 278
136 235
30 129
16 115
19 118
184 283
149 248
78 177
50 149
30 129
16 115
138 237
188 287
140 239
46 145
43 142
75 174
157 256
90 189
177 276
111 210
135 234
172 271
105 204
4 103
64 163
148 247
38 137
79 178
18 117
81 180
69 168
143 242
25 124
101 200
70 169
51 150
153 252
150 249
179 278
115 214
33 132
185 284
58 157
158 257
51 150
5 104
72 171
80 179
124 223
104 203
47 146
72 171
140 239
9 108
18 117
3 102
49 148
151 250
156 255
3 102
82 181
163 262
1 100
189 288
181 280
49 148
75 174
75 174
143 242
87 186
19 118
31 130
104 203
137 236
18 117
15 114
8 107
140 239
134 233
18 117
142 241
28 127
117 216
160 259
115 214
173 272
23 122
137 236
21 120
142 241
92 191
114 213
130 229
40 139
175 274
71 170
154 253
51 150
81 180
124 223
103 202
126 225
92 191
111 210
139 238
157 256
40 139
37 136
146 245
151 250
41 140
129 228
143 242
67 166
108 207
39 138
116 215
1 100
107 206
2 101
107 206
2 101
181 280
91 190
76 175
193 292
81 180
99 198
117 216
136 235
5 104
96 195
171 270
36 135
121 220
54 153
70 169
7 106
186 285
132 231
139 238
181 280
115 214
46 145
61 160
35 134
58 157
89 188
82 181
121 220
147 246
124 223
92 191
88 187
69 168
179 278
35 134
179 278
57 156
112 211
151 250
160 259
97 196
88 187
47 146
46 145
87 186
127 226
94 193
5 104
57 156
172 271
160 259
191 290
179 278
129 228
116 215
38 137
18 117
162 261
93 192
50 149
14 113
17 116
12 111
107 206
86 185
129 228
150 249
3 102
96 195
122 221
164 263
117 216
85 184
96 195
63 162
74 173
149 248
154 253
77 176
19 118
135 234
175 274
30 129
2 101
188 287
14 113
85 184
131 230
99 198
33 132
78 177
0 99
54 153
158 257
51 150
176 275
106 205
185 284
64 163
176 275
83 182
173 272
16 115
28 127
166 265
162 261
104 203
127 226
106 205
196 295
195 294
171 270
65 164
10 109
154 253
109 208
174 273
9 108
36 135
1 100
157 256
7 106
35 134
166 265
100 199
136 235
14 113
146 245
168 267
90 189
174 273
60 159
7 106
79 178
182 281
153 252
186 285
120 219
141 240
169 268
5 104
49 148
169 268
21 120
158 257
76 175
112 211
84 183
113 212
171 270
19 118
27 126
179 278
56 155
37 136
90 189
195 294
115 214
3 102
19 118
33 132
164 263
183 282
133 232
78 177
67 166
64 163
126 225
109 208
47 146
49 148
80 179
197 296
77 176
66 165
141 240
116 215
173 272
92 191
27 126
134 233
192 291
56 155
115 214
58 157
24 123
162 261
151 250
10 109
131 230
30 129
146 245
103 202
148 247
121 220
172 271
156 255
123 222
120 219
170 269
73 172
85 184
103 202
5 104
111 210
184 283
197 296
181 280
129 228
11 110
62 161
32 131
43 142
105 204
157 256
86 185
7 106
146 245
34 133
150 249
162 261
148 247
39 138
133 232
177 276
19 118
47 146
60 159
103 202
83 182
35 134
172 271
188 287
156 255
133 232
123 222
103 202
148 247
173 272
87 186
108 207
25 124
102 201
172 271
159 258
138 237
192 291
131 230
196 295
120 219
57 156
90 189
158 257
162 261
29 128
53 152
58 157
128 227
49 148
47 146
81 180
82 181
111 210
69 168
82 181
188 287
195 294
99 198
32 131
110 209
163 262
52 151
152 251
165 264
138 237
64 163
64 163
30 129
118 217
150 249
29 128
137 236
155 254
108 207
82 181
183 282
36 135
90 189
109 208
166 265
164 263
118 217
22 121
134 233
80 179
101 200
29 128
28 127
69 168
47 146
109 208
96 195
48 147
178 277
21 120
145 244
123 222
85 184
84 183
91 190
101 200
122 221
164 263
8 107
160 259
91 190
99 198
27 126
154 253
140 239
16 115
7 106
1 100
161 260
7 106
185 284
82 181
125 224
193 292
15 114
170 269
155 254
188 287
97 196
195 294
63 162
138 237
45 144
174 273
73 172
60 159
35 134
75 174
163 262
81 180
135 234
115 214
19 118
150 249
181 280
118 217
17 116
42 141
180 279
100 199
10 109
20 119
19 118
88 187
148 247
102 201
101 200
157 256
91 190
0 99
113 212
178 277
19 118
60 159
90 189
68 167
50 149
82 181
186 285
128 227
123 222
90 189
63 162
29 128
174 273
48 147
187 286
174 273
136 235
7 106
82 181
92 191
88 187
78 177
172 271
150 249
105 204
45 144
175 274
166 265
36 135
102 201
11 110
13 112
53 152
150 249
111 210
56 155
88 187
99 198
77 176
181 280
148 247
130 229
119 218
69 168
141 240
70 169
70 169
105 204
41 140
81 180
148 247
33 132
136 235
185 284
18 117
14 113
140 239
183 282
176 275
98 197
132 231
141 240
182 281
185 284
94 193
51 150
52 151
76 175
42 141
16 115
110 209
95 194
54 153
24 123
196 295
172 271
121 220
86 185
42 141
3 102
43 142
111 210
32 131
132 231
34 133
137 236
20 119
6 105
147 246
90 189
5 104
2 101
113 212
10 109
85 184
33 132
145 244
39 138
99 198
190 289
130 229
40 139
161 260
152 251
177 276
110 209
77 176
12 111
192 291
26 125
23 122
46 145
180 279
177 276
114 213
38 137
90 189
151 250
74 173
154 253
8 107
119 218
156 255
89 188
162 261
196 295
137 236
168 267
155 254
81 180
86 185
41 140
132 231
138 237
110 209
123 222
16 115
166 265
127 226
191 290
87 186
109 208
131 230
145 244
44 143
135 234
74 173
65 164
182 281
145 244
13 112
191 290
145 244
83 182
139 238
18 117
106 205
153 252
57 156
62 161
85 184
40 139
58 157
193 292
75 174
51 150
127 226
100 199
85 184
171 270
133 232
9 108
133 232
169 268
140 239
43 142
178 277
36 135
83 182
45 144
68 167
163 262
30 129
53 152
115 214
192 291
44 143
3 102
6 105
27 126
164 263
88 187
139 238
187 286
140 239
176 275
54 153
150 249
178 277
17 116
137 236
179 278
126 225
137 236
4 103
44 143
142 241
47 146
181 280
192 291
17 116
147 246
96 195
42 141
108 207
103 202
132 231
178 277
187 286
167 266
91 190
108 207
189 288
194 293
176 275
135 234
137 236
23 122
65 164
106 205
50 149
146 245
108 207
30 129
136 235
197 296
59 158
32 131
75 174
37 136
64 163
10 109
119 218
98 197
110 209
186 285
89 188
85 184
90 189
169 268
155 254
120 219
85 184
149 248
185 284
39 138
17 116
141 240
51 150
161 260
117 216
91 190
180 279
163 262
142 241
150 249
22 121
138 237
38 137
109 208
88 187
162 261
128 227
54 153
74 173
144 243
138 237
153 252
181 280
27 126
186 285
28 127
64 163
109 208
175 274
165 264
117 216
117 216
175 274
33 132
36 135
176 275
56 155
180 279
186 285
36 135
92 191
52 151
128 227
12 111
51 150
16 115
46 145
90 189
148 247
80 179
159 258
5 104
116 215
98 197
22 121
11 110
4 103
194 293
188 287
114 213
75 174
23 122
191 290
77 176
88 187
163 262
10 109
101 200
145 244
178 277
12 111
113 212
186 285
132 231
143 242
111 210
151 250
128 227
157 256
112 211
124 223
154 253
157 256
103 202
122 221
7 106
62 161
62 161
141 240
167 266
44 143
146 245
108 207
61 160
183 282
164 263
133 232
20 119
162 261
65 164
97 196
74 173
143 242
114 213
60 159
62 161
20 119
64 163
162 261
86 185
55 154
136 235
162 261
136 235
116 215
70 169
131 230
97 196
100 199
148 247
97 196
28 127
149 248
107 206
49 148
19 118
34 133
157 256
87 186
134 233
180 279
89 188
135 234
58 157
139 238
102 201
3 102
110 209
97 196
59 158
68 167
178 277
101 200
169 268
162 261
97 196
110 209
133 232
58 157
131 230
157 256
7 106
144 243
185 284
36 135
118 217
1 100
38 137
57 156
79 178
123 222
172 271
36 135
25 124
29 128
16 115
81 180
146 245
153 252
189 288
157 256
11 110
16 115
177 276
11 110
191 290
146 245
142 241
39 138
161 260
121 220
171 270
88 187
155 254
39 138
67 166
47 146
149 248
185 284
77 176
94 193
89 188
137 236
15 114
196 295
83 182
178 277
140 239
131 230
9 108
136 235
114 213
62 161
190 289
182 281
171 270
185 284
175 274
106 205
38 137
98 197
194 293
2 101
21 120
121 220
75 174
4 103
100 199
107 206
131 230
154 253
73 172
53 152
165 264
140 239
78 177
36 135
106 205
31 130
63 162
34 133
10 109
161 260
125 224
28 127
190 289
171 270
150 249
21 120
123 222
197 296
176 275
0 99
129 228
144 243
108 207
126 225
179 278
107 206
144 243
140 239
192 291
39 138
51 150
27 126
121 220
133 232
27 126
10 109
85 184
41 140
46 145
178 277
86 185
49 148
187 286
132 231
55 154
55 154
133 232
7 106
105 204
197 296
172 271
61 160
166 265
178 277
13 112
91 190
111 210
35 134
43 142
0 99
43 142
57 156
124 223
65 164
132 231
66 165
180 279
105 204
158 257
12 111
153 252
162 261
170 269
146 245
155 254
166 265
60 159
8 107
89 188
168 267
11 110
56 155
36 135
47 146
83 182
7 106
12 111
53 152
75 174
129 228
145 244
152 251
139 238
189 288
171 270
187 286
75 174
121 220
171 270
117 216
149 248
165 264
160 259
190 289
101 200
91 190
140 239
156 255
92 191
88 187
176 275
73 172
160 259
155 254
12 111
161 260
137 236
22 121
156 255
165 264
137 236
53 152
170 269
166 265
116 215
150 249
76 175
122 221
151 250
23 122
90 189
57 156
175 274
147 246
159 258
196 295
1 100
149 248
87 186
45 144
99 198
72 171
136 235
90 189
30 129
47 146
133 232
125 224
97 196
192 291
163 262
55 154
188 287
121 220
172 271
112 211
10 109
38 137
171 270
0 99
21 120
144 243
121 220
52 151
79 178
156 255
72 171
95 194
102 201
20 119
135 234
76 175
173 272
122 221
132 231
118 217
162 261
105 204
115 214
89 188
192 291
158 257
47 146
39 138
36 135
52 151
42 141
76 175
77 176
160 259
154 253
7 106
161 260
168 267
61 160
122 221
37 136
54 153
164 263
114 213
115 214
75 174
37 136
24 123
68 167
28 127
128 227
74 173
92 191
67 166
15 114
171 270
88 187
4 103
19 118
155 254
130 229
41 140
33 132
138 237
108 207
3 102
184 283
156 255
22 121
124 223
95 194
56 155
12 111
115 214
8 107
143 242
87 186
161 260
43 142
129 228
70 169
172 271
157 256
181 280
129 228
182 281
152 251
9 108
185 284
81 180
187 286
16 115
197 296
167 266
65 164
8 107
106 205
152 251
64 163
140 239
186 285
91 190
2 101
9 108
16 115
11 110
80 179
179 278
72 171
95 194
172 271
12 111
18 117
43 142
157 256
129 228
45 144
136 235
54 153
171 270
64 163
88 187
16 115
144 243
144 243
125 224
158 257
9 108
134 233
9 108
189 288
74 173
127 226
95 194
74 173
162 261
30 129
166 265
106 205
149 248
88 187
163 262
132 231
13 112
30 129
156 255
63 162
34 133
170 269
150 249
45 144
26 125
87 186
105 204
23 122
46 145
35 134
42 141
51 150
67 166
101 200
174 273
86 185
197 296
28 127
72 171
55 154
100 199
111 210
72 171
94 193
87 186
159 258
84 183
76 175
126 225
117 216
165 264
17 116
89 188
136 235
104 203
104 203
3 102
53 152
93 192
169 268
138 237
60 159
36 135
65 164
49 148
29 128
74 173
15 114
137 236
114 213
152 251
152 251
171 270
103 202
7 106
147 246
45 144
5 104
28 127
110 209
49 148
58 157
6 105
189 288
1 100
51 150
137 236
69 168
91 190
118 217
145 244
195 294
48 147
77 176
136 235
60 159
31 130
97 196
52 151
26 125
60 159
51 150
170 269
183 282
176 275
54 153
157 256
48 147
177 276
21 120
63 162
103 202
70 169
172 271
4 103
196 295
93 192
42 141
26 125
117 216
77 176
149 248
33 132
194 293
95 194
4 103
68 167
82 181
58 157
147 246
134 233
6 105
120 219
120 219
92 191
176 275
63 162
34 133
145 244
168 267
168 267
46 145
82 181
156 255
60 159
133 232
154 253
186 285
69 168
178 277
113 212
149 248
150 249
59 158
97 196
135 234
90 189
185 284
188 287
90 189
161 260
128 227
178 277
23 122
125 224
46 145
174 273
1 100
2 101
132 231
142 241
3 102
159 258
140 239
63 162
5 104
188 287
139 238
72 171
40 139
163 262
20 119
137 236
114 213
118 217
189 288
164 263
80 179
157 256
57 156
14 113
68 167
38 137
169 268
93 192
113 212
166 265
106 205
34 133
164 263
181 280
176 275
154 253
88 187
132 231
102 201
190 289
181 280
197 296
57 156
178 277
91 190
155 254
30 129
190 289
181 280
150 249
153 252
152 251
99 198
119 218
188 287
0 99
125 224
196 295
125 224
69 168
104 203
195 294
192 291
66 165
149 248
193 292
128 227
66 165
87 186
26 125
172 271
84 183
118 217
49 148
148 247
136 235
165 264
114 213
58 157
70 169
67 166
187 286
29 128
80 179
111 210
192 291
164 263
77 176
4 103
73 172
132 231
71 170
116 215
48 147
25 124
113 212
51 150
31 130
106 205
76 175
50 149
25 124
116 215
196 295
49 148
68 167
45 144
130 229
46 145
43 142
100 199
172 271
197 296
2 101
27 126
100 199
33 132
39 138
137 236
115 214
51 150
102 201
182 281
14 113
146 245
14 113
98 197
169 268
93 192
196 295
143 242
34 133
159 258
125 224
137 236
104 203
149 248
2 101
46 145
19 118
11 110
7 106
49 148
24 123
90 189
85 184
17 116
16 115
80 179
188 287
165 264
179 278
98 197
72 171
37 136
33 132
134 233
26 125
80 179
84 183
52 151
68 167
35 134
113 212
72 171
83 182
49 148
84 183
118 217
60 159
138 237
26 125
149 248
35 134
123 222
148 247
54 153
125 224
16 115
130 229
15 114
187 286
97 196
151 250
116 215
88 187
36 135
57 156
95 194
45 144
88 187
44 143
120 219
54 153
7 106
63 162
34 133
130 229
121 220
50 149
96 195
102 201
133 232
18 117
173 272
139 238
0 99
138 237
84 183
117 216
166 265
182 281
175 274
81 180
64 163
26 125
73 172
175 274
115 214
58 157
104 203
6 105
155 254
83 182
14 113
160 259
129 228
5 104
141 240
0 99
107 206
123 222
66 165
29 128
165 264
106 205
27 126
187 286
133 232
62 161
114 213
8 107
18 117
135 234
72 171
138 237
137 236
51 150
79 178
71 170
98 197
144 243
67 166
99 198
103 202
163 262
73 172
182 281
0 99
103 202
54 153
64 163
85 184
56 155
67 166
65 164
145 244
10 109
126 225
168 267
44 143
2 101
166 265
69 168
161 260
157 256
149 248
117 216
16 115
23 122
63 162
67 166
65 164
150 249
45 144
174 273
154 253
107 206
44 143
120 219
120 219
149 248
106 205
170 269
17 116
120 219
76 175
28 127
96 195
112 211
36 135
181 280
83 182
13 112
79 178
79 178
136 235
184 283
133 232
1 100
7 106
125 224
128 227
164 263
15 114
155 254
188 287
114 213
184 283
90 189
5 104
109 208
3 102
57 156
4 103
16 115
130 229
63 162
165 264
191 290
2 101
9 108
133 232
80 179
114 213
101 200
106 205
159 258
166 265
17 116
107 206
165 264
41 140
29 128
44 143
14 113
58 157
15 114
82 181
1 100
97 196
24 123
79 178
19 118
91 190
96 195
154 253
138 237
34 133
19 118
106 205
55 154
102 201
113 212
73 172
175 274
142 241
139 238
7 106
164 263
95 194
195 294
134 233
77 176
106 205
63 162
158 257
120 219
82 181
93 192
0 99
92 191
62 161
128 227
64 163
109 208
178 277
59 158
101 200
118 217
62 161
132 231
92 191
161 260
153 252
131 230
134 233
146 245
163 262
170 269
74 173
20 119
43 142
84 183
133 232
155 254
8 107
114 213
132 231
9 108
159 258
170 269
54 153
167 266
187 286
59 158
141 240
45 144
146 245
143 242
135 234
86 185
35 134
138 237
157 256
109 208
97 196
104 203
90 189
24 123
22 121
144 243
118 217
114 213
29 128
57 156
130 229
165 264
45 144
1 100
116 215
167 266
95 194
134 233
104 203
101 200
99 198
104 203
49 148
20 119
166 265
159 258
63 162
17 116
20 119
184 283
143 242
46 145
194 293
80 179
133 232
46 145
109 208
144 243
159 258
36 135
111 210
11 110
48 147
92 191
8 107
144 243
79 178
56 155
72 171
181 280
136 235
134 233
135 234
186 285
63 162
197 296
121 220
88 187
8 107
6 105
112 211
26 125
168 267
174 273
28 127
40 139
93 192
116 215
142 241
58 157
116 215
101 200
177 276
90 189
10 109
45 144
129 228
126 225
144 243
54 153
106 205
107 206
4 103
148 247
17 116
161 260
88 187
79 178
112 211
183 282
38 137
33 132
20 119
157 256
65 164
10 109
192 291
27 126
85 184
86 185
107 206
132 231
52 151
62 161
125 224
87 186
180 279
114 213
115 214
37 136
123 222
164 263
178 277
19 118
93 192
79 178
112 211
175 274
138 237
136 235
8 107
114 213
93 192
12 111
49 148
51 150
0 99
5 104
2 101
115 214
87 186
128 227
84 183
10 109
76 175
126 225
196 295
147 246
165 264
29 128
107 206
102 201
94 193
156 255
158 257
38 137
100 199
86 185
61 160
150 249
96 195
33 132
129 228
160 259
132 231
157 256
163 262
139 238
123 222
97 196
105 204
127 226
20 119
81 180
167 266
50 149
34 133
182 281
79 178
16 115
57 156
105 204
190 289
129 228
48 147
80 179
173 272
190 289
45 144
97 196
107 206
147 246
116 215
118 217
49 148
90 189
120 219
120 219
76 175
96 195
92 191
48 147
143 242
171 270
47 146
84 183
146 245
45 144
32 131
106 205
154 253
195 294
185 284
177 276
165 264
74 173
100 199
146 245
29 128
18 117
126 225
184 283
187 286
196 295
193 292
36 135
75 174
85 184
7 106
32 131
47 146
170 269
107 206
74 173
196 295
182 281
123 222
140 239
58 157
87 186
156 255
27 126
14 113
9 108
131 230
45 144
162 261
114 213
60 159
23 122
67 166
2 101
189 288
88 187
5 104
132 231
41 140
187 286
124 223
28 127
171 270
49 148
99 198
128 227
140 239
197 296
47 146
126 225
153 252
146 245
126 225
16 115
163 262
32 131
16 115
122 221
135 234
93 192
88 187
82 181
98 197
178 277
114 213
169 268
103 202
32 131
26 125
23 122
128 227
150 249
22 121
152 251
160 259
129 228
166 265
78 177
143 242
13 112
85 184
160 259
21 120
53 152
168 267
162 261
162 261
126 225
162 261
51 150
174 273
157 256
134 233
95 194
108 207
136 235
170 269
107 206
1 100
83 182
22 121
18 117
126 225
142 241
98 197
115 214
168 267
197 296
61 160
161 260
127 226
52 151
149 248
140 239
61 160
54 153
24 123
137 236
99 198
169 268
15 114
119 218
119 218
39 138
24 123
53 152
22 121
117 216
116 215
12 111
125 224
173 272
50 149
187 286
132 231
56 155
162 261
134 233
6 105
40 139
37 136
63 162
153 252
11 110
177 276
113 212
105 204
187 286
150 249
1 100
176 275
23 122
125 224
77 176
82 181
95 194
117 216
37 136
75 174
191 290
106 205
29 128
5 104
183 282
169 268
4 103
65 164
99 198
117 216
80 179
140 239
125 224
182 281
46 145
11 110
83 182
185 284
143 242
160 259
49 148
31 130
118 217
0 99
11 110
171 270
8 107
197 296
81 180
184 283
9 108
161 260
141 240
69 168
45 144
150 249
165 264
32 131
25 124
169 268
70 169
194 293
92 191
66 165
59 158
71 170
111 210
67 166
102 201
154 253
19 118
97 196
172 271
195 294
185 284
107 206
107 206
20 119
46 145
39 138
150 249
80 179
165 264
108 207
38 137
23 122
19 118
37 136
154 253
39 138
149 248
28 127
103 202
18 117
25 124
189 288
36 135
112 211
27 126
59 158
63 162
4 103
134 233
130 229
146 245
83 182
181 280
193 292
100 199
10 109
137 236
162 261
87 186
187 286
101 200
137 236
182 281
56 155
22 121
41 140
84 183
82 181
125 224
102 201
113 212
123 222
32 131
180 279
135 234
17 116
97 196
114 213
88 187
92 191
134 233
88 187
84 183
8 107
110 209
163 262
130 229
129 228
41 140
157 256
193 292
19 118
158 257
26 125
71 170
60 159
38 137
50 149
24 123
190 289
101 200
58 157
197 296
92 191
196 295
103 202
172 271
24 123
40 139
97 196
1 100
5 104
53 152
170 269
56 155
107 206
176 275
118 217
108 207
8 107
157 256
71 170
97 196
71 170
73 172
43 142
93 192
129 228
31 130
50 149
111 210
135 234
7 106
195 294
174 273
1 100
2 101
16 115
72 171
112 211
68 167
103 202
193 292
65 164
99 198
27 126
94 193
129 228
122 221
157 256
147 246
76 175
113 212
53 152
185 284
157 256
54 153
130 229
197 296
151 250
89 188
149 248
191 290
59 158
116 215
159 258
16 115
160 259
61 160
122 221
143 242
56 155
174 273
93 192
65 164
42 141
43 142
69 168
74 173
135 234
98 197
126 225
20 119
7 106
144 243
157 256
128 227
59 158
24 123
65 164
136 235
50 149
53 152
185 284
72 171
157 256
106 205
8 107
40 139
117 216
82 181
114 213
9 108
193 292
56 155
152 251
4 103
164 263
18 117
126 225
55 154
3 102
190 289
140 239
187 286
54 153
26 125
131 230
47 146
110 209
14 113
10 109
89 188
87 186
92 191
33 132
96 195
27 126
2 101
55 154
35 134
156 255
93 192
117 216
77 176
66 165
38 137
89 188
122 221
2 101
49 148
145 244
141 240
162 261
169 268
76 175
18 117
129 228
183 282
156 255
59 158
106 205
151 250
91 190
112 211
128 227
75 174
154 253
11 110
41 140
59 158
62 161
99 198
96 195
172 271
122 221
13 112
47 146
41 140
180 279
100 199
40 139
151 250
145 244
5 104
96 195
123 222
126 225
115 214
124 223
159 258
169 268
55 154
73 172
92 191
187 286
31 130
165 264
88 187
151 250
13 112
169 268
91 190
87 186
133 232
88 187
62 161
87 186
27 126
191 290
171 270
72 171
75 174
19 118
74 173
53 152
107 206
85 184
30 129
15 114
172 271
134 233
22 121
126 225
93 192
20 119
12 111
49 148
158 257
51 150
152 251
98 197
88 187
98 197
44 143
2 101
7 106
80 179
104 203
89 188
77 176
71 170
38 137
186 285
94 193
132 231
157 256
113 212
125 224
140 239
157 256
173 272
129 228
119 218
140 239
38 137
139 238
95 194
54 153
180 279
66 165
166 265
57 156
115 214
53 152
114 213
106 205
101 200
96 195
77 176
48 147
74 173
188 287
73 172
43 142
61 160
191 290
146 245
72 171
181 280
75 174
106 205
4 103
72 171
73 172
35 134
87 186
171 270
46 145
167 266
109 208
123 222
105 204
44 143
169 268
37 136
151 250
129 228
68 167
66 165
27 126
143 242
86 185
49 148
109 208
170 269
82 181
144 243
149 248
29 128
187 286
15 114
104 203
60 159
190 289
42 141
33 132
186 285
105 204
170 269
18 117
183 282
102 201
130 229
86 185
185 284
6 105
103 202
175 274
9 108
18 117
158 257
121 220
100 199
16 115
184 283
95 194
99 198
51 150
40 139
35 134
28 127
49 148
42 141
15 114
78 177
65 164
129 228
89 188
172 271
27 126
86 185
110 209
53 152
10 109
112 211
162 261
83 182
37 136
46 145
95 194
133 232
6 105
29 128
195 294
183 282
39 138
77 176
175 274
9 108
82 181
153 252
68 167
188 287
116 215
126 225
31 130
1 100
11 110
63 162
158 257
26 125
30 129
39 138
180 279
141 240
135 234
92 191
41 140
4 103
158 257
42 141
194 293
29 128
16 115
179 278
8 107
70 169
127 226
24 123
76 175
71 170
154 253
130 229
109 208
27 126
77 176
169 268
37 136
137 236
174 273
179 278
57 156
183 282
18 117
159 258
106 205
172 271
183 282
51 150
85 184
55 154
90 189
175 274
109 208
142 241
181 280
133 232
134 233
31 130
67 166
7 106
86 185
149 248
82 181
172 271
170 269
129 228
160 259
148 247
120 219
11 110
20 119
119 218
172 271
53 152
65 164
46 145
43 142
98 197
86 185
112 211
104 203
123 222
197 296
72 171
159 258
192 291
63 162
74 173
99 198
186 285
90 189
64 163
119 218
180 279
58 157
50 149
100 199
112 211
102 201
71 170
133 232
178 277
10 109
66 165
69 168
133 232
81 180
117 216
36 135
8 107
79 178
112 211
55 154
76 175
99 198
164 263
52 151
53 152
184 283
48 147
82 181
136 235
140 239
165 264
36 135
184 283
195 294
73 172
71 170
118 217
38 137
30 129
123 222
142 241
62 161
82 181
172 271
107 206
10 109
99 198
33 132
47 146
41 140
113 212
140 239
125 224
118 217
34 133
159 258
15 114
191 290
174 273
127 226
91 190
62 161
154 253
160 259
16 115
169 268
153 252
139 238
13 112
56 155
86 185
86 185
24 123
2 101
115 214
155 254
154 253
96 195
107 206
77 176
109 208
17 116
141 240
160 259
142 241
159 258
128 227
147 246
58 157
175 274
64 163
61 160
174 273
196 295
176 275
71 170
140 239
42 141
105 204
88 187
22 121
86 185
50 149
151 250
160 259
59 158
75 174
102 201
96 195
56 155
114 213
127 226
123 222
129 228
61 160
93 192
1 100
40 139
129 228
170 269
40 139
79 178
174 273
30 129
127 226
89 188
54 153
45 144
112 211
13 112
186 285
143 242
146 245
133 232
13 112
180 279
80 179
155 254
89 188
108 207
41 140
144 243
104 203
164 263
92 191
2 101
135 234
71 170
78 177
113 212
95 194
195 294
71 170
195 294
106 205
83 182
143 242
158 257
118 217
187 286
167 266
84 183
134 233
60 159
66 165
23 122
69 168
132 231
47 146
147 246
98 197
73 172
17 116
108 207
163 262
91 190
191 290
16 115
35 134
92 191
0 99
173 272
137 236
41 140
23 122
171 270
193 292
117 216
45 144
195 294
54 153
11 110
151 250
65 164
129 228
59 158
49 148
51 150
164 263
0 99
129 228
197 296
90 189
94 193
165 264
120 219
7 106
50 149
127 226
9 108
175 274
172 271
24 123
124 223
10 109
39 138
88 187
39 138
133 232
165 264
23 122
130 229
162 261
72 171
45 144
107 206
169 268
59 158
160 259
92 191
191 290
1 100
124 223
130 229
44 143
176 275
158 257
157 256
24 123
187 286
157 256
42 141
151 250
98 197
76 175
38 137
18 117
188 287
155 254
179 278
170 269
136 235
134 233
37 136
142 241
70 169
85 184
165 264
98 197
57 156
147 246
178 277
171 270
63 162
90 189
122 221
175 274
161 260
61 160
186 285
89 188
113 212
0 99
165 264
94 193
25 124
46 145
143 242
61 160
123 222
58 157
7 106
69 168
90 189
79 178
86 185
58 157
95 194
188 287
104 203
18 117
194 293
137 236
192 291
103 202
83 182
181 280
22 121
166 265
77 176
68 167
144 243
135 234
154 253
69 168
84 183
20 119
19 118
72 171
12 111
158 257
42 141
73 172
138 237
77 176
47 146
15 114
109 208
119 218
70 169
150 249
57 156
6 105
174 273
131 230
162 261
117 216
189 288
68 167
104 203
161 260
142 241
197 296
178 277
45 144
13 112
96 195
188 287
1 100
158 257
50 149
42 141
110 209
98 197
73 172
82 181
127 226
33 132
179 278
26 125
11 110
5 104
50 149
96 195
49 148
81 180
172 271
104 203
121 220
168 267
66 165
36 135
93 192
1 100
160 259
184 283
93 192
110 209
45 144
26 125
82 181
18 117
165 264
166 265
69 168
3 102
124 223
92 191
64 163
139 238
58 157
85 184
52 151
183 282
13 112
47 146
89 188
196 295
39 138
105 204
179 278
187 286
160 259
10 109
73 172
39 138
25 124
135 234
168 267
53 152
146 245
21 120
96 195
170 269
39 138
136 235
4 103
110 209
121 220
89 188
137 236
129 228
122 221
112 211
86 185
88 187
18 117
91 190
123 222
188 287
16 115
5 104
192 291
57 156
5 104
120 219
180 279
146 245
61 160
192 291
71 170
114 213
190 289
57 156
63 162
122 221
66 165
105 204
37 136
10 109
101 200
3 102
187 286
171 270
40 139
101 200
144 243
86 185
44 143
60 159
71 170
126 225
54 153
88 187
94 193
105 204
21 120
163 262
159 258
47 146
2 101
38 137
47 146
141 240
185 284
53 152
112 211
74 173
118 217
75 174
35 134
76 175
107 206
86 185
193 292
7 106
178 277
28 127
176 275
86 185
23 122
19 118
11 110
86 185
83 182
122 221
133 232
95 194
29 128
120 219
8 107
72 171
44 143
168 267
9 108
48 147
50 149
92 191
75 174
24 123
3 102
18 117
19 118
103 202
80 179
154 253
167 266
143 242
190 289
186 285
100 199
64 163
19 118
103 202
13 112
65 164
11 110
112 211
55 154
42 141
184 283
61 160
54 153
113 212
121 220
47 146
109 208
44 143
0 99
168 267
22 121
134 233
107 206
151 250
111 210
169 268
151 250
40 139
62 161
98 197
197 296
179 278
20 119
120 219
178 277
23 122
114 213
188 287
186 285
194 293
164 263
49 148
84 183
121 220
86 185
156 255
54 153
22 121
14 113
83 182
105 204
147 246
109 208
120 219
149 248
194 293
11 110
136 235
164 263
156 255
25 124
111 210
175 274
171 270
28 127
170 269
54 153
153 252
100 199
77 176
119 218
38 137
128 227
57 156
116 215
90 189
153 252
40 139
10 109
19 118
31 130
37 136
86 185
97 196
47 146
125 224
25 124
163 262
124 223
164 263
46 145
34 133
152 251
115 214
91 190
60 159
111 210
73 172
118 217
12 111
41 140
48 147
65 164
82 181
55 154
111 210
175 274
14 113
176 275
192 291
161 260
122 221
27 126
72 171
174 273
82 181
46 145
157 256
150 249
103 202
178 277
68 167
138 237
67 166
0 99
141 240
184 283
19 118
141 240
112 211
126 225
26 125
71 170
149 248
186 285
51 150
137 236
149 248
38 137
132 231
20 119
135 234
33 132
176 275
34 133
105 204
110 209
50 149
75 174
74 173
140 239
14 113
75 174
48 147
13 112
177 276
79 178
26 125
184 283
85 184
73 172
95 194
164 263
21 120
167 266
82 181
39 138
7 106
167 266
143 242
164 263
185 284
3 102
20 119
1 100
42 141
129 228
120 219
87 186
49 148
129 228
56 155
114 213
126 225
15 114
12 111
168 267
129 228
98 197
15 114
19 118
14 113
142 241
38 137
86 185
19 118
88 187
150 249
43 142
104 203
60 159
13 112
39 138
174 273
105 204
127 226
107 206
48 147
104 203
31 130
134 233
98 197
16 115
131 230
16 115
53 152
43 142
132 231
166 265
165 264
117 216
50 149
122 221
20 119
19 118
25 124
145 244
12 111
19 118
5 104
129 228
67 166
175 274
47 146
161 260
151 250
19 118
3 102
43 142
123 222
126 225
62 161
31 130
148 247
188 287
55 154
151 250
29 128
150 249
27 126
171 270
157 256
127 226
37 136
71 170
78 177
47 146
21 120
111 210
66 165
189 288
103 202
58 157
169 268
154 253
98 197
71 170
106 205
155 254
86 185
26 125
151 250
98 197
9 108
69 168
182 281
178 277
162 261
187 286
108 207
52 151
90 189
18 117
78 177
179 278
146 245
125 224
167 266
67 166
78 177
131 230
135 234
174 273
26 125
40 139
132 231
171 270
72 171
83 182
186 285
173 272
192 291
20 119
154 253
192 291
38 137
107 206
190 289
189 288
12 111
178 277
34 133
49 148
153 252
83 182
120 219
194 293
122 221
39 138
161 260
7 106
9 108
139 238
169 268
24 123
128 227
172 271
171 270
126 225
55 154
89 188
49 148
74 173
42 141
10 109
9 108
182 281
94 193
60 159
154 253
25 124
97 196
82 181
182 281
75 174
150 249
69 168
193 292
74 173
51 150
69 168
186 285
181 280
191 290
95 194
196 295
177 276
27 126
127 226
197 296
33 132
120 219
77 176
147 246
169 268
23 122
99 198
125 224
79 178
63 162
34 133
48 147
172 271
96 195
166 265
126 225
155 254
31 130
152 251
133 232
137 236
48 147
87 186
21 120
13 112
46 145
7 106
192 291
95 194
139 238
183 282
26 125
127 226
148 247
155 254
130 229
102 201
60 159
145 244
92 191
151 250
81 180
148 247
15 114
26 125
82 181
92 191
165 264
5 104
197 296
153 252
82 181
167 266
33 132
14 113
1 100
182 281
176 275
68 167
101 200
27 126
172 271
20 119
154 253
40 139
26 125
149 248
157 256
97 196
44 143
129 228
88 187
93 192
35 134
31 130
21 120
55 154
159 258
45 144
14 113
116 215
149 248
146 245
117 216
141 240
184 283
115 214
43 142
0 99
137 236
29 128
7 106
83 182
193 292
162 261
0 99
53 152
103 202
162 261
193 292
42 141
147 246
121 220
64 163
28 127
113 212
60 159
53 152
99 198
138 237
59 158
58 157
137 236
32 131
190 289
78 177
137 236
38 137
50 149
142 241
7 106
132 231
95 194
154 253
128 227
78 177
133 232
172 271
107 206
168 267
26 125
9 108
131 230
62 161
122 221
154 253
38 137
37 136
21 120
21 120
139 238
112 211
117 216
148 247
113 212
157 256
173 272
149 248
75 174
121 220
101 200
59 158
115 214
171 270
157 256
190 289
12 111
47 146
115 214
11 110
134 233
38 137
179 278
123 222
188 287
2 101
163 262
23 122
11 110
140 239
167 266
188 287
32 131
110 209
141 240
164 263
88 187
173 272
110 209
171 270
115 214
47 146
69 168
146 245
130 229
73 172
127 226
1 100
120 219
194 293
118 217
112 211
57 156
79 178
7 106
149 248
45 144
33 132
109 208
175 274
71 170
91 190
64 163
178 277
165 264
65 164
193 292
91 190
40 139
35 134
175 274
73 172
183 282
10 109
45 144
92 191
144 243
105 204
166 265
135 234
85 184
167 266
175 274
146 245
170 269
22 121
23 122
61 160
102 201
163 262
9 108
177 276
106 205
179 278
190 289
134 233
89 188
150 249
127 226
16 115
81 180
82 181
5 104
180 279
6 105
108 207
3 102
175 274
158 257
12 111
171 270
124 223
1 100
175 274
100 199
147 246
177 276
121 220
16 115
117 216
103 202
119 218
118 217
67 166
147 246
193 292
31 130
4 103
125 224
141 240
140 239
171 270
165 264
8 107
157 256
86 185
27 126
11 110
186 285
20 119
192 291
124 223
148 247
188 287
19 118
0 99
125 224
161 260
115 214
144 243
172 271
137 236
38 137
34 133
110 209
67 166
73 172
51 150
53 152
187 286
70 169
93 192
3 102
115 214
92 191
110 209
119 218
65 164
74 173
159 258
96 195
183 282
134 233
112 211
70 169
150 249
70 169
127 226
109 208
8 107
50 149
120 219
85 184
45 144
194 293
75 174
25 124
156 255
12 111
107 206
36 135
123 222
81 180
79 178
61 160
185 284
76 175
26 125
126 225
74 173
138 237
11 110
129 228
192 291
48 147
160 259
72 171
15 114
33 132
129 228
176 275
45 144
190 289
130 229
62 161
68 167
160 259
27 126
99 198
135 234
192 291
183 282
79 178
134 233
177 276
149 248
157 256
68 167
51 150
95 194
179 278
57 156
97 196
87 186
193 292
155 254
196 295
43 142
155 254
197 296
93 192
197 296
8 107
123 222
81 180
175 274
149 248
164 263
166 265
161 260
182 281
139 238
76 175
167 266
197 296
171 270
15 114
31 130
33 132
129 228
135 234
139 238
126 225
125 224
109 208
45 144
46 145
25 124
137 236
79 178
33 132
95 194
77 176
108 207
131 230
147 246
173 272
167 266
28 127
35 134
173 272
55 154
73 172
56 155
58 157
57 156
14 113
5 104
152 251
155 254
150 249
86 185
131 230
108 207
139 238
153 252
90 189
193 292
128 227
159 258
133 232
86 185
13 112
30 129
24 123
54 153
73 172
29 128
168 267
4 103
89 188
177 276
101 200
45 144
137 236
116 215
67 166
89 188
39 138
129 228
43 142
44 143
186 285
169 268
162 261
61 160
144 243
6 105
29 128
13 112
43 142
163 262
10 109
163 262
177 276
111 210
107 206
26 125
26 125
148 247
15 114
142 241
98 197
108 207
40 139
113 212
85 184
107 206
145 244
187 286
25 124
77 176
154 253
39 138
157 256
153 252
178 277
173 272
17 116
145 244
131 230
137 236
30 129
186 285
123 222
182 281
80 179
79 178
141 240
36 135
185 284
78 177
175 274
190 289
105 204
163 262
76 175
12 111
131 230
196 295
45 144
172 271
113 212
18 117
25 124
29 128
72 171
42 141
184 283
31 130
152 251
135 234
117 216
133 232
81 180
114 213
1 100
77 176
158 257
185 284
157 256
161 260
142 241
70 169
156 255
181 280
91 190
8 107
8 107
116 215
130 229
96 195
191 290
128 227
153 252
39 138
188 287
150 249
189 288
105 204
185 284
129 228
27 126
171 270
76 175
41 140
68 167
20 119
65 164
169 268
4 103
142 241
130 229
122 221
120 219
154 253
177 276
49 148
109 208
174 273
85 184
101 200
73 172
165 264
35 134
128 227
161 260
133 232
73 172
2 101
145 244
3 102
174 273
74 173
17 116
84 183
36 135
104 203
22 121
14 113
108 207
129 228
185 284
121 220
91 190
21 120
148 247
77 176
56 155
88 187
65 164
127 226
139 238
105 204
67 166
155 254
182 281
101 200
187 286
108 207
156 255
21 120
53 152
0 99
194 293
76 175
196 295
170 269
97 196
60 159
8 107
60 159
145 244
111 210
141 240
51 150
126 225
75 174
135 234
139 238
48 147
10 109
171 270
160 259
88 187
180 279
146 245
148 247
31 130
191 290
7 106
86 185
157 256
54 153
2 101
13 112
104 203
69 168
181 280
40 139
176 275
152 251
166 265
40 139
20 119
112 211
84 183
183 282
69 168
194 293
188 287
17 116
165 264
53 152
185 284
46 145
113 212
100 199
140 239
24 123
134 233
110 209
134 233
37 136
102 201
177 276
140 239
29 128
138 237
197 296
57 156
2 101
15 114
154 253
66 165
191 290
195 294
73 172
62 161
154 253
145 244
160 259
59 158
6 105
89 188
4 103
85 184
150 249
74 173
52 151
144 243
173 272
17 116
157 256
15 114
37 136
13 112
21 120
79 178
32 131
82 181
6 105
16 115
162 261
65 164
150 249
24 123
123 222
133 232
178 277
148 247
142 241
131 230
70 169
148 247
178 277
37 136
131 230
94 193
180 279
170 269
187 286
196 295
137 236
141 240
36 135
101 200
183 282
127 226
11 110
134 233
166 265
142 241
197 296
181 280
115 214
39 138
79 178
41 140
166 265
152 251
101 200
117 216
73 172
90 189
128 227
56 155
71 170
157 256
4 103
23 122
90 189
54 153
65 164
142 241
171 270
98 197
95 194
151 250
108 207
197 296
108 207
104 203
74 173
124 223
74 173
142 241
136 235
53 152
137 236
180 279
57 156
113 212
4 103
62 161
84 183
168 267
157 256
38 137
86 185
10 109
142 241
71 170
0 99
143 242
105 204
197 296
67 166
171 270
193 292
65 164
173 272
34 133
56 155
192 291
166 265
15 114
12 111
28 127
178 277
70 169
191 290
189 288
100 199
67 166
102 201
172 271
4 103
77 176
43 142
3 102
69 168
178 277
32 131
142 241
126 225
147 246
157 256
149 248
146 245
23 122
67 166
81 180
173 272
114 213
110 209
65 164
11 110
184 283
31 130
101 200
157 256
188 287
84 183
1 100
86 185
182 281
42 141
115 214
152 251
73 172
123 222
21 120
68 167
127 226
28 127
183 282
53 152
158 257
47 146
154 253
71 170
140 239
186 285
184 283
109 208
51 150
81 180
131 230
59 158
38 137
125 224
80 179
124 223
149 248
137 236
52 151
162 261
147 246
89 188
185 284
38 137
78 177
1 100
47 146
102 201
75 174
177 276
80 179
48 147
163 262
43 142
59 158
181 280
59 158
185 284
102 201
5 104
54 153
158 257
29 128
108 207
59 158
172 271
11 110
126 225
97 196
126 225
110 209
182 281
170 269
78 177
54 153
139 238
91 190
128 227
148 247
27 126
194 293
91 190
186 285
103 202
53 152
62 161
25 124
36 135
6 105
62 161
101 200
189 288
101 200
10 109
111 210
151 250
24 123
174 273
18 117
105 204
164 263
151 250
63 162
84 183
100 199
135 234
104 203
30 129
43 142
88 187
166 265
192 291
169 268
8 107
6 105
75 174
158 257
118 217
195 294
98 197
82 181
138 237
52 151
57 156
114 213
189 288
149 248
155 254
116 215
194 293
125 224
43 142
145 244
8 107
83 182
150 249
193 292
71 170
12 111
17 116
30 129
82 181
24 123
35 134
75 174
95 194
154 253
21 120
170 269
152 251
13 112
188 287
160 259
167 266
5 104
2 101
56 155
110 209
164 263
138 237
197 296
95 194
154 253
197 296
99 198
173 272
64 163
26 125
6 105
146 245
126 225
102 201
23 122
160 259
122 221
27 126
84 183
184 283
131 230
75 174
69 168
12 111
116 215
180 279
102 201
118 217
98 197
80 179
124 223
25 124
157 256
119 218
104 203
104 203
131 230
49 148
87 186
62 161
130 229
164 263
197 296
136 235
185 284
167 266
73 172
67 166
10 109
168 267
64 163
176 275
15 114
139 238
38 137
159 258
57 156
144 243
57 156
54 153
13 112
163 262
74 173
167 266
140 239
85 184
108 207
114 213
5 104
146 245
145 244
109 208
21 120
37 136
21 120
156 255
92 191
111 210
0 99
42 141
74 173
166 265
3 102
56 155
52 151
138 237
42 141
75 174
150 249
100 199
20 119
14 113
121 220
56 155
191 290
30 129
36 135
77 176
175 274
154 253
158 257
66 165
86 185
48 147
42 141
26 125
45 144
177 276
168 267
17 116
4 103
107 206
17 116
81 180
187 286
24 123
125 224
141 240
117 216
194 293
17 116
123 222
111 210
71 170
66 165
75 174
192 291
22 121
35 134
172 271
5 104
58 157
129 228
42 141
111 210
141 240
1 100
128 227
85 184
139 238
149 248
166 265
73 172
167 266
70 169
86 185
95 194
88 187
80 179
97 196
129 228
47 146
64 163
156 255
4 103
167 266
13 112
187 286
65 164
82 181
19 118
195 294
57 156
88 187
135 234
178 277
54 153
74 173
52 151
25 124
45 144
152 251
156 255
124 223
34 133
126 225
146 245
179 278
13 112
79 178
50 149
83 182
110 209
48 147
176 275
135 234
163 262
104 203
144 243
106 205
128 227
113 212
74 173
36 135
103 202
182 281
26 125
79 178
129 228
116 215
103 202
142 241
89 188
40 139
64 163
34 133
64 163
157 256
82 181
83 182
174 273
184 283
28 127
46 145
177 276
194 293
195 294
135 234
29 128
138 237
15 114
194 293
139 238
82 181
4 103
5 104
0 99
35 134
134 233
93 192
56 155
17 116
83 182
166 265
71 170
153 252
187 286
186 285
113 212
125 224
176 275
87 186
102 201
185 284
70 169
77 176
185 284
85 184
119 218
99 198
82 181
51 150
174 273
47 146
184 283
2 101
55 154
155 254
146 245
100 199
148 247
188 287
104 203
158 257
180 279
134 233
5 104
78 177
89 188
182 281
130 229
145 244
107 206
145 244
4 103
104 203
59 158
189 288
64 163
85 184
188 287
25 124
184 283
177 276
175 274
152 251
169 268
93 192
195 294
32 131
35 134
83 182
123 222
59 158
78 177
179 278
49 148
2 101
3 102
6 105
179 278
91 190
191 290
169 268
150 249
29 128
184 283
25 124
100 199
189 288
78 177
12 111
163 262
91 190
185 284
64 163
138 237
6 105
93 192
37 136
105 204
98 197
115 214
85 184
71 170
193 292
45 144
98 197
75 174
83 182
101 200
187 286
107 206
179 278
152 251
47 146
93 192
123 222
5 104
119 218
186 285
122 221
123 222
158 257
44 143
116 215
130 229
91 190
77 176
28 127
78 177
40 139
35 134
85 184
41 140
23 122
112 211
39 138
129 228
117 216
65 164
93 192
159 258
18 117
173 272
133 232
154 253
153 252
153 252
174 273
149 248
56 155
129 228
115 214
106 205
190 289
124 223
146 245
82 181
181 280
38 137
174 273
135 234
13 112
148 247
120 219
40 139
196 295
22 121
150 249
74 173
58 157
166 265
62 161
103 202
109 208
18 117
22 121
166 265
149 248
14 113
97 196
94 193
112 211
115 214
14 113
78 177
85 184
86 185
102 201
176 275
124 223
156 255
140 239
176 275
188 287
54 153
71 170
192 291
19 118
50 149
91 190
117 216
45 144
41 140
36 135
186 285
144 243
52 151
68 167
7 106
127 226
8 107
0 99
119 218
62 161
150 249
89 188
46 145
121 220
98 197
174 273
23 122
124 223
191 290
38 137
83 182
184 283
121 220
23 122
155 254
79 178
60 159
5 104
129 228
6 105
12 111
142 241
34 133
81 180
24 123
78 177
85 184
134 233
32 131
188 287
37 136
174 273
93 192
148 247
102 201
78 177
7 106
28 127
183 282
164 263
93 192
184 283
50 149
127 226
123 222
181 280
139 238
160 259
0 99
24 123
19 118
96 195
180 279
100 199
45 144
14 113
15 114
83 182
170 269
44 143
33 132
75 174
157 256
48 147
48 147
77 176
139 238
88 187
167 266
86 185
84 183
158 257
48 147
52 151
102 201
41 140
104 203
159 258
145 244
75 174
138 237
162 261
170 269
77 176
62 161
188 287
127 226
163 262
82 181
74 173
150 249
10 109
160 259
16 115
93 192
117 216
158 257
49 148
100 199
87 186
39 138
194 293
1 100
145 244
110 209
164 263
149 248
116 215
54 153
165 264
102 201
104 203
36 135
183 282
112 211
11 110
170 269
67 166
140 239
99 198
119 218
160 259
94 193
30 129
23 122
191 290
9 108
102 201
93 192
123 222
103 202
134 233
50 149
102 201
165 264
161 260
59 158
88 187
107 206
18 117
154 253
68 167
0 99
142 241
185 284
126 225
98 197
34 133
89 188
77 176
126 225
142 241
188 287
70 169
50 149
170 269
126 225
23 122
141 240
140 239
102 201
3 102
4 103
86 185
8 107
90 189
142 241
85 184
37 136
152 251
34 133
101 200
91 190
170 269
103 202
114 213
95 194
168 267
141 240
3 102
168 267
192 291
24 123
182 281
87 186
190 289
52 151
19 118
44 143
36 135
54 153
21 120
146 245
187 286
157 256
54 153
98 197
95 194
184 283
148 247
115 214
1 100
136 235
139 238
166 265
176 275
85 184
160 259
154 253
57 156
114 213
26 125
68 167
126 225
160 259
75 174
53 152
72 171
22 121
57 156
190 289
142 241
25 124
124 223
49 148
138 237
118 217
33 132
130 229
169 268
46 145
154 253
142 241
73 172
121 220
107 206
55 154
39 138
47 146
169 268
50 149
179 278
105 204
136 235
193 292
109 208
167 266
173 272
115 214
18 117
126 225
145 244
135 234
32 131
61 160
14 113
141 240
79 178
69 168
163 262
88 187
72 171
62 161
90 189
162 261
6 105
185 284
21 120
103 202
158 257
111 210
153 252
4 103
194 293
73 172
191 290
36 135
78 177
157 256
17 116
5 104
137 236
158 257
8 107
59 158
167 266
166 265
45 144
165 264
161 260
19 118
189 288
157 256
15 114
36 135
0 99
125 224
96 195
5 104
96 195
161 260
31 130
79 178
37 136
49 148
23 122
93 192
178 277
24 123
166 265
108 207
134 233
117 216
62 161
158 257
14 113
138 237
2 101
138 237
39 138
29 128
127 226
176 275
147 246
89 188
14 113
62 161
92 191
42 141
61 160
98 197
26 125
118 217
122 221
115 214
51 150
9 108
118 217
71 170
177 276
25 124
5 104
14 113
182 281
106 205
155 254
129 228
1 100
177 276
107 206
72 171
109 208
81 180
116 215
21 120
138 237
77 176
143 242
119 218
181 280
80 179
150 249
126 225
28 127
20 119
5 104
139 238
154 253
75 174
74 173
186 285
41 140
23 122
63 162
111 210
192 291
15 114
66 165
57 156
18 117
108 207
47 146
1 100
192 291
112 211
161 260
33 132
131 230
195 294
173 272
141 240
94 193
142 241
18 117
162 261
15 114
14 113
181 280
63 162
22 121
147 246
110 209
24 123
89 188
54 153
126 225
125 224
142 241
116 215
144 243
62 161
152 251
8 107
168 267
69 168
152 251
143 242
155 254
23 122
90 189
22 121
61 160
45 144
129 228
47 146
194 293
75 174
39 138
139 238
46 145
46 145
189 288
30 129
66 165
94 193
89 188
158 257
57 156
30 129
97 196
132 231
112 211
88 187
125 224
54 153
112 211
34 133
112 211
162 261
143 242
56 155
128 227
61 160
106 205
196 295
137 236
24 123
10 109
66 165
66 165
117 216
111 210
196 295
101 200
10 109
4 103
150 249
112 211
21 120
21 120
79 178
37 136
72 171
142 241
101 200
167 266
91 190
134 233
151 250
37 136
182 281
3 102
47 146
194 293
163 262
70 169
7 106
53 152
119 218
43 142
47 146
160 259
192 291
16 115
75 174
127 226
143 242
73 172
169 268
129 228
126 225
39 138
30 129
59 158
18 117
49 148
146 245
61 160
93 192
73 172
174 273
107 206
95 194
108 207
36 135
196 295
31 130
110 209
145 244
58 157
8 107
76 175
187 286
166 265
121 220
59 158
80 179
21 120
152 251
88 187
106 205
183 282
196 295
4 103
22 121
170 269
104 203
11 110
172 271
55 154
101 200
168 267
88 187
115 214
23 122
128 227
97 196
54 153
19 118
133 232
105 204
110 209
3 102
40 139
120 219
128 227
48 147
97 196
35 134
34 133
173 272
172 271
65 164
166 265
151 250
26 125
153 252
62 161
45 144
52 151
119 218
184 283
135 234
116 215
134 233
179 278
132 231
107 206
77 176
175 274
166 265
181 280
127 226
88 187
35 134
140 239
45 144
76 175
4 103
25 124
67 166
8 107
169 268
162 261
142 241
196 295
107 206
13 112
170 269
78 177
123 222
145 244
92 191
21 120
148 247
60 159
123 222
28 127
88 187
61 160
25 124
107 206
167 266
184 283
123 222
27 126
186 285
145 244
179 278
83 182
60 159
27 126
135 234
78 177
164 263
174 273
166 265
185 284
99 198
73 172
167 266
27 126
49 148
195 294
117 216
143 242
185 284
10 109
113 212
25 124
72 171
130 229
96 195
54 153
87 186
27 126
66 165
148 247
134 233
89 188
2 101
189 288
144 243
123 222
152 251
106 205
122 221
135 234
182 281
100 199
165 264
121 220
51 150
170 269
110 209
105 204
41 140
126 225
15 114
103 202
68 167
87 186
65 164
162 261
156 255
91 190
32 131
186 285
32 131
163 262
25 124
37 136
172 271
117 216
191 290
34 133
159 258
7 106
65 164
48 147
173 272
70 169
90 189
170 269
47 146
113 212
85 184
153 252
38 137
37 136
154 253
123 222
117 216
65 164
52 151
26 125
149 248
166 265
65 164
24 123
114 213
130 229
117 216
133 232
106 205
61 160
105 204
78 177
140 239
121 220
48 147
10 109
124 223
179 278
107 206
69 168
185 284
49 148
17 116
24 123
64 163
107 206
37 136
1 100
125 224
58 157
148 247
109 208
148 247
34 133
72 171
81 180
10 109
22 121
13 112
147 246
141 240
118 217
136 235
172 271
36 135
138 237
2 101
66 165
81 180
98 197
146 245
191 290
184 283
103 202
113 212
92 191
43 142
158 257
27 126
19 118
116 215
185 284
95 194
77 176
157 256
50 149
141 240
129 228
72 171
23 122
82 181
56 155
97 196
109 208
114 213
84 183
127 226
179 278
181 280
62 161
187 286
88 187
64 163
89 188
112 211
49 148
193 292
59 158
188 287
196 295
103 202
22 121
118 217
170 269
55 154
77 176
140 239
85 184
64 163
13 112
9 108
178 277
43 142
158 257
68 167
60 159
72 171
66 165
9 108
196 295
12 111
100 199
41 140
57 156
173 272
195 294
93 192
3 102
57 156
188 287
189 288
145 244
20 119
132 231
119 218
136 235
41 140
68 167
41 140
166 265
160 259
86 185
141 240
49 148
4 103
114 213
165 264
24 123
87 186
157 256
0 99
59 158
143 242
56 155
1 100
103 202
4 103
181 280
122 221
106 205
80 179
103 202
141 240
188 287
112 211
157 256
110 209
54 153
150 249
10 109
153 252
78 177
166 265
73 172
160 259
108 207
38 137
62 161
110 209
147 246
81 180
27 126
137 236
112 211
146 245
154 253
3 102
104 203
103 202
47 146
79 178
117 216
1 100
90 189
81 180
67 166
86 185
75 174
71 170
150 249
110 209
65 164
150 249
4 103
93 192
42 141
16 115
82 181
29 128
172 271
105 204
122 221
23 122
140 239
22 121
113 212
13 112
85 184
93 192
58 157
149 248
18 117
127 226
193 292
19 118
7 106
138 237
103 202
45 144
121 220
21 120
98 197
100 199
97 196
191 290
93 192
102 201
84 183
167 266
31 130
79 178
93 192
41 140
10 109
9 108
189 288
80 179
17 116
62 161
107 206
151 250
138 237
83 182
193 292
2 101
177 276
74 173
80 179
120 219
185 284
23 122
138 237
103 202
25 124
131 230
15 114
20 119
28 127
98 197
124 223
62 161
184 283
0 99
10 109
98 197
144 243
145 244
55 154
14 113
153 252
80 179
15 114
7 106
44 143
100 199
141 240
20 119
139 238
19 118
1 100
14 113
16 115
123 222
152 251
151 250
3 102
98 197
186 285
193 292
18 117
174 273
185 284
149 248
193 292
135 234
140 239
197 296
62 161
149 248
168 267
68 167
114 213
172 271
44 143
102 201
156 255
9 108
189 288
100 199
28 127
130 229
58 157
176 275
176 275
89 188
78 177
134 233
129 228
188 287
171 270
3 102
127 226
69 168
69 168
160 259
15 114
38 137
75 174
92 191
163 262
95 194
118 217
140 239
107 206
117 216
9 108
37 136
67 166
131 230
12 111
98 197
97 196
29 128
78 177
59 158
190 289
79 178
146 245
114 213
77 176
127 226
5 104
42 141
116 215
100 199
186 285
195 294
150 249
58 157
78 177
46 145
87 186
3 102
31 130
183 282
37 136
89 188
122 221
112 211
160 259
104 203
176 275
182 281
187 286
128 227
108 207
85 184
165 264
56 155
36 135
134 233
147 246
70 169
175 274
115 214
50 149
170 269
191 290
56 155
11 110
160 259
1 100
195 294
67 166
88 187
25 124
26 125
82 181
76 175
3 102
121 220
108 207
8 107
75 174
153 252
106 205
53 152
7 106
179 278
56 155
35 134
90 189
15 114
91 190
49 148
109 208
32 131
10 109
72 171
49 148
32 131
76 175
39 138
138 237
53 152
118 217
57 156
56 155
152 251
170 269
83 182
41 140
40 139
138 237
87 186
2 101
174 273
129 228
170 269
117 216
117 216
69 168
192 291
1 100
9 108
22 121
133 232
166 265
9 108
106 205
76 175
9 108
84 183
185 284
91 190
134 233
42 141
141 240
126 225
145 244
74 173
1 100
151 250
40 139
39 138
95 194
7 106
180 279
110 209
194 293
44 143
84 183
33 132
27 126
16 115
19 118
40 139
51 150
167 266
150 249
27 126
130 229
189 288
33 132
22 121
8 107
127 226
178 277
9 108
163 262
66 165
20 119
53 152
168 267
169 268
5 104
117 216
76 175
103 202
172 271
38 137
192 291
135 234
82 181
156 255
186 285
160 259
113 212
68 167
93 192
183 282
10 109
41 140
95 194
129 228
41 140
93 192
156 255
191 290
96 195
132 231
75 174
39 138
88 187
103 202
173 272
142 241
78 177
48 147
49 148
46 145
142 241
173 272
171 270
112 211
45 144
74 173
38 137
74 173
9 108
7 106
17 116
33 132
137 236
72 171
180 279
126 225
148 247
31 130
161 260
26 125
1 100
21 120
193 292
130 229
195 294
113 212
158 257
36 135
185 284
72 171
73 172
155 254
192 291
114 213
187 286
177 276
195 294
115 214
67 166
178 277
187 286
134 233
118 217
58 157
190 289
16 115
157 256
66 165
168 267
174 273
155 254
16 115
50 149
100 199
33 132
146 245
91 190
163 262
3 102
41 140
158 257
10 109
129 228
107 206
115 214
33 132
117 216
189 288
127 226
21 120
166 265
19 118
53 152
133 232
48 147
159 258
26 125
65 164
30 129
196 295
35 134
184 283
168 267
89 188
165 264
30 129
131 230
60 159
120 219
165 264
110 209
2 101
99 198
88 187
96 195
93 192
106 205
115 214
116 215
38 137
120 219
42 141
50 149
21 120
193 292
9 108
30 129
109 208
136 235
109 208
85 184
10 109
82 181
172 271
187 286
116 215
25 124
94 193
142 241
189 288
96 195
84 183
79 178
174 273
94 193
96 195
145 244
26 125
25 124
108 207
28 127
124 223
83 182
191 290
112 211
131 230
63 162
73 172
104 203
144 243
73 172
73 172
45 144
113 212
137 236
31 130
80 179
52 151
115 214
154 253
189 288
106 205
106 205
146 245
130 229
114 213
16 115
161 260
69 168
64 163
104 203
153 252
66 165
13 112
159 258
100 199
21 120
69 168
172 271
92 191
122 221
162 261
142 241
109 208
95 194
7 106
29 128
35 134
2 101
71 170
22 121
6 105
189 288
174 273
10 109
177 276
192 291
104 203
20 119
96 195
97 196
155 254
39 138
98 197
58 157
67 166
144 243
72 171
124 223
68 167
79 178
117 216
91 190
14 113
110 209
51 150
41 140
73 172
26 125
27 126
123 222
113 212
108 207
32 131
60 159
4 103
127 226
71 170
133 232
38 137
106 205
120 219
47 146
117 216
101 200
163 262
132 231
106 205
18 117
165 264
61 160
98 197
17 116
55 154
155 254
49 148
15 114
132 231
124 223
18 117
194 293
15 114
5 104
46 145
154 253
46 145
96 195
93 192
149 248
141 240
83 182
45 144
77 176
142 241
65 164
78 177
141 240
99 198
194 293
74 173
193 292
38 137
75 174
94 193
192 291
193 292
9 108
122 221
190 289
79 178
113 212
169 268
104 203
30 129
143 242
149 248
154 253
136 235
43;156504
51 150
2 101
28 127
71 170
135 234
138 237
88 187
132 231
125 224
62 161
146 245
112 211
75 174
51 150
92 191
191 290
177 276
26 125
97 196
85 184
18 117
138 237
69 168
104 203
125 224
9 108
108 207
121 220
32 131
44 143
170 269
197 296
14 113
165 264
91 190
173 272
51 150
172 271
80 179
99 198
137 236
23 122
89 188
20 119
55 154
10 109
184 283
113 212
50 149
107 206
114 213
110 209
74 173
2 101
161 260
146 245
49 148
109 208
98 197
34 133
143 242
75 174
43 142
133 232
63 162
124 223
144 243
47 146
25 124
4 103
76 175
58 157
108 207
33 132
24 123
192 291
70 169
12 111
116 215
146 245
55 154
22 121
130 229
179 278
109 208
85 184
137 236
180 279
76 175
20 119
161 260
89 188
169 268
155 254
82 181
82 181
82 181
96 195
145 244
176 275
134 233
17 116
89 188
116 215
169 268
57 156
187 286
193 292
72 171
165 264
64 163
188 287
166 265
41 140
7 106
1 100
81 180
173 272
57 156
163 262
161 260
17 116
79 178
98 197
30 129
100 199
155 254
172 271
108 207
197 296
74 173
55 154
86 185
12 111
73 172
102 201
67 166
49 148
116 215
114 213
72 171
97 196
160 259
123 222
16 115
90 189
51 150
35 134
111 210
71 170
142 241
99 198
119 218
95 194
21 120
182 281
136 235
146 245
169 268
37 136
97 196
168 267
19 118
176 275
172 271
90 189
102 201
181 280
23 122
173 272
56 155
187 286
121 220
31 130
108 207
115 214
53 152
156 255
138 237
20 119
14 113
11 110
126 225
68 167
196 295
63 162
158 257
31 130
102 201
27 126
94 193
68 167
29 128
129 228
189 288
51 150
42 141
140 239
58 157
149 248
130 229
124 223
155 254
98 197
15 114
151 250
45 144
75 174
52 151
154 253
56 155
67 166
60 159
39 138
109 208
113 212
164 263
150 249
137 236
163 262
55 154
85 184
47 146
140 239
48 147
74 173
45 144
141 240
101 200
185 284
115 214
72 171
26 125
123 222
27 126
47 146
196 295
23 122
65 164
29 128
179 278
61 160
192 291
65 164
0 99
95 194
145 244
53 152
53 152
61 160
61 160
137 236
49 148
182 281
109 208
83 182
187 286
135 234
89 188
113 212
124 223
178 277
95 194
40 139
146 245
104 203
78 177
194 293
135 234
102 201
98 197
104 203
73 172
152 251
81 180
151 250
44 143
98 197
107 206
138 237
77 176
193 292
29 128
79 178
184 283
4 103
34 133
176 275
45 144
46 145
102 201
128 227
60 159
49 148
44 143
28 127
38 137
15 114
88 187
98 197
157 256
185 284
104 203
166 265
75 174
173 272
112 211
72 171
184 283
168 267
176 275
54 153
14 113
99 198
141 240
0 99
155 254
139 238
17 116
72 171
113 212
182 281
142 241
195 294
53 152
85 184
4 103
172 271
86 185
38 137
185 284
25 124
30 129
126 225
3 102
24 123
104 203
187 286
28 127
68 167
38 137
51 150
43 142
131 230
87 186
135 234
174 273
185 284
167 266
6 105
66 165
32 131
42 141
117 216
62 161
111 210
104 203
21 120
141 240
195 294
77 176
41 140
11 110
15 114
127 226
27 126
161 260
167 266
197 296
138 237
50 149
117 216
7 106
90 189
107 206
154 253
82 181
190 289
162 261
61 160
180 279
142 241
127 226
42 141
190 289
157 256
48 147
13 112
69 168
196 295
157 256
91 190
112 211
185 284
154 253
30 129
165 264
63 162
125 224
154 253
68 167
61 160
179 278
193 292
65 164
14 113
141 240
40 139
3 102
34 133
165 264
136 235
116 215
96 195
30 129
72 171
183 282
95 194
97 196
58 157
161 260
101 200
165 264
82 181
16 115
183 282
148 247
74 173
35 134
6 105
85 184
64 163
99 198
132 231
74 173
10 109
20 119
37 136
18 117
56 155
88 187
171 270
101 200
29 128
30 129
89 188
40 139
178 277
188 287
194 293
75 174
173 272
110 209
156 255
67 166
183 282
19 118
180 279
112 211
158 257
193 292
134 233
75 174
48 147
157 256
39 138
52 151
149 248
9 108
148 247
118 217
150 249
158 257
24 123
64 163
165 264
173 272
33 132
81 180
95 194
188 287
134 233
61 160
24 123
143 242
140 239
31 130
155 254
6 105
59 158
66 165
143 242
166 265
125 224
72 171
73 172
13 112
87 186
181 280
189 288
163 262
108 207
28 127
104 203
109 208
168 267
3 102
27 126
143 242
134 233
120 219
84 183
7 106
59 158
182 281
30 129
101 200
174 273
34 133
141 240
6 105
113 212
56 155
145 244
150 249
172 271
53 152
35 134
40 139
125 224
23 122
192 291
77 176
114 213
34 133
87 186
22 121
110 209
134 233
146 245
143 242
138 237
50 149
131 230
89 188
157 256
125 224
55 154
5 104
152 251
77 176
61 160
65 164
126 225
33 132
181 280
21 120
118 217
135 234
20 119
71 170
99 198
58 157
179 278
190 289
15 114
76 175
133 232
25 124
133 232
50 149
89 188
152 251
34 133
67 166
114 213
155 254
145 244
165 264
192 291
25 124
0 99
79 178
47 146
78 177
188 287
155 254
190 289
88 187
155 254
15 114
89 188
0 99
79 178
52 151
106 205
113 212
128 227
65 164
103 202
116 215
57 156
5 104
172 271
144 243
8 107
189 288
188 287
69 168
25 124
111 210
172 271
90 189
34 133
44 143
119 218
111 210
62 161
169 268
137 236
80 179
70 169
1 100
42 141
148 247
192 291
30 129
41 140
84 183
187 286
107 206
33 132
138 237
131 230
123 222
129 228
18 117
13 112
155 254
106 205
154 253
59 158
31 130
26 125
180 279
91 190
67 166
41 140
132 231
112 211
95 194
95 194
151 250
160 259
108 207
45 144
124 223
1 100
176 275
75 174
183 282
47 146
125 224
121 220
81 180
36 135
60 159
194 293
9 108
74 173
197 296
6 105
78 177
51 150
25 124
60 159
53 152
51 150
15 114
164 263
118 217
152 251
188 287
14 113
193 292
94 193
128 227
171 270
65 164
166 265
134 233
110 209
150 249
185 284
71 170
182 281
143 242
148 247
5 104
15 114
39 138
24 123
39 138
166 265
48 147
144 243
55 154
195 294
154 253
24 123
161 260
4 103
149 248
105 204
40 139
195 294
75 174
75 174
68 167
2 101
159 258
76 175
133 232
20 119
151 250
3 102
18 117
35 134
103 202
187 286
12 111
78 177
50 149
178 277
67 166
151 250
150 249
58 157
88 187
122 221
110 209
44 143
8 107
55 154
98 197
46 145
165 264
146 245
135 234
70 169
7 106
88 187
2 101
156 255
118 217
39 138
62 161
121 220
53 152
122 221
35 134
73 172
38 137
110 209
151 250
138 237
194 293
49 148
194 293
157 256
17 116
194 293
129 228
169 268
169 268
69 168
1 100
195 294
106 205
118 217
60 159
37 136
144 243
150 249
61 160
39 138
60 159
59 158
159 258
77 176
40 139
152 251
2 101
65 164
5 104
144 243
46 145
97 196
144 243
51 150
196 295
184 283
15 114
52 151
157 256
148 247
148 247
73 172
178 277
162 261
87 186
38 137
170 269
100 199
11 110
154 253
63 162
84 183
90 189
58 157
10 109
68 167
149 248
94 193
170 269
19 118
52 151
32 131
20 119
173 272
150 249
137 236
173 272
68 167
70 169
159 258
87 186
171 270
41 140
187 286
179 278
13 112
28 127
106 205
85 184
51 150
83 182
0 99
34 133
14 113
90 189
116 215
6 105
141 240
32 131
178 277
78 177
137 236
130 229
56 155
52 151
101 200
0 99
131 230
113 212
194 293
81 180
59 158
14 113
76 175
55 154
119 218
110 209
74 173
48 147
65 164
142 241
187 286
113 212
88 187
17 116
71 170
22 121
170 269
27 126
178 277
130 229
197 296
79 178
22 121
182 281
52 151
24 123
26 125
191 290
1 100
163 262
33 132
38 137
119 218
81 180
19 118
143 242
21 120
168 267
133 232
33 132
28 127
7 106
28 127
156 255
175 274
143 242
44 143
24 123
150 249
195 294
165 264
115 214
191 290
24 123
169 268
154 253
30 129
24 123
136 235
55 154
134 233
9 108
188 287
143 242
46 145
153 252
82 181
145 244
182 281
119 218
114 213
103 202
38 137
146 245
170 269
33 132
49 148
15 114
166 265
28 127
116 215
80 179
119 218
170 269
60 159
170 269
127 226
145 244
140 239
165 264
178 277
62 161
145 244
28 127
172 271
98 197
85 184
127 226
132 231
61 160
170 269
36 135
150 249
73 172
10 109
43 142
158 257
59 158
173 272
195 294
142 241
187 286
164 263
132 231
33 132
55 154
121 220
192 291
189 288
49 148
131 230
68 167
98 197
13 112
197 296
185 284
193 292
12 111
121 220
184 283
163 262
176 275
151 250
154 253
63 162
170 269
0 99
23 122
15 114
193 292
180 279
143 242
146 245
108 207
98 197
173 272
127 226
122 221
107 206
22 121
130 229
106 205
172 271
51 150
83 182
127 226
178 277
78 177
42 141
84 183
112 211
95 194
129 228
88 187
135 234
39 138
191 290
167 266
20 119
83 182
81 180
73 172
112 211
31 130
132 231
187 286
165 264
50 149
143 242
187 286
164 263
176 275
179 278
84 183
12 111
74 173
80 179
26 125
30 129
10 109
138 237
131 230
109 208
62 161
150 249
95 194
8 107
29 128
35 134
31 130
160 259
15 114
193 292
86 185
42 141
98 197
73 172
171 270
123 222
164 263
124 223
111 210
112 211
161 260
29 128
168 267
130 229
115 214
9 108
128 227
135 234
1 100
116 215
191 290
169 268
76 175
148 247
68 167
195 294
140 239
145 244
78 177
156 255
104 203
87 186
117 216
17 116
15 114
83 182
152 251
23 122
155 254
155 254
76 175
125 224
143 242
97 196
168 267
155 254
193 292
12 111
97 196
19 118
16 115
104 203
32 131
58 157
95 194
132 231
92 191
41 140
98 197
65 164
72 171
19 118
162 261
58 157
23 122
90 189
64 163
184 283
91 190
179 278
172 271
163 262
186 285
195 294
151 250
172 271
110 209
98 197
127 226
143 242
58 157
51 150
135 234
147 246
149 248
96 195
88 187
129 228
37 136
106 205
66 165
90 189
196 295
193 292
170 269
118 217
55 154
177 276
166 265
124 223
172 271
97 196
153 252
14 113
194 293
163 262
5 104
186 285
29 128
55 154
174 273
145 244
151 250
121 220
76 175
122 221
168 267
110 209
64 163
89 188
161 260
168 267
104 203
192 291
182 281
186 285
159 258
69 168
136 235
57 156
97 196
102 201
155 254
17 116
45 144
94 193
181 280
58 157
103 202
60 159
181 280
65 164
171 270
73 172
21 120
22 121
159 258
191 290
49 148
29 128
171 270
16 115
90 189
26 125
32 131
29 128
189 288
161 260
30 129
77 176
151 250
144 243
83 182
9 108
120 219
160 259
78 177
89 188
191 290
97 196
146 245
31 130
82 181
171 270
39 138
46 145
102 201
125 224
177 276
180 279
32 131
159 258
93 192
16 115
47 146
139 238
64 163
58 157
82 181
89 188
190 289
27 126
195 294
29 128
138 237
24 123
192 291
86 185
91 190
145 244
112 211
127 226
65 164
82 181
27 126
3 102
134 233
40 139
62 161
122 221
90 189
169 268
44 143
43 142
109 208
114 213
114 213
33 132
179 278
104 203
150 249
161 260
133 232
10 109
134 233
46 145
16 115
138 237
184 283
24 123
115 214
175 274
134 233
59 158
43 142
158 257
114 213
0 99
66 165
36 135
48 147
105 204
188 287
152 251
128 227
142 241
110 209
129 228
57 156
84 183
57 156
139 238
194 293
49 148
53 152
144 243
177 276
57 156
20 119
21 120
166 265
142 241
32 131
78 177
16 115
191 290
70 169
82 181
158 257
181 280
16 115
26 125
167 266
49 148
182 281
72 171
188 287
97 196
181 280
40 139
85 184
12 111
34 133
185 284
166 265
51 150
105 204
154 253
189 288
62 161
22 121
112 211
31 130
64 163
195 294
127 226
56 155
49 148
153 252
138 237
38 137
44 143
139 238
18 117
83 182
70 169
2 101
107 206
32 131
5 104
154 253
141 240
87 186
58 157
41 140
13 112
153 252
88 187
33 132
60 159
26 125
51 150
108 207
103 202
64 163
196 295
188 287
155 254
54 153
20 119
21 120
22 121
111 210
133 232
97 196
50 149
189 288
21 120
1 100
31 130
154 253
120 219
102 201
125 224
99 198
138 237
63 162
122 221
152 251
100 199
149 248
12 111
99 198
66 165
145 244
161 260
143 242
15 114
120 219
25 124
92 191
48 147
188 287
45 144
5 104
76 175
77 176
167 266
26 125
100 199
121 220
182 281
82 181
196 295
52 151
91 190
191 290
135 234
143 242
45 144
72 171
91 190
2 101
50 149
4 103
61 160
197 296
146 245
10 109
16 115
24 123
52 151
96 195
49 148
150 249
55 154
142 241
7 106
62 161
21 120
83 182
21 120
192 291
117 216
63 162
45 144
175 274
116 215
131 230
192 291
41 140
135 234
180 279
141 240
118 217
85 184
138 237
166 265
70 169
102 201
50 149
7 106
143 242
42 141
61 160
83 182
28 127
145 244
166 265
72 171
61 160
138 237
76 175
79 178
162 261
108 207
118 217
103 202
130 229
101 200
169 268
79 178
187 286
2 101
3 102
9 108
125 224
110 209
161 260
4 103
185 284
178 277
118 217
38 137
181 280
91 190
154 253
107 206
140 239
137 236
51 150
30 129
148 247
141 240
177 276
146 245
195 294
125 224
158 257
15 114
189 288
64 163
48 147
36 135
104 203
169 268
121 220
123 222
193 292
90 189
80 179
121 220
5 104
34 133
62 161
165 264
60 159
31 130
83 182
121 220
42 141
77 176
94 193
94 193
159 258
164 263
102 201
191 290
69 168
19 118
91 190
157 256
152 251
90 189
7 106
181 280
36 135
173 272
145 244
65 164
26 125
163 262
45 144
4 103
144 243
39 138
157 256
108 207
105 204
25 124
33 132
47 146
53 152
11 110
32 131
48 147
18 117
58 157
184 283
129 228
9 108
116 215
138 237
73 172
84 183
141 240
178 277
6 105
181 280
188 287
64 163
79 178
98 197
144 243
86 185
80 179
44 143
102 201
165 264
172 271
14 113
138 237
16 115
71 170
165 264
140 239
156 255
193 292
113 212
30 129
56 155
24 123
183 282
176 275
14 113
35 134
112 211
157 256
191 290
42 141
63 162
147 246
104 203
65 164
187 286
181 280
194 293
73 172
6 105
103 202
3 102
156 255
146 245
85 184
79 178
122 221
23 122
70 169
0 99
43 142
81 180
94 193
10 109
55 154
71 170
78 177
80 179
125 224
89 188
1 100
86 185
65 164
1 100
31 130
181 280
184 283
146 245
85 184
7 106
160 259
177 276
68 167
170 269
68 167
72 171
75 174
139 238
115 214
28 127
5 104
102 201
10 109
125 224
74 173
10 109
148 247
171 270
146 245
57 156
182 281
31 130
0 99
130 229
93 192
99 198
170 269
119 218
131 230
63 162
59 158
182 281
159 258
23 122
139 238
92 191
178 277
19 118
25 124
179 278
3 102
50 149
29 128
146 245
135 234
10 109
8 107
120 219
92 191
21 120
92 191
114 213
18 117
78 177
37 136
74 173
6 105
74 173
75 174
154 253
170 269
30 129
15 114
118 217
8 107
119 218
43 142
94 193
65 164
197 296
41 140
164 263
175 274
125 224
99 198
84 183
79 178
186 285
173 272
172 271
174 273
139 238
64 163
86 185
148 247
61 160
114 213
63 162
76 175
98 197
115 214
159 258
173 272
155 254
57 156
54 153
26 125
135 234
83 182
182 281
110 209
12 111
15 114
50 149
186 285
31 130
33 132
26 125
54 153
2 101
165 264
143 242
119 218
70 169
97 196
148 247
96 195
126 225
137 236
94 193
87 186
81 180
94 193
145 244
81 180
45 144
106 205
54 153
37 136
149 248
16 115
133 232
50 149
103 202
39 138
18 117
159 258
192 291
82 181
71 170
159 258
132 231
176 275
105 204
196 295
71 170
133 232
14 113
75 174
35 134
142 241
53 152
144 243
146 245
139 238
15 114
62 161
180 279
182 281
116 215
75 174
179 278
85 184
112 211
82 181
163 262
116 215
37 136
22 121
113 212
54 153
131 230
56 155
47 146
6 105
150 249
184 283
167 266
24 123
187 286
111 210
156 255
183 282
112 211
64 163
156 255
98 197
89 188
74 173
19 118
16 115
15 114
128 227
134 233
82 181
18 117
149 248
43 142
179 278
39 138
75 174
29 128
130 229
125 224
190 289
139 238
110 209
35 134
82 181
95 194
154 253
13 112
131 230
185 284
93 192
97 196
183 282
192 291
72 171
111 210
118 217
152 251
89 188
192 291
131 230
129 228
80 179
169 268
140 239
117 216
155 254
60 159
126 225
75 174
18 117
146 245
166 265
194 293
160 259
74 173
100 199
169 268
106 205
91 190
55 154
68 167
196 295
195 294
87 186
120 219
157 256
186 285
168 267
155 254
99 198
179 278
26 125
195 294
163 262
16 115
83 182
184 283
153 252
10 109
69 168
131 230
29 128
171 270
181 280
99 198
45 144
149 248
131 230
127 226
66 165
16 115
194 293
151 250
134 233
24 123
20 119
142 241
57 156
1 100
125 224
89 188
68 167
181 280
155 254
123 222
125 224
15 114
196 295
89 188
10 109
160 259
118 217
13 112
160 259
53 152
25 124
135 234
92 191
86 185
23 122
108 207
24 123
21 120
98 197
188 287
88 187
162 261
131 230
156 255
108 207
189 288
125 224
159 258
72 171
13 112
77 176
160 259
52 151
23 122
153 252
31 130
87 186
148 247
140 239
161 260
91 190
148 247
55 154
179 278
119 218
157 256
166 265
85 184
191 290
188 287
150 249
134 233
193 292
145 244
55 154
119 218
76 175
159 258
173 272
110 209
119 218
67 166
16 115
81 180
87 186
28 127
59 158
96 195
165 264
40 139
134 233
138 237
169 268
22 121
124 223
0 99
105 204
20 119
187 286
196 295
174 273
176 275
99 198
161 260
28 127
158 257
181 280
185 284
134 233
41 140
102 201
154 253
77 176
127 226
134 233
107 206
139 238
116 215
32 131
8 107
135 234
186 285
137 236
78 177
55 154
55 154
47 146
81 180
65 164
31 130
166 265
96 195
140 239
90 189
192 291
55 154
106 205
149 248
63 162
127 226
35 134
168 267
197 296
131 230
22 121
41 140
145 244
7 106
169 268
196 295
9 108
125 224
197 296
154 253
136 235
179 278
104 203
42 141
172 271
137 236
51 150
153 252
83 182
82 181
118 217
7 106
34 133
162 261
36 135
184 283
113 212
38 137
192 291
152 251
2 101
188 287
120 219
97 196
192 291
15 114
39 138
86 185
109 208
9 108
181 280
132 231
88 187
186 285
173 272
171 270
22 121
39 138
184 283
161 260
7 106
60 159
134 233
194 293
114 213
127 226
184 283
137 236
28 127
137 236
190 289
133 232
101 200
68 167
30 129
141 240
2 101
154 253
167 266
95 194
128 227
52 151
174 273
4 103
84 183
133 232
66 165
139 238
123 222
114 213
163 262
88 187
35 134
163 262
78 177
17 116
118 217
15 114
140 239
176 275
156 255
134 233
193 292
92 191
148 247
123 222
67 166
37 136
42 141
30 129
75 174
170 269
101 200
142 241
24 123
69 168
55 154
119 218
74 173
112 211
126 225
157 256
193 292
128 227
96 195
119 218
90 189
180 279
120 219
21 120
81 180
167 266
16 115
78 177
136 235
164 263
148 247
170 269
163 262
22 121
6 105
158 257
142 241
65 164
143 242
179 278
123 222
157 256
197 296
48 147
96 195
155 254
109 208
166 265
2 101
144 243
144 243
150 249
41 140
48 147
166 265
6 105
142 241
39 138
8 107
92 191
149 248
30 129
75 174
2 101
89 188
150 249
29 128
64 163
130 229
173 272
41 140
53 152
17 116
138 237
125 224
30 129
68 167
93 192
73 172
106 205
141 240
124 223
6 105
41 140
174 273
64 163
194 293
157 256
193 292
197 296
26 125
172 271
91 190
97 196
6 105
182 281
88 187
96 195
11 110
19 118
165 264
36 135
74 173
40 139
64 163
20 119
109 208
29 128
65 164
48 147
140 239
111 210
5 104
40 139
157 256
147 246
163 262
194 293
3 102
48 147
182 281
145 244
75 174
61 160
70 169
93 192
107 206
171 270
113 212
60 159
10 109
25 124
69 168
176 275
178 277
81 180
147 246
31 130
109 208
190 289
194 293
40 139
85 184
2 101
100 199
137 236
8 107
94 193
4 103
76 175
100 199
176 275
119 218
141 240
85 184
71 170
81 180
57 156
25 124
181 280
4 103
60 159
90 189
159 258
103 202
35 134
102 201
124 223
185 284
59 158
165 264
43 142
110 209
31 130
135 234
27 126
151 250
88 187
143 242
128 227
181 280
153 252
131 230
60 159
50 149
190 289
109 208
187 286
122 221
129 228
99 198
117 216
6 105
99 198
37 136
91 190
185 284
12 111
128 227
77 176
147 246
113 212
2 101
80 179
155 254
47 146
189 288
139 238
54 153
40 139
37 136
191 290
25 124
193 292
140 239
25 124
50 149
63 162
171 270
189 288
100 199
85 184
44 143
193 292
80 179
75 174
160 259
149 248
72 171
6 105
40 139
82 181
53 152
110 209
185 284
27 126
116 215
16 115
85 184
85 184
172 271
24 123
85 184
178 277
43 142
150 249
113 212
163 262
168 267
31 130
182 281
115 214
146 245
17 116
117 216
54 153
74 173
101 200
149 248
173 272
49 148
65 164
85 184
157 256
26 125
28 127
48 147
89 188
128 227
69 168
93 192
96 195
6 105
51 150
145 244
151 250
24 123
129 228
73 172
157 256
116 215
135 234
60 159
53 152
140 239
31 130
4 103
112 211
96 195
190 289
170 269
132 231
172 271
111 210
163 262
70 169
128 227
184 283
77 176
26 125
13 112
187 286
98 197
150 249
169 268
163 262
55 154
170 269
106 205
51 150
164 263
72 171
197 296
145 244
160 259
12 111
174 273
8 107
55 154
126 225
14 113
38 137
41 140
115 214
30 129
172 271
137 236
21 120
70 169
68 167
194 293
171 270
128 227
123 222
5 104
11 110
193 292
46 145
25 124
164 263
47 146
186 285
55 154
167 266
147 246
71 170
186 285
36 135
90 189
13 112
109 208
82 181
123 222
106 205
138 237
25 124
113 212
147 246
55 154
183 282
49 148
106 205
162 261
181 280
152 251
194 293
132 231
41 140
73 172
132 231
33 132
137 236
111 210
27 126
11 110
57 156
168 267
140 239
116 215
123 222
99 198
23 122
48 147
173 272
45 144
68 167
180 279
131 230
154 253
5 104
172 271
104 203
28 127
42 141
146 245
25 124
138 237
35 134
86 185
137 236
113 212
82 181
162 261
179 278
123 222
51 150
157 256
19 118
13 112
65 164
82 181
136 235
33 132
141 240
23 122
168 267
72 171
131 230
7 106
22 121
24 123
191 290
91 190
108 207
71 170
60 159
196 295
174 273
144 243
133 232
158 257
47 146
7 106
56 155
144 243
44 143
138 237
113 212
150 249
103 202
7 106
13 112
76 175
3 102
104 203
165 264
79 178
49 148
146 245
192 291
50 149
66 165
13 112
12 111
115 214
188 287
176 275
29 128
83 182
182 281
2 101
121 220
193 292
12 111
5 104
23 122
116 215
190 289
93 192
29 128
70 169
36 135
1 100
65 164
138 237
87 186
113 212
32 131
90 189
87 186
190 289
73 172
165 264
139 238
14 113
104 203
116 215
151 250
91 190
194 293
88 187
71 170
66 165
38 137
141 240
95 194
83 182
52 151
178 277
127 226
180 279
0 99
111 210
139 238
173 272
98 197
142 241
52 151
77 176
96 195
82 181
159 258
73 172
150 249
194 293
151 250
69 168
59 158
7 106
172 271
185 284
30 129
9 108
45 144
180 279
93 192
135 234
125 224
125 224
145 244
145 244
170 269
95 194
143 242
93 192
67 166
8 107
77 176
42 141
56 155
161 260
106 205
31 130
195 294
12 111
111 210
5 104
140 239
37 136
123 222
81 180
191 290
136 235
125 224
1 100
170 269
164 263
0 99
75 174
182 281
176 275
30 129
151 250
163 262
196 295
103 202
137 236
36 135
154 253
104 203
3 102
58 157
144 243
128 227
33 132
39 138
153 252
130 229
38 137
142 241
187 286
28 127
36 135
89 188
163 262
93 192
61 160
192 291
55 154
54 153
151 250
31 130
74 173
153 252
119 218
109 208
94 193
173 272
56 155
119 218
165 264
158 257
96 195
193 292
95 194
3 102
94 193
195 294
1 100
55 154
79 178
193 292
24 123
141 240
159 258
50 149
97 196
146 245
96 195
188 287
120 219
126 225
155 254
128 227
120 219
33 132
129 228
54 153
1 100
73 172
44 143
64 163
36 135
35 134
75 174
178 277
0 99
62 161
152 251
126 225
28 127
82 181
127 226
117 216
162 261
23 122
74 173
37 136
157 256
60 159
98 197
2 101
128 227
15 114
33 132
35 134
54 153
176 275
20 119
192 291
64 163
151 250
73 172
1 100
114 213
172 271
122 221
57 156
21 120
95 194
99 198
109 208
86 185
102 201
80 179
6 105
147 246
120 219
5 104
99 198
168 267
193 292
47 146
102 201
158 257
37 136
172 271
88 187
131 230
88 187
83 182
88 187
94 193
162 261
135 234
95 194
109 208
155 254
46 145
127 226
84 183
142 241
63 162
144 243
187 286
97 196
65 164
10 109
67 166
126 225
30 129
185 284
162 261
74 173
54 153
176 275
183 282
51 150
100 199
156 255
32 131
147 246
184 283
159 258
134 233
196 295
84 183
137 236
101 200
3 102
36 135
153 252
56 155
134 233
21 120
88 187
170 269
99 198
23 122
180 279
56 155
138 237
86 185
75 174
108 207
167 266
82 181
184 283
196 295
10 109
59 158
133 232
38 137
161 260
178 277
181 280
27 126
112 211
181 280
167 266
162 261
64 163
172 271
145 244
125 224
166 265
178 277
197 296
28 127
153 252
159 258
9 108
145 244
147 246
94 193
87 186
88 187
191 290
176 275
175 274
113 212
10 109
125 224
157 256
3 102
194 293
173 272
117 216
171 270
93 192
120 219
92 191
96 195
14 113
102 201
145 244
108 207
139 238
66 165
103 202
30 129
7 106
74 173
22 121
195 294
176 275
116 215
7 106
14 113
48 147
76 175
58 157
84 183
31 130
195 294
125 224
186 285
121 220
166 265
88 187
125 224
120 219
26 125
64 163
53 152
43 142
31 130
5 104
115 214
13 112
186 285
101 200
4 103
128 227
31 130
136 235
183 282
58 157
23 122
29 128
81 180
86 185
119 218
141 240
132 231
4 103
7 106
193 292
81 180
125 224
3 102
187 286
193 292
185 284
61 160
93 192
181 280
100 199
36 135
154 253
169 268
49 148
92 191
113 212
114 213
47 146
55 154
102 201
16 115
51 150
97 196
147 246
152 251
97 196
138 237
87 186
170 269
11 110
125 224
173 272
127 226
150 249
142 241
102 201
83 182
87 186
82 181
174 273
1 100
70 169
119 218
11 110
96 195
3 102
78 177
100 199
83 182
194 293
10 109
79 178
100 199
17 116
35 134
23 122
166 265
171 270
103 202
125 224
16 115
120 219
53 152
186 285
27 126
84 183
44 143
10 109
38 137
108 207
186 285
96 195
84 183
102 201
53 152
191 290
19 118
6 105
130 229
46 145
20 119
66 165
29 128
67 166
8 107
131 230
170 269
169 268
27 126
45 144
39 138
101 200
101 200
41 140
82 181
66 165
147 246
154 253
190 289
100 199
168 267
30 129
69 168
26 125
192 291
12 111
84 183
170 269
89 188
141 240
41 140
194 293
3 102
194 293
100 199
42 141
107 206
177 276
54 153
101 200
121 220
172 271
150 249
146 245
54 153
20 119
183 282
27 126
67 166
30 129
113 212
81 180
68 167
42 141
195 294
174 273
182 281
197 296
196 295
83 182
100 199
40 139
128 227
78 177
18 117
64 163
103 202
24 123
25 124
118 217
116 215
93 192
150 249
115 214
146 245
178 277
93 192
90 189
20 119
20 119
124 223
164 263
42 141
34 133
87 186
50 149
141 240
70 169
83 182
143 242
182 281
148 247
29 128
13 112
158 257
46 145
21 120
117 216
42 141
37 136
117 216
42 141
75 174
65 164
194 293
155 254
124 223
159 258
83 182
167 266
184 283
167 266
102 201
75 174
160 259
50 149
157 256
58 157
27 126
96 195
119 218
33 132
12 111
54 153
80 179
159 258
14 113
97 196
74 173
103 202
86 185
145 244
165 264
180 279
172 271
45 144
141 240
132 231
85 184
42 141
112 211
129 228
129 228
81 180
149 248
124 223
109 208
140 239
118 217
183 282
115 214
93 192
149 248
122 221
145 244
24 123
110 209
67 166
175 274
84 183
166 265
61 160
149 248
28 127
155 254
171 270
175 274
18 117
167 266
12 111
197 296
177 276
47 146
61 160
50 149
3 102
35 134
6 105
150 249
81 180
42 141
169 268
192 291
110 209
90 189
188 287
74 173
33 132
91 190
123 222
100 199
79 178
24 123
122 221
65 164
73 172
45 144
80 179
120 219
7 106
127 226
179 278
118 217
84 183
10 109
37 136
155 254
163 262
185 284
61 160
189 288
189 288
145 244
47 146
11 110
105 204
148 247
155 254
13 112
154 253
5 104
75 174
67 166
121 220
137 236
152 251
2 101
100 199
67 166
189 288
87 186
145 244
103 202
101 200
182 281
136 235
5 104
74 173
80 179
152 251
30 129
185 284
137 236
182 281
1 100
31 130
88 187
106 205
134 233
151 250
167 266
129 228
93 192
149 248
12 111
175 274
181 280
15 114
129 228
90 189
83 182
15 114
100 199
133 232
138 237
154 253
53 152
156 255
47 146
136 235
57 156
25 124
85 184
94 193
25 124
75 174
67 166
54 153
176 275
129 228
110 209
1 100
16 115
196 295
143 242
174 273
50 149
148 247
115 214
171 270
141 240
170 269
113 212
20 119
53 152
30 129
163 262
127 226
130 229
97 196
142 241
43 142
181 280
122 221
25 124
21 120
33 132
124 223
131 230
125 224
31 130
67 166
104 203
77 176
189 288
74 173
184 283
9 108
122 221
175 274
102 201
141 240
168 267
134 233
172 271
197 296
178 277
100 199
123 222
103 202
53 152
118 217
77 176
191 290
124 223
159 258
181 280
138 237
134 233
140 239
162 261
41 140
164 263
39 138
33 132
180 279
124 223
50 149
8 107
117 216
79 178
27 126
67 166
126 225
166 265
8 107
122 221
33 132
59 158
173 272
58 157
142 241
77 176
63 162
148 247
51 150
195 294
132 231
121 220
159 258
54 153
190 289
68 167
111 210
42 141
98 197
141 240
119 218
132 231
42 141
45 144
163 262
103 202
18 117
110 209
196 295
95 194
161 260
128 227
10 109
93 192
30 129
124 223
157 256
82 181
54 153
82 181
20 119
158 257
54 153
118 217
71 170
117 216
155 254
141 240
192 291
161 260
171 270
18 117
118 217
118 217
59 158
126 225
126 225
45 144
109 208
159 258
181 280
85 184
122 221
82 181
85 184
154 253
149 248
4 103
50 149
88 187
102 201
66 165
65 164
179 278
89 188
178 277
26 125
89 188
124 223
157 256
68 167
145 244
87 186
59 158
58 157
107 206
4 103
36 135
187 286
132 231
40 139
143 242
109 208
29 128
196 295
66 165
60 159
125 224
183 282
93 192
177 276
99 198
7 106
26 125
183 282
47 146
94 193
71 170
4 103
118 217
102 201
156 255
151 250
136 235
37 136
95 194
173 272
190 289
39 138
155 254
171 270
178 277
66 165
161 260
87 186
73 172
141 240
134 233
26 125
31 130
7 106
166 265
103 202
43 142
152 251
116 215
95 194
119 218
52 151
36 135
45 144
123 222
69 168
150 249
162 261
42 141
139 238
180 279
155 254
163 262
173 272
68 167
171 270
56 155
108 207
127 226
163 262
191 290
15 114
130 229
43 142
42 141
66 165
29 128
108 207
140 239
142 241
196 295
50 149
126 225
74 173
89 188
179 278
83 182
52 151
135 234
130 229
125 224
91 190
91 190
47 146
190 289
185 284
102 201
103 202
131 230
123 222
130 229
172 271
91 190
74 173
38 137
152 251
16 115
110 209
105 204
62 161
156 255
22 121
165 264
44 143
11 110
119 218
177 276
117 216
43 142
174 273
54 153
48 147
178 277
190 289
101 200
164 263
114 213
18 117
108 207
53 152
157 256
26 125
37 136
52 151
35 134
14 113
186 285
69 168
25 124
52 151
151 250
172 271
160 259
107 206
178 277
50 149
171 270
182 281
101 200
17 116
120 219
77 176
193 292
177 276
115 214
134 233
166 265
160 259
87 186
131 230
84 183
42 141
9 108
47 146
173 272
0 99
156 255
123 222
126 225
143 242
36 135
76 175
178 277
157 256
179 278
61 160
72 171
2 101
123 222
140 239
154 253
149 248
192 291
105 204
25 124
127 226
129 228
181 280
168 267
80 179
102 201
142 241
128 227
104 203
150 249
137 236
164 263
107 206
168 267
27 126
194 293
101 200
98 197
161 260
35 134
165 264
195 294
69 168
143 242
18 117
169 268
95 194
185 284
143 242
111 210
76 175
76 175
167 266
29 128
147 246
145 244
193 292
0 99
186 285
85 184
90 189
22 121
0 99
49 148
185 284
91 190
8 107
156 255
69 168
78 177
89 188
18 117
0 99
16 115
34 133
154 253
78 177
153 252
144 243
86 185
176 275
50 149
149 248
98 197
50 149
95 194
2 101
16 115
193 292
120 219
88 187
176 275
104 203
14 113
63 162
171 270
180 279
190 289
129 228
128 227
145 244
141 240
189 288
173 272
118 217
160 259
57 156
155 254
46 145
158 257
172 271
42 141
26 125
137 236
35 134
41 140
89 188
20 119
31 130
71 170
5 104
167 266
54 153
189 288
83 182
141 240
29 128
29 128
151 250
29 128
158 257
23 122
89 188
189 288
155 254
151 250
174 273
184 283
9 108
59 158
32 131
172 271
23 122
121 220
91 190
23 122
189 288
115 214
194 293
15 114
134 233
191 290
162 261
81 180
73 172
56 155
58 157
79 178
61 160
167 266
18 117
73 172
188 287
127 226
28 127
190 289
82 181
179 278
16 115
144 243
75 174
15 114
91 190
154 253
63 162
179 278
86 185
2 101
172 271
142 241
117 216
92 191
92 191
16 115
96 195
174 273
180 279
81 180
171 270
99 198
195 294
67 166
12 111
131 230
74 173
187 286
136 235
90 189
22 121
184 283
81 180
163 262
53 152
4 103
113 212
151 250
62 161
3 102
153 252
71 170
172 271
195 294
177 276
64 163
119 218
56 155
178 277
145 244
7 106
173 272
47 146
116 215
189 288
181 280
192 291
41 140
2 101
26 125
26 125
65 164
47 146
91 190
183 282
150 249
58 157
166 265
148 247
158 257
190 289
124 223
24 123
163 262
24 123
123 222
79 178
53 152
183 282
164 263
152 251
46 145
158 257
45 144
151 250
98 197
176 275
44 143
160 259
19 118
98 197
188 287
62 161
32 131
63 162
144 243
160 259
195 294
62 161
155 254
39 138
55 154
133 232
45 144
176 275
6 105
108 207
17 116
11 110
74 173
33 132
147 246
106 205
64 163
56 155
175 274
167 266
88 187
148 247
42 141
18 117
163 262
122 221
85 184
135 234
14 113
120 219
5 104
119 218
101 200
55 154
150 249
180 279
59 158
150 249
75 174
10 109
44 143
40 139
15 114
5 104
8 107
72 171
118 217
71 170
58 157
170 269
5 104
46 145
49 148
120 219
186 285
182 281
123 222
98 197
139 238
103 202
113 212
116 215
76 175
46 145
130 229
110 209
1 100
72 171
36 135
138 237
87 186
116 215
140 239
114 213
55 154
95 194
56 155
111 210
165 264
196 295
174 273
13 112
88 187
85 184
123 222
5 104
64 163
54 153
91 190
64 163
125 224
113 212
2 101
131 230
14 113
157 256
148 247
149 248
154 253
0 99
94 193
124 223
61 160
71 170
22 121
167 266
40 139
171 270
75 174
185 284
84 183
76 175
76 175
3 102
35 134
149 248
132 231
130 229
92 191
106 205
35 134
90 189
110 209
21 120
166 265
155 254
11 110
134 233
92 191
61 160
171 270
33 132
5 104
97 196
129 228
144 243
96 195
179 278
187 286
78 177
134 233
60 159
73 172
144 243
116 215
85 184
62 161
55 154
116 215
175 274
180 279
106 205
151 250
66 165
85 184
120 219
118 217
34 133
26 125
157 256
119 218
79 178
82 181
163 262
61 160
10 109
21 120
102 201
194 293
44 143
112 211
127 226
134 233
172 271
192 291
99 198
173 272
185 284
2 101
149 248
9 108
21 120
136 235
56 155
21 120
180 279
194 293
193 292
64 163
60 159
87 186
146 245
71 170
103 202
51 150
83 182
125 224
142 241
188 287
63 162
53 152
136 235
134 233
27 126
162 261
56 155
188 287
65 164
25 124
123 222
46 145
135 234
106 205
56 155
119 218
137 236
46 145
188 287
137 236
64 163
191 290
71 170
30 129
196 295
42 141
45 144
180 279
166 265
163 262
149 248
13 112
179 278
8 107
42 141
38 137
190 289
84 183
119 218
192 291
128 227
149 248
186 285
18 117
174 273
87 186
157 256
63 162
92 191
98 197
197 296
184 283
42 141
29 128
67 166
88 187
52 151
10 109
196 295
40 139
30 129
62 161
167 266
98 197
77 176
175 274
123 222
145 244
129 228
128 227
4 103
46 145
35 134
38 137
79 178
88 187
197 296
37 136
134 233
192 291
44 143
69 168
56 155
96 195
56 155
79 178
37 136
47 146
180 279
79 178
140 239
55 154
39 138
177 276
177 276
59 158
61 160
138 237
37 136
51 150
183 282
194 293
29 128
52 151
144 243
125 224
151 250
96 195
124 223
52 151
153 252
60 159
83 182
189 288
34 133
171 270
81 180
25 124
151 250
171 270
112 211
112 211
127 226
129 228
71 170
130 229
87 186
167 266
191 290
175 274
52 151
52 151
141 240
130 229
179 278
61 160
99 198
53 152
147 246
77 176
114 213
1 100
117 216
69 168
69 168
62 161
121 220
40 139
70 169
175 274
63 162
168 267
57 156
47 146
79 178
152 251
160 259
172 271
142 241
83 182
192 291
121 220
107 206
196 295
34 133
142 241
24 123
45 144
137 236
158 257
109 208
1 100
127 226
65 164
19 118
197 296
49 148
160 259
119 218
19 118
1 100
100 199
86 185
74 173
95 194
29 128
184 283
57 156
123 222
10 109
108 207
67 166
153 252
188 287
119 218
66 165
90 189
89 188
131 230
141 240
166 265
24 123
24 123
113 212
99 198
168 267
101 200
82 181
26 125
52 151
160 259
142 241
118 217
35 134
104 203
119 218
26 125
15 114
178 277
47 146
148 247
125 224
79 178
189 288
169 268
137 236
6 105
174 273
132 231
136 235
110 209
26 125
103 202
22 121
74 173
1 100
194 293
164 263
154 253
29 128
179 278
118 217
55 154
137 236
82 181
158 257
40 139
55 154
159 258
191 290
55 154
152 251
149 248
43 142
90 189
131 230
146 245
46 145
170 269
102 201
97 196
161 260
28 127
139 238
159 258
195 294
10 109
97 196
95 194
0 99
17 116
37 136
75 174
144 243
53 152
91 190
170 269
173 272
124 223
184 283
130 229
156 255
192 291
117 216
163 262
186 285
41 140
178 277
38 137
145 244
191 290
182 281
116 215
90 189
107 206
58 157
163 262
61 160
141 240
93 192
170 269
107 206
92 191
52 151
188 287
94 193
35 134
41 140
151 250
69 168
173 272
7 106
172 271
196 295
116 215
114 213
138 237
136 235
72 171
146 245
184 283
148 247
121 220
67 166
60 159
159 258
122 221
152 251
46 145
101 200
170 269
130 229
194 293
149 248
93 192
135 234
22 121
44 143
196 295
41 140
14 113
135 234
132 231
7 106
10 109
21 120
185 284
3 102
152 251
135 234
12 111
128 227
148 247
34 133
84 183
136 235
32 131
5 104
143 242
167 266
67 166
80 179
35 134
160 259
83 182
15 114
83 182
148 247
18 117
105 204
47 146
195 294
131 230
51 150
139 238
162 261
62 161
70 169
30 129
163 262
179 278
78 177
119 218
89 188
73 172
151 250
177 276
23 122
125 224
30 129
55 154
169 268
58 157
68 167
82 181
68 167
100 199
87 186
14 113
72 171
65 164
85 184
76 175
115 214
186 285
31 130
113 212
127 226
161 260
183 282
16 115
115 214
153 252
147 246
113 212
197 296
134 233
35 134
172 271
126 225
66 165
38 137
55 154
118 217
102 201
31 130
18 117
39 138
104 203
42 141
101 200
107 206
147 246
166 265
44 143
32 131
126 225
150 249
23 122
178 277
97 196
122 221
122 221
168 267
157 256
133 232
187 286
5 104
129 228
58 157
170 269
134 233
116 215
25 124
136 235
32 131
163 262
162 261
71 170
149 248
0 99
128 227
176 275
52 151
134 233
111 210
156 255
70 169
158 257
191 290
89 188
141 240
119 218
51 150
9 108
152 251
73 172
139 238
32 131
58 157
110 209
41 140
194 293
180 279
126 225
16 115
53 152
5 104
49 148
64 163
176 275
124 223
10 109
85 184
83 182
116 215
15 114
170 269
190 289
149 248
40 139
1 100
190 289
102 201
8 107
48 147
127 226
112 211
79 178
184 283
58 157
162 261
164 263
23 122
157 256
127 226
184 283
173 272
20 119
87 186
16 115
57 156
19 118
173 272
82 181
175 274
174 273
25 124
186 285
152 251
84 183
31 130
129 228
179 278
135 234
63 162
190 289
70 169
34 133
94 193
141 240
40 139
42 141
183 282
32 131
92 191
193 292
138 237
85 184
129 228
83 182
51 150
78 177
26 125
44 143
92 191
172 271
18 117
86 185
167 266
86 185
46 145
66 165
102 201
46 145
88 187
74 173
146 245
144 243
171 270
174 273
77 176
136 235
88 187
109 208
48 147
156 255
136 235
49 148
168 267
182 281
49 148
52 151
115 214
119 218
62 161
27 126
65 164
33 132
137 236
7 106
74 173
176 275
103 202
16 115
51 150
194 293
106 205
193 292
41 140
29 128
105 204
196 295
116 215
106 205
164 263
152 251
123 222
193 292
17 116
162 261
161 260
183 282
21 120
106 205
81 180
23 122
75 174
78 177
136 235
187 286
6 105
128 227
188 287
115 214
172 271
193 292
4 103
139 238
30 129
51 150
127 226
32 131
145 244
115 214
160 259
98 197
95 194
72 171
28 127
86 185
50 149
22 121
40 139
52 151
131 230
197 296
19 118
49 148
170 269
132 231
117 216
108 207
151 250
196 295
6 105
18 117
36 135
77 176
38 137
179 278
60 159
70 169
28 127
98 197
180 279
29 128
1 100
21 120
123 222
100 199
139 238
90 189
19 118
139 238
31 130
155 254
141 240
148 247
80 179
162 261
8 107
161 260
191 290
196 295
104 203
49 148
121 220
143 242
103 202
187 286
40 139
117 216
193 292
116 215
58 157
71 170
177 276
137 236
87 186
53 152
89 188
109 208
191 290
180 279
136 235
168 267
82 181
24 123
163 262
190 289
49 148
92 191
35 134
103 202
158 257
162 261
85 184
119 218
120 219
75 174
153 252
166 265
159 258
1 100
80 179
21 120
108 207
15 114
16 115
176 275
46 145
156 255
122 221
10 109
185 284
106 205
64 163
167 266
35 134
109 208
111 210
97 196
83 182
163 262
161 260
54 153
188 287
73 172
9 108
17 116
95 194
66 165
3 102
59 158
55 154
81 180
14 113
3 102
139 238
191 290
14 113
125 224
48 147
65 164
104 203
126 225
51 150
128 227
143 242
190 289
151 250
0 99
31 130
151 250
32 131
10 109
64 163
12 111
178 277
104 203
164 263
14 113
62 161
71 170
65 164
179 278
124 223
0 99
22 121
99 198
70 169
113 212
67 166
19 118
163 262
33 132
49 148
21 120
35 134
96 195
167 266
170 269
93 192
139 238
152 251
150 249
151 250
163 262
22 121
19 118
190 289
191 290
36 135
35 134
179 278
28 127
117 216
25 124
60 159
83 182
21 120
77 176
18 117
20 119
108 207
18 117
14 113
1 100
21 120
148 247
128 227
147 246
126 225
5 104
58 157
139 238
22 121
47 146
3 102
153 252
151 250
140 239
32 131
37 136
189 288
193 292
49 148
24 123
54 153
80 179
110 209
57 156
51 150
85 184
14 113
177 276
26 125
126 225
48 147
38 137
168 267
49 148
108 207
79 178
112 211
186 285
128 227
88 187
81 180
193 292
190 289
86 185
0 99
17 116
156 255
108 207
35 134
142 241
115 214
91 190
181 280
181 280
78 177
87 186
115 214
55 154
20 119
133 232
32 131
88 187
3 102
95 194
192 291
131 230
161 260
25 124
23 122
139 238
162 261
132 231
142 241
52 151
137 236
34 133
78 177
77 176
188 287
182 281
177 276
44 143
175 274
62 161
161 260
23 122
194 293
78 177
163 262
167 266
183 282
195 294
186 285
87 186
164 263
194 293
17 116
134 233
148 247
46 145
92 191
52 151
108 207
70 169
179 278
29 128
183 282
167 266
1 100
69 168
13 112
98 197
186 285
119 218
129 228
30 129
149 248
87 186
89 188
129 228
139 238
23 122
158 257
83 182
18 117
12 111
23 122
137 236
163 262
30 129
75 174
16 115
95 194
23 122
29 128
131 230
194 293
36 135
73 172
197 296
178 277
12 111
173 272
36 135
122 221
30 129
6 105
131 230
178 277
165 264
71 170
164 263
127 226
4 103
155 254
33 132
191 290
164 263
190 289
119 218
11 110
21 120
50 149
90 189
13 112
161 260
73 172
146 245
78 177
97 196
148 247
8 107
187 286
76 175
23 122
115 214
195 294
115 214
62 161
88 187
27 126
141 240
21 120
137 236
120 219
167 266
164 263
46 145
124 223
52 151
128 227
114 213
49 148
111 210
26 125
19 118
62 161
179 278
185 284
41 140
8 107
42 141
180 279
128 227
159 258
124 223
151 250
123 222
167 266
91 190
97 196
116 215
5 104
166 265
2 101
16 115
166 265
44 143
95 194
111 210
123 222
46 145
156 255
122 221
145 244
18 117
53 152
176 275
98 197
1 100
78 177
195 294
63 162
37 136
33 132
117 216
47 146
107 206
118 217
73 172
120 219
162 261
169 268
102 201
31 130
30 129
179 278
150 249
161 260
93 192
33 132
46 145
11 110
153 252
81 180
164 263
126 225
104 203
72 171
135 234
164 263
161 260
72 171
39 138
83 182
98 197
186 285
89 188
23 122
192 291
148 247
162 261
57 156
62 161
66 165
102 201
51 150
129 228
146 245
24 123
118 217
22 121
72 171
148 247
15 114
135 234
59 158
163 262
29 128
105 204
168 267
149 248
38 137
93 192
93 192
133 232
171 270
81 180
145 244
26 125
178 277
126 225
193 292
180 279
19 118
72 171
172 271
86 185
40 139
186 285
125 224
32 131
79 178
73 172
19 118
164 263
50 149
72 171
83 182
180 279
119 218
136 235
85 184
183 282
7 106
63 162
51 150
39 138
152 251
63 162
35 134
109 208
14 113
113 212
94 193
140 239
102 201
109 208
96 195
159 258
163 262
28 127
72 171
102 201
47 146
132 231
121 220
161 260
67 166
132 231
46 145
50 149
143 242
103 202
60 159
121 220
178 277
149 248
184 283
66 165
129 228
19 118
100 199
49 148
114 213
55 154
22 121
193 292
153 252
191 290
128 227
26 125
77 176
53 152
135 234
102 201
31 130
42 141
126 225
119 218
82 181
134 233
188 287
75 174
95 194
93 192
8 107
33 132
150 249
165 264
183 282
32 131
195 294
66 165
118 217
118 217
134 233
166 265
25 124
64 163
187 286
165 264
33 132
21 120
96 195
64 163
29 128
137 236
114 213
81 180
8 107
47 146
131 230
74 173
112 211
137 236
64 163
118 217
197 296
196 295
39 138
71 170
120 219
167 266
192 291
131 230
125 224
111 210
18 117
145 244
93 192
34 133
192 291
94 193
193 292
130 229
44 143
128 227
85 184
108 207
32 131
84 183
177 276
0 99
82 181
47 146
109 208
180 279
127 226
196 295
1 100
34 133
97 196
86 185
92 191
37 136
95 194
91 190
145 244
5 104
169 268
137 236
93 192
143 242
97 196
58 157
11 110
28 127
64 163
116 215
126 225
104 203
163 262
55 154
157 256
187 286
157 256
163 262
143 242
70 169
188 287
150 249
44 143
154 253
110 209
80 179
136 235
109 208
187 286
87 186
102 201
55 154
96 195
182 281
168 267
12 111
158 257
119 218
186 285
85 184
93 192
92 191
129 228
153 252
44 143
89 188
101 200
122 221
19 118
41 140
123 222
186 285
108 207
131 230
28 127
43 142
21 120
11 110
94 193
123 222
118 217
21 120
108 207
108 207
84 183
134 233
76 175
48 147
67 166
176 275
163 262
126 225
0 99
175 274
77 176
107 206
63 162
79 178
45 144
175 274
143 242
90 189
54 153
67 166
13 112
86 185
196 295
71 170
75 174
171 270
133 232
57 156
146 245
182 281
161 260
16 115
3 102
159 258
187 286
45 144
115 214
4 103
170 269
95 194
106 205
122 221
5 104
50 149
137 236
147 246
134 233
187 286
14 113
22 121
94 193
60 159
120 219
61 160
185 284
189 288
144 243
25 124
104 203
186 285
184 283
96 195
149 248
74 173
91 190
80 179
153 252
81 180
70 169
105 204
171 270
67 166
79 178
72 171
16 115
175 274
87 186
9 108
175 274
165 264
58 157
165 264
13 112
175 274
39 138
11 110
63 162
154 253
114 213
143 242
88 187
133 232
88 187
153 252
147 246
87 186
101 200
74 173
57 156
80 179
10 109
181 280
113 212
93 192
36 135
101 200
140 239
5 104
23 122
89 188
50 149
174 273
115 214
33 132
180 279
118 217
90 189
151 250
93 192
66 165
128 227
98 197
145 244
102 201
129 228
153 252
65 164
79 178
94 193
43 142
46 145
182 281
12 111
23 122
50 149
1 100
186 285
30 129
63 162
126 225
64 163
152 251
102 201
50 149
3 102
13 112
148 247
173 272
102 201
183 282
55 154
97 196
145 244
175 274
47 146
23 122
28 127
168 267
59 158
15 114
174 273
109 208
124 223
13 112
12 111
36 135
53 152
61 160
193 292
19 118
152 251
155 254
48 147
79 178
81 180
100 199
106 205
93 192
131 230
94 193
120 219
2 101
35 134
136 235
30 129
96 195
94 193
13 112
20 119
11 110
54 153
131 230
145 244
196 295
101 200
35 134
18 117
175 274
156 255
40 139
116 215
16 115
121 220
114 213
108 207
162 261
176 275
31 130
56 155
114 213
184 283
85 184
135 234
48 147
162 261
10 109
41 140
9 108
56 155
111 210
10 109
3 102
129 228
181 280
114 213
193 292
174 273
20 119
41 140
160 259
128 227
0 99
196 295
150 249
176 275
13 112
152 251
158 257
131 230
194 293
53 152
31 130
58 157
43 142
91 190
74 173
53 152
119 218
9 108
193 292
62 161
40 139
36 135
152 251
127 226
185 284
92 191
146 245
154 253
60 159
48 147
110 209
147 246
59 158
81 180
60 159
151 250
176 275
15 114
95 194
135 234
36 135
168 267
167 266
79 178
188 287
20 119
51 150
192 291
108 207
6 105
38 137
54 153
62 161
148 247
190 289
109 208
157 256
4 103
118 217
146 245
113 212
191 290
82 181
78 177
60 159
81 180
1 100
46 145
26 125
163 262
164 263
140 239
161 260
7 106
28 127
176 275
100 199
105 204
138 237
28 127
150 249
127 226
105 204
148 247
21 120
165 264
106 205
23 122
65 164
34 133
97 196
151 250
120 219
179 278
105 204
70 169
19 118
6 105
94 193
61 160
53 152
171 270
139 238
187 286
154 253
98 197
154 253
42 141
74 173
73 172
56 155
77 176
146 245
50 149
130 229
105 204
146 245
133 232
57 156
10 109
49 148
90 189
88 187
49 148
125 224
143 242
123 222
133 232
157 256
131 230
2 101
176 275
29 128
135 234
60 159
134 233
82 181
46 145
90 189
171 270
124 223
145 244
10 109
109 208
163 262
77 176
122 221
161 260
34 133
63 162
189 288
161 260
95 194
10 109
114 213
4 103
111 210
114 213
110 209
58 157
184 283
28 127
37 136
53 152
29 128
108 207
39 138
108 207
100 199
196 295
43 142
20 119
187 286
11 110
150 249
166 265
71 170
54 153
141 240
42 141
104 203
91 190
129 228
152 251
91 190
157 256
43 142
182 281
86 185
67 166
121 220
59 158
183 282
58 157
197 296
158 257
46 145
4 103
32 131
189 288
14 113
53 152
181 280
2 101
53 152
31 130
151 250
67 166
41 140
16 115
31 130
19 118
9 108
191 290
13 112
31 130
162 261
185 284
1 100
167 266
143 242
41 140
149 248
80 179
155 254
93 192
3 102
89 188
85 184
111 210
158 257
27 126
77 176
188 287
3 102
75 174
169 268
148 247
71 170
35 134
194 293
159 258
119 218
194 293
160 259
74 173
136 235
23 122
6 105
195 294
182 281
7 106
105 204
70 169
196 295
79 178
55 154
122 221
8 107
132 231
137 236
75 174
5 104
129 228
183 282
60 159
167 266
46 145
195 294
159 258
112 211
25 124
135 234
102 201
179 278
106 205
182 281
124 223
24 123
74 173
97 196
128 227
123 222
152 251
196 295
55 154
84 183
121 220
5 104
28 127
132 231
177 276
142 241
65 164
189 288
156 255
73 172
181 280
178 277
84 183
156 255
147 246
35 134
25 124
42 141
33 132
190 289
12 111
45 144
137 236
9 108
195 294
168 267
51 150
69 168
103 202
130 229
152 251
136 235
172 271
69 168
61 160
50 149
87 186
80 179
140 239
132 231
124 223
74 173
161 260
93 192
9 108
196 295
16 115
68 167
121 220
128 227
159 258
3 102
165 264
44 143
137 236
7 106
196 295
107 206
165 264
193 292
160 259
166 265
168 267
149 248
20 119
169 268
33 132
193 292
178 277
73 172
136 235
157 256
177 276
127 226
12 111
90 189
123 222
45 144
27 126
106 205
160 259
180 279
87 186
24 123
134 233
130 229
3 102
12 111
152 251
47 146
122 221
25 124
43 142
66 165
31 130
101 200
37 136
146 245
84 183
135 234
142 241
135 234
168 267
119 218
91 190
15 114
143 242
132 231
33 132
1 100
12 111
25 124
144 243
151 250
175 274
98 197
24 123
56 155
51 150
101 200
57 156
90 189
27 126
180 279
148 247
9 108
33 132
135 234
90 189
165 264
100 199
26 125
36 135
197 296
61 160
156 255
116 215
72 171
99 198
195 294
61 160
191 290
43 142
7 106
129 228
8 107
182 281
192 291
146 245
124 223
50 149
181 280
90 189
94 193
16 115
43 142
192 291
60 159
8 107
80 179
103 202
18 117
2 101
11 110
87 186
28 127
127 226
81 180
129 228
87 186
77 176
34 133
44 143
61 160
182 281
106 205
112 211
184 283
18 117
90 189
72 171
99 198
161 260
135 234
2 101
28 127
65 164
99 198
129 228
163 262
75 174
51 150
107 206
133 232
32 131
98 197
148 247
21 120
43 142
187 286
8 107
6 105
72 171
45 144
68 167
9 108
4 103
68 167
67 166
76 175
80 179
161 260
11 110
151 250
57 156
105 204
4 103
102 201
99 198
176 275
62 161
92 191
183 282
180 279
89 188
101 200
95 194
153 252
130 229
169 268
70 169
77 176
144 243
96 195
99 198
136 235
56 155
59 158
20 119
125 224
54 153
62 161
31 130
137 236
170 269
96 195
177 276
134 233
167 266
153 252
60 159
121 220
21 120
144 243
84 183
22 121
49 148
184 283
110 209
174 273
81 180
65 164
11 110
60 159
49 148
5 104
120 219
155 254
93 192
179 278
166 265
22 121
38 137
22 121
177 276
78 177
72 171
27 126
126 225
152 251
119 218
97 196
162 261
132 231
11 110
148 247
54 153
148 247
124 223
141 240
45 144
28 127
13 112
114 213
20 119
196 295
139 238
168 267
91 190
165 264
104 203
42 141
61 160
94 193
132 231
17 116
106 205
105 204
43 142
168 267
30 129
64 163
5 104
93 192
187 286
162 261
169 268
192 291
88 187
98 197
120 219
20 119
22 121
128 227
23 122
165 264
24 123
175 274
192 291
165 264
174 273
62 161
59 158
14 113
93 192
182 281
97 196
25 124
79 178
61 160
71 170
24 123
45 144
100 199
78 177
139 238
105 204
29 128
184 283
76 175
107 206
166 265
95 194
117 216
61 160
57 156
45 144
161 260
168 267
42 141
41 140
172 271
168 267
137 236
148 247
18 117
129 228
177 276
32 131
81 180
49 148
44 143
138 237
107 206
10 109
52 151
31 130
153 252
14 113
31 130
159 258
182 281
142 241
44 143
157 256
175 274
68 167
2 101
91 190
45 144
80 179
20 119
93 192
82 181
126 225
10 109
187 286
78 177
57 156
97 196
43 142
49 148
149 248
94 193
130 229
22 121
135 234
158 257
105 204
50 149
161 260
164 263
12 111
59 158
29 128
133 232
51 150
9 108
32 131
58 157
54 153
159 258
159 258
71 170
115 214
89 188
28 127
39 138
78 177
163 262
8 107
183 282
151 250
55 154
186 285
78 177
0 99
11 110
52 151
35 134
164 263
93 192
136 235
174 273
23 122
44 143
112 211
129 228
80 179
32 131
49 148
38 137
91 190
23 122
74 173
143 242
21 120
141 240
175 274
62 161
15 114
26 125
152 251
96 195
61 160
164 263
155 254
102 201
91 190
190 289
149 248
185 284
28 127
69 168
176 275
91 190
107 206
65 164
81 180
105 204
189 288
175 274
189 288
170 269
192 291
114 213
193 292
172 271
104 203
52 151
62 161
33 132
192 291
128 227
123 222
148 247
63 162
183 282
77 176
3 102
71 170
155 254
114 213
111 210
99 198
50 149
24 123
56 155
105 204
134 233
33 132
119 218
26 125
5 104
106 205
14 113
80 179
138 237
108 207
53 152
79 178
170 269
126 225
109 208
108 207
138 237
20 119
111 210
184 283
24 123
44 143
158 257
1 100
154 253
116 215
159 258
159 258
47 146
14 113
42 141
121 220
179 278
10 109
117 216
82 181
69 168
159 258
85 184
189 288
70 169
194 293
91 190
26 125
89 188
106 205
68 167
49 148
143 242
126 225
71 170
84 183
156 255
20 119
9 108
183 282
34 133
170 269
189 288
145 244
76 175
146 245
178 277
147 246
138 237
130 229
120 219
72 171
17 116
60 159
78 177
35 134
159 258
128 227
162 261
132 231
0 99
58 157
17 116
17 116
142 241
74 173
78 177
193 292
113 212
158 257
105 204
163 262
141 240
44 143
43 142
195 294
55 154
95 194
118 217
155 254
138 237
76 175
166 265
109 208
42 141
151 250
107 206
131 230
179 278
102 201
92 191
159 258
101 200
158 257
19 118
46 145
102 201
194 293
150 249
180 279
135 234
182 281
183 282
155 254
18 117
84 183
70 169
157 256
26 125
123 222
21 120
132 231
49 148
7 106
43 142
65 164
70 169
99 198
110 209
162 261
83 182
171 270
63 162
152 251
47 146
5 104
60 159
101 200
22 121
23 122
136 235
13 112
102 201
8 107
37 136
140 239
87 186
78 177
86 185
7 106
58 157
155 254
52 151
16 115
52 151
151 250
145 244
86 185
80 179
20 119
177 276
179 278
51 150
150 249
177 276
171 270
33 132
181 280
82 181
94 193
116 215
10 109
82 181
139 238
157 256
132 231
95 194
21 120
57 156
187 286
171 270
63 162
77 176
92 191
65 164
195 294
195 294
144 243
160 259
53 152
178 277
160 259
55 154
5 104
165 264
52 151
171 270
63 162
8 107
50 149
174 273
60 159
79 178
108 207
53 152
48 147
137 236
176 275
124 223
97 196
51 150
9 108
1 100
115 214
10 109
13 112
152 251
121 220
130 229
28 127
114 213
15 114
55 154
35 134
105 204
179 278
1 100
181 280
78 177
149 248
156 255
102 201
75 174
104 203
136 235
184 283
158 257
100 199
41 140
114 213
4 103
56 155
17 116
73 172
143 242
160 259
138 237
137 236
122 221
0 99
162 261
112 211
83 182
151 250
56 155
30 129
74 173
135 234
197 296
99 198
160 259
168 267
116 215
118 217
66 165
80 179
134 233
45 144
44 143
86 185
52 151
69 168
192 291
175 274
5 104
90 189
157 256
18 117
123 222
17 116
134 233
120 219
65 164
169 268
68 167
7 106
196 295
11 110
195 294
105 204
60 159
142 241
7 106
36 135
40 139
3 102
125 224
68 167
107 206
5 104
49 148
132 231
56 155
31 130
7 106
111 210
1 100
122 221
122 221
128 227
89 188
99 198
32 131
57 156
5 104
55 154
73 172
141 240
61 160
144 243
98 197
7 106
67 166
172 271
127 226
88 187
119 218
138 237
159 258
101 200
55 154
121 220
2 101
7 106
51 150
34 133
189 288
135 234
50 149
124 223
180 279
187 286
133 232
12 111
130 229
106 205
8 107
13 112
144 243
157 256
46 145
187 286
52 151
171 270
148 247
150 249
186 285
96 195
163 262
92 191
51 150
107 206
59 158
97 196
5 104
125 224
137 236
64 163
63 162
109 208
123 222
61 160
49 148
22 121
188 287
92 191
61 160
108 207
34 133
57 156
126 225
152 251
186 285
55 154
82 181
2 101
15 114
8 107
3 102
75 174
52 151
51 150
29 128
88 187
81 180
37 136
159 258
174 273
185 284
189 288
139 238
91 190
139 238
178 277
144 243
172 271
145 244
33 132
177 276
92 191
95 194
87 186
9 108
141 240
185 284
141 240
9 108
169 268
8 107
168 267
179 278
137 236
21 120
14 113
156 255
131 230
166 265
152 251
6 105
123 222
51 150
61 160
156 255
150 249
156 255
76 175
81 180
147 246
142 241
155 254
126 225
26 125
166 265
98 197
131 230
136 235
160 259
31 130
22 121
91 190
100 199
106 205
112 211
74 173
147 246
116 215
107 206
169 268
29 128
99 198
184 283
99 198
87 186
87 186
134 233
112 211
14 113
168 267
137 236
197 296
9 108
30 129
175 274
160 259
145 244
18 117
141 240
71 170
180 279
101 200
113 212
6 105
142 241
111 210
41 140
157 256
167 266
91 190
60 159
156 255
53 152
162 261
69 168
97 196
61 160
7 106
80 179
57 156
62 161
151 250
24 123
146 245
102 201
26 125
172 271
91 190
157 256
51 150
99 198
196 295
89 188
49 148
80 179
100 199
132 231
60 159
189 288
73 172
128 227
81 180
133 232
146 245
186 285
116 215
137 236
9 108
136 235
157 256
97 196
23 122
30 129
33 132
46 145
82 181
10 109
79 178
28 127
188 287
146 245
41 140
165 264
150 249
194 293
10 109
196 295
36 135
87 186
184 283
21 120
91 190
44 143
19 118
169 268
21 120
85 184
169 268
81 180
70 169
125 224
73 172
48 147
70 169
160 259
186 285
37 136
84 183
47 146
27 126
19 118
162 261
119 218
109 208
89 188
197 296
64 163
14 113
139 238
177 276
36 135
130 229
142 241
16 115
126 225
98 197
57 156
16 115
47 146
104 203
175 274
115 214
52 151
14 113
138 237
58 157
93 192
158 257
184 283
11 110
23 122
153 252
147 246
135 234
121 220
25 124
119 218
48 147
52 151
144 243
129 228
192 291
150 249
191 290
162 261
18 117
108 207
4 103
37 136
145 244
8 107
106 205
104 203
151 250
179 278
136 235
69 168
124 223
56 155
55 154
76 175
85 184
106 205
19 118
4 103
133 232
50 149
112 211
177 276
102 201
59 158
65 164
25 124
44 143
24 123
118 217
73 172
157 256
10 109
157 256
95 194
127 226
66 165
72 171
87 186
65 164
102 201
147 246
154 253
187 286
61 160
178 277
151 250
73 172
158 257
175 274
52 151
164 263
118 217
187 286
67 166
116 215
158 257
19 118
26 125
195 294
109 208
40 139
3 102
189 288
117 216
193 292
101 200
31 130
82 181
169 268
129 228
163 262
136 235
35 134
155 254
91 190
145 244
151 250
183 282
141 240
51 150
187 286
147 246
163 262
47 146
60 159
129 228
78 177
105 204
195 294
93 192
48 147
130 229
154 253
172 271
29 128
186 285
67 166
191 290
119 218
65 164
26 125
181 280
155 254
163 262
156 255
166 265
108 207
70 169
31 130
13 112
190 289
151 250
3 102
6 105
46 145
71 170
185 284
128 227
90 189
93 192
67 166
92 191
186 285
143 242
173 272
109 208
161 260
78 177
112 211
163 262
97 196
129 228
152 251
68 167
195 294
40 139
69 168
24 123
49 148
87 186
131 230
178 277
161 260
62 161
76 175
49 148
185 284
158 257
68 167
102 201
118 217
17 116
188 287
107 206
89 188
1 100
194 293
96 195
186 285
189 288
91 190
144 243
65 164
64 163
18 117
22 121
53 152
0 99
86 185
9 108
144 243
99 198
156 255
106 205
22 121
2 101
119 218
69 168
175 274
174 273
29 128
68 167
159 258
122 221
124 223
15 114
115 214
115 214
128 227
191 290
17 116
97 196
131 230
67 166
180 279
8 107
66 165
94 193
82 181
71 170
66 165
101 200
65 164
153 252
114 213
80 179
31 130
60 159
78 177
98 197
12 111
183 282
149 248
194 293
197 296
138 237
180 279
184 283
104 203
68 167
4 103
106 205
166 265
96 195
18 117
133 232
88 187
2 101
153 252
12 111
25 124
52 151
78 177
53 152
18 117
73 172
186 285
10 109
80 179
90 189
122 221
191 290
166 265
6 105
25 124
78 177
171 270
44;156504
74 173
17 116
39 138
32 131
155 254
100 199
83 182
144 243
158 257
136 235
174 273
168 267
139 238
145 244
55 154
143 242
184 283
134 233
40 139
137 236
195 294
60 159
191 290
138 237
40 139
28 127
192 291
31 130
177 276
7 106
80 179
92 191
93 192
89 188
45 144
52 151
3 102
62 161
109 208
13 112
92 191
133 232
69 168
14 113
146 245
114 213
193 292
7 106
193 292
111 210
129 228
84 183
100 199
155 254
117 216
83 182
138 237
171 270
111 210
110 209
161 260
197 296
85 184
0 99
132 231
62 161
61 160
113 212
1 100
177 276
137 236
157 256
197 296
89 188
71 170
128 227
79 178
58 157
143 242
106 205
153 252
87 186
12 111
98 197
82 181
57 156
138 237
6 105
138 237
64 163
2 101
151 250
96 195
119 218
1 100
73 172
47 146
116 215
61 160
42 141
195 294
27 126
63 162
107 206
61 160
139 238
120 219
128 227
177 276
136 235
67 166
166 265
185 284
130 229
54 153
78 177
127 226
126 225
60 159
101 200
130 229
148 247
16 115
17 116
82 181
50 149
71 170
125 224
36 135
192 291
169 268
165 264
136 235
134 233
158 257
155 254
184 283
184 283
179 278
197 296
143 242
49 148
23 122
103 202
10 109
91 190
74 173
49 148
70 169
174 273
77 176
94 193
2 101
59 158
145 244
34 133
93 192
61 160
72 171
144 243
80 179
116 215
195 294
136 235
91 190
179 278
63 162
17 116
66 165
13 112
64 163
170 269
133 232
78 177
53 152
150 249
8 107
124 223
97 196
150 249
43 142
153 252
41 140
186 285
132 231
120 219
189 288
84 183
24 123
139 238
92 191
40 139
161 260
41 140
67 166
116 215
76 175
153 252
158 257
70 169
123 222
27 126
131 230
155 254
27 126
190 289
136 235
178 277
24 123
190 289
8 107
141 240
114 213
22 121
127 226
29 128
53 152
97 196
42 141
149 248
77 176
19 118
170 269
76 175
122 221
116 215
196 295
4 103
187 286
46 145
88 187
82 181
176 275
165 264
139 238
171 270
162 261
138 237
97 196
42 141
137 236
81 180
177 276
20 119
164 263
40 139
98 197
148 247
196 295
66 165
146 245
84 183
58 157
95 194
101 200
13 112
121 220
161 260
195 294
134 233
153 252
144 243
61 160
100 199
0 99
31 130
70 169
99 198
99 198
122 221
169 268
91 190
194 293
121 220
193 292
145 244
1 100
32 131
129 228
74 173
24 123
74 173
189 288
21 120
123 222
132 231
9 108
146 245
143 242
156 255
141 240
46 145
180 279
61 160
144 243
38 137
159 258
171 270
103 202
55 154
170 269
165 264
110 209
111 210
88 187
97 196
27 126
151 250
197 296
173 272
57 156
194 293
132 231
89 188
82 181
140 239
141 240
98 197
124 223
179 278
195 294
30 129
182 281
150 249
117 216
123 222
8 107
156 255
132 231
57 156
47 146
171 270
43 142
58 157
108 207
152 251
85 184
92 191
2 101
188 287
33 132
53 152
23 122
29 128
9 108
18 117
21 120
60 159
11 110
108 207
66 165
104 203
145 244
99 198
3 102
144 243
100 199
28 127
81 180
165 264
192 291
31 130
34 133
91 190
106 205
148 247
117 216
73 172
143 242
161 260
7 106
156 255
41 140
139 238
140 239
25 124
146 245
39 138
28 127
15 114
115 214
33 132
149 248
117 216
64 163
182 281
102 201
194 293
105 204
90 189
154 253
122 221
78 177
69 168
166 265
152 251
127 226
144 243
185 284
39 138
164 263
50 149
120 219
18 117
49 148
161 260
56 155
44 143
40 139
65 164
84 183
2 101
46 145
55 154
166 265
174 273
24 123
35 134
194 293
86 185
195 294
45 144
27 126
25 124
119 218
115 214
197 296
96 195
107 206
124 223
33 132
12 111
113 212
166 265
33 132
102 201
196 295
107 206
29 128
154 253
96 195
144 243
169 268
111 210
114 213
46 145
132 231
134 233
70 169
88 187
177 276
4 103
92 191
157 256
89 188
122 221
120 219
45 144
168 267
101 200
71 170
110 209
79 178
163 262
131 230
55 154
178 277
144 243
144 243
139 238
128 227
45 144
116 215
128 227
102 201
10 109
36 135
150 249
100 199
1 100
12 111
97 196
68 167
1 100
35 134
125 224
32 131
18 117
21 120
76 175
107 206
68 167
83 182
151 250
126 225
7 106
6 105
164 263
162 261
11 110
86 185
186 285
105 204
85 184
70 169
133 232
38 137
136 235
28 127
122 221
150 249
118 217
1 100
134 233
8 107
174 273
50 149
74 173
32 131
171 270
87 186
134 233
127 226
54 153
102 201
35 134
143 242
140 239
197 296
107 206
142 241
64 163
129 228
22 121
11 110
119 218
163 262
119 218
182 281
135 234
123 222
32 131
166 265
46 145
151 250
17 116
148 247
137 236
18 117
65 164
86 185
14 113
69 168
33 132
137 236
176 275
178 277
184 283
144 243
30 129
13 112
119 218
94 193
144 243
3 102
152 251
194 293
66 165
87 186
52 151
99 198
10 109
141 240
24 123
9 108
189 288
184 283
132 231
119 218
151 250
121 220
29 128
42 141
0 99
151 250
89 188
152 251
95 194
194 293
37 136
36 135
179 278
89 188
160 259
102 201
64 163
83 182
31 130
116 215
1 100
50 149
18 117
6 105
74 173
1 100
48 147
30 129
42 141
122 221
144 243
121 220
72 171
94 193
73 172
137 236
19 118
103 202
68 167
54 153
101 200
117 216
52 151
121 220
118 217
84 183
137 236
177 276
102 201
194 293
135 234
48 147
40 139
81 180
46 145
33 132
13 112
26 125
78 177
168 267
185 284
125 224
120 219
80 179
134 233
88 187
61 160
77 176
70 169
192 291
153 252
24 123
7 106
154 253
47 146
125 224
129 228
127 226
125 224
124 223
102 201
8 107
9 108
147 246
179 278
114 213
74 173
111 210
44 143
181 280
90 189
94 193
64 163
171 270
7 106
156 255
191 290
16 115
130 229
46 145
196 295
66 165
115 214
39 138
89 188
144 243
104 203
119 218
78 177
142 241
188 287
143 242
161 260
193 292
106 205
22 121
158 257
24 123
165 264
110 209
105 204
89 188
120 219
23 122
195 294
176 275
188 287
65 164
141 240
158 257
105 204
180 279
83 182
139 238
148 247
170 269
94 193
191 290
166 265
139 238
117 216
109 208
75 174
151 250
138 237
6 105
81 180
103 202
61 160
160 259
164 263
13 112
189 288
27 126
149 248
165 264
180 279
98 197
124 223
156 255
150 249
64 163
61 160
114 213
124 223
70 169
166 265
100 199
133 232
195 294
112 211
160 259
189 288
51 150
91 190
114 213
35 134
138 237
144 243
104 203
190 289
140 239
35 134
189 288
146 245
10 109
130 229
39 138
63 162
187 286
185 284
38 137
15 114
137 236
125 224
146 245
160 259
180 279
139 238
55 154
193 292
24 123
84 183
9 108
194 293
93 192
77 176
109 208
21 120
79 178
7 106
136 235
78 177
60 159
121 220
0 99
163 262
142 241
108 207
135 234
111 210
66 165
138 237
181 280
86 185
182 281
121 220
1 100
192 291
80 179
109 208
68 167
178 277
66 165
8 107
129 228
190 289
11 110
145 244
64 163
190 289
12 111
0 99
159 258
52 151
167 266
110 209
175 274
195 294
145 244
36 135
31 130
6 105
83 182
173 272
118 217
128 227
36 135
181 280
95 194
87 186
144 243
6 105
146 245
164 263
175 274
46 145
141 240
191 290
176 275
98 197
175 274
121 220
161 260
121 220
134 233
146 245
105 204
18 117
25 124
43 142
62 161
53 152
163 262
52 151
13 112
113 212
194 293
28 127
41 140
56 155
133 232
56 155
19 118
111 210
138 237
97 196
122 221
61 160
92 191
117 216
70 169
169 268
97 196
181 280
179 278
52 151
149 248
17 116
86 185
97 196
43 142
76 175
6 105
193 292
16 115
162 261
100 199
130 229
184 283
183 282
82 181
75 174
39 138
26 125
156 255
114 213
99 198
11 110
167 266
104 203
156 255
134 233
66 165
109 208
177 276
140 239
37 136
92 191
86 185
3 102
139 238
40 139
145 244
47 146
98 197
179 278
155 254
189 288
186 285
27 126
113 212
157 256
47 146
146 245
52 151
144 243
80 179
20 119
18 117
155 254
145 244
79 178
120 219
119 218
173 272
74 173
92 191
32 131
26 125
152 251
153 252
76 175
20 119
130 229
170 269
37 136
122 221
46 145
145 244
107 206
111 210
38 137
9 108
107 206
185 284
155 254
75 174
8 107
172 271
73 172
120 219
11 110
100 199
80 179
176 275
101 200
153 252
181 280
168 267
117 216
54 153
175 274
168 267
42 141
78 177
73 172
194 293
47 146
59 158
56 155
45 144
116 215
43 142
118 217
26 125
139 238
133 232
101 200
139 238
145 244
36 135
189 288
191 290
45 144
1 100
105 204
94 193
151 250
186 285
130 229
67 166
75 174
67 166
147 246
7 106
83 182
116 215
11 110
177 276
191 290
0 99
190 289
23 122
67 166
145 244
136 235
150 249
20 119
177 276
15 114
60 159
193 292
171 270
119 218
104 203
93 192
139 238
77 176
46 145
34 133
189 288
52 151
90 189
129 228
181 280
53 152
39 138
13 112
123 222
35 134
89 188
32 131
186 285
73 172
153 252
8 107
80 179
169 268
56 155
96 195
81 180
170 269
78 177
83 182
116 215
74 173
23 122
1 100
35 134
167 266
174 273
193 292
159 258
63 162
36 135
192 291
118 217
68 167
127 226
133 232
148 247
182 281
154 253
33 132
2 101
10 109
183 282
167 266
22 121
170 269
137 236
133 232
175 274
170 269
141 240
17 116
80 179
79 178
63 162
105 204
110 209
133 232
23 122
146 245
127 226
110 209
172 271
8 107
101 200
30 129
60 159
123 222
143 242
164 263
76 175
192 291
44 143
93 192
1 100
153 252
101 200
103 202
126 225
29 128
196 295
100 199
28 127
73 172
44 143
155 254
170 269
126 225
88 187
95 194
148 247
11 110
108 207
84 183
195 294
51 150
126 225
48 147
112 211
30 129
98 197
101 200
19 118
91 190
8 107
19 118
43 142
191 290
49 148
96 195
17 116
71 170
197 296
153 252
137 236
30 129
4 103
138 237
49 148
75 174
25 124
47 146
155 254
112 211
54 153
28 127
124 223
38 137
78 177
103 202
57 156
125 224
8 107
149 248
135 234
56 155
130 229
157 256
0 99
26 125
54 153
2 101
183 282
168 267
44 143
150 249
39 138
68 167
108 207
161 260
96 195
107 206
119 218
54 153
0 99
34 133
58 157
156 255
190 289
94 193
104 203
147 246
162 261
65 164
180 279
89 188
97 196
82 181
172 271
182 281
134 233
86 185
96 195
196 295
135 234
69 168
28 127
183 282
57 156
46 145
54 153
188 287
116 215
42 141
74 173
179 278
102 201
10 109
53 152
40 139
12 111
38 137
160 259
85 184
154 253
92 191
51 150
131 230
28 127
93 192
15 114
88 187
79 178
13 112
133 232
117 216
15 114
57 156
178 277
37 136
52 151
92 191
158 257
151 250
28 127
111 210
115 214
130 229
134 233
19 118
71 170
125 224
149 248
9 108
32 131
60 159
126 225
193 292
33 132
165 264
96 195
177 276
26 125
20 119
186 285
54 153
8 107
46 145
163 262
60 159
101 200
156 255
5 104
92 191
55 154
187 286
135 234
18 117
59 158
82 181
32 131
16 115
83 182
168 267
163 262
146 245
50 149
78 177
15 114
15 114
19 118
151 250
119 218
183 282
107 206
45 144
28 127
38 137
68 167
177 276
145 244
105 204
33 132
95 194
29 128
54 153
136 235
163 262
4 103
104 203
98 197
10 109
130 229
57 156
177 276
8 107
116 215
99 198
181 280
27 126
77 176
123 222
84 183
172 271
159 258
68 167
178 277
165 264
138 237
129 228
131 230
103 202
54 153
161 260
135 234
119 218
197 296
0 99
51 150
109 208
96 195
139 238
133 232
197 296
27 126
151 250
55 154
81 180
124 223
154 253
57 156
158 257
71 170
128 227
85 184
96 195
86 185
75 174
53 152
156 255
188 287
69 168
143 242
176 275
75 174
50 149
115 214
194 293
125 224
20 119
7 106
138 237
88 187
172 271
76 175
98 197
11 110
77 176
102 201
151 250
82 181
93 192
97 196
21 120
73 172
56 155
180 279
102 201
184 283
192 291
65 164
120 219
70 169
129 228
190 289
20 119
184 283
147 246
187 286
51 150
181 280
39 138
169 268
94 193
46 145
143 242
162 261
190 289
70 169
124 223
70 169
166 265
10 109
113 212
40 139
82 181
58 157
165 264
67 166
160 259
159 258
153 252
70 169
36 135
179 278
131 230
56 155
144 243
149 248
58 157
66 165
145 244
176 275
115 214
132 231
78 177
119 218
20 119
117 216
185 284
100 199
118 217
95 194
75 174
2 101
27 126
2 101
188 287
44 143
161 260
19 118
77 176
3 102
183 282
174 273
195 294
81 180
164 263
160 259
152 251
24 123
128 227
146 245
39 138
181 280
167 266
7 106
46 145
22 121
151 250
148 247
111 210
163 262
99 198
72 171
59 158
195 294
68 167
133 232
52 151
79 178
46 145
16 115
181 280
138 237
45 144
121 220
127 226
17 116
93 192
98 197
28 127
90 189
89 188
194 293
51 150
193 292
14 113
165 264
35 134
48 147
80 179
32 131
52 151
25 124
1 100
135 234
122 221
147 246
82 181
121 220
172 271
175 274
96 195
80 179
107 206
7 106
26 125
143 242
86 185
153 252
80 179
107 206
30 129
75 174
185 284
88 187
111 210
78 177
57 156
137 236
115 214
175 274
6 105
88 187
132 231
91 190
114 213
195 294
8 107
147 246
133 232
35 134
36 135
38 137
139 238
43 142
147 246
129 228
51 150
26 125
59 158
55 154
28 127
77 176
179 278
80 179
148 247
124 223
169 268
128 227
136 235
48 147
87 186
178 277
194 293
169 268
193 292
98 197
83 182
164 263
185 284
177 276
8 107
156 255
32 131
115 214
143 242
87 186
30 129
17 116
182 281
24 123
41 140
104 203
104 203
153 252
85 184
19 118
172 271
18 117
190 289
161 260
163 262
170 269
45 144
87 186
21 120
5 104
113 212
168 267
152 251
163 262
64 163
7 106
123 222
174 273
25 124
156 255
165 264
86 185
31 130
62 161
52 151
176 275
189 288
73 172
56 155
59 158
39 138
18 117
163 262
81 180
96 195
197 296
13 112
57 156
101 200
38 137
170 269
39 138
189 288
71 170
78 177
141 240
196 295
120 219
136 235
154 253
79 178
169 268
104 203
193 292
190 289
73 172
12 111
144 243
20 119
105 204
135 234
186 285
134 233
104 203
167 266
69 168
168 267
109 208
115 214
121 220
141 240
31 130
101 200
150 249
42 141
87 186
81 180
140 239
118 217
30 129
155 254
51 150
122 221
58 157
171 270
165 264
193 292
120 219
74 173
170 269
37 136
142 241
170 269
94 193
77 176
133 232
87 186
29 128
192 291
184 283
68 167
140 239
141 240
59 158
159 258
146 245
43 142
64 163
171 270
76 175
96 195
133 232
16 115
134 233
177 276
46 145
61 160
175 274
172 271
88 187
52 151
87 186
8 107
126 225
106 205
63 162
186 285
136 235
4 103
166 265
5 104
137 236
148 247
107 206
115 214
130 229
142 241
136 235
53 152
78 177
144 243
151 250
85 184
177 276
175 274
81 180
57 156
182 281
104 203
103 202
73 172
121 220
50 149
167 266
78 177
25 124
3 102
15 114
68 167
124 223
92 191
83 182
108 207
69 168
190 289
11 110
65 164
132 231
164 263
120 219
57 156
108 207
196 295
123 222
170 269
156 255
88 187
1 100
53 152
57 156
57 156
65 164
188 287
185 284
196 295
180 279
94 193
29 128
124 223
11 110
120 219
196 295
128 227
83 182
146 245
15 114
111 210
16 115
21 120
20 119
173 272
164 263
64 163
158 257
153 252
69 168
184 283
22 121
187 286
9 108
41 140
166 265
92 191
81 180
124 223
181 280
68 167
13 112
7 106
63 162
172 271
157 256
17 116
79 178
146 245
164 263
17 116
80 179
92 191
22 121
170 269
170 269
62 161
32 131
66 165
17 116
92 191
118 217
127 226
88 187
168 267
56 155
59 158
167 266
62 161
66 165
139 238
48 147
97 196
166 265
73 172
190 289
8 107
93 192
186 285
80 179
181 280
34 133
155 254
111 210
6 105
196 295
99 198
34 133
137 236
38 137
15 114
2 101
21 120
119 218
177 276
36 135
111 210
30 129
155 254
155 254
162 261
171 270
62 161
192 291
94 193
169 268
20 119
20 119
70 169
27 126
80 179
47 146
171 270
100 199
167 266
45 144
195 294
169 268
5 104
12 111
102 201
161 260
43 142
42 141
112 211
165 264
23 122
84 183
153 252
97 196
81 180
146 245
192 291
98 197
53 152
188 287
6 105
47 146
54 153
84 183
127 226
130 229
180 279
13 112
123 222
71 170
191 290
74 173
25 124
135 234
61 160
142 241
176 275
56 155
52 151
75 174
136 235
15 114
9 108
80 179
125 224
2 101
95 194
195 294
118 217
26 125
148 247
154 253
125 224
123 222
42 141
10 109
29 128
35 134
104 203
54 153
172 271
86 185
141 240
93 192
115 214
20 119
163 262
49 148
13 112
158 257
115 214
75 174
29 128
165 264
102 201
193 292
96 195
78 177
98 197
79 178
81 180
77 176
111 210
117 216
172 271
147 246
54 153
150 249
11 110
120 219
81 180
115 214
35 134
130 229
112 211
103 202
49 148
34 133
122 221
137 236
196 295
49 148
182 281
55 154
49 148
166 265
29 128
109 208
191 290
14 113
19 118
149 248
157 256
54 153
85 184
25 124
119 218
133 232
111 210
163 262
122 221
22 121
32 131
180 279
94 193
125 224
147 246
46 145
171 270
12 111
116 215
41 140
87 186
160 259
146 245
133 232
44 143
126 225
99 198
58 157
197 296
64 163
104 203
16 115
193 292
170 269
16 115
141 240
191 290
157 256
162 261
155 254
189 288
37 136
188 287
30 129
5 104
140 239
149 248
170 269
61 160
122 221
96 195
161 260
157 256
28 127
195 294
65 164
112 211
25 124
31 130
144 243
73 172
135 234
178 277
38 137
186 285
98 197
112 211
162 261
127 226
77 176
37 136
152 251
65 164
150 249
52 151
114 213
144 243
184 283
98 197
77 176
139 238
12 111
25 124
64 163
176 275
0 99
160 259
124 223
106 205
177 276
33 132
67 166
135 234
73 172
175 274
109 208
157 256
193 292
55 154
144 243
140 239
110 209
28 127
48 147
181 280
197 296
79 178
125 224
102 201
166 265
59 158
65 164
195 294
60 159
113 212
104 203
107 206
115 214
159 258
140 239
56 155
98 197
36 135
48 147
138 237
23 122
129 228
144 243
78 177
71 170
64 163
84 183
17 116
90 189
102 201
1 100
151 250
67 166
107 206
34 133
73 172
138 237
43 142
54 153
40 139
175 274
71 170
139 238
14 113
8 107
195 294
46 145
197 296
138 237
17 116
158 257
141 240
110 209
74 173
81 180
18 117
144 243
171 270
147 246
88 187
138 237
113 212
12 111
59 158
159 258
145 244
99 198
85 184
90 189
12 111
148 247
104 203
125 224
83 182
46 145
3 102
32 131
6 105
153 252
100 199
162 261
60 159
196 295
181 280
8 107
83 182
106 205
103 202
140 239
28 127
93 192
13 112
146 245
84 183
45 144
122 221
53 152
85 184
57 156
39 138
138 237
146 245
65 164
180 279
144 243
116 215
69 168
164 263
76 175
14 113
27 126
46 145
137 236
112 211
124 223
100 199
41 140
167 266
26 125
94 193
162 261
105 204
144 243
109 208
173 272
23 122
146 245
103 202
47 146
23 122
67 166
20 119
155 254
9 108
39 138
182 281
118 217
62 161
174 273
160 259
159 258
127 226
121 220
128 227
56 155
59 158
88 187
79 178
174 273
25 124
91 190
60 159
83 182
52 151
8 107
129 228
193 292
116 215
134 233
124 223
53 152
8 107
159 258
100 199
124 223
32 131
17 116
117 216
38 137
48 147
74 173
29 128
120 219
13 112
139 238
113 212
152 251
143 242
179 278
49 148
86 185
64 163
28 127
28 127
141 240
102 201
162 261
155 254
74 173
191 290
63 162
37 136
58 157
10 109
111 210
29 128
175 274
118 217
89 188
85 184
170 269
44 143
4 103
62 161
20 119
137 236
84 183
113 212
146 245
128 227
192 291
143 242
197 296
45 144
64 163
169 268
171 270
134 233
70 169
50 149
55 154
110 209
59 158
129 228
120 219
152 251
176 275
142 241
97 196
23 122
176 275
18 117
30 129
139 238
188 287
152 251
182 281
173 272
80 179
157 256
28 127
23 122
105 204
35 134
38 137
194 293
90 189
27 126
3 102
70 169
174 273
133 232
59 158
42 141
145 244
167 266
144 243
77 176
120 219
186 285
3 102
92 191
77 176
191 290
167 266
78 177
163 262
180 279
6 105
106 205
101 200
43 142
1 100
10 109
17 116
37 136
95 194
72 171
54 153
94 193
163 262
154 253
88 187
173 272
9 108
2 101
195 294
196 295
47 146
156 255
122 221
118 217
158 257
18 117
168 267
90 189
57 156
30 129
103 202
154 253
69 168
34 133
20 119
82 181
51 150
171 270
76 175
97 196
142 241
61 160
151 250
31 130
172 271
123 222
108 207
177 276
36 135
53 152
178 277
115 214
29 128
143 242
176 275
140 239
29 128
53 152
176 275
114 213
106 205
90 189
29 128
36 135
98 197
117 216
86 185
11 110
46 145
155 254
116 215
160 259
153 252
58 157
38 137
38 137
115 214
135 234
51 150
135 234
48 147
97 196
66 165
78 177
29 128
54 153
130 229
81 180
29 128
42 141
99 198
10 109
73 172
34 133
51 150
54 153
33 132
19 118
97 196
30 129
1 100
65 164
167 266
82 181
52 151
41 140
94 193
34 133
68 167
106 205
150 249
9 108
92 191
184 283
150 249
162 261
177 276
2 101
184 283
114 213
191 290
171 270
152 251
165 264
120 219
176 275
193 292
99 198
110 209
108 207
105 204
98 197
54 153
39 138
49 148
181 280
21 120
133 232
191 290
74 173
43 142
127 226
50 149
20 119
22 121
23 122
87 186
4 103
26 125
124 223
185 284
126 225
146 245
120 219
94 193
181 280
33 132
82 181
143 242
71 170
93 192
180 279
57 156
59 158
27 126
50 149
183 282
3 102
73 172
5 104
186 285
5 104
161 260
81 180
87 186
19 118
61 160
174 273
126 225
41 140
178 277
67 166
190 289
84 183
168 267
166 265
153 252
6 105
59 158
162 261
104 203
70 169
110 209
74 173
15 114
39 138
107 206
170 269
186 285
22 121
193 292
84 183
71 170
8 107
52 151
160 259
95 194
48 147
145 244
21 120
117 216
24 123
12 111
182 281
155 254
76 175
102 201
62 161
24 123
72 171
17 116
101 200
100 199
65 164
139 238
44 143
64 163
74 173
1 100
135 234
118 217
149 248
32 131
154 253
132 231
172 271
162 261
13 112
188 287
98 197
111 210
71 170
20 119
124 223
65 164
99 198
21 120
40 139
114 213
113 212
32 131
141 240
86 185
94 193
184 283
9 108
164 263
116 215
133 232
64 163
127 226
138 237
28 127
38 137
42 141
97 196
183 282
12 111
87 186
111 210
138 237
48 147
128 227
57 156
23 122
101 200
38 137
162 261
141 240
30 129
183 282
5 104
78 177
87 186
112 211
16 115
187 286
98 197
83 182
148 247
39 138
73 172
110 209
134 233
45 144
81 180
133 232
8 107
10 109
67 166
102 201
63 162
54 153
32 131
52 151
91 190
22 121
115 214
181 280
130 229
152 251
27 126
118 217
20 119
115 214
18 117
3 102
19 118
183 282
149 248
13 112
152 251
136 235
34 133
80 179
166 265
91 190
62 161
73 172
5 104
175 274
187 286
42 141
99 198
122 221
126 225
178 277
55 154
61 160
125 224
9 108
178 277
54 153
71 170
139 238
191 290
109 208
105 204
170 269
147 246
135 234
121 220
11 110
184 283
187 286
94 193
3 102
74 173
178 277
19 118
1 100
161 260
12 111
54 153
130 229
68 167
99 198
27 126
33 132
52 151
113 212
69 168
129 228
31 130
102 201
14 113
26 125
88 187
76 175
196 295
32 131
129 228
183 282
195 294
159 258
79 178
149 248
24 123
33 132
5 104
100 199
146 245
41 140
2 101
96 195
118 217
186 285
50 149
32 131
102 201
122 221
33 132
174 273
43 142
44 143
65 164
98 197
66 165
92 191
2 101
29 128
180 279
114 213
174 273
109 208
121 220
38 137
76 175
94 193
25 124
121 220
54 153
154 253
105 204
184 283
72 171
196 295
159 258
123 222
16 115
56 155
163 262
10 109
149 248
187 286
48 147
98 197
135 234
191 290
94 193
188 287
71 170
38 137
72 171
95 194
45 144
44 143
154 253
34 133
167 266
121 220
34 133
177 276
58 157
129 228
163 262
58 157
136 235
18 117
87 186
182 281
156 255
1 100
168 267
47 146
159 258
128 227
108 207
118 217
95 194
185 284
61 160
161 260
186 285
63 162
50 149
113 212
24 123
68 167
80 179
95 194
72 171
19 118
55 154
65 164
115 214
43 142
141 240
145 244
27 126
77 176
111 210
47 146
15 114
173 272
91 190
92 191
142 241
77 176
92 191
110 209
55 154
38 137
67 166
46 145
50 149
56 155
16 115
185 284
76 175
188 287
132 231
70 169
20 119
73 172
114 213
144 243
29 128
135 234
135 234
146 245
130 229
71 170
107 206
156 255
154 253
68 167
109 208
188 287
152 251
44 143
51 150
23 122
168 267
135 234
103 202
44 143
94 193
107 206
186 285
112 211
73 172
110 209
109 208
171 270
81 180
131 230
184 283
86 185
60 159
47 146
52 151
52 151
1 100
181 280
28 127
63 162
72 171
78 177
42 141
68 167
166 265
88 187
183 282
16 115
184 283
171 270
126 225
66 165
138 237
195 294
93 192
62 161
176 275
99 198
62 161
165 264
42 141
135 234
189 288
121 220
185 284
117 216
60 159
129 228
8 107
53 152
0 99
153 252
105 204
23 122
113 212
91 190
142 241
147 246
22 121
16 115
190 289
181 280
101 200
104 203
50 149
97 196
187 286
12 111
125 224
91 190
185 284
125 224
182 281
146 245
193 292
97 196
111 210
159 258
37 136
31 130
60 159
7 106
110 209
3 102
77 176
54 153
46 145
36 135
147 246
34 133
5 104
16 115
65 164
166 265
76 175
65 164
116 215
132 231
108 207
156 255
79 178
168 267
10 109
191 290
43 142
7 106
114 213
142 241
86 185
38 137
30 129
90 189
125 224
111 210
120 219
150 249
167 266
137 236
186 285
130 229
177 276
105 204
155 254
77 176
131 230
39 138
136 235
123 222
23 122
25 124
152 251
45 144
195 294
194 293
190 289
138 237
77 176
8 107
95 194
164 263
197 296
181 280
47 146
162 261
191 290
81 180
23 122
92 191
33 132
189 288
193 292
18 117
132 231
165 264
157 256
197 296
158 257
56 155
63 162
136 235
196 295
69 168
8 107
106 205
148 247
194 293
144 243
90 189
108 207
189 288
120 219
82 181
174 273
45 144
177 276
127 226
179 278
53 152
143 242
159 258
68 167
31 130
163 262
99 198
4 103
85 184
67 166
21 120
17 116
147 246
50 149
91 190
146 245
117 216
33 132
25 124
110 209
62 161
27 126
23 122
135 234
1 100
160 259
29 128
132 231
31 130
26 125
99 198
3 102
122 221
169 268
135 234
136 235
27 126
18 117
78 177
37 136
71 170
59 158
30 129
98 197
165 264
51 150
105 204
186 285
161 260
45 144
70 169
161 260
90 189
128 227
39 138
85 184
112 211
144 243
156 255
140 239
95 194
41 140
67 166
37 136
197 296
34 133
73 172
91 190
74 173
88 187
0 99
89 188
99 198
189 288
148 247
6 105
73 172
138 237
29 128
137 236
85 184
39 138
28 127
90 189
92 191
2 101
84 183
22 121
187 286
148 247
69 168
193 292
29 128
192 291
145 244
3 102
33 132
15 114
56 155
100 199
97 196
44 143
131 230
47 146
196 295
84 183
10 109
63 162
65 164
91 190
42 141
34 133
137 236
111 210
95 194
30 129
146 245
117 216
110 209
91 190
53 152
36 135
41 140
148 247
189 288
160 259
144 243
186 285
81 180
79 178
48 147
45 144
32 131
43 142
61 160
79 178
47 146
40 139
140 239
104 203
196 295
145 244
131 230
70 169
63 162
70 169
86 185
10 109
142 241
130 229
65 164
2 101
162 261
193 292
112 211
40 139
115 214
170 269
101 200
107 206
136 235
133 232
154 253
50 149
77 176
149 248
188 287
170 269
191 290
18 117
193 292
114 213
119 218
8 107
29 128
32 131
98 197
81 180
117 216
79 178
164 263
45 144
144 243
115 214
24 123
193 292
132 231
152 251
179 278
36 135
117 216
84 183
126 225
71 170
160 259
53 152
110 209
156 255
134 233
106 205
88 187
36 135
6 105
180 279
194 293
1 100
164 263
130 229
135 234
78 177
114 213
155 254
4 103
176 275
52 151
52 151
87 186
116 215
34 133
43 142
117 216
148 247
157 256
55 154
67 166
21 120
140 239
52 151
61 160
186 285
108 207
157 256
169 268
70 169
45 144
73 172
14 113
12 111
56 155
52 151
137 236
36 135
108 207
194 293
72 171
4 103
85 184
190 289
32 131
165 264
73 172
1 100
177 276
7 106
36 135
67 166
81 180
95 194
145 244
80 179
26 125
75 174
156 255
82 181
62 161
110 209
78 177
31 130
86 185
35 134
142 241
170 269
26 125
42 141
142 241
148 247
7 106
63 162
59 158
121 220
163 262
87 186
43 142
63 162
190 289
190 289
93 192
196 295
91 190
80 179
6 105
107 206
54 153
63 162
8 107
178 277
155 254
196 295
165 264
119 218
154 253
31 130
144 243
79 178
123 222
114 213
164 263
72 171
4 103
36 135
161 260
71 170
89 188
57 156
99 198
95 194
148 247
140 239
45 144
155 254
191 290
106 205
155 254
46 145
85 184
8 107
112 211
88 187
177 276
140 239
167 266
115 214
97 196
190 289
31 130
41 140
195 294
175 274
169 268
170 269
18 117
17 116
68 167
47 146
75 174
16 115
131 230
180 279
118 217
132 231
107 206
121 220
63 162
12 111
169 268
50 149
105 204
163 262
125 224
94 193
197 296
108 207
85 184
117 216
1 100
42 141
83 182
64 163
69 168
94 193
77 176
139 238
103 202
116 215
177 276
186 285
111 210
118 217
192 291
57 156
2 101
43 142
26 125
7 106
181 280
76 175
25 124
82 181
93 192
61 160
110 209
131 230
48 147
146 245
66 165
74 173
74 173
13 112
94 193
22 121
124 223
84 183
155 254
137 236
29 128
56 155
108 207
62 161
32 131
154 253
82 181
48 147
95 194
95 194
196 295
15 114
175 274
58 157
158 257
163 262
23 122
150 249
64 163
131 230
50 149
135 234
73 172
80 179
130 229
56 155
61 160
90 189
24 123
89 188
87 186
161 260
171 270
124 223
177 276
115 214
0 99
31 130
94 193
130 229
138 237
172 271
152 251
5 104
2 101
53 152
14 113
89 188
124 223
115 214
187 286
196 295
58 157
156 255
47 146
66 165
178 277
121 220
61 160
30 129
119 218
55 154
181 280
134 233
169 268
16 115
20 119
88 187
186 285
153 252
141 240
153 252
78 177
100 199
30 129
104 203
21 120
133 232
185 284
24 123
45 144
142 241
12 111
110 209
131 230
169 268
116 215
98 197
47 146
86 185
90 189
71 170
122 221
116 215
88 187
172 271
182 281
61 160
109 208
42 141
192 291
9 108
58 157
18 117
0 99
197 296
81 180
85 184
55 154
165 264
192 291
79 178
103 202
175 274
119 218
51 150
19 118
34 133
58 157
36 135
66 165
75 174
25 124
173 272
39 138
144 243
19 118
136 235
17 116
181 280
180 279
39 138
66 165
156 255
62 161
24 123
171 270
149 248
151 250
172 271
170 269
83 182
195 294
99 198
54 153
123 222
119 218
104 203
189 288
178 277
172 271
96 195
58 157
27 126
174 273
109 208
178 277
162 261
133 232
9 108
33 132
137 236
119 218
184 283
36 135
184 283
1 100
79 178
28 127
23 122
103 202
67 166
127 226
13 112
155 254
98 197
94 193
44 143
69 168
99 198
121 220
102 201
190 289
14 113
160 259
136 235
146 245
96 195
43 142
144 243
20 119
113 212
15 114
94 193
54 153
67 166
85 184
39 138
68 167
175 274
123 222
154 253
115 214
151 250
64 163
29 128
179 278
81 180
76 175
167 266
113 212
184 283
48 147
177 276
35 134
18 117
29 128
113 212
183 282
87 186
103 202
141 240
89 188
165 264
94 193
195 294
117 216
132 231
121 220
23 122
50 149
104 203
169 268
12 111
15 114
181 280
29 128
55 154
120 219
63 162
58 157
109 208
155 254
63 162
179 278
197 296
113 212
159 258
127 226
29 128
66 165
23 122
88 187
122 221
120 219
127 226
105 204
25 124
92 191
193 292
152 251
42 141
44 143
156 255
129 228
148 247
9 108
19 118
189 288
151 250
154 253
2 101
83 182
171 270
186 285
187 286
11 110
59 158
87 186
144 243
40 139
29 128
171 270
110 209
135 234
56 155
167 266
138 237
142 241
123 222
157 256
190 289
119 218
152 251
143 242
70 169
106 205
155 254
142 241
55 154
162 261
42 141
2 101
140 239
65 164
141 240
68 167
30 129
1 100
130 229
91 190
125 224
186 285
184 283
41 140
36 135
153 252
134 233
48 147
123 222
142 241
16 115
89 188
139 238
105 204
87 186
181 280
26 125
16 115
118 217
190 289
193 292
16 115
94 193
46 145
5 104
75 174
41 140
63 162
32 131
127 226
149 248
171 270
82 181
180 279
178 277
193 292
17 116
86 185
126 225
54 153
85 184
27 126
3 102
167 266
101 200
126 225
84 183
137 236
19 118
175 274
41 140
36 135
21 120
189 288
44 143
137 236
98 197
66 165
158 257
69 168
183 282
118 217
141 240
10 109
31 130
20 119
77 176
41 140
179 278
149 248
36 135
153 252
169 268
195 294
18 117
108 207
6 105
32 131
120 219
4 103
35 134
115 214
84 183
9 108
65 164
180 279
143 242
180 279
182 281
172 271
21 120
27 126
117 216
118 217
34 133
178 277
64 163
3 102
26 125
6 105
105 204
150 249
80 179
51 150
142 241
151 250
13 112
101 200
104 203
56 155
41 140
31 130
71 170
187 286
69 168
68 167
156 255
116 215
67 166
113 212
188 287
18 117
149 248
59 158
18 117
178 277
110 209
35 134
23 122
117 216
89 188
170 269
172 271
140 239
161 260
177 276
162 261
38 137
163 262
173 272
129 228
106 205
3 102
131 230
171 270
197 296
190 289
33 132
91 190
60 159
190 289
71 170
75 174
141 240
52 151
82 181
55 154
147 246
120 219
117 216
165 264
18 117
157 256
43 142
196 295
52 151
79 178
61 160
175 274
112 211
128 227
194 293
60 159
188 287
121 220
22 121
173 272
128 227
58 157
0 99
161 260
54 153
154 253
17 116
14 113
115 214
194 293
172 271
77 176
133 232
10 109
176 275
117 216
174 273
99 198
59 158
41 140
130 229
192 291
182 281
120 219
146 245
31 130
184 283
22 121
136 235
19 118
172 271
129 228
191 290
181 280
6 105
1 100
97 196
49 148
9 108
162 261
194 293
127 226
171 270
125 224
112 211
144 243
162 261
102 201
31 130
2 101
46 145
45 144
186 285
19 118
164 263
97 196
194 293
112 211
34 133
80 179
115 214
110 209
90 189
28 127
160 259
157 256
173 272
143 242
77 176
196 295
19 118
194 293
121 220
11 110
150 249
62 161
154 253
55 154
0 99
75 174
98 197
33 132
14 113
104 203
193 292
125 224
141 240
120 219
100 199
38 137
92 191
21 120
3 102
152 251
153 252
4 103
50 149
151 250
14 113
157 256
158 257
52 151
31 130
43 142
114 213
107 206
148 247
101 200
103 202
37 136
175 274
77 176
193 292
101 200
14 113
0 99
69 168
113 212
68 167
177 276
135 234
15 114
187 286
65 164
33 132
175 274
11 110
160 259
95 194
185 284
176 275
194 293
183 282
121 220
120 219
93 192
184 283
32 131
41 140
192 291
160 259
132 231
55 154
96 195
180 279
148 247
6 105
69 168
187 286
149 248
103 202
164 263
28 127
50 149
46 145
52 151
55 154
59 158
102 201
27 126
113 212
63 162
25 124
183 282
24 123
154 253
147 246
117 216
163 262
49 148
60 159
31 130
39 138
128 227
144 243
18 117
53 152
172 271
46 145
153 252
113 212
61 160
38 137
169 268
168 267
104 203
146 245
13 112
116 215
104 203
30 129
20 119
159 258
173 272
64 163
68 167
109 208
155 254
136 235
36 135
148 247
113 212
22 121
175 274
11 110
98 197
141 240
37 136
62 161
41 140
128 227
29 128
153 252
25 124
37 136
12 111
81 180
140 239
3 102
111 210
108 207
30 129
159 258
113 212
13 112
81 180
6 105
180 279
137 236
79 178
154 253
192 291
110 209
82 181
64 163
87 186
167 266
152 251
194 293
121 220
191 290
147 246
44 143
82 181
196 295
143 242
188 287
60 159
8 107
41 140
66 165
150 249
91 190
172 271
15 114
152 251
185 284
163 262
34 133
44 143
107 206
65 164
1 100
84 183
79 178
168 267
114 213
171 270
133 232
63 162
143 242
47 146
158 257
9 108
133 232
39 138
46 145
136 235
75 174
142 241
120 219
83 182
180 279
104 203
84 183
40 139
156 255
58 157
69 168
85 184
121 220
9 108
67 166
60 159
106 205
56 155
10 109
78 177
50 149
101 200
89 188
179 278
98 197
181 280
44 143
126 225
18 117
72 171
192 291
196 295
134 233
17 116
93 192
153 252
41 140
96 195
78 177
35 134
52 151
22 121
121 220
196 295
3 102
146 245
77 176
30 129
167 266
138 237
139 238
154 253
38 137
181 280
27 126
164 263
134 233
141 240
134 233
86 185
87 186
102 201
29 128
163 262
6 105
190 289
108 207
125 224
117 216
110 209
118 217
170 269
49 148
75 174
43 142
144 243
157 256
137 236
5 104
1 100
22 121
63 162
117 216
88 187
140 239
72 171
172 271
196 295
86 185
98 197
69 168
99 198
98 197
183 282
33 132
24 123
88 187
125 224
97 196
94 193
159 258
160 259
108 207
40 139
72 171
154 253
134 233
64 163
153 252
130 229
172 271
132 231
185 284
95 194
154 253
54 153
76 175
135 234
59 158
57 156
5 104
86 185
151 250
171 270
175 274
176 275
156 255
97 196
27 126
83 182
82 181
49 148
46 145
146 245
195 294
136 235
125 224
6 105
193 292
105 204
136 235
119 218
116 215
155 254
175 274
75 174
81 180
22 121
77 176
158 257
106 205
8 107
63 162
81 180
86 185
97 196
171 270
29 128
141 240
30 129
98 197
18 117
189 288
44 143
82 181
52 151
141 240
69 168
13 112
129 228
72 171
22 121
12 111
90 189
2 101
129 228
150 249
150 249
121 220
156 255
87 186
9 108
155 254
7 106
60 159
45 144
47 146
45 144
147 246
159 258
2 101
5 104
139 238
37 136
69 168
78 177
70 169
8 107
119 218
23 122
195 294
55 154
20 119
179 278
45 144
33 132
8 107
83 182
15 114
67 166
182 281
4 103
94 193
12 111
113 212
68 167
82 181
139 238
16 115
182 281
35 134
93 192
73 172
186 285
15 114
88 187
48 147
90 189
99 198
17 116
147 246
185 284
99 198
30 129
69 168
77 176
105 204
15 114
135 234
188 287
60 159
0 99
177 276
138 237
35 134
28 127
61 160
5 104
97 196
31 130
71 170
0 99
131 230
66 165
1 100
18 117
29 128
8 107
171 270
191 290
134 233
27 126
56 155
110 209
69 168
81 180
19 118
52 151
185 284
59 158
140 239
39 138
68 167
154 253
67 166
24 123
31 130
65 164
149 248
114 213
26 125
195 294
6 105
139 238
161 260
46 145
192 291
175 274
160 259
70 169
24 123
195 294
9 108
188 287
114 213
99 198
49 148
163 262
95 194
95 194
107 206
127 226
45 144
166 265
172 271
150 249
100 199
115 214
34 133
8 107
10 109
99 198
153 252
144 243
118 217
122 221
2 101
22 121
100 199
155 254
142 241
177 276
29 128
178 277
104 203
28 127
95 194
194 293
131 230
173 272
129 228
1 100
73 172
28 127
68 167
80 179
129 228
51 150
43 142
183 282
142 241
177 276
193 292
181 280
66 165
153 252
176 275
1 100
94 193
153 252
189 288
77 176
190 289
48 147
57 156
55 154
19 118
94 193
138 237
67 166
179 278
42 141
197 296
102 201
191 290
63 162
100 199
49 148
192 291
135 234
196 295
14 113
134 233
25 124
36 135
2 101
50 149
154 253
68 167
71 170
77 176
155 254
53 152
34 133
158 257
88 187
78 177
82 181
181 280
25 124
147 246
71 170
140 239
74 173
83 182
60 159
118 217
7 106
141 240
123 222
175 274
107 206
86 185
117 216
54 153
134 233
118 217
145 244
110 209
28 127
88 187
88 187
57 156
136 235
69 168
54 153
170 269
51 150
53 152
8 107
90 189
117 216
151 250
29 128
84 183
96 195
180 279
179 278
54 153
127 226
9 108
148 247
31 130
140 239
108 207
54 153
190 289
13 112
167 266
120 219
17 116
97 196
164 263
187 286
122 221
106 205
69 168
48 147
197 296
161 260
153 252
146 245
52 151
64 163
159 258
144 243
197 296
168 267
65 164
27 126
13 112
1 100
54 153
54 153
72 171
175 274
94 193
153 252
126 225
104 203
142 241
166 265
77 176
67 166
26 125
72 171
28 127
20 119
126 225
2 101
54 153
170 269
3 102
126 225
31 130
37 136
127 226
8 107
170 269
49 148
107 206
70 169
111 210
71 170
74 173
147 246
183 282
67 166
180 279
13 112
157 256
169 268
193 292
78 177
69 168
169 268
117 216
195 294
137 236
163 262
147 246
85 184
40 139
2 101
56 155
146 245
124 223
100 199
76 175
187 286
64 163
53 152
61 160
28 127
176 275
151 250
39 138
94 193
99 198
30 129
144 243
62 161
172 271
35 134
11 110
2 101
50 149
102 201
40 139
193 292
22 121
81 180
185 284
4 103
67 166
101 200
26 125
52 151
127 226
1 100
191 290
19 118
9 108
9 108
175 274
158 257
87 186
164 263
117 216
104 203
70 169
84 183
74 173
62 161
42 141
80 179
4 103
23 122
161 260
197 296
174 273
171 270
139 238
143 242
178 277
134 233
181 280
131 230
135 234
44 143
28 127
171 270
31 130
149 248
168 267
184 283
48 147
13 112
56 155
89 188
47 146
61 160
27 126
190 289
115 214
9 108
171 270
160 259
19 118
24 123
107 206
72 171
52 151
194 293
145 244
141 240
166 265
71 170
45 144
79 178
130 229
145 244
145 244
51 150
172 271
89 188
86 185
125 224
106 205
195 294
93 192
28 127
190 289
131 230
142 241
191 290
122 221
8 107
35 134
77 176
133 232
65 164
72 171
7 106
27 126
153 252
34 133
79 178
5 104
186 285
59 158
44 143
59 158
181 280
137 236
103 202
55 154
46 145
116 215
189 288
37 136
4 103
163 262
71 170
16 115
90 189
144 243
76 175
49 148
83 182
80 179
71 170
3 102
21 120
163 262
67 166
43 142
91 190
152 251
32 131
35 134
46 145
148 247
115 214
130 229
65 164
24 123
76 175
75 174
96 195
162 261
138 237
158 257
20 119
107 206
115 214
6 105
98 197
62 161
163 262
75 174
183 282
181 280
80 179
37 136
0 99
144 243
89 188
138 237
182 281
185 284
100 199
16 115
1 100
110 209
41 140
74 173
108 207
121 220
191 290
80 179
192 291
126 225
28 127
117 216
104 203
117 216
178 277
15 114
192 291
9 108
47 146
126 225
162 261
109 208
65 164
134 233
106 205
73 172
5 104
68 167
177 276
183 282
91 190
14 113
38 137
57 156
144 243
77 176
108 207
88 187
163 262
118 217
150 249
77 176
40 139
69 168
63 162
176 275
37 136
48 147
147 246
52 151
138 237
185 284
47 146
20 119
47 146
196 295
100 199
156 255
43 142
65 164
85 184
152 251
32 131
66 165
171 270
157 256
28 127
5 104
157 256
5 104
28 127
112 211
166 265
115 214
36 135
184 283
100 199
70 169
100 199
36 135
94 193
166 265
61 160
130 229
132 231
63 162
31 130
28 127
125 224
51 150
108 207
7 106
157 256
115 214
38 137
183 282
126 225
174 273
4 103
83 182
39 138
82 181
191 290
166 265
148 247
142 241
189 288
166 265
46 145
83 182
114 213
22 121
151 250
85 184
92 191
151 250
29 128
146 245
13 112
165 264
82 181
80 179
197 296
144 243
16 115
189 288
195 294
155 254
149 248
174 273
184 283
54 153
151 250
92 191
150 249
14 113
89 188
153 252
61 160
85 184
6 105
22 121
46 145
38 137
68 167
61 160
120 219
78 177
154 253
40 139
8 107
31 130
62 161
171 270
0 99
56 155
152 251
100 199
80 179
98 197
104 203
196 295
135 234
93 192
67 166
79 178
194 293
85 184
153 252
158 257
69 168
184 283
1 100
171 270
77 176
108 207
123 222
18 117
119 218
94 193
80 179
23 122
15 114
197 296
180 279
160 259
148 247
40 139
59 158
58 157
32 131
38 137
186 285
3 102
137 236
2 101
191 290
47 146
84 183
181 280
151 250
176 275
149 248
31 130
17 116
73 172
100 199
47 146
65 164
29 128
146 245
111 210
153 252
148 247
33 132
88 187
81 180
122 221
172 271
188 287
13 112
16 115
94 193
69 168
106 205
70 169
105 204
64 163
82 181
109 208
192 291
9 108
54 153
87 186
194 293
163 262
11 110
16 115
190 289
157 256
140 239
191 290
70 169
120 219
165 264
151 250
32 131
196 295
35 134
193 292
81 180
7 106
178 277
13 112
171 270
70 169
128 227
82 181
24 123
98 197
154 253
48 147
156 255
71 170
92 191
24 123
97 196
18 117
7 106
49 148
132 231
0 99
28 127
36 135
97 196
35 134
21 120
168 267
191 290
182 281
95 194
160 259
31 130
126 225
10 109
159 258
134 233
108 207
80 179
125 224
29 128
146 245
20 119
117 216
119 218
125 224
80 179
142 241
92 191
56 155
20 119
176 275
194 293
184 283
53 152
42 141
42 141
147 246
68 167
49 148
39 138
82 181
101 200
119 218
170 269
61 160
100 199
192 291
104 203
188 287
71 170
99 198
67 166
76 175
10 109
70 169
77 176
21 120
59 158
21 120
83 182
86 185
147 246
110 209
191 290
129 228
6 105
181 280
12 111
164 263
155 254
129 228
73 172
170 269
190 289
64 163
148 247
21 120
37 136
162 261
96 195
3 102
144 243
190 289
28 127
107 206
1 100
197 296
46 145
150 249
195 294
102 201
143 242
95 194
63 162
169 268
85 184
152 251
68 167
46 145
197 296
3 102
7 106
38 137
94 193
195 294
68 167
175 274
62 161
197 296
171 270
46 145
169 268
185 284
42 141
99 198
118 217
118 217
63 162
57 156
88 187
88 187
46 145
94 193
153 252
39 138
85 184
144 243
145 244
44 143
15 114
174 273
77 176
122 221
55 154
92 191
120 219
143 242
13 112
176 275
147 246
44 143
81 180
171 270
170 269
170 269
152 251
98 197
193 292
82 181
144 243
137 236
4 103
55 154
67 166
47 146
63 162
119 218
18 117
87 186
129 228
151 250
137 236
146 245
160 259
110 209
15 114
128 227
121 220
129 228
120 219
5 104
159 258
111 210
155 254
190 289
159 258
195 294
16 115
10 109
103 202
124 223
116 215
19 118
117 216
57 156
171 270
98 197
130 229
54 153
154 253
170 269
112 211
2 101
189 288
190 289
124 223
95 194
173 272
88 187
20 119
58 157
61 160
57 156
185 284
17 116
2 101
182 281
34 133
24 123
102 201
16 115
66 165
133 232
123 222
77 176
116 215
46 145
54 153
162 261
166 265
101 200
102 201
156 255
64 163
111 210
89 188
148 247
6 105
115 214
63 162
38 137
96 195
144 243
178 277
114 213
177 276
135 234
172 271
132 231
154 253
54 153
6 105
50 149
186 285
188 287
49 148
184 283
83 182
132 231
85 184
63 162
53 152
121 220
54 153
131 230
74 173
144 243
116 215
3 102
75 174
131 230
67 166
90 189
102 201
72 171
7 106
20 119
48 147
76 175
185 284
38 137
16 115
162 261
150 249
6 105
143 242
125 224
89 188
18 117
62 161
134 233
59 158
159 258
105 204
11 110
171 270
72 171
122 221
119 218
65 164
29 128
169 268
138 237
174 273
3 102
36 135
47 146
182 281
3 102
52 151
143 242
166 265
112 211
195 294
114 213
21 120
134 233
165 264
33 132
143 242
88 187
44 143
74 173
129 228
101 200
162 261
107 206
146 245
0 99
47 146
48 147
141 240
68 167
21 120
165 264
128 227
126 225
125 224
124 223
91 190
46 145
189 288
1 100
43 142
102 201
190 289
117 216
87 186
107 206
150 249
29 128
187 286
133 232
17 116
79 178
45 144
16 115
102 201
152 251
197 296
10 109
64 163
177 276
186 285
64 163
177 276
137 236
163 262
86 185
51 150
153 252
187 286
93 192
125 224
5 104
151 250
1 100
49 148
179 278
194 293
120 219
14 113
12 111
91 190
43 142
83 182
181 280
131 230
36 135
105 204
12 111
82 181
48 147
140 239
47 146
166 265
88 187
107 206
158 257
7 106
114 213
137 236
28 127
72 171
165 264
19 118
188 287
187 286
84 183
8 107
67 166
37 136
164 263
154 253
15 114
109 208
35 134
113 212
55 154
41 140
43 142
171 270
68 167
157 256
159 258
53 152
58 157
118 217
119 218
88 187
2 101
50 149
143 242
173 272
187 286
155 254
2 101
115 214
11 110
63 162
160 259
194 293
140 239
181 280
82 181
29 128
166 265
28 127
3 102
71 170
56 155
165 264
93 192
144 243
14 113
23 122
130 229
185 284
133 232
86 185
54 153
90 189
153 252
0 99
186 285
92 191
16 115
141 240
26 125
26 125
139 238
86 185
92 191
187 286
97 196
144 243
157 256
145 244
154 253
105 204
159 258
145 244
43 142
21 120
26 125
90 189
120 219
0 99
123 222
5 104
15 114
36 135
197 296
191 290
91 190
77 176
191 290
171 270
129 228
60 159
149 248
191 290
106 205
182 281
55 154
70 169
183 282
197 296
15 114
112 211
93 192
193 292
80 179
22 121
91 190
115 214
38 137
161 260
27 126
128 227
66 165
10 109
143 242
53 152
170 269
19 118
104 203
6 105
47 146
7 106
155 254
153 252
78 177
128 227
102 201
161 260
92 191
48 147
139 238
57 156
29 128
108 207
94 193
117 216
148 247
46 145
13 112
21 120
21 120
92 191
193 292
144 243
155 254
70 169
110 209
76 175
188 287
67 166
124 223
18 117
131 230
185 284
122 221
183 282
45 144
100 199
106 205
34 133
40 139
11 110
143 242
194 293
182 281
182 281
185 284
197 296
163 262
106 205
191 290
11 110
64 163
175 274
197 296
165 264
143 242
5 104
82 181
183 282
50 149
71 170
138 237
13 112
45 144
21 120
180 279
189 288
155 254
155 254
80 179
18 117
53 152
156 255
193 292
107 206
80 179
18 117
56 155
142 241
192 291
34 133
69 168
41 140
98 197
38 137
88 187
42 141
159 258
126 225
30 129
151 250
180 279
3 102
175 274
80 179
5 104
189 288
36 135
78 177
94 193
166 265
87 186
31 130
40 139
134 233
148 247
41 140
150 249
5 104
175 274
157 256
16 115
50 149
191 290
155 254
187 286
186 285
188 287
181 280
171 270
85 184
161 260
40 139
47 146
3 102
97 196
173 272
148 247
115 214
148 247
88 187
146 245
68 167
87 186
119 218
5 104
166 265
57 156
40 139
117 216
28 127
19 118
19 118
105 204
77 176
107 206
37 136
146 245
15 114
188 287
12 111
129 228
17 116
181 280
83 182
160 259
118 217
139 238
119 218
82 181
34 133
0 99
72 171
20 119
18 117
34 133
142 241
14 113
60 159
95 194
1 100
124 223
189 288
68 167
14 113
80 179
98 197
9 108
76 175
20 119
179 278
49 148
69 168
19 118
64 163
1 100
128 227
21 120
101 200
190 289
41 140
137 236
127 226
98 197
61 160
146 245
121 220
135 234
94 193
185 284
15 114
101 200
86 185
98 197
174 273
85 184
185 284
197 296
69 168
76 175
3 102
17 116
96 195
4 103
96 195
28 127
99 198
173 272
156 255
12 111
150 249
164 263
5 104
103 202
90 189
97 196
73 172
177 276
196 295
17 116
165 264
192 291
34 133
149 248
62 161
5 104
77 176
91 190
41 140
184 283
168 267
1 100
120 219
15 114
133 232
89 188
114 213
52 151
19 118
97 196
100 199
96 195
136 235
21 120
175 274
149 248
126 225
165 264
172 271
18 117
192 291
56 155
3 102
4 103
87 186
170 269
41 140
86 185
184 283
122 221
29 128
127 226
11 110
82 181
70 169
31 130
89 188
164 263
57 156
177 276
41 140
106 205
158 257
23 122
73 172
160 259
176 275
72 171
80 179
100 199
136 235
18 117
78 177
150 249
36 135
190 289
50 149
100 199
49 148
43 142
179 278
94 193
138 237
176 275
149 248
90 189
163 262
171 270
0 99
56 155
75 174
64 163
178 277
113 212
160 259
91 190
106 205
141 240
106 205
20 119
28 127
10 109
5 104
44 143
173 272
22 121
2 101
40 139
117 216
55 154
86 185
16 115
9 108
99 198
156 255
149 248
46 145
181 280
76 175
22 121
193 292
157 256
63 162
52 151
181 280
170 269
86 185
139 238
162 261
52 151
182 281
140 239
56 155
185 284
140 239
68 167
184 283
172 271
50 149
167 266
177 276
156 255
8 107
179 278
165 264
169 268
70 169
66 165
147 246
126 225
107 206
114 213
0 99
153 252
94 193
28 127
132 231
13 112
7 106
175 274
39 138
69 168
86 185
147 246
148 247
134 233
197 296
138 237
77 176
81 180
169 268
88 187
15 114
149 248
93 192
174 273
28 127
166 265
90 189
68 167
84 183
16 115
113 212
195 294
11 110
103 202
144 243
35 134
2 101
15 114
66 165
180 279
35 134
136 235
34 133
191 290
79 178
21 120
41 140
64 163
84 183
144 243
64 163
122 221
101 200
95 194
33 132
140 239
180 279
49 148
192 291
95 194
141 240
185 284
31 130
51 150
4 103
104 203
24 123
167 266
39 138
186 285
108 207
91 190
27 126
6 105
48 147
61 160
98 197
192 291
105 204
148 247
174 273
147 246
22 121
95 194
5 104
196 295
79 178
45 144
103 202
99 198
103 202
71 170
98 197
50 149
47 146
14 113
27 126
87 186
43 142
25 124
125 224
187 286
112 211
153 252
30 129
83 182
14 113
118 217
75 174
153 252
69 168
53 152
154 253
86 185
6 105
74 173
16 115
44 143
25 124
189 288
196 295
151 250
46 145
75 174
11 110
183 282
57 156
109 208
24 123
62 161
152 251
67 166
102 201
71 170
122 221
183 282
58 157
151 250
176 275
79 178
30 129
163 262
45 144
124 223
58 157
93 192
10 109
147 246
139 238
77 176
115 214
126 225
3 102
54 153
105 204
83 182
77 176
87 186
15 114
140 239
146 245
20 119
144 243
88 187
101 200
37 136
68 167
57 156
67 166
170 269
168 267
133 232
8 107
105 204
116 215
155 254
66 165
113 212
69 168
18 117
8 107
143 242
90 189
128 227
159 258
95 194
169 268
2 101
185 284
89 188
132 231
30 129
32 131
172 271
66 165
102 201
180 279
136 235
163 262
145 244
178 277
56 155
3 102
4 103
170 269
143 242
44 143
83 182
79 178
85 184
48 147
174 273
94 193
57 156
194 293
173 272
31 130
190 289
36 135
6 105
163 262
193 292
104 203
42 141
157 256
123 222
166 265
7 106
112 211
196 295
194 293
190 289
144 243
170 269
111 210
141 240
144 243
66 165
186 285
77 176
1 100
82 181
134 233
162 261
38 137
96 195
142 241
157 256
178 277
139 238
180 279
105 204
161 260
179 278
110 209
18 117
138 237
152 251
79 178
39 138
180 279
81 180
19 118
88 187
153 252
78 177
137 236
86 185
75 174
139 238
190 289
132 231
84 183
181 280
188 287
95 194
18 117
170 269
185 284
39 138
130 229
37 136
39 138
170 269
158 257
0 99
98 197
54 153
155 254
153 252
71 170
43 142
106 205
70 169
13 112
3 102
142 241
87 186
196 295
154 253
39 138
15 114
180 279
188 287
71 170
85 184
138 237
62 161
100 199
66 165
33 132
45 144
183 282
137 236
53 152
33 132
104 203
122 221
66 165
79 178
76 175
120 219
180 279
10 109
73 172
98 197
154 253
24 123
105 204
115 214
124 223
197 296
16 115
58 157
19 118
158 257
68 167
163 262
21 120
184 283
179 278
117 216
121 220
185 284
190 289
144 243
186 285
130 229
150 249
6 105
194 293
88 187
167 266
91 190
177 276
197 296
161 260
147 246
3 102
132 231
193 292
138 237
55 154
187 286
74 173
124 223
27 126
159 258
151 250
72 171
147 246
55 154
8 107
134 233
26 125
104 203
23 122
172 271
11 110
5 104
31 130
169 268
63 162
0 99
84 183
188 287
49 148
185 284
102 201
37 136
146 245
188 287
13 112
157 256
180 279
193 292
159 258
112 211
7 106
6 105
188 287
24 123
178 277
161 260
196 295
125 224
39 138
70 169
54 153
29 128
124 223
29 128
196 295
144 243
27 126
151 250
165 264
189 288
109 208
169 268
56 155
197 296
78 177
44 143
104 203
102 201
58 157
159 258
4 103
60 159
133 232
138 237
86 185
196 295
1 100
175 274
153 252
79 178
134 233
23 122
172 271
152 251
151 250
20 119
38 137
77 176
39 138
127 226
57 156
193 292
93 192
183 282
142 241
55 154
111 210
134 233
86 185
137 236
11 110
21 120
176 275
35 134
8 107
170 269
143 242
99 198
160 259
84 183
73 172
64 163
90 189
195 294
94 193
53 152
132 231
173 272
37 136
108 207
161 260
162 261
69 168
121 220
93 192
107 206
32 131
59 158
137 236
5 104
106 205
68 167
7 106
194 293
184 283
118 217
174 273
197 296
167 266
162 261
174 273
17 116
24 123
173 272
129 228
66 165
98 197
122 221
116 215
84 183
156 255
140 239
15 114
6 105
92 191
77 176
93 192
133 232
164 263
69 168
75 174
104 203
60 159
193 292
71 170
19 118
55 154
167 266
73 172
46 145
52 151
140 239
137 236
36 135
159 258
175 274
38 137
114 213
18 117
104 203
76 175
154 253
169 268
52 151
44 143
66 165
48 147
84 183
121 220
194 293
73 172
133 232
68 167
88 187
71 170
165 264
33 132
132 231
25 124
152 251
62 161
39 138
119 218
82 181
187 286
18 117
25 124
106 205
135 234
46 145
147 246
137 236
182 281
59 158
122 221
6 105
168 267
150 249
123 222
74 173
192 291
75 174
177 276
42 141
18 117
163 262
119 218
31 130
150 249
18 117
184 283
67 166
108 207
106 205
7 106
70 169
101 200
191 290
128 227
82 181
105 204
170 269
70 169
194 293
192 291
2 101
158 257
161 260
61 160
122 221
101 200
149 248
131 230
91 190
179 278
8 107
192 291
105 204
191 290
40 139
3 102
43 142
9 108
137 236
151 250
88 187
135 234
67 166
64 163
24 123
137 236
166 265
108 207
88 187
20 119
128 227
54 153
65 164
84 183
108 207
128 227
84 183
197 296
172 271
193 292
95 194
163 262
100 199
41 140
31 130
141 240
7 106
168 267
128 227
165 264
194 293
161 260
182 281
53 152
77 176
153 252
109 208
155 254
186 285
123 222
114 213
82 181
103 202
106 205
184 283
131 230
8 107
55 154
123 222
92 191
89 188
64 163
24 123
29 128
110 209
132 231
18 117
26 125
154 253
105 204
111 210
40 139
92 191
119 218
27 126
184 283
1 100
77 176
142 241
75 174
19 118
70 169
144 243
75 174
115 214
104 203
93 192
24 123
162 261
8 107
47 146
60 159
7 106
81 180
189 288
196 295
135 234
174 273
138 237
145 244
35 134
144 243
39 138
126 225
21 120
174 273
167 266
87 186
72 171
13 112
106 205
42 141
17 116
160 259
39 138
189 288
34 133
150 249
39 138
192 291
53 152
174 273
69 168
155 254
118 217
89 188
113 212
151 250
5 104
121 220
117 216
196 295
43 142
38 137
96 195
101 200
128 227
148 247
79 178
151 250
13 112
165 264
187 286
17 116
152 251
72 171
128 227
183 282
98 197
85 184
78 177
41 140
150 249
182 281
189 288
107 206
163 262
122 221
81 180
147 246
58 157
32 131
86 185
43 142
19 118
102 201
177 276
169 268
145 244
33 132
35 134
74 173
125 224
190 289
58 157
77 176
121 220
81 180
131 230
77 176
58 157
26 125
131 230
28 127
77 176
81 180
45 144
63 162
124 223
194 293
152 251
148 247
106 205
75 174
29 128
34 133
150 249
146 245
184 283
9 108
87 186
164 263
131 230
30 129
144 243
64 163
106 205
165 264
137 236
166 265
187 286
147 246
16 115
121 220
95 194
193 292
197 296
123 222
112 211
169 268
170 269
107 206
150 249
179 278
1 100
178 277
124 223
68 167
75 174
1 100
85 184
64 163
21 120
33 132
183 282
2 101
158 257
10 109
157 256
41 140
169 268
159 258
88 187
133 232
127 226
11 110
130 229
42 141
85 184
121 220
69 168
91 190
57 156
130 229
74 173
21 120
7 106
94 193
47 146
85 184
15 114
69 168
85 184
167 266
53 152
101 200
67 166
176 275
92 191
117 216
31 130
155 254
85 184
166 265
49 148
69 168
71 170
61 160
136 235
156 255
131 230
27 126
84 183
32 131
100 199
178 277
83 182
123 222
118 217
27 126
173 272
74 173
196 295
170 269
145 244
169 268
129 228
65 164
48 147
41 140
165 264
11 110
37 136
28 127
104 203
128 227
192 291
3 102
62 161
61 160
7 106
96 195
141 240
34 133
79 178
92 191
131 230
91 190
77 176
22 121
150 249
23 122
127 226
97 196
39 138
8 107
17 116
118 217
179 278
137 236
19 118
54 153
2 101
44 143
183 282
76 175
112 211
54 153
22 121
196 295
173 272
115 214
59 158
102 201
48 147
7 106
34 133
0 99
106 205
54 153
134 233
190 289
162 261
111 210
84 183
171 270
173 272
95 194
122 221
168 267
158 257
170 269
74 173
169 268
194 293
196 295
87 186
102 201
119 218
71 170
75 174
49 148
151 250
119 218
117 216
4 103
191 290
3 102
81 180
14 113
81 180
180 279
15 114
34 133
133 232
190 289
40 139
143 242
19 118
8 107
115 214
2 101
92 191
4 103
105 204
122 221
24 123
45 144
98 197
119 218
89 188
16 115
120 219
173 272
126 225
28 127
71 170
72 171
96 195
172 271
43 142
179 278
181 280
168 267
11 110
18 117
106 205
23 122
146 245
182 281
163 262
168 267
186 285
196 295
80 179
138 237
88 187
109 208
142 241
43 142
151 250
176 275
114 213
174 273
140 239
35 134
89 188
94 193
113 212
139 238
128 227
91 190
185 284
145 244
30 129
133 232
154 253
95 194
97 196
100 199
100 199
133 232
45 144
31 130
128 227
31 130
184 283
193 292
109 208
139 238
108 207
153 252
16 115
127 226
125 224
37 136
18 117
69 168
37 136
100 199
167 266
164 263
76 175
146 245
91 190
136 235
68 167
30 129
20 119
104 203
97 196
19 118
131 230
45 144
147 246
51 150
85 184
109 208
110 209
97 196
179 278
186 285
196 295
140 239
134 233
13 112
180 279
81 180
43 142
144 243
26 125
159 258
163 262
20 119
110 209
120 219
38 137
147 246
10 109
111 210
126 225
108 207
156 255
5 104
30 129
89 188
99 198
106 205
91 190
114 213
50 149
5 104
11 110
113 212
130 229
100 199
94 193
12 111
50 149
129 228
103 202
129 228
170 269
30 129
64 163
131 230
82 181
10 109
141 240
9 108
160 259
146 245
143 242
73 172
182 281
132 231
133 232
83 182
116 215
34 133
164 263
184 283
170 269
111 210
135 234
81 180
114 213
126 225
193 292
115 214
143 242
122 221
71 170
172 271
130 229
73 172
33 132
0 99
121 220
47 146
23 122
147 246
25 124
148 247
113 212
29 128
91 190
39 138
129 228
160 259
125 224
49 148
39 138
85 184
65 164
74 173
168 267
127 226
116 215
90 189
5 104
16 115
56 155
92 191
60 159
70 169
14 113
29 128
179 278
5 104
0 99
112 211
131 230
31 130
82 181
6 105
46 145
189 288
106 205
83 182
59 158
32 131
5 104
192 291
59 158
72 171
172 271
91 190
178 277
96 195
125 224
117 216
109 208
59 158
188 287
99 198
102 201
30 129
184 283
108 207
46 145
146 245
149 248
153 252
51 150
29 128
44 143
131 230
32 131
163 262
184 283
129 228
174 273
112 211
134 233
106 205
169 268
181 280
132 231
16 115
17 116
130 229
185 284
163 262
70 169
133 232
197 296
77 176
161 260
77 176
99 198
6 105
160 259
138 237
97 196
187 286
170 269
62 161
39 138
67 166
36 135
23 122
150 249
52 151
98 197
150 249
147 246
139 238
39 138
31 130
77 176
42 141
73 172
153 252
166 265
106 205
105 204
43 142
152 251
123 222
134 233
30 129
167 266
164 263
29 128
65 164
3 102
153 252
23 122
110 209
160 259
166 265
104 203
7 106
126 225
165 264
48 147
16 115
163 262
192 291
6 105
37 136
182 281
79 178
82 181
196 295
189 288
82 181
50 149
196 295
172 271
105 204
126 225
32 131
37 136
94 193
164 263
34 133
176 275
75 174
8 107
101 200
67 166
161 260
158 257
47 146
190 289
101 200
97 196
50 149
34 133
126 225
99 198
85 184
77 176
167 266
187 286
11 110
70 169
126 225
170 269
79 178
45 144
17 116
144 243
168 267
122 221
21 120
187 286
160 259
137 236
31 130
183 282
17 116
197 296
5 104
90 189
158 257
8 107
47 146
39 138
127 226
134 233
197 296
61 160
175 274
108 207
188 287
100 199
170 269
163 262
37 136
7 106
148 247
188 287
48 147
160 259
37 136
11 110
139 238
8 107
138 237
6 105
131 230
23 122
27 126
56 155
35 134
107 206
174 273
187 286
69 168
138 237
189 288
7 106
174 273
17 116
54 153
111 210
32 131
138 237
116 215
122 221
141 240
197 296
66 165
106 205
182 281
187 286
87 186
10 109
186 285
181 280
71 170
50 149
75 174
80 179
11 110
186 285
70 169
196 295
141 240
177 276
179 278
69 168
108 207
45;156504
7 106
142 241
5 104
87 186
53 152
190 289
19 118
34 133
174 273
174 273
48 147
68 167
66 165
13 112
110 209
48 147
121 220
193 292
93 192
60 159
107 206
53 152
162 261
172 271
43 142
173 272
164 263
180 279
101 200
184 283
90 189
122 221
119 218
107 206
45 144
30 129
183 282
29 128
9 108
171 270
97 196
112 211
124 223
168 267
25 124
103 202
76 175
59 158
163 262
125 224
185 284
114 213
33 132
89 188
50 149
63 162
1 100
65 164
135 234
28 127
123 222
160 259
24 123
129 228
105 204
127 226
107 206
189 288
133 232
128 227
142 241
71 170
175 274
24 123
195 294
76 175
132 231
143 242
79 178
118 217
20 119
14 113
72 171
17 116
20 119
124 223
51 150
48 147
168 267
168 267
162 261
73 172
190 289
22 121
87 186
51 150
179 278
2 101
194 293
32 131
108 207
156 255
176 275
173 272
22 121
163 262
179 278
194 293
61 160
60 159
106 205
69 168
0 99
85 184
41 140
185 284
151 250
88 187
187 286
103 202
164 263
85 184
53 152
52 151
57 156
94 193
173 272
32 131
166 265
18 117
171 270
112 211
81 180
87 186
187 286
117 216
131 230
56 155
149 248
136 235
144 243
98 197
165 264
40 139
166 265
24 123
15 114
136 235
176 275
83 182
126 225
53 152
132 231
23 122
117 216
8 107
150 249
15 114
77 176
59 158
35 134
55 154
95 194
125 224
47 146
83 182
119 218
165 264
54 153
118 217
142 241
82 181
75 174
106 205
8 107
53 152
151 250
135 234
72 171
72 171
81 180
46 145
30 129
15 114
47 146
74 173
40 139
171 270
117 216
100 199
193 292
163 262
50 149
180 279
81 180
146 245
112 211
53 152
135 234
159 258
15 114
131 230
0 99
125 224
133 232
80 179
22 121
114 213
27 126
30 129
82 181
97 196
138 237
103 202
74 173
31 130
127 226
100 199
131 230
29 128
93 192
3 102
136 235
123 222
170 269
39 138
50 149
121 220
159 258
11 110
189 288
152 251
185 284
81 180
132 231
155 254
142 241
176 275
165 264
110 209
156 255
157 256
167 266
37 136
187 286
148 247
115 214
120 219
65 164
47 146
90 189
180 279
136 235
183 282
65 164
58 157
145 244
11 110
17 116
163 262
55 154
179 278
24 123
70 169
151 250
11 110
17 116
77 176
171 270
125 224
55 154
92 191
84 183
60 159
90 189
4 103
121 220
26 125
185 284
137 236
169 268
139 238
45 144
71 170
94 193
170 269
174 273
78 177
177 276
186 285
152 251
11 110
165 264
21 120
75 174
141 240
47 146
41 140
170 269
144 243
24 123
30 129
44 143
53 152
191 290
56 155
74 173
21 120
66 165
20 119
129 228
47 146
129 228
111 210
152 251
78 177
138 237
148 247
52 151
160 259
72 171
152 251
124 223
26 125
148 247
59 158
188 287
66 165
114 213
161 260
102 201
152 251
108 207
101 200
32 131
18 117
116 215
120 219
13 112
139 238
105 204
26 125
116 215
164 263
146 245
45 144
113 212
81 180
29 128
111 210
50 149
87 186
25 124
86 185
36 135
22 121
63 162
164 263
12 111
37 136
120 219
92 191
166 265
130 229
122 221
188 287
64 163
103 202
96 195
123 222
9 108
177 276
159 258
57 156
150 249
33 132
155 254
142 241
155 254
37 136
90 189
44 143
67 166
77 176
139 238
21 120
118 217
80 179
117 216
151 250
179 278
175 274
9 108
146 245
154 253
28 127
158 257
162 261
64 163
10 109
64 163
143 242
80 179
63 162
63 162
78 177
75 174
2 101
5 104
69 168
3 102
128 227
64 163
115 214
76 175
114 213
120 219
21 120
97 196
70 169
84 183
72 171
131 230
58 157
46 145
159 258
14 113
121 220
33 132
7 106
73 172
150 249
67 166
150 249
142 241
166 265
196 295
60 159
9 108
67 166
196 295
63 162
65 164
103 202
0 99
83 182
112 211
98 197
158 257
23 122
115 214
106 205
127 226
153 252
116 215
104 203
82 181
131 230
16 115
31 130
123 222
167 266
115 214
114 213
124 223
59 158
133 232
4 103
121 220
95 194
116 215
10 109
42 141
140 239
151 250
167 266
108 207
94 193
64 163
109 208
196 295
158 257
40 139
143 242
192 291
114 213
163 262
167 266
45 144
49 148
80 179
45 144
8 107
5 104
130 229
147 246
175 274
186 285
183 282
76 175
102 201
139 238
16 115
96 195
77 176
77 176
20 119
115 214
85 184
27 126
94 193
8 107
14 113
159 258
170 269
69 168
91 190
47 146
116 215
19 118
39 138
25 124
99 198
63 162
62 161
140 239
188 287
102 201
157 256
65 164
89 188
124 223
83 182
64 163
191 290
8 107
96 195
32 131
14 113
188 287
54 153
37 136
58 157
45 144
90 189
14 113
142 241
110 209
5 104
35 134
123 222
98 197
154 253
186 285
48 147
75 174
72 171
67 166
169 268
13 112
121 220
97 196
167 266
100 199
136 235
192 291
169 268
175 274
10 109
100 199
31 130
73 172
64 163
11 110
114 213
174 273
77 176
121 220
180 279
50 149
175 274
101 200
152 251
177 276
114 213
112 211
161 260
194 293
162 261
99 198
42 141
29 128
62 161
66 165
108 207
194 293
102 201
88 187
30 129
20 119
125 224
149 248
193 292
55 154
42 141
48 147
151 250
23 122
38 137
90 189
70 169
89 188
10 109
94 193
82 181
189 288
18 117
88 187
85 184
42 141
190 289
10 109
67 166
86 185
44 143
159 258
149 248
152 251
71 170
13 112
89 188
72 171
187 286
26 125
60 159
56 155
187 286
191 290
98 197
181 280
183 282
26 125
52 151
95 194
80 179
100 199
108 207
79 178
83 182
65 164
5 104
110 209
89 188
26 125
38 137
52 151
143 242
81 180
144 243
22 121
38 137
20 119
116 215
29 128
141 240
30 129
106 205
116 215
195 294
151 250
51 150
20 119
130 229
81 180
39 138
83 182
160 259
120 219
26 125
140 239
47 146
193 292
161 260
38 137
130 229
68 167
135 234
48 147
169 268
90 189
15 114
150 249
44 143
190 289
151 250
83 182
196 295
152 251
147 246
87 186
46 145
73 172
21 120
165 264
115 214
38 137
60 159
109 208
169 268
140 239
51 150
72 171
68 167
60 159
67 166
7 106
52 151
6 105
81 180
176 275
179 278
16 115
91 190
69 168
178 277
150 249
74 173
146 245
25 124
145 244
46 145
158 257
70 169
192 291
126 225
1 100
77 176
73 172
99 198
77 176
190 289
76 175
4 103
128 227
100 199
171 270
157 256
135 234
112 211
78 177
17 116
180 279
159 258
4 103
145 244
133 232
106 205
75 174
95 194
187 286
20 119
94 193
190 289
110 209
68 167
146 245
60 159
15 114
164 263
161 260
60 159
169 268
109 208
180 279
31 130
118 217
7 106
139 238
190 289
54 153
180 279
87 186
106 205
114 213
196 295
143 242
65 164
148 247
116 215
127 226
48 147
129 228
17 116
161 260
18 117
31 130
126 225
69 168
196 295
164 263
161 260
60 159
140 239
108 207
18 117
150 249
164 263
36 135
192 291
131 230
171 270
97 196
67 166
157 256
25 124
32 131
152 251
98 197
171 270
90 189
189 288
154 253
115 214
197 296
144 243
69 168
71 170
177 276
106 205
150 249
8 107
41 140
74 173
64 163
182 281
63 162
10 109
192 291
109 208
65 164
141 240
12 111
1 100
29 128
132 231
13 112
9 108
57 156
48 147
7 106
151 250
163 262
170 269
56 155
139 238
100 199
118 217
41 140
193 292
146 245
127 226
186 285
192 291
131 230
68 167
15 114
86 185
183 282
107 206
185 284
109 208
93 192
127 226
20 119
92 191
163 262
81 180
52 151
100 199
135 234
168 267
114 213
66 165
138 237
136 235
13 112
155 254
144 243
129 228
57 156
86 185
0 99
137 236
20 119
58 157
149 248
23 122
26 125
67 166
192 291
176 275
49 148
68 167
90 189
12 111
125 224
68 167
105 204
2 101
138 237
143 242
59 158
164 263
88 187
28 127
47 146
116 215
4 103
179 278
97 196
161 260
101 200
176 275
123 222
46 145
33 132
47 146
60 159
77 176
140 239
72 171
25 124
66 165
122 221
63 162
69 168
35 134
110 209
73 172
77 176
1 100
160 259
116 215
178 277
63 162
111 210
138 237
88 187
24 123
97 196
131 230
22 121
30 129
109 208
106 205
69 168
119 218
125 224
14 113
189 288
188 287
53 152
68 167
167 266
43 142
180 279
56 155
118 217
47 146
187 286
17 116
140 239
91 190
114 213
13 112
146 245
136 235
64 163
131 230
138 237
127 226
153 252
118 217
87 186
80 179
38 137
26 125
71 170
70 169
159 258
70 169
124 223
19 118
154 253
131 230
47 146
116 215
103 202
182 281
124 223
33 132
114 213
188 287
69 168
38 137
178 277
17 116
7 106
36 135
180 279
46 145
179 278
109 208
144 243
169 268
74 173
70 169
137 236
5 104
74 173
15 114
156 255
109 208
45 144
164 263
1 100
151 250
27 126
164 263
94 193
36 135
146 245
167 266
39 138
29 128
32 131
176 275
26 125
50 149
139 238
187 286
107 206
112 211
52 151
86 185
186 285
122 221
77 176
165 264
99 198
85 184
14 113
77 176
26 125
54 153
181 280
83 182
150 249
178 277
41 140
101 200
32 131
173 272
40 139
18 117
62 161
193 292
1 100
69 168
188 287
166 265
181 280
189 288
158 257
178 277
42 141
122 221
171 270
89 188
26 125
125 224
74 173
103 202
159 258
11 110
154 253
157 256
154 253
8 107
181 280
5 104
111 210
6 105
87 186
30 129
109 208
63 162
30 129
181 280
41 140
154 253
36 135
43 142
111 210
11 110
134 233
16 115
80 179
98 197
110 209
89 188
150 249
115 214
48 147
119 218
55 154
37 136
197 296
0 99
100 199
21 120
55 154
93 192
25 124
134 233
3 102
197 296
20 119
179 278
106 205
172 271
175 274
186 285
37 136
133 232
175 274
108 207
65 164
195 294
50 149
125 224
13 112
18 117
120 219
12 111
146 245
183 282
153 252
91 190
102 201
97 196
89 188
106 205
178 277
113 212
89 188
178 277
1 100
101 200
55 154
22 121
65 164
124 223
74 173
56 155
95 194
52 151
52 151
148 247
21 120
68 167
193 292
24 123
162 261
122 221
5 104
197 296
134 233
34 133
183 282
51 150
64 163
161 260
89 188
111 210
2 101
146 245
177 276
180 279
7 106
184 283
87 186
42 141
133 232
171 270
179 278
161 260
77 176
121 220
48 147
142 241
146 245
42 141
38 137
139 238
94 193
191 290
65 164
74 173
116 215
164 263
84 183
40 139
169 268
73 172
188 287
178 277
190 289
112 211
16 115
98 197
175 274
77 176
138 237
103 202
146 245
116 215
0 99
107 206
160 259
22 121
161 260
92 191
142 241
149 248
23 122
104 203
83 182
24 123
24 123
122 221
31 130
77 176
140 239
66 165
187 286
185 284
32 131
70 169
184 283
172 271
192 291
51 150
167 266
19 118
133 232
106 205
46 145
117 216
142 241
152 251
52 151
195 294
117 216
136 235
195 294
106 205
156 255
177 276
41 140
129 228
99 198
38 137
73 172
103 202
65 164
165 264
164 263
147 246
157 256
36 135
139 238
183 282
137 236
148 247
103 202
99 198
155 254
83 182
11 110
113 212
97 196
195 294
76 175
91 190
109 208
64 163
120 219
136 235
108 207
83 182
152 251
72 171
115 214
69 168
119 218
170 269
162 261
38 137
27 126
102 201
156 255
94 193
40 139
135 234
45 144
101 200
12 111
121 220
86 185
93 192
146 245
105 204
35 134
163 262
181 280
191 290
33 132
80 179
110 209
185 284
0 99
110 209
162 261
151 250
67 166
0 99
22 121
122 221
18 117
107 206
181 280
166 265
2 101
31 130
131 230
167 266
18 117
111 210
59 158
166 265
159 258
61 160
153 252
150 249
147 246
86 185
6 105
93 192
83 182
55 154
28 127
136 235
44 143
86 185
135 234
54 153
7 106
7 106
196 295
124 223
151 250
194 293
153 252
40 139
66 165
111 210
12 111
150 249
111 210
98 197
88 187
67 166
88 187
56 155
142 241
15 114
1 100
90 189
194 293
159 258
170 269
76 175
151 250
77 176
152 251
112 211
111 210
181 280
104 203
151 250
94 193
157 256
142 241
138 237
76 175
91 190
189 288
115 214
21 120
43 142
64 163
110 209
54 153
6 105
112 211
111 210
183 282
32 131
27 126
151 250
13 112
117 216
62 161
23 122
89 188
113 212
24 123
52 151
44 143
81 180
3 102
67 166
20 119
88 187
36 135
75 174
42 141
112 211
168 267
117 216
159 258
124 223
17 116
113 212
144 243
4 103
123 222
104 203
164 263
146 245
30 129
82 181
92 191
88 187
116 215
19 118
168 267
52 151
25 124
158 257
154 253
11 110
60 159
110 209
154 253
108 207
80 179
56 155
132 231
35 134
72 171
191 290
173 272
3 102
170 269
86 185
33 132
68 167
174 273
12 111
138 237
115 214
28 127
21 120
82 181
193 292
125 224
9 108
117 216
72 171
186 285
169 268
169 268
104 203
108 207
64 163
11 110
70 169
85 184
44 143
34 133
175 274
65 164
123 222
127 226
94 193
80 179
82 181
93 192
167 266
54 153
142 241
80 179
90 189
43 142
150 249
121 220
86 185
8 107
98 197
93 192
118 217
133 232
143 242
194 293
177 276
153 252
178 277
62 161
84 183
11 110
128 227
65 164
108 207
23 122
84 183
195 294
184 283
118 217
142 241
171 270
105 204
101 200
110 209
22 121
41 140
63 162
12 111
134 233
32 131
180 279
71 170
54 153
48 147
180 279
18 117
50 149
73 172
153 252
104 203
123 222
113 212
180 279
42 141
159 258
167 266
161 260
188 287
124 223
6 105
178 277
138 237
109 208
73 172
24 123
57 156
82 181
86 185
76 175
89 188
77 176
161 260
58 157
190 289
38 137
119 218
49 148
108 207
142 241
19 118
163 262
113 212
40 139
129 228
192 291
30 129
37 136
168 267
60 159
144 243
34 133
154 253
48 147
87 186
182 281
140 239
1 100
95 194
48 147
0 99
92 191
85 184
122 221
109 208
138 237
26 125
87 186
189 288
51 150
19 118
179 278
188 287
53 152
106 205
51 150
160 259
128 227
161 260
130 229
164 263
154 253
134 233
25 124
83 182
90 189
32 131
13 112
78 177
91 190
128 227
99 198
59 158
120 219
4 103
51 150
88 187
29 128
44 143
174 273
74 173
162 261
115 214
7 106
49 148
145 244
117 216
145 244
48 147
103 202
137 236
69 168
122 221
140 239
76 175
131 230
150 249
103 202
4 103
76 175
131 230
84 183
50 149
88 187
184 283
52 151
176 275
51 150
140 239
161 260
47 146
178 277
10 109
94 193
141 240
159 258
99 198
184 283
55 154
1 100
58 157
147 246
195 294
133 232
126 225
31 130
68 167
50 149
107 206
8 107
120 219
74 173
30 129
189 288
62 161
127 226
83 182
160 259
97 196
188 287
188 287
4 103
151 250
95 194
19 118
115 214
181 280
141 240
111 210
92 191
44 143
92 191
132 231
50 149
154 253
58 157
87 186
31 130
108 207
170 269
187 286
183 282
95 194
70 169
165 264
58 157
101 200
103 202
46 145
143 242
122 221
186 285
6 105
5 104
190 289
4 103
12 111
119 218
44 143
158 257
57 156
101 200
77 176
148 247
182 281
72 171
95 194
10 109
179 278
180 279
4 103
44 143
167 266
89 188
33 132
91 190
50 149
134 233
181 280
144 243
158 257
10 109
94 193
160 259
58 157
5 104
65 164
195 294
54 153
164 263
117 216
20 119
77 176
57 156
150 249
180 279
26 125
18 117
145 244
50 149
60 159
82 181
189 288
37 136
92 191
137 236
149 248
112 211
114 213
6 105
111 210
37 136
78 177
136 235
127 226
28 127
182 281
190 289
144 243
61 160
130 229
102 201
12 111
13 112
98 197
42 141
12 111
149 248
44 143
155 254
107 206
195 294
44 143
35 134
86 185
136 235
25 124
77 176
99 198
20 119
69 168
178 277
26 125
98 197
105 204
114 213
116 215
60 159
0 99
73 172
64 163
112 211
106 205
160 259
57 156
166 265
115 214
44 143
53 152
99 198
105 204
26 125
133 232
6 105
6 105
129 228
64 163
190 289
171 270
132 231
89 188
188 287
107 206
132 231
136 235
148 247
178 277
96 195
112 211
130 229
105 204
62 161
180 279
32 131
113 212
67 166
108 207
36 135
97 196
84 183
49 148
36 135
164 263
59 158
89 188
75 174
157 256
165 264
168 267
34 133
74 173
145 244
113 212
118 217
100 199
122 221
49 148
108 207
129 228
61 160
148 247
34 133
45 144
33 132
139 238
86 185
23 122
28 127
178 277
119 218
97 196
59 158
132 231
40 139
147 246
144 243
127 226
103 202
54 153
46 145
175 274
117 216
122 221
130 229
144 243
29 128
174 273
30 129
56 155
166 265
101 200
39 138
34 133
178 277
81 180
14 113
54 153
172 271
114 213
179 278
20 119
16 115
122 221
65 164
100 199
61 160
147 246
81 180
35 134
36 135
182 281
81 180
157 256
64 163
118 217
122 221
10 109
130 229
6 105
113 212
105 204
53 152
100 199
125 224
44 143
80 179
135 234
109 208
175 274
87 186
35 134
68 167
183 282
130 229
76 175
18 117
47 146
51 150
108 207
46 145
8 107
125 224
78 177
149 248
162 261
178 277
74 173
69 168
195 294
18 117
174 273
8 107
161 260
107 206
183 282
111 210
43 142
121 220
116 215
111 210
28 127
167 266
69 168
124 223
25 124
136 235
62 161
7 106
177 276
100 199
136 235
5 104
174 273
96 195
1 100
32 131
66 165
97 196
29 128
182 281
1 100
58 157
56 155
13 112
166 265
120 219
70 169
55 154
41 140
167 266
122 221
163 262
183 282
172 271
187 286
173 272
180 279
156 255
115 214
69 168
125 224
187 286
157 256
136 235
195 294
109 208
165 264
191 290
27 126
124 223
197 296
32 131
103 202
26 125
58 157
103 202
48 147
9 108
122 221
4 103
33 132
178 277
174 273
109 208
123 222
29 128
141 240
19 118
175 274
87 186
12 111
184 283
144 243
113 212
33 132
91 190
20 119
171 270
181 280
11 110
137 236
180 279
168 267
9 108
179 278
8 107
44 143
34 133
92 191
56 155
180 279
83 182
37 136
107 206
43 142
93 192
20 119
21 120
7 106
179 278
99 198
161 260
66 165
57 156
76 175
86 185
141 240
72 171
111 210
77 176
1 100
88 187
97 196
52 151
157 256
40 139
190 289
27 126
4 103
102 201
166 265
177 276
50 149
72 171
153 252
60 159
142 241
99 198
169 268
83 182
66 165
27 126
172 271
87 186
20 119
30 129
41 140
45 144
15 114
55 154
142 241
41 140
112 211
39 138
170 269
12 111
146 245
100 199
58 157
99 198
167 266
57 156
42 141
21 120
59 158
8 107
140 239
105 204
44 143
95 194
41 140
166 265
186 285
0 99
151 250
152 251
21 120
64 163
138 237
155 254
69 168
167 266
117 216
87 186
159 258
98 197
143 242
130 229
134 233
196 295
160 259
104 203
130 229
96 195
88 187
142 241
54 153
100 199
1 100
175 274
161 260
123 222
92 191
166 265
177 276
79 178
94 193
134 233
167 266
196 295
170 269
151 250
170 269
11 110
125 224
69 168
27 126
65 164
194 293
111 210
90 189
37 136
181 280
33 132
91 190
137 236
192 291
67 166
26 125
41 140
14 113
104 203
4 103
86 185
11 110
165 264
22 121
38 137
44 143
73 172
184 283
52 151
156 255
132 231
24 123
13 112
158 257
61 160
189 288
19 118
84 183
62 161
120 219
50 149
111 210
185 284
177 276
185 284
61 160
32 131
162 261
83 182
42 141
182 281
8 107
25 124
126 225
187 286
132 231
53 152
89 188
87 186
10 109
82 181
186 285
72 171
119 218
1 100
20 119
191 290
192 291
191 290
68 167
124 223
118 217
104 203
30 129
60 159
182 281
148 247
66 165
94 193
137 236
146 245
131 230
110 209
0 99
51 150
10 109
141 240
62 161
118 217
135 234
108 207
15 114
169 268
83 182
51 150
195 294
41 140
18 117
47 146
70 169
53 152
4 103
56 155
36 135
37 136
82 181
195 294
5 104
13 112
80 179
126 225
120 219
92 191
43 142
21 120
35 134
52 151
165 264
124 223
54 153
89 188
133 232
149 248
84 183
119 218
67 166
84 183
69 168
148 247
163 262
58 157
171 270
2 101
153 252
47 146
158 257
78 177
163 262
99 198
10 109
86 185
130 229
184 283
141 240
30 129
174 273
181 280
152 251
157 256
23 122
68 167
167 266
93 192
15 114
115 214
187 286
41 140
193 292
150 249
129 228
196 295
184 283
148 247
14 113
169 268
53 152
174 273
75 174
104 203
69 168
59 158
68 167
29 128
118 217
124 223
95 194
89 188
32 131
105 204
193 292
8 107
118 217
81 180
0 99
0 99
30 129
190 289
102 201
14 113
109 208
104 203
52 151
39 138
70 169
104 203
81 180
166 265
43 142
71 170
25 124
158 257
92 191
131 230
106 205
118 217
102 201
57 156
83 182
119 218
72 171
176 275
4 103
67 166
153 252
110 209
45 144
67 166
6 105
42 141
58 157
178 277
29 128
17 116
139 238
195 294
52 151
144 243
143 242
143 242
44 143
185 284
4 103
103 202
68 167
126 225
149 248
134 233
167 266
47 146
86 185
54 153
40 139
108 207
194 293
24 123
101 200
3 102
46 145
17 116
87 186
116 215
46 145
68 167
156 255
80 179
98 197
41 140
173 272
32 131
127 226
177 276
47 146
193 292
96 195
24 123
179 278
118 217
92 191
183 282
191 290
62 161
196 295
97 196
0 99
154 253
48 147
94 193
92 191
182 281
147 246
2 101
51 150
8 107
122 221
49 148
134 233
196 295
63 162
72 171
8 107
88 187
185 284
88 187
48 147
99 198
196 295
175 274
79 178
22 121
184 283
137 236
118 217
180 279
2 101
130 229
190 289
3 102
166 265
186 285
21 120
96 195
173 272
27 126
47 146
42 141
87 186
194 293
125 224
120 219
65 164
159 258
5 104
70 169
159 258
194 293
179 278
126 225
178 277
154 253
48 147
143 242
160 259
104 203
124 223
25 124
112 211
48 147
32 131
127 226
130 229
74 173
65 164
94 193
65 164
162 261
163 262
12 111
123 222
5 104
125 224
165 264
127 226
183 282
74 173
8 107
192 291
82 181
89 188
182 281
25 124
111 210
116 215
76 175
31 130
107 206
57 156
156 255
119 218
97 196
133 232
133 232
115 214
70 169
57 156
74 173
132 231
49 148
120 219
68 167
7 106
123 222
141 240
104 203
84 183
196 295
2 101
86 185
53 152
137 236
54 153
59 158
39 138
173 272
21 120
115 214
2 101
50 149
75 174
194 293
193 292
100 199
103 202
44 143
97 196
78 177
125 224
34 133
93 192
46 145
50 149
28 127
41 140
16 115
173 272
124 223
70 169
142 241
95 194
185 284
192 291
190 289
142 241
186 285
166 265
12 111
48 147
149 248
71 170
36 135
163 262
71 170
95 194
155 254
186 285
50 149
119 218
71 170
107 206
114 213
105 204
64 163
82 181
11 110
196 295
143 242
177 276
112 211
14 113
77 176
123 222
174 273
100 199
21 120
33 132
31 130
178 277
102 201
63 162
51 150
197 296
7 106
92 191
44 143
191 290
143 242
163 262
141 240
59 158
136 235
165 264
49 148
57 156
106 205
27 126
189 288
130 229
110 209
37 136
48 147
2 101
34 133
2 101
119 218
171 270
49 148
74 173
145 244
71 170
127 226
136 235
96 195
88 187
163 262
124 223
38 137
142 241
11 110
76 175
26 125
6 105
184 283
26 125
74 173
166 265
142 241
19 118
74 173
152 251
172 271
194 293
121 220
58 157
139 238
76 175
90 189
168 267
124 223
136 235
18 117
150 249
126 225
49 148
85 184
182 281
13 112
127 226
106 205
46 145
62 161
174 273
97 196
36 135
164 263
29 128
102 201
15 114
143 242
168 267
148 247
149 248
142 241
174 273
90 189
25 124
59 158
32 131
4 103
59 158
167 266
189 288
109 208
133 232
59 158
168 267
9 108
153 252
13 112
162 261
128 227
118 217
95 194
51 150
141 240
2 101
111 210
108 207
93 192
195 294
129 228
59 158
8 107
103 202
90 189
119 218
107 206
38 137
90 189
152 251
18 117
64 163
89 188
48 147
101 200
88 187
174 273
161 260
114 213
172 271
75 174
141 240
165 264
124 223
112 211
112 211
82 181
33 132
131 230
172 271
111 210
160 259
109 208
159 258
154 253
62 161
121 220
89 188
44 143
152 251
77 176
55 154
188 287
40 139
66 165
163 262
127 226
120 219
96 195
35 134
80 179
53 152
109 208
69 168
90 189
99 198
173 272
14 113
98 197
51 150
119 218
132 231
96 195
70 169
100 199
36 135
32 131
83 182
113 212
187 286
118 217
94 193
131 230
53 152
137 236
134 233
166 265
153 252
176 275
139 238
69 168
104 203
93 192
152 251
135 234
65 164
181 280
163 262
122 221
140 239
164 263
26 125
66 165
27 126
113 212
66 165
14 113
16 115
171 270
6 105
142 241
25 124
125 224
106 205
118 217
25 124
83 182
65 164
170 269
107 206
84 183
23 122
54 153
127 226
148 247
155 254
114 213
103 202
21 120
119 218
61 160
139 238
186 285
8 107
108 207
175 274
103 202
164 263
19 118
163 262
47 146
193 292
130 229
112 211
197 296
3 102
159 258
141 240
53 152
154 253
72 171
125 224
65 164
31 130
67 166
61 160
73 172
14 113
98 197
155 254
134 233
187 286
117 216
126 225
95 194
187 286
186 285
147 246
191 290
171 270
21 120
81 180
29 128
132 231
98 197
19 118
32 131
68 167
142 241
34 133
26 125
127 226
16 115
149 248
113 212
66 165
97 196
115 214
109 208
155 254
189 288
158 257
103 202
140 239
84 183
174 273
30 129
93 192
178 277
189 288
23 122
5 104
1 100
111 210
184 283
115 214
40 139
91 190
139 238
7 106
143 242
26 125
78 177
39 138
43 142
141 240
170 269
130 229
96 195
147 246
49 148
13 112
81 180
14 113
178 277
48 147
88 187
123 222
48 147
13 112
150 249
1 100
19 118
75 174
83 182
186 285
15 114
177 276
92 191
11 110
132 231
49 148
188 287
146 245
20 119
66 165
171 270
77 176
81 180
165 264
146 245
52 151
164 263
18 117
170 269
132 231
28 127
10 109
160 259
48 147
30 129
23 122
133 232
86 185
43 142
53 152
143 242
153 252
177 276
65 164
38 137
144 243
179 278
79 178
17 116
172 271
173 272
158 257
90 189
152 251
90 189
80 179
111 210
118 217
81 180
20 119
108 207
52 151
104 203
160 259
30 129
108 207
102 201
11 110
82 181
52 151
90 189
18 117
168 267
73 172
84 183
137 236
57 156
165 264
98 197
8 107
75 174
39 138
20 119
123 222
178 277
123 222
24 123
98 197
181 280
183 282
110 209
142 241
53 152
196 295
92 191
132 231
148 247
124 223
41 140
119 218
183 282
175 274
174 273
102 201
85 184
88 187
25 124
126 225
93 192
62 161
185 284
111 210
171 270
25 124
145 244
125 224
38 137
119 218
130 229
111 210
168 267
18 117
55 154
72 171
40 139
6 105
119 218
161 260
110 209
158 257
2 101
0 99
23 122
9 108
148 247
38 137
167 266
165 264
125 224
111 210
121 220
58 157
40 139
174 273
168 267
148 247
15 114
106 205
15 114
113 212
156 255
54 153
142 241
57 156
62 161
183 282
184 283
3 102
56 155
177 276
61 160
110 209
51 150
99 198
34 133
16 115
47 146
174 273
39 138
33 132
92 191
163 262
115 214
80 179
104 203
2 101
100 199
135 234
126 225
148 247
52 151
117 216
173 272
196 295
88 187
75 174
144 243
84 183
71 170
19 118
176 275
70 169
134 233
1 100
49 148
109 208
98 197
17 116
104 203
197 296
11 110
154 253
44 143
19 118
14 113
65 164
166 265
10 109
166 265
182 281
48 147
11 110
92 191
132 231
27 126
182 281
162 261
194 293
27 126
82 181
46 145
156 255
176 275
188 287
105 204
102 201
38 137
11 110
111 210
118 217
95 194
129 228
119 218
177 276
74 173
139 238
83 182
23 122
65 164
158 257
100 199
57 156
11 110
149 248
185 284
3 102
78 177
118 217
193 292
54 153
181 280
90 189
179 278
20 119
195 294
80 179
196 295
110 209
151 250
11 110
54 153
193 292
16 115
30 129
25 124
197 296
101 200
12 111
172 271
166 265
134 233
71 170
52 151
24 123
173 272
22 121
12 111
27 126
8 107
81 180
49 148
16 115
96 195
71 170
105 204
1 100
150 249
34 133
29 128
72 171
8 107
48 147
163 262
106 205
7 106
75 174
90 189
28 127
77 176
18 117
167 266
112 211
161 260
56 155
107 206
45 144
69 168
47 146
181 280
166 265
48 147
145 244
71 170
88 187
186 285
131 230
134 233
50 149
172 271
133 232
132 231
2 101
168 267
39 138
27 126
125 224
77 176
59 158
69 168
126 225
180 279
70 169
24 123
89 188
82 181
7 106
88 187
109 208
148 247
22 121
21 120
152 251
33 132
57 156
189 288
98 197
117 216
68 167
74 173
175 274
49 148
26 125
67 166
151 250
153 252
28 127
31 130
107 206
45 144
20 119
152 251
147 246
69 168
43 142
62 161
66 165
171 270
132 231
95 194
36 135
12 111
129 228
120 219
19 118
52 151
100 199
179 278
79 178
114 213
165 264
78 177
38 137
173 272
154 253
169 268
119 218
38 137
75 174
177 276
164 263
61 160
170 269
25 124
124 223
97 196
143 242
12 111
3 102
133 232
21 120
69 168
47 146
29 128
170 269
38 137
134 233
50 149
158 257
122 221
37 136
63 162
171 270
4 103
176 275
135 234
107 206
15 114
81 180
106 205
46 145
27 126
160 259
159 258
93 192
188 287
174 273
87 186
138 237
49 148
193 292
110 209
70 169
5 104
57 156
65 164
129 228
108 207
26 125
183 282
122 221
119 218
189 288
81 180
86 185
134 233
44 143
59 158
122 221
180 279
14 113
117 216
32 131
25 124
63 162
18 117
64 163
136 235
121 220
15 114
126 225
160 259
54 153
109 208
101 200
180 279
49 148
41 140
22 121
46 145
123 222
143 242
41 140
13 112
114 213
0 99
131 230
60 159
169 268
134 233
181 280
171 270
56 155
44 143
139 238
193 292
39 138
129 228
172 271
3 102
101 200
22 121
123 222
45 144
132 231
0 99
141 240
154 253
124 223
169 268
131 230
18 117
159 258
75 174
36 135
27 126
110 209
86 185
175 274
103 202
30 129
55 154
149 248
152 251
40 139
173 272
73 172
54 153
103 202
182 281
163 262
73 172
87 186
54 153
2 101
101 200
72 171
1 100
103 202
165 264
128 227
51 150
79 178
15 114
97 196
133 232
189 288
62 161
66 165
129 228
85 184
151 250
48 147
109 208
7 106
162 261
192 291
187 286
191 290
84 183
178 277
45 144
71 170
131 230
21 120
27 126
152 251
131 230
66 165
156 255
77 176
124 223
89 188
192 291
13 112
50 149
10 109
135 234
84 183
104 203
154 253
185 284
103 202
129 228
185 284
64 163
164 263
102 201
190 289
25 124
61 160
26 125
123 222
103 202
135 234
84 183
33 132
13 112
63 162
152 251
109 208
76 175
196 295
29 128
93 192
193 292
68 167
12 111
2 101
70 169
102 201
147 246
94 193
53 152
26 125
162 261
42 141
77 176
8 107
120 219
28 127
73 172
147 246
166 265
169 268
71 170
90 189
45 144
122 221
37 136
185 284
85 184
171 270
2 101
189 288
140 239
171 270
162 261
176 275
138 237
48 147
173 272
55 154
102 201
97 196
38 137
81 180
107 206
119 218
37 136
151 250
80 179
146 245
113 212
96 195
111 210
103 202
112 211
77 176
147 246
99 198
71 170
65 164
107 206
102 201
88 187
17 116
32 131
41 140
154 253
100 199
141 240
30 129
65 164
40 139
12 111
171 270
108 207
130 229
158 257
127 226
0 99
167 266
122 221
12 111
169 268
49 148
141 240
23 122
197 296
72 171
195 294
17 116
121 220
80 179
134 233
99 198
185 284
132 231
187 286
70 169
102 201
10 109
115 214
172 271
12 111
91 190
7 106
35 134
186 285
79 178
67 166
16 115
194 293
22 121
83 182
74 173
103 202
98 197
16 115
52 151
9 108
6 105
8 107
94 193
77 176
81 180
158 257
54 153
51 150
156 255
60 159
174 273
134 233
124 223
97 196
40 139
142 241
23 122
2 101
172 271
102 201
64 163
15 114
191 290
122 221
176 275
2 101
34 133
56 155
69 168
120 219
123 222
86 185
190 289
75 174
140 239
138 237
134 233
124 223
29 128
193 292
13 112
68 167
121 220
144 243
120 219
193 292
35 134
159 258
136 235
85 184
20 119
1 100
141 240
87 186
12 111
177 276
0 99
151 250
17 116
119 218
78 177
144 243
197 296
179 278
83 182
106 205
95 194
64 163
10 109
32 131
65 164
4 103
182 281
16 115
86 185
137 236
47 146
35 134
80 179
0 99
175 274
68 167
163 262
173 272
153 252
35 134
101 200
41 140
126 225
62 161
13 112
103 202
80 179
46 145
24 123
61 160
156 255
20 119
100 199
16 115
101 200
120 219
168 267
28 127
62 161
71 170
70 169
13 112
90 189
22 121
106 205
46 145
75 174
171 270
123 222
163 262
59 158
114 213
42 141
3 102
173 272
72 171
45 144
128 227
30 129
29 128
67 166
161 260
5 104
176 275
57 156
29 128
185 284
134 233
185 284
162 261
171 270
169 268
72 171
129 228
28 127
193 292
192 291
66 165
55 154
37 136
84 183
25 124
84 183
81 180
125 224
156 255
78 177
99 198
118 217
89 188
8 107
1 100
137 236
153 252
172 271
174 273
154 253
161 260
12 111
8 107
16 115
60 159
53 152
97 196
122 221
50 149
7 106
100 199
132 231
122 221
177 276
153 252
99 198
89 188
95 194
89 188
25 124
101 200
94 193
76 175
124 223
197 296
151 250
8 107
89 188
177 276
149 248
181 280
2 101
194 293
121 220
196 295
130 229
65 164
18 117
180 279
62 161
184 283
0 99
37 136
132 231
178 277
30 129
81 180
95 194
10 109
119 218
145 244
49 148
102 201
194 293
21 120
139 238
30 129
61 160
60 159
55 154
16 115
67 166
166 265
62 161
121 220
25 124
176 275
194 293
192 291
114 213
113 212
158 257
65 164
36 135
180 279
6 105
77 176
107 206
65 164
59 158
58 157
15 114
20 119
16 115
9 108
52 151
175 274
140 239
121 220
123 222
61 160
74 173
147 246
54 153
88 187
34 133
8 107
161 260
81 180
16 115
125 224
81 180
91 190
105 204
118 217
17 116
133 232
23 122
117 216
26 125
66 165
109 208
172 271
56 155
124 223
162 261
131 230
74 173
139 238
20 119
97 196
127 226
95 194
83 182
168 267
39 138
32 131
150 249
192 291
187 286
139 238
2 101
1 100
30 129
88 187
122 221
84 183
94 193
76 175
122 221
175 274
44 143
135 234
117 216
101 200
11 110
104 203
137 236
115 214
130 229
46 145
151 250
174 273
92 191
4 103
60 159
39 138
158 257
48 147
187 286
101 200
139 238
126 225
41 140
108 207
52 151
105 204
171 270
44 143
150 249
65 164
60 159
106 205
60 159
152 251
102 201
54 153
7 106
95 194
184 283
15 114
98 197
36 135
64 163
193 292
83 182
34 133
89 188
153 252
10 109
38 137
186 285
179 278
97 196
129 228
68 167
75 174
145 244
61 160
100 199
105 204
25 124
76 175
135 234
140 239
163 262
68 167
179 278
23 122
145 244
134 233
32 131
124 223
19 118
173 272
28 127
7 106
7 106
46 145
135 234
9 108
13 112
194 293
165 264
10 109
9 108
185 284
44 143
50 149
107 206
12 111
134 233
139 238
99 198
98 197
63 162
153 252
56 155
69 168
161 260
161 260
36 135
73 172
96 195
2 101
172 271
32 131
142 241
68 167
6 105
4 103
87 186
33 132
17 116
116 215
192 291
183 282
68 167
25 124
13 112
11 110
68 167
172 271
61 160
29 128
135 234
115 214
64 163
6 105
61 160
68 167
38 137
170 269
69 168
130 229
77 176
177 276
103 202
1 100
140 239
4 103
148 247
89 188
75 174
136 235
123 222
32 131
144 243
53 152
88 187
178 277
20 119
151 250
107 206
86 185
133 232
112 211
189 288
169 268
117 216
87 186
148 247
3 102
13 112
19 118
190 289
143 242
50 149
90 189
17 116
112 211
132 231
43 142
191 290
24 123
32 131
11 110
52 151
120 219
10 109
15 114
105 204
69 168
96 195
55 154
34 133
162 261
25 124
143 242
56 155
129 228
163 262
56 155
6 105
104 203
116 215
81 180
130 229
49 148
83 182
116 215
84 183
66 165
83 182
164 263
121 220
103 202
18 117
173 272
16 115
178 277
111 210
150 249
58 157
52 151
140 239
95 194
182 281
123 222
136 235
14 113
1 100
85 184
167 266
80 179
53 152
59 158
161 260
144 243
143 242
115 214
126 225
49 148
30 129
140 239
94 193
192 291
30 129
60 159
56 155
75 174
126 225
110 209
89 188
50 149
39 138
148 247
157 256
2 101
177 276
34 133
29 128
168 267
89 188
19 118
129 228
140 239
36 135
134 233
49 148
75 174
59 158
135 234
193 292
79 178
26 125
132 231
137 236
176 275
161 260
122 221
154 253
125 224
88 187
164 263
155 254
135 234
100 199
39 138
113 212
76 175
128 227
182 281
182 281
177 276
31 130
35 134
92 191
111 210
108 207
107 206
192 291
102 201
48 147
119 218
146 245
146 245
90 189
153 252
87 186
119 218
112 211
31 130
73 172
156 255
108 207
157 256
191 290
0 99
72 171
163 262
141 240
170 269
128 227
195 294
64 163
128 227
105 204
3 102
175 274
99 198
179 278
50 149
78 177
128 227
14 113
195 294
117 216
165 264
161 260
106 205
8 107
65 164
184 283
86 185
16 115
12 111
116 215
126 225
173 272
56 155
112 211
43 142
37 136
27 126
87 186
78 177
23 122
41 140
173 272
110 209
56 155
6 105
14 113
184 283
164 263
29 128
108 207
110 209
61 160
166 265
149 248
114 213
196 295
129 228
30 129
37 136
133 232
89 188
142 241
61 160
167 266
0 99
170 269
98 197
148 247
173 272
89 188
98 197
84 183
92 191
105 204
35 134
121 220
136 235
57 156
162 261
49 148
16 115
180 279
136 235
194 293
27 126
110 209
96 195
98 197
171 270
111 210
89 188
122 221
37 136
28 127
66 165
183 282
168 267
174 273
196 295
136 235
58 157
13 112
12 111
117 216
142 241
76 175
93 192
167 266
147 246
53 152
114 213
76 175
137 236
113 212
136 235
109 208
15 114
42 141
184 283
183 282
40 139
142 241
102 201
67 166
34 133
88 187
113 212
23 122
60 159
13 112
103 202
167 266
135 234
74 173
175 274
103 202
78 177
144 243
37 136
1 100
107 206
146 245
125 224
83 182
65 164
153 252
179 278
192 291
10 109
134 233
132 231
18 117
120 219
2 101
1 100
86 185
24 123
32 131
181 280
132 231
41 140
37 136
167 266
122 221
66 165
81 180
18 117
102 201
44 143
145 244
5 104
9 108
195 294
122 221
182 281
167 266
193 292
39 138
169 268
44 143
148 247
30 129
98 197
141 240
116 215
117 216
1 100
80 179
75 174
29 128
171 270
33 132
184 283
96 195
90 189
23 122
74 173
124 223
190 289
20 119
193 292
192 291
81 180
107 206
44 143
174 273
40 139
42 141
110 209
91 190
28 127
187 286
76 175
33 132
186 285
81 180
62 161
196 295
50 149
164 263
188 287
158 257
33 132
43 142
38 137
191 290
101 200
42 141
121 220
196 295
51 150
78 177
103 202
89 188
179 278
11 110
113 212
72 171
158 257
188 287
88 187
65 164
52 151
40 139
185 284
46 145
135 234
138 237
117 216
147 246
79 178
9 108
132 231
1 100
123 222
137 236
140 239
137 236
108 207
130 229
58 157
87 186
116 215
9 108
47 146
50 149
145 244
67 166
25 124
122 221
58 157
113 212
57 156
192 291
63 162
193 292
34 133
41 140
101 200
143 242
86 185
93 192
127 226
151 250
24 123
102 201
1 100
100 199
124 223
70 169
192 291
195 294
136 235
19 118
181 280
180 279
196 295
17 116
3 102
23 122
135 234
183 282
29 128
113 212
6 105
19 118
136 235
146 245
197 296
149 248
23 122
6 105
154 253
17 116
189 288
11 110
153 252
10 109
34 133
95 194
77 176
194 293
44 143
28 127
135 234
35 134
107 206
23 122
86 185
191 290
110 209
145 244
163 262
4 103
166 265
147 246
36 135
59 158
167 266
15 114
38 137
174 273
30 129
122 221
112 211
196 295
183 282
95 194
76 175
160 259
81 180
98 197
25 124
73 172
88 187
54 153
197 296
105 204
101 200
11 110
42 141
121 220
95 194
185 284
132 231
53 152
39 138
17 116
147 246
191 290
74 173
167 266
113 212
128 227
55 154
55 154
156 255
53 152
88 187
34 133
194 293
13 112
27 126
107 206
22 121
171 270
40 139
46 145
26 125
197 296
154 253
95 194
37 136
122 221
87 186
97 196
72 171
182 281
177 276
96 195
64 163
193 292
157 256
48 147
16 115
177 276
117 216
147 246
9 108
120 219
112 211
121 220
71 170
105 204
181 280
176 275
195 294
49 148
118 217
60 159
180 279
146 245
150 249
84 183
70 169
120 219
139 238
185 284
83 182
157 256
12 111
168 267
90 189
117 216
139 238
26 125
174 273
124 223
143 242
27 126
140 239
125 224
15 114
30 129
104 203
138 237
29 128
76 175
6 105
68 167
195 294
86 185
36 135
112 211
186 285
37 136
196 295
114 213
41 140
142 241
125 224
51 150
152 251
193 292
41 140
120 219
157 256
26 125
76 175
8 107
49 148
7 106
76 175
24 123
18 117
56 155
15 114
128 227
186 285
41 140
52 151
42 141
14 113
43 142
143 242
181 280
115 214
160 259
5 104
40 139
182 281
145 244
17 116
42 141
138 237
151 250
11 110
156 255
102 201
1 100
12 111
170 269
15 114
160 259
129 228
153 252
140 239
170 269
159 258
171 270
127 226
172 271
124 223
181 280
121 220
116 215
197 296
150 249
83 182
102 201
177 276
136 235
36 135
166 265
15 114
23 122
47 146
182 281
183 282
161 260
147 246
59 158
124 223
43 142
126 225
37 136
96 195
42 141
122 221
157 256
36 135
85 184
103 202
183 282
99 198
153 252
85 184
117 216
169 268
131 230
194 293
139 238
179 278
138 237
139 238
177 276
141 240
13 112
67 166
57 156
150 249
12 111
72 171
67 166
6 105
84 183
55 154
0 99
39 138
108 207
85 184
22 121
166 265
179 278
26 125
15 114
165 264
90 189
116 215
19 118
130 229
130 229
110 209
185 284
28 127
116 215
46 145
141 240
122 221
37 136
17 116
24 123
122 221
57 156
173 272
75 174
68 167
15 114
32 131
108 207
27 126
39 138
72 171
165 264
40 139
14 113
195 294
41 140
185 284
44 143
12 111
1 100
176 275
16 115
56 155
145 244
61 160
102 201
106 205
1 100
165 264
115 214
12 111
0 99
49 148
9 108
89 188
3 102
22 121
78 177
131 230
159 258
128 227
134 233
166 265
94 193
64 163
102 201
132 231
95 194
162 261
112 211
142 241
189 288
124 223
151 250
59 158
3 102
180 279
68 167
119 218
47 146
139 238
78 177
33 132
60 159
128 227
157 256
135 234
144 243
93 192
100 199
47 146
196 295
36 135
48 147
129 228
42 141
35 134
19 118
174 273
100 199
134 233
87 186
53 152
25 124
171 270
152 251
74 173
160 259
190 289
32 131
83 182
114 213
8 107
5 104
66 165
131 230
75 174
71 170
51 150
167 266
124 223
155 254
51 150
65 164
172 271
51 150
35 134
20 119
147 246
161 260
162 261
63 162
97 196
158 257
155 254
168 267
180 279
61 160
17 116
88 187
157 256
159 258
145 244
75 174
149 248
15 114
150 249
74 173
34 133
92 191
196 295
68 167
156 255
6 105
114 213
114 213
11 110
194 293
113 212
135 234
17 116
113 212
15 114
194 293
9 108
15 114
101 200
12 111
31 130
182 281
181 280
125 224
7 106
45 144
76 175
159 258
135 234
0 99
44 143
141 240
167 266
188 287
27 126
30 129
55 154
155 254
144 243
94 193
40 139
161 260
190 289
97 196
119 218
190 289
122 221
31 130
118 217
116 215
59 158
26 125
23 122
60 159
130 229
3 102
122 221
6 105
104 203
85 184
182 281
53 152
165 264
129 228
164 263
148 247
119 218
19 118
116 215
181 280
97 196
139 238
18 117
152 251
20 119
78 177
187 286
66 165
165 264
39 138
175 274
190 289
183 282
4 103
136 235
90 189
96 195
99 198
72 171
118 217
23 122
92 191
7 106
171 270
192 291
175 274
85 184
128 227
31 130
33 132
94 193
102 201
101 200
171 270
36 135
61 160
152 251
102 201
116 215
105 204
51 150
81 180
134 233
31 130
71 170
83 182
150 249
84 183
186 285
83 182
104 203
60 159
35 134
34 133
141 240
98 197
90 189
190 289
112 211
1 100
155 254
150 249
166 265
79 178
178 277
38 137
39 138
58 157
134 233
125 224
168 267
134 233
174 273
31 130
153 252
149 248
48 147
113 212
171 270
108 207
128 227
71 170
186 285
150 249
148 247
7 106
153 252
76 175
168 267
66 165
195 294
168 267
169 268
134 233
155 254
142 241
154 253
75 174
130 229
93 192
102 201
169 268
4 103
144 243
69 168
181 280
172 271
101 200
174 273
10 109
28 127
78 177
55 154
169 268
17 116
195 294
132 231
188 287
9 108
151 250
2 101
165 264
95 194
109 208
74 173
105 204
168 267
195 294
139 238
154 253
66 165
69 168
69 168
35 134
85 184
100 199
153 252
34 133
99 198
134 233
27 126
47 146
145 244
22 121
76 175
170 269
174 273
195 294
4 103
13 112
145 244
182 281
8 107
112 211
195 294
50 149
55 154
100 199
55 154
115 214
152 251
80 179
177 276
176 275
99 198
67 166
113 212
128 227
119 218
172 271
66 165
193 292
139 238
81 180
40 139
178 277
58 157
121 220
129 228
64 163
26 125
17 116
125 224
158 257
50 149
105 204
111 210
195 294
12 111
172 271
10 109
48 147
131 230
4 103
100 199
19 118
120 219
164 263
103 202
195 294
139 238
25 124
150 249
56 155
107 206
75 174
58 157
38 137
10 109
169 268
59 158
25 124
189 288
112 211
62 161
162 261
165 264
125 224
121 220
162 261
188 287
71 170
104 203
177 276
109 208
135 234
103 202
137 236
142 241
44 143
37 136
43 142
135 234
120 219
89 188
128 227
62 161
103 202
136 235
101 200
66 165
191 290
167 266
101 200
20 119
157 256
178 277
151 250
62 161
164 263
12 111
138 237
19 118
46 145
196 295
115 214
21 120
114 213
128 227
138 237
131 230
12 111
161 260
86 185
136 235
43 142
57 156
182 281
168 267
45 144
182 281
15 114
91 190
73 172
116 215
121 220
36 135
91 190
44 143
179 278
113 212
41 140
155 254
131 230
47 146
65 164
188 287
125 224
174 273
183 282
47 146
138 237
156 255
4 103
59 158
178 277
30 129
146 245
109 208
148 247
170 269
63 162
119 218
114 213
34 133
52 151
150 249
29 128
46 145
13 112
110 209
129 228
145 244
66 165
93 192
176 275
30 129
112 211
9 108
84 183
68 167
93 192
123 222
95 194
0 99
176 275
164 263
48 147
152 251
39 138
146 245
74 173
77 176
148 247
82 181
175 274
177 276
169 268
40 139
4 103
150 249
50 149
109 208
18 117
101 200
41 140
43 142
192 291
100 199
188 287
27 126
165 264
170 269
14 113
0 99
72 171
108 207
164 263
150 249
146 245
108 207
44 143
96 195
191 290
71 170
139 238
172 271
146 245
78 177
193 292
130 229
181 280
77 176
51 150
105 204
59 158
142 241
151 250
40 139
3 102
46 145
28 127
60 159
189 288
185 284
36 135
69 168
57 156
11 110
76 175
161 260
61 160
163 262
64 163
162 261
0 99
38 137
25 124
122 221
40 139
53 152
141 240
41 140
162 261
162 261
44 143
28 127
184 283
13 112
45 144
141 240
105 204
158 257
111 210
82 181
34 133
155 254
60 159
120 219
126 225
131 230
195 294
140 239
99 198
84 183
83 182
185 284
58 157
3 102
79 178
70 169
110 209
52 151
37 136
72 171
78 177
121 220
62 161
25 124
157 256
156 255
49 148
78 177
42 141
160 259
24 123
106 205
147 246
154 253
102 201
70 169
144 243
149 248
183 282
34 133
155 254
141 240
131 230
131 230
26 125
2 101
135 234
54 153
121 220
24 123
39 138
87 186
80 179
7 106
66 165
143 242
164 263
117 216
197 296
191 290
96 195
180 279
22 121
158 257
23 122
61 160
14 113
50 149
131 230
89 188
75 174
141 240
75 174
16 115
127 226
26 125
100 199
166 265
159 258
9 108
118 217
42 141
26 125
57 156
87 186
140 239
138 237
143 242
175 274
29 128
129 228
112 211
38 137
95 194
124 223
114 213
106 205
104 203
180 279
109 208
77 176
182 281
15 114
194 293
168 267
113 212
100 199
56 155
157 256
0 99
173 272
3 102
184 283
31 130
184 283
21 120
116 215
197 296
148 247
7 106
156 255
49 148
52 151
185 284
77 176
33 132
79 178
109 208
37 136
146 245
173 272
151 250
25 124
13 112
18 117
194 293
150 249
193 292
33 132
14 113
78 177
157 256
153 252
64 163
27 126
25 124
154 253
29 128
5 104
109 208
11 110
130 229
45 144
63 162
22 121
137 236
177 276
164 263
18 117
20 119
158 257
150 249
29 128
72 171
95 194
107 206
10 109
132 231
37 136
193 292
139 238
43 142
24 123
33 132
134 233
137 236
110 209
31 130
189 288
157 256
188 287
194 293
106 205
168 267
189 288
33 132
119 218
153 252
84 183
77 176
93 192
156 255
150 249
8 107
68 167
179 278
188 287
11 110
8 107
78 177
19 118
149 248
126 225
80 179
56 155
84 183
56 155
136 235
25 124
0 99
65 164
72 171
74 173
113 212
85 184
114 213
27 126
185 284
71 170
195 294
147 246
36 135
182 281
84 183
48 147
30 129
5 104
50 149
26 125
131 230
19 118
20 119
14 113
37 136
86 185
75 174
108 207
15 114
106 205
29 128
15 114
118 217
10 109
161 260
49 148
169 268
122 221
114 213
55 154
19 118
53 152
93 192
108 207
170 269
51 150
160 259
72 171
107 206
7 106
66 165
124 223
6 105
46 145
171 270
4 103
66 165
77 176
127 226
67 166
7 106
130 229
61 160
51 150
167 266
9 108
150 249
174 273
56 155
65 164
179 278
193 292
17 116
160 259
59 158
196 295
164 263
86 185
185 284
185 284
74 173
15 114
117 216
48 147
197 296
82 181
15 114
192 291
172 271
91 190
126 225
46 145
42 141
54 153
12 111
149 248
84 183
29 128
169 268
87 186
90 189
146 245
137 236
116 215
120 219
58 157
176 275
116 215
162 261
19 118
118 217
46 145
61 160
129 228
68 167
144 243
165 264
101 200
43 142
45 144
75 174
96 195
159 258
81 180
187 286
94 193
90 189
73 172
85 184
138 237
90 189
18 117
150 249
134 233
154 253
155 254
178 277
92 191
138 237
20 119
192 291
19 118
117 216
143 242
12 111
10 109
120 219
186 285
135 234
197 296
119 218
168 267
144 243
0 99
108 207
154 253
63 162
178 277
63 162
133 232
110 209
131 230
133 232
158 257
53 152
107 206
6 105
159 258
58 157
161 260
59 158
137 236
145 244
55 154
21 120
160 259
99 198
140 239
21 120
79 178
167 266
68 167
139 238
17 116
144 243
76 175
163 262
171 270
127 226
144 243
118 217
16 115
152 251
163 262
180 279
77 176
195 294
40 139
180 279
163 262
44 143
69 168
3 102
162 261
148 247
137 236
1 100
127 226
75 174
12 111
188 287
51 150
90 189
116 215
96 195
140 239
170 269
31 130
119 218
16 115
25 124
64 163
60 159
125 224
178 277
174 273
18 117
176 275
170 269
101 200
124 223
137 236
32 131
45 144
157 256
136 235
195 294
94 193
66 165
66 165
26 125
98 197
63 162
184 283
82 181
65 164
46 145
130 229
174 273
96 195
6 105
129 228
115 214
142 241
168 267
137 236
120 219
144 243
93 192
4 103
163 262
130 229
149 248
75 174
115 214
166 265
3 102
188 287
120 219
171 270
2 101
48 147
129 228
100 199
161 260
72 171
154 253
111 210
150 249
30 129
61 160
139 238
112 211
126 225
193 292
94 193
22 121
179 278
117 216
98 197
62 161
11 110
160 259
121 220
10 109
23 122
20 119
91 190
101 200
183 282
70 169
131 230
118 217
186 285
47 146
164 263
60 159
181 280
125 224
64 163
81 180
115 214
12 111
61 160
184 283
129 228
63 162
135 234
177 276
109 208
115 214
21 120
136 235
179 278
2 101
11 110
82 181
94 193
41 140
4 103
90 189
27 126
141 240
52 151
21 120
145 244
12 111
51 150
65 164
168 267
71 170
159 258
79 178
41 140
178 277
185 284
125 224
125 224
137 236
115 214
76 175
58 157
54 153
169 268
190 289
160 259
139 238
85 184
9 108
168 267
124 223
84 183
124 223
88 187
174 273
138 237
144 243
42 141
58 157
154 253
63 162
93 192
1 100
58 157
122 221
0 99
46 145
71 170
81 180
123 222
177 276
4 103
108 207
118 217
140 239
37 136
144 243
47 146
89 188
105 204
16 115
126 225
40 139
166 265
123 222
36 135
19 118
96 195
113 212
5 104
129 228
169 268
160 259
130 229
0 99
33 132
140 239
133 232
156 255
12 111
95 194
166 265
36 135
94 193
1 100
147 246
155 254
50 149
110 209
183 282
175 274
57 156
112 211
68 167
19 118
146 245
96 195
132 231
63 162
172 271
86 185
13 112
111 210
94 193
134 233
49 148
184 283
27 126
105 204
116 215
25 124
18 117
183 282
132 231
80 179
67 166
6 105
156 255
52 151
102 201
72 171
62 161
5 104
111 210
19 118
109 208
108 207
103 202
72 171
151 250
76 175
138 237
129 228
74 173
182 281
37 136
122 221
82 181
95 194
30 129
6 105
143 242
173 272
171 270
187 286
104 203
69 168
41 140
117 216
56 155
96 195
81 180
108 207
148 247
127 226
180 279
82 181
166 265
163 262
30 129
5 104
13 112
32 131
186 285
180 279
105 204
62 161
66 165
138 237
71 170
169 268
143 242
147 246
20 119
11 110
128 227
134 233
102 201
175 274
95 194
170 269
128 227
67 166
13 112
55 154
9 108
99 198
14 113
116 215
144 243
112 211
86 185
11 110
14 113
8 107
50 149
9 108
121 220
84 183
71 170
179 278
14 113
164 263
18 117
99 198
114 213
121 220
190 289
103 202
96 195
38 137
113 212
78 177
75 174
135 234
83 182
35 134
118 217
94 193
53 152
189 288
14 113
48 147
167 266
149 248
121 220
26 125
17 116
77 176
0 99
69 168
27 126
86 185
148 247
61 160
20 119
8 107
94 193
143 242
119 218
113 212
180 279
184 283
110 209
45 144
22 121
141 240
21 120
126 225
111 210
152 251
143 242
190 289
183 282
113 212
88 187
181 280
87 186
186 285
43 142
43 142
34 133
63 162
77 176
173 272
123 222
57 156
149 248
47 146
51 150
195 294
172 271
166 265
118 217
104 203
123 222
101 200
141 240
75 174
190 289
59 158
166 265
19 118
70 169
123 222
107 206
144 243
6 105
58 157
13 112
170 269
109 208
131 230
127 226
157 256
14 113
93 192
115 214
187 286
56 155
160 259
116 215
113 212
69 168
38 137
67 166
19 118
118 217
145 244
28 127
24 123
67 166
36 135
63 162
14 113
18 117
189 288
73 172
25 124
12 111
27 126
15 114
120 219
114 213
174 273
171 270
38 137
160 259
31 130
147 246
144 243
73 172
161 260
81 180
62 161
28 127
27 126
107 206
91 190
28 127
107 206
69 168
107 206
138 237
47 146
184 283
117 216
4 103
142 241
85 184
32 131
87 186
85 184
103 202
113 212
69 168
141 240
53 152
59 158
145 244
83 182
34 133
85 184
162 261
120 219
26 125
11 110
151 250
18 117
111 210
72 171
137 236
67 166
153 252
54 153
48 147
94 193
143 242
142 241
134 233
194 293
137 236
101 200
55 154
190 289
109 208
38 137
87 186
28 127
24 123
196 295
27 126
159 258
96 195
0 99
49 148
59 158
166 265
191 290
73 172
193 292
77 176
89 188
127 226
152 251
180 279
85 184
118 217
1 100
179 278
49 148
124 223
169 268
116 215
102 201
82 181
124 223
140 239
15 114
176 275
170 269
148 247
70 169
115 214
178 277
176 275
150 249
111 210
186 285
174 273
154 253
108 207
190 289
39 138
84 183
19 118
173 272
101 200
17 116
141 240
0 99
148 247
65 164
108 207
84 183
67 166
87 186
152 251
188 287
129 228
42 141
29 128
153 252
132 231
30 129
57 156
24 123
99 198
153 252
196 295
65 164
83 182
90 189
131 230
98 197
138 237
20 119
151 250
105 204
130 229
72 171
17 116
177 276
52 151
148 247
22 121
81 180
153 252
81 180
89 188
6 105
143 242
72 171
115 214
47 146
132 231
182 281
134 233
187 286
157 256
34 133
33 132
35 134
45 144
58 157
130 229
19 118
165 264
119 218
61 160
84 183
69 168
43 142
117 216
179 278
164 263
41 140
93 192
125 224
141 240
63 162
53 152
47 146
78 177
69 168
149 248
161 260
62 161
62 161
189 288
52 151
166 265
42 141
112 211
21 120
93 192
91 190
125 224
121 220
11 110
138 237
86 185
108 207
49 148
115 214
183 282
117 216
52 151
158 257
23 122
107 206
69 168
17 116
151 250
71 170
145 244
78 177
85 184
156 255
71 170
195 294
192 291
121 220
106 205
109 208
61 160
67 166
91 190
59 158
124 223
5 104
148 247
3 102
16 115
56 155
51 150
20 119
187 286
60 159
32 131
3 102
53 152
131 230
26 125
186 285
193 292
103 202
99 198
195 294
136 235
33 132
102 201
141 240
153 252
162 261
95 194
34 133
24 123
6 105
0 99
32 131
14 113
89 188
175 274
138 237
134 233
48 147
26 125
24 123
173 272
44 143
116 215
166 265
30 129
10 109
124 223
106 205
197 296
155 254
57 156
197 296
195 294
32 131
164 263
172 271
78 177
194 293
12 111
134 233
8 107
118 217
143 242
24 123
27 126
97 196
154 253
39 138
47 146
152 251
161 260
139 238
44 143
68 167
14 113
63 162
53 152
126 225
122 221
28 127
78 177
149 248
168 267
151 250
1 100
137 236
97 196
94 193
4 103
90 189
188 287
166 265
152 251
39 138
64 163
45 144
167 266
170 269
175 274
53 152
12 111
149 248
36 135
174 273
36 135
78 177
58 157
114 213
46 145
131 230
196 295
82 181
118 217
4 103
21 120
78 177
77 176
99 198
194 293
99 198
56 155
1 100
14 113
9 108
57 156
63 162
42 141
45 144
54 153
174 273
21 120
61 160
125 224
113 212
34 133
190 289
189 288
114 213
46 145
55 154
52 151
44 143
67 166
55 154
144 243
154 253
83 182
0 99
22 121
19 118
60 159
38 137
0 99
67 166
57 156
53 152
114 213
182 281
104 203
92 191
182 281
59 158
145 244
39 138
139 238
76 175
98 197
111 210
36 135
103 202
167 266
60 159
122 221
189 288
22 121
54 153
104 203
121 220
34 133
32 131
13 112
88 187
51 150
65 164
136 235
192 291
149 248
54 153
166 265
9 108
167 266
47 146
163 262
173 272
172 271
44 143
169 268
80 179
161 260
39 138
130 229
84 183
153 252
163 262
112 211
143 242
176 275
121 220
136 235
88 187
73 172
184 283
2 101
176 275
12 111
169 268
32 131
58 157
39 138
152 251
69 168
131 230
49 148
20 119
137 236
40 139
158 257
142 241
17 116
133 232
164 263
155 254
67 166
47 146
117 216
192 291
165 264
138 237
169 268
108 207
35 134
76 175
122 221
158 257
33 132
65 164
164 263
47 146
143 242
8 107
177 276
84 183
121 220
54 153
1 100
194 293
169 268
133 232
157 256
42 141
83 182
29 128
189 288
55 154
105 204
123 222
133 232
166 265
158 257
131 230
129 228
175 274
83 182
31 130
45 144
131 230
48 147
70 169
138 237
138 237
174 273
88 187
10 109
66 165
183 282
0 99
145 244
86 185
75 174
127 226
185 284
20 119
190 289
118 217
57 156
195 294
74 173
160 259
26 125
159 258
191 290
134 233
179 278
156 255
155 254
77 176
116 215
32 131
186 285
77 176
191 290
159 258
63 162
30 129
177 276
164 263
127 226
0 99
89 188
65 164
88 187
58 157
72 171
15 114
68 167
145 244
3 102
193 292
56 155
154 253
158 257
145 244
25 124
126 225
97 196
128 227
77 176
57 156
46 145
66 165
111 210
76 175
107 206
12 111
122 221
135 234
132 231
139 238
12 111
42 141
1 100
105 204
63 162
118 217
151 250
193 292
111 210
25 124
159 258
129 228
183 282
45 144
96 195
193 292
1 100
192 291
90 189
20 119
12 111
159 258
36 135
33 132
41 140
158 257
20 119
20 119
90 189
14 113
180 279
95 194
34 133
5 104
136 235
87 186
87 186
53 152
141 240
189 288
147 246
160 259
60 159
196 295
195 294
102 201
174 273
143 242
67 166
105 204
153 252
67 166
65 164
108 207
32 131
78 177
109 208
18 117
158 257
104 203
55 154
182 281
155 254
175 274
95 194
82 181
178 277
161 260
17 116
191 290
64 163
154 253
99 198
194 293
39 138
129 228
48 147
18 117
10 109
34 133
101 200
152 251
96 195
56 155
187 286
21 120
35 134
57 156
59 158
107 206
160 259
90 189
129 228
85 184
123 222
10 109
72 171
31 130
36 135
162 261
128 227
180 279
48 147
67 166
115 214
38 137
42 141
0 99
53 152
91 190
149 248
60 159
120 219
183 282
120 219
179 278
58 157
102 201
42 141
122 221
79 178
164 263
174 273
190 289
193 292
105 204
44 143
173 272
111 210
45 144
195 294
88 187
189 288
181 280
70 169
87 186
69 168
152 251
42 141
13 112
63 162
151 250
136 235
165 264
181 280
130 229
62 161
194 293
19 118
111 210
76 175
21 120
100 199
9 108
6 105
119 218
121 220
4 103
81 180
46 145
74 173
8 107
168 267
111 210
135 234
165 264
70 169
70 169
46 145
166 265
184 283
137 236
185 284
187 286
193 292
46 145
109 208
175 274
80 179
77 176
31 130
83 182
83 182
81 180
123 222
151 250
151 250
16 115
114 213
139 238
37 136
70 169
150 249
182 281
19 118
183 282
12 111
154 253
77 176
61 160
129 228
28 127
66 165
71 170
18 117
77 176
73 172
183 282
1 100
184 283
51 150
186 285
111 210
49 148
165 264
19 118
185 284
71 170
142 241
132 231
16 115
135 234
36 135
6 105
113 212
118 217
122 221
167 266
54 153
81 180
128 227
128 227
32 131
145 244
14 113
180 279
166 265
188 287
37 136
26 125
138 237
163 262
112 211
65 164
166 265
109 208
86 185
196 295
187 286
126 225
2 101
93 192
20 119
124 223
132 231
131 230
91 190
15 114
103 202
126 225
21 120
93 192
27 126
58 157
91 190
90 189
170 269
98 197
162 261
153 252
94 193
180 279
155 254
22 121
96 195
29 128
81 180
37 136
0 99
9 108
53 152
82 181
14 113
39 138
106 205
30 129
59 158
153 252
168 267
167 266
148 247
105 204
73 172
85 184
12 111
42 141
72 171
38 137
79 178
193 292
62 161
145 244
128 227
182 281
56 155
66 165
132 231
43 142
37 136
26 125
104 203
169 268
144 243
113 212
82 181
36 135
38 137
158 257
133 232
156 255
110 209
120 219
23 122
189 288
184 283
50 149
60 159
133 232
153 252
157 256
79 178
183 282
155 254
125 224
48 147
14 113
172 271
73 172
189 288
81 180
55 154
52 151
44 143
155 254
1 100
2 101
190 289
128 227
131 230
102 201
5 104
119 218
150 249
150 249
124 223
98 197
165 264
66 165
104 203
55 154
34 133
8 107
26 125
177 276
33 132
93 192
33 132
165 264
112 211
110 209
144 243
74 173
128 227
95 194
53 152
7 106
108 207
147 246
118 217
65 164
38 137
123 222
39 138
189 288
37 136
30 129
112 211
74 173
66 165
72 171
52 151
115 214
138 237
102 201
163 262
56 155
177 276
179 278
56 155
168 267
69 168
174 273
155 254
48 147
98 197
189 288
171 270
98 197
109 208
100 199
72 171
164 263
32 131
6 105
39 138
3 102
48 147
165 264
196 295
11 110
185 284
33 132
109 208
191 290
103 202
73 172
191 290
167 266
36 135
26 125
98 197
30 129
121 220
111 210
162 261
49 148
32 131
161 260
168 267
8 107
63 162
102 201
28 127
40 139
126 225
180 279
21 120
30 129
188 287
34 133
70 169
123 222
17 116
136 235
167 266
29 128
185 284
109 208
134 233
196 295
99 198
29 128
125 224
45 144
53 152
60 159
176 275
194 293
126 225
158 257
173 272
175 274
1 100
134 233
84 183
98 197
93 192
93 192
14 113
144 243
159 258
126 225
170 269
51 150
55 154
49 148
191 290
182 281
93 192
56 155
52 151
52 151
43 142
160 259
40 139
150 249
193 292
141 240
120 219
95 194
27 126
192 291
185 284
137 236
88 187
184 283
166 265
19 118
51 150
127 226
147 246
169 268
106 205
107 206
48 147
154 253
76 175
7 106
25 124
139 238
42 141
112 211
174 273
68 167
143 242
91 190
11 110
6 105
28 127
101 200
162 261
54 153
4 103
194 293
6 105
25 124
76 175
84 183
147 246
126 225
136 235
82 181
2 101
24 123
158 257
77 176
76 175
138 237
143 242
154 253
195 294
183 282
89 188
174 273
112 211
178 277
140 239
109 208
160 259
45 144
123 222
79 178
177 276
61 160
194 293
185 284
2 101
30 129
63 162
61 160
164 263
118 217
50 149
155 254
79 178
77 176
116 215
197 296
55 154
85 184
58 157
128 227
63 162
114 213
50 149
160 259
177 276
71 170
174 273
12 111
90 189
103 202
69 168
162 261
128 227
179 278
143 242
79 178
73 172
132 231
91 190
23 122
136 235
14 113
103 202
1 100
163 262
85 184
159 258
7 106
163 262
156 255
111 210
56 155
14 113
190 289
126 225
23 122
4 103
22 121
23 122
180 279
181 280
64 163
177 276
136 235
56 155
51 150
13 112
62 161
73 172
66 165
139 238
32 131
70 169
168 267
107 206
0 99
104 203
184 283
62 161
89 188
74 173
159 258
25 124
59 158
185 284
98 197
126 225
87 186
143 242
145 244
179 278
19 118
188 287
37 136
87 186
88 187
146 245
10 109
77 176
50 149
28 127
98 197
190 289
144 243
159 258
162 261
194 293
69 168
150 249
104 203
54 153
17 116
109 208
124 223
30 129
12 111
52 151
26 125
33 132
103 202
37 136
145 244
173 272
128 227
183 282
165 264
80 179
182 281
114 213
26 125
120 219
195 294
2 101
138 237
113 212
149 248
41 140
97 196
39 138
66 165
99 198
143 242
191 290
83 182
86 185
128 227
111 210
164 263
52 151
151 250
134 233
41 140
20 119
78 177
106 205
110 209
94 193
40 139
15 114
74 173
179 278
135 234
40 139
125 224
32 131
174 273
41 140
174 273
100 199
79 178
39 138
114 213
102 201
61 160
18 117
129 228
78 177
65 164
167 266
167 266
11 110
104 203
161 260
46;156504
121 220
1 100
67 166
83 182
25 124
143 242
55 154
164 263
39 138
134 233
6 105
85 184
35 134
155 254
28 127
184 283
65 164
40 139
144 243
129 228
173 272
87 186
124 223
157 256
122 221
182 281
118 217
194 293
5 104
9 108
136 235
68 167
107 206
141 240
115 214
49 148
190 289
14 113
133 232
153 252
28 127
72 171
11 110
114 213
45 144
95 194
66 165
147 246
165 264
128 227
106 205
145 244
9 108
166 265
50 149
28 127
9 108
149 248
119 218
189 288
137 236
56 155
111 210
117 216
39 138
99 198
135 234
174 273
90 189
73 172
66 165
188 287
115 214
125 224
147 246
191 290
29 128
55 154
22 121
187 286
183 282
151 250
52 151
40 139
169 268
130 229
176 275
57 156
178 277
104 203
138 237
154 253
130 229
152 251
117 216
53 152
107 206
117 216
59 158
185 284
12 111
52 151
173 272
23 122
91 190
91 190
175 274
103 202
40 139
40 139
18 117
169 268
64 163
197 296
60 159
166 265
7 106
12 111
63 162
71 170
23 122
25 124
8 107
69 168
144 243
119 218
126 225
156 255
55 154
192 291
148 247
120 219
93 192
15 114
27 126
160 259
89 188
0 99
14 113
197 296
155 254
172 271
135 234
145 244
158 257
49 148
138 237
50 149
49 148
34 133
117 216
42 141
8 107
193 292
22 121
9 108
76 175
148 247
146 245
33 132
26 125
75 174
11 110
173 272
13 112
132 231
74 173
25 124
140 239
128 227
46 145
103 202
37 136
155 254
187 286
115 214
72 171
164 263
110 209
22 121
85 184
111 210
179 278
144 243
155 254
188 287
90 189
110 209
51 150
31 130
76 175
49 148
196 295
116 215
89 188
71 170
83 182
4 103
12 111
77 176
77 176
121 220
87 186
189 288
118 217
140 239
127 226
48 147
191 290
92 191
25 124
194 293
136 235
125 224
93 192
53 152
36 135
152 251
1 100
129 228
99 198
10 109
151 250
86 185
138 237
70 169
76 175
134 233
37 136
144 243
128 227
85 184
166 265
107 206
58 157
8 107
137 236
125 224
110 209
57 156
67 166
99 198
104 203
179 278
183 282
133 232
121 220
102 201
11 110
133 232
103 202
23 122
32 131
162 261
169 268
78 177
102 201
42 141
49 148
77 176
196 295
2 101
95 194
181 280
22 121
6 105
58 157
163 262
42 141
154 253
18 117
150 249
114 213
197 296
99 198
80 179
106 205
35 134
46 145
194 293
190 289
15 114
112 211
163 262
172 271
135 234
43 142
177 276
37 136
24 123
112 211
56 155
23 122
138 237
97 196
38 137
155 254
64 163
185 284
28 127
161 260
18 117
121 220
27 126
142 241
154 253
34 133
146 245
125 224
106 205
32 131
73 172
87 186
189 288
71 170
127 226
115 214
26 125
67 166
193 292
102 201
166 265
92 191
148 247
31 130
113 212
169 268
89 188
15 114
142 241
62 161
182 281
102 201
196 295
98 197
119 218
47 146
195 294
142 241
89 188
52 151
92 191
186 285
6 105
184 283
144 243
31 130
56 155
31 130
85 184
26 125
93 192
137 236
147 246
17 116
156 255
96 195
163 262
38 137
62 161
45 144
41 140
170 269
32 131
71 170
181 280
82 181
164 263
195 294
28 127
172 271
125 224
115 214
181 280
9 108
93 192
102 201
55 154
194 293
182 281
49 148
51 150
111 210
90 189
56 155
185 284
124 223
173 272
105 204
76 175
36 135
17 116
153 252
0 99
174 273
124 223
21 120
186 285
154 253
131 230
122 221
125 224
109 208
123 222
144 243
103 202
137 236
113 212
195 294
192 291
45 144
136 235
133 232
99 198
68 167
82 181
41 140
170 269
106 205
134 233
19 118
30 129
187 286
71 170
166 265
137 236
35 134
85 184
108 207
119 218
189 288
138 237
120 219
47 146
160 259
80 179
17 116
47 146
12 111
193 292
85 184
39 138
9 108
164 263
48 147
191 290
129 228
165 264
138 237
149 248
24 123
166 265
24 123
67 166
194 293
125 224
141 240
45 144
181 280
54 153
160 259
97 196
61 160
53 152
129 228
64 163
40 139
156 255
53 152
137 236
126 225
113 212
46 145
171 270
165 264
101 200
133 232
125 224
115 214
80 179
62 161
71 170
6 105
72 171
187 286
98 197
61 160
52 151
173 272
57 156
28 127
123 222
104 203
91 190
147 246
4 103
192 291
127 226
59 158
195 294
0 99
92 191
135 234
5 104
11 110
7 106
8 107
15 114
93 192
22 121
109 208
39 138
33 132
149 248
144 243
162 261
82 181
56 155
20 119
73 172
64 163
197 296
147 246
126 225
183 282
76 175
148 247
128 227
182 281
173 272
39 138
87 186
132 231
25 124
81 180
174 273
154 253
128 227
107 206
66 165
52 151
173 272
70 169
55 154
188 287
121 220
51 150
73 172
27 126
69 168
12 111
109 208
182 281
16 115
192 291
173 272
166 265
45 144
76 175
192 291
138 237
3 102
91 190
54 153
145 244
115 214
52 151
139 238
194 293
186 285
23 122
45 144
67 166
136 235
50 149
85 184
166 265
20 119
52 151
77 176
193 292
61 160
102 201
88 187
7 106
130 229
192 291
30 129
192 291
17 116
53 152
142 241
97 196
97 196
92 191
46 145
115 214
108 207
50 149
105 204
84 183
111 210
183 282
11 110
42 141
60 159
81 180
70 169
133 232
169 268
63 162
132 231
4 103
40 139
130 229
42 141
32 131
39 138
27 126
159 258
187 286
59 158
96 195
150 249
158 257
38 137
79 178
57 156
25 124
88 187
197 296
13 112
79 178
40 139
69 168
133 232
69 168
196 295
52 151
64 163
5 104
163 262
88 187
166 265
43 142
139 238
164 263
83 182
81 180
63 162
171 270
104 203
115 214
1 100
86 185
149 248
170 269
194 293
147 246
107 206
3 102
21 120
80 179
64 163
153 252
43 142
104 203
87 186
177 276
86 185
184 283
126 225
157 256
129 228
103 202
197 296
28 127
101 200
86 185
181 280
25 124
34 133
76 175
131 230
113 212
58 157
127 226
61 160
16 115
6 105
4 103
38 137
152 251
10 109
104 203
112 211
164 263
0 99
93 192
5 104
94 193
85 184
80 179
111 210
176 275
75 174
146 245
125 224
192 291
191 290
163 262
146 245
193 292
89 188
165 264
167 266
157 256
43 142
38 137
3 102
4 103
59 158
105 204
196 295
177 276
18 117
2 101
112 211
182 281
107 206
143 242
75 174
99 198
56 155
4 103
168 267
38 137
151 250
5 104
51 150
176 275
117 216
165 264
100 199
8 107
155 254
42 141
22 121
43 142
64 163
0 99
183 282
89 188
161 260
152 251
149 248
188 287
182 281
15 114
135 234
197 296
13 112
153 252
9 108
197 296
121 220
153 252
2 101
160 259
188 287
141 240
77 176
107 206
183 282
41 140
108 207
120 219
160 259
26 125
113 212
100 199
85 184
97 196
158 257
84 183
68 167
103 202
62 161
174 273
78 177
89 188
154 253
183 282
20 119
25 124
93 192
74 173
164 263
133 232
79 178
110 209
118 217
70 169
190 289
82 181
114 213
12 111
92 191
28 127
58 157
129 228
40 139
57 156
178 277
92 191
58 157
39 138
46 145
186 285
172 271
121 220
120 219
14 113
154 253
120 219
183 282
117 216
51 150
53 152
17 116
140 239
5 104
19 118
182 281
168 267
18 117
162 261
190 289
136 235
104 203
33 132
106 205
93 192
166 265
92 191
52 151
49 148
84 183
176 275
81 180
60 159
188 287
69 168
163 262
178 277
153 252
92 191
106 205
62 161
58 157
45 144
179 278
189 288
104 203
19 118
90 189
25 124
62 161
65 164
186 285
94 193
114 213
182 281
4 103
132 231
14 113
138 237
73 172
110 209
67 166
13 112
189 288
32 131
31 130
147 246
67 166
29 128
0 99
44 143
129 228
22 121
14 113
132 231
90 189
59 158
150 249
44 143
163 262
181 280
34 133
105 204
144 243
4 103
3 102
192 291
94 193
187 286
152 251
177 276
139 238
189 288
66 165
1 100
155 254
34 133
9 108
93 192
23 122
85 184
145 244
171 270
20 119
97 196
15 114
122 221
64 163
83 182
130 229
186 285
107 206
166 265
92 191
18 117
157 256
1 100
145 244
113 212
166 265
155 254
6 105
137 236
108 207
58 157
182 281
180 279
42 141
79 178
189 288
28 127
152 251
118 217
125 224
99 198
126 225
110 209
136 235
63 162
7 106
94 193
101 200
90 189
65 164
73 172
151 250
129 228
155 254
25 124
148 247
170 269
109 208
65 164
3 102
163 262
126 225
191 290
42 141
188 287
103 202
90 189
76 175
145 244
42 141
21 120
152 251
21 120
14 113
55 154
140 239
142 241
92 191
177 276
62 161
13 112
179 278
89 188
142 241
143 242
172 271
191 290
115 214
40 139
184 283
89 188
24 123
103 202
175 274
76 175
183 282
120 219
75 174
39 138
14 113
100 199
95 194
33 132
175 274
107 206
153 252
43 142
112 211
37 136
17 116
58 157
140 239
38 137
116 215
164 263
89 188
48 147
138 237
189 288
55 154
176 275
191 290
162 261
154 253
36 135
36 135
120 219
34 133
6 105
66 165
15 114
80 179
2 101
183 282
43 142
136 235
56 155
185 284
128 227
9 108
174 273
112 211
0 99
149 248
113 212
77 176
3 102
12 111
184 283
73 172
73 172
58 157
183 282
2 101
151 250
12 111
100 199
175 274
136 235
4 103
134 233
34 133
189 288
120 219
6 105
10 109
21 120
159 258
157 256
68 167
37 136
31 130
78 177
145 244
4 103
68 167
125 224
67 166
86 185
4 103
65 164
126 225
175 274
117 216
67 166
111 210
168 267
15 114
11 110
156 255
160 259
14 113
37 136
194 293
109 208
51 150
47 146
48 147
105 204
196 295
101 200
48 147
124 223
192 291
104 203
106 205
106 205
113 212
168 267
136 235
37 136
102 201
168 267
176 275
149 248
169 268
178 277
131 230
72 171
157 256
64 163
159 258
150 249
103 202
24 123
155 254
192 291
6 105
22 121
49 148
170 269
122 221
106 205
103 202
81 180
1 100
69 168
51 150
156 255
30 129
97 196
78 177
73 172
129 228
186 285
146 245
52 151
170 269
123 222
73 172
131 230
25 124
69 168
168 267
92 191
187 286
15 114
63 162
39 138
19 118
46 145
118 217
179 278
90 189
149 248
25 124
153 252
112 211
73 172
122 221
140 239
12 111
149 248
3 102
179 278
50 149
176 275
102 201
147 246
65 164
165 264
72 171
16 115
30 129
124 223
30 129
180 279
12 111
133 232
162 261
170 269
6 105
177 276
51 150
137 236
19 118
66 165
148 247
150 249
79 178
127 226
170 269
31 130
65 164
129 228
130 229
193 292
95 194
20 119
169 268
191 290
8 107
124 223
17 116
156 255
145 244
113 212
174 273
183 282
62 161
129 228
61 160
196 295
45 144
175 274
26 125
38 137
11 110
179 278
191 290
174 273
149 248
100 199
3 102
176 275
82 181
166 265
168 267
80 179
96 195
177 276
27 126
57 156
19 118
137 236
31 130
84 183
175 274
142 241
36 135
190 289
167 266
104 203
82 181
102 201
11 110
144 243
11 110
149 248
87 186
157 256
57 156
191 290
26 125
53 152
83 182
161 260
47 146
182 281
173 272
64 163
29 128
155 254
97 196
40 139
154 253
170 269
188 287
90 189
162 261
139 238
69 168
81 180
24 123
160 259
156 255
152 251
69 168
149 248
46 145
49 148
178 277
164 263
75 174
65 164
29 128
104 203
155 254
95 194
48 147
190 289
45 144
158 257
185 284
154 253
52 151
162 261
62 161
138 237
114 213
1 100
158 257
51 150
36 135
87 186
109 208
182 281
99 198
89 188
171 270
186 285
36 135
134 233
154 253
40 139
136 235
42 141
195 294
174 273
59 158
26 125
160 259
155 254
83 182
163 262
55 154
20 119
47 146
131 230
54 153
182 281
197 296
53 152
177 276
89 188
36 135
80 179
80 179
23 122
161 260
92 191
151 250
111 210
26 125
50 149
29 128
55 154
191 290
172 271
12 111
60 159
59 158
176 275
92 191
197 296
67 166
185 284
0 99
151 250
18 117
173 272
73 172
146 245
15 114
122 221
166 265
176 275
7 106
169 268
184 283
111 210
111 210
134 233
42 141
119 218
49 148
130 229
78 177
18 117
102 201
9 108
128 227
35 134
51 150
101 200
31 130
83 182
85 184
85 184
86 185
131 230
116 215
103 202
120 219
162 261
138 237
168 267
105 204
106 205
50 149
91 190
26 125
148 247
184 283
142 241
48 147
189 288
53 152
158 257
115 214
0 99
128 227
122 221
43 142
66 165
7 106
62 161
165 264
75 174
41 140
126 225
22 121
76 175
103 202
63 162
39 138
23 122
131 230
162 261
111 210
136 235
91 190
7 106
133 232
15 114
7 106
107 206
36 135
11 110
83 182
35 134
29 128
154 253
113 212
28 127
20 119
129 228
53 152
24 123
144 243
45 144
48 147
17 116
149 248
140 239
144 243
27 126
77 176
69 168
194 293
111 210
59 158
62 161
170 269
84 183
71 170
193 292
1 100
105 204
162 261
159 258
84 183
93 192
66 165
164 263
142 241
180 279
10 109
23 122
171 270
99 198
7 106
181 280
127 226
128 227
186 285
194 293
112 211
142 241
63 162
115 214
143 242
175 274
179 278
88 187
16 115
74 173
150 249
34 133
30 129
115 214
130 229
108 207
133 232
28 127
129 228
175 274
135 234
140 239
89 188
166 265
195 294
123 222
163 262
32 131
163 262
80 179
112 211
194 293
85 184
141 240
15 114
163 262
29 128
177 276
150 249
161 260
38 137
72 171
162 261
89 188
72 171
46 145
41 140
152 251
189 288
161 260
46 145
59 158
65 164
72 171
133 232
35 134
143 242
118 217
103 202
145 244
121 220
92 191
186 285
12 111
35 134
129 228
132 231
196 295
66 165
167 266
169 268
83 182
149 248
28 127
136 235
12 111
136 235
26 125
143 242
176 275
140 239
127 226
125 224
128 227
109 208
182 281
155 254
58 157
158 257
100 199
115 214
141 240
102 201
167 266
96 195
74 173
180 279
155 254
55 154
25 124
34 133
183 282
118 217
195 294
169 268
48 147
161 260
93 192
7 106
39 138
176 275
72 171
115 214
165 264
177 276
104 203
19 118
148 247
160 259
7 106
123 222
194 293
82 181
142 241
26 125
197 296
23 122
102 201
109 208
157 256
171 270
142 241
74 173
124 223
5 104
8 107
153 252
129 228
113 212
191 290
111 210
167 266
178 277
46 145
39 138
51 150
164 263
176 275
119 218
195 294
158 257
56 155
170 269
37 136
37 136
179 278
48 147
123 222
168 267
23 122
146 245
157 256
60 159
24 123
48 147
31 130
86 185
142 241
179 278
182 281
46 145
174 273
70 169
127 226
32 131
152 251
126 225
104 203
39 138
100 199
62 161
37 136
103 202
99 198
130 229
176 275
110 209
122 221
197 296
188 287
156 255
94 193
20 119
51 150
173 272
80 179
167 266
161 260
131 230
78 177
126 225
178 277
119 218
79 178
118 217
8 107
89 188
197 296
176 275
98 197
41 140
18 117
196 295
31 130
160 259
15 114
111 210
116 215
63 162
33 132
80 179
88 187
109 208
139 238
16 115
58 157
129 228
157 256
22 121
141 240
35 134
80 179
123 222
87 186
17 116
35 134
146 245
117 216
96 195
66 165
79 178
128 227
144 243
42 141
127 226
116 215
70 169
6 105
164 263
125 224
188 287
33 132
43 142
17 116
75 174
62 161
75 174
33 132
173 272
11 110
52 151
95 194
187 286
163 262
29 128
174 273
161 260
106 205
111 210
192 291
66 165
172 271
185 284
81 180
36 135
31 130
48 147
113 212
72 171
49 148
164 263
93 192
72 171
100 199
23 122
123 222
181 280
81 180
128 227
4 103
166 265
57 156
165 264
18 117
97 196
121 220
195 294
122 221
86 185
196 295
51 150
193 292
107 206
109 208
78 177
73 172
38 137
178 277
84 183
76 175
29 128
165 264
123 222
109 208
28 127
53 152
121 220
173 272
154 253
122 221
171 270
20 119
139 238
26 125
17 116
51 150
122 221
181 280
52 151
111 210
167 266
128 227
34 133
161 260
167 266
61 160
108 207
187 286
120 219
186 285
20 119
125 224
117 216
104 203
62 161
63 162
195 294
184 283
59 158
61 160
130 229
178 277
97 196
18 117
44 143
156 255
123 222
115 214
84 183
102 201
158 257
120 219
74 173
109 208
107 206
185 284
189 288
34 133
144 243
36 135
189 288
70 169
68 167
58 157
2 101
80 179
174 273
156 255
171 270
85 184
177 276
175 274
113 212
107 206
196 295
12 111
14 113
87 186
19 118
189 288
26 125
98 197
68 167
184 283
126 225
111 210
30 129
116 215
137 236
4 103
30 129
59 158
179 278
27 126
54 153
42 141
75 174
189 288
16 115
116 215
164 263
146 245
112 211
187 286
15 114
39 138
65 164
6 105
93 192
140 239
78 177
126 225
102 201
99 198
131 230
111 210
21 120
34 133
74 173
168 267
87 186
160 259
107 206
12 111
37 136
146 245
100 199
154 253
74 173
107 206
92 191
149 248
63 162
170 269
166 265
117 216
61 160
145 244
24 123
162 261
43 142
13 112
143 242
196 295
40 139
36 135
84 183
0 99
108 207
89 188
58 157
54 153
32 131
60 159
139 238
56 155
75 174
170 269
196 295
134 233
75 174
33 132
187 286
69 168
133 232
16 115
117 216
150 249
22 121
52 151
146 245
42 141
49 148
193 292
147 246
21 120
65 164
12 111
8 107
87 186
7 106
120 219
25 124
62 161
149 248
162 261
52 151
0 99
36 135
91 190
94 193
155 254
103 202
67 166
41 140
169 268
194 293
59 158
55 154
56 155
172 271
48 147
189 288
57 156
121 220
44 143
146 245
34 133
93 192
53 152
34 133
9 108
68 167
126 225
5 104
168 267
103 202
192 291
74 173
7 106
18 117
44 143
57 156
29 128
153 252
150 249
190 289
49 148
93 192
5 104
119 218
44 143
164 263
18 117
6 105
173 272
121 220
100 199
87 186
156 255
156 255
88 187
169 268
125 224
68 167
69 168
150 249
23 122
58 157
102 201
97 196
36 135
30 129
87 186
71 170
128 227
3 102
174 273
190 289
169 268
16 115
117 216
176 275
118 217
45 144
12 111
1 100
60 159
48 147
169 268
132 231
130 229
78 177
62 161
71 170
31 130
115 214
16 115
148 247
113 212
25 124
112 211
20 119
99 198
96 195
115 214
86 185
41 140
193 292
45 144
4 103
1 100
178 277
169 268
89 188
99 198
136 235
158 257
28 127
17 116
26 125
97 196
196 295
15 114
181 280
110 209
180 279
173 272
9 108
3 102
72 171
69 168
132 231
134 233
41 140
53 152
35 134
180 279
2 101
162 261
159 258
53 152
104 203
72 171
10 109
23 122
118 217
162 261
82 181
18 117
167 266
80 179
154 253
131 230
191 290
90 189
132 231
192 291
68 167
112 211
161 260
141 240
7 106
29 128
172 271
32 131
59 158
8 107
21 120
193 292
141 240
88 187
21 120
10 109
173 272
110 209
155 254
194 293
4 103
80 179
19 118
156 255
2 101
64 163
128 227
180 279
98 197
140 239
44 143
186 285
176 275
171 270
147 246
92 191
100 199
126 225
80 179
88 187
107 206
187 286
140 239
160 259
181 280
122 221
190 289
149 248
107 206
24 123
186 285
162 261
171 270
127 226
19 118
45 144
151 250
55 154
90 189
81 180
112 211
39 138
108 207
169 268
40 139
25 124
10 109
77 176
12 111
55 154
5 104
5 104
113 212
101 200
105 204
131 230
176 275
162 261
124 223
159 258
196 295
8 107
173 272
44 143
52 151
138 237
184 283
193 292
2 101
106 205
131 230
154 253
141 240
123 222
49 148
23 122
22 121
114 213
66 165
133 232
74 173
0 99
103 202
41 140
93 192
169 268
28 127
51 150
161 260
68 167
21 120
135 234
50 149
79 178
102 201
65 164
183 282
138 237
114 213
170 269
179 278
29 128
117 216
78 177
55 154
112 211
115 214
4 103
20 119
121 220
91 190
88 187
3 102
157 256
32 131
25 124
6 105
165 264
96 195
80 179
125 224
9 108
140 239
141 240
89 188
56 155
8 107
14 113
151 250
1 100
134 233
27 126
18 117
11 110
95 194
56 155
91 190
192 291
10 109
112 211
72 171
114 213
169 268
137 236
17 116
165 264
134 233
148 247
52 151
181 280
143 242
20 119
49 148
58 157
162 261
112 211
119 218
5 104
127 226
141 240
113 212
82 181
44 143
6 105
76 175
152 251
18 117
127 226
105 204
103 202
107 206
3 102
51 150
81 180
137 236
44 143
140 239
64 163
153 252
98 197
38 137
78 177
92 191
71 170
116 215
33 132
100 199
50 149
148 247
147 246
130 229
140 239
20 119
192 291
111 210
86 185
52 151
54 153
80 179
11 110
73 172
150 249
5 104
102 201
133 232
95 194
68 167
142 241
32 131
177 276
103 202
63 162
45 144
5 104
179 278
41 140
72 171
49 148
63 162
166 265
123 222
126 225
156 255
64 163
30 129
116 215
181 280
119 218
102 201
89 188
55 154
91 190
191 290
95 194
105 204
101 200
23 122
85 184
179 278
69 168
186 285
66 165
135 234
1 100
9 108
78 177
140 239
104 203
147 246
79 178
67 166
120 219
101 200
121 220
129 228
93 192
136 235
91 190
8 107
79 178
119 218
119 218
106 205
121 220
64 163
174 273
19 118
48 147
18 117
46 145
96 195
187 286
140 239
181 280
44 143
44 143
102 201
193 292
32 131
150 249
95 194
173 272
118 217
69 168
17 116
92 191
115 214
49 148
98 197
76 175
7 106
14 113
52 151
71 170
3 102
134 233
133 232
173 272
126 225
167 266
168 267
145 244
190 289
101 200
61 160
112 211
179 278
81 180
114 213
166 265
172 271
182 281
142 241
120 219
30 129
152 251
97 196
41 140
33 132
3 102
163 262
117 216
1 100
157 256
161 260
84 183
1 100
112 211
105 204
19 118
157 256
11 110
80 179
13 112
49 148
37 136
196 295
135 234
128 227
123 222
62 161
131 230
174 273
39 138
9 108
36 135
170 269
67 166
120 219
36 135
118 217
160 259
102 201
103 202
121 220
51 150
80 179
109 208
130 229
71 170
149 248
157 256
26 125
4 103
156 255
63 162
141 240
130 229
98 197
92 191
8 107
21 120
3 102
2 101
142 241
172 271
51 150
173 272
179 278
90 189
177 276
46 145
134 233
66 165
2 101
42 141
90 189
171 270
75 174
107 206
12 111
103 202
117 216
9 108
150 249
130 229
55 154
194 293
50 149
137 236
3 102
131 230
124 223
72 171
128 227
179 278
194 293
182 281
105 204
175 274
124 223
131 230
98 197
79 178
85 184
43 142
185 284
56 155
89 188
17 116
125 224
56 155
106 205
66 165
88 187
12 111
31 130
133 232
157 256
149 248
102 201
128 227
192 291
178 277
150 249
113 212
103 202
100 199
130 229
95 194
121 220
141 240
83 182
26 125
146 245
7 106
91 190
171 270
35 134
190 289
111 210
191 290
4 103
155 254
187 286
70 169
12 111
195 294
165 264
31 130
31 130
91 190
177 276
1 100
151 250
28 127
75 174
185 284
2 101
187 286
108 207
7 106
49 148
10 109
160 259
78 177
47 146
20 119
131 230
126 225
33 132
145 244
73 172
132 231
90 189
29 128
48 147
172 271
120 219
177 276
63 162
185 284
64 163
120 219
14 113
44 143
187 286
173 272
185 284
71 170
129 228
195 294
183 282
40 139
183 282
130 229
26 125
53 152
45 144
191 290
40 139
127 226
159 258
127 226
48 147
89 188
126 225
178 277
132 231
74 173
158 257
50 149
173 272
138 237
70 169
143 242
155 254
184 283
81 180
36 135
52 151
13 112
55 154
127 226
183 282
9 108
173 272
124 223
71 170
5 104
42 141
54 153
176 275
180 279
173 272
88 187
99 198
177 276
76 175
41 140
12 111
23 122
195 294
69 168
53 152
144 243
56 155
58 157
57 156
129 228
110 209
160 259
122 221
101 200
26 125
193 292
104 203
174 273
54 153
118 217
131 230
182 281
117 216
139 238
177 276
159 258
121 220
38 137
162 261
21 120
57 156
102 201
155 254
13 112
171 270
95 194
117 216
20 119
65 164
132 231
61 160
121 220
160 259
163 262
184 283
28 127
20 119
11 110
30 129
188 287
95 194
8 107
181 280
126 225
151 250
48 147
90 189
113 212
127 226
26 125
177 276
137 236
101 200
121 220
118 217
104 203
88 187
188 287
76 175
136 235
171 270
129 228
38 137
58 157
78 177
117 216
108 207
169 268
110 209
121 220
44 143
4 103
109 208
133 232
115 214
5 104
178 277
98 197
65 164
10 109
155 254
165 264
178 277
153 252
129 228
132 231
176 275
145 244
21 120
36 135
120 219
196 295
73 172
158 257
90 189
112 211
123 222
96 195
100 199
73 172
31 130
144 243
100 199
169 268
60 159
164 263
148 247
67 166
149 248
146 245
11 110
100 199
197 296
182 281
144 243
187 286
116 215
52 151
105 204
183 282
150 249
30 129
105 204
39 138
8 107
164 263
46 145
69 168
155 254
132 231
122 221
74 173
100 199
184 283
196 295
17 116
156 255
88 187
43 142
192 291
133 232
100 199
1 100
61 160
115 214
24 123
118 217
4 103
160 259
194 293
131 230
151 250
175 274
128 227
84 183
161 260
59 158
128 227
173 272
84 183
133 232
24 123
63 162
31 130
116 215
186 285
146 245
76 175
81 180
71 170
148 247
175 274
173 272
71 170
24 123
166 265
80 179
31 130
137 236
114 213
161 260
131 230
43 142
119 218
80 179
21 120
117 216
185 284
11 110
71 170
9 108
142 241
5 104
47 146
14 113
143 242
88 187
117 216
183 282
194 293
129 228
174 273
36 135
152 251
53 152
39 138
57 156
120 219
7 106
13 112
21 120
185 284
7 106
108 207
20 119
12 111
147 246
35 134
188 287
16 115
22 121
76 175
154 253
116 215
193 292
83 182
192 291
180 279
197 296
167 266
123 222
103 202
192 291
131 230
51 150
102 201
33 132
4 103
87 186
11 110
7 106
186 285
117 216
188 287
183 282
145 244
132 231
134 233
178 277
161 260
135 234
101 200
36 135
115 214
34 133
1 100
139 238
176 275
195 294
120 219
129 228
152 251
104 203
154 253
179 278
120 219
76 175
169 268
182 281
87 186
152 251
139 238
179 278
149 248
53 152
144 243
110 209
180 279
79 178
187 286
92 191
197 296
194 293
175 274
120 219
96 195
116 215
100 199
86 185
131 230
90 189
108 207
0 99
70 169
126 225
195 294
164 263
83 182
152 251
197 296
81 180
49 148
17 116
40 139
124 223
41 140
27 126
159 258
58 157
49 148
86 185
185 284
125 224
179 278
171 270
97 196
112 211
111 210
137 236
143 242
15 114
3 102
27 126
195 294
44 143
168 267
20 119
67 166
64 163
28 127
130 229
133 232
93 192
68 167
72 171
117 216
64 163
132 231
189 288
8 107
30 129
20 119
131 230
145 244
172 271
128 227
127 226
130 229
194 293
1 100
73 172
17 116
173 272
117 216
83 182
23 122
183 282
21 120
127 226
4 103
94 193
85 184
168 267
197 296
48 147
178 277
180 279
153 252
162 261
118 217
74 173
101 200
162 261
22 121
104 203
18 117
179 278
180 279
174 273
144 243
106 205
26 125
126 225
108 207
184 283
101 200
147 246
62 161
65 164
136 235
179 278
45 144
45 144
3 102
126 225
150 249
27 126
168 267
69 168
133 232
185 284
57 156
100 199
39 138
85 184
188 287
41 140
162 261
70 169
15 114
186 285
190 289
195 294
165 264
133 232
116 215
173 272
163 262
42 141
12 111
120 219
125 224
134 233
162 261
67 166
150 249
35 134
56 155
59 158
190 289
59 158
126 225
153 252
13 112
109 208
153 252
38 137
100 199
160 259
11 110
130 229
131 230
125 224
161 260
139 238
194 293
179 278
25 124
112 211
84 183
25 124
154 253
123 222
179 278
18 117
171 270
27 126
94 193
97 196
32 131
161 260
158 257
55 154
175 274
1 100
89 188
189 288
104 203
20 119
172 271
171 270
19 118
31 130
99 198
163 262
25 124
185 284
113 212
184 283
30 129
152 251
127 226
85 184
69 168
63 162
118 217
2 101
102 201
120 219
174 273
145 244
152 251
83 182
160 259
62 161
16 115
164 263
168 267
19 118
16 115
173 272
99 198
144 243
20 119
11 110
25 124
39 138
128 227
95 194
84 183
186 285
165 264
88 187
22 121
7 106
30 129
139 238
105 204
21 120
110 209
102 201
45 144
20 119
27 126
98 197
161 260
178 277
2 101
3 102
22 121
163 262
23 122
142 241
16 115
164 263
121 220
184 283
186 285
63 162
22 121
14 113
134 233
130 229
179 278
155 254
194 293
163 262
137 236
32 131
155 254
189 288
186 285
113 212
67 166
25 124
101 200
30 129
178 277
197 296
191 290
163 262
142 241
13 112
157 256
83 182
1 100
140 239
120 219
28 127
43 142
96 195
0 99
128 227
71 170
91 190
143 242
44 143
189 288
155 254
154 253
157 256
36 135
123 222
8 107
136 235
129 228
94 193
173 272
124 223
77 176
39 138
140 239
67 166
74 173
169 268
11 110
137 236
130 229
180 279
25 124
65 164
96 195
125 224
68 167
160 259
197 296
89 188
15 114
179 278
90 189
42 141
156 255
135 234
33 132
52 151
40 139
67 166
103 202
101 200
194 293
59 158
80 179
67 166
151 250
178 277
172 271
127 226
109 208
142 241
101 200
114 213
7 106
84 183
78 177
13 112
10 109
167 266
99 198
38 137
106 205
19 118
91 190
6 105
62 161
77 176
139 238
73 172
18 117
166 265
192 291
9 108
133 232
130 229
29 128
148 247
161 260
49 148
177 276
48 147
118 217
81 180
98 197
128 227
89 188
116 215
95 194
101 200
15 114
31 130
56 155
32 131
99 198
34 133
189 288
8 107
160 259
143 242
154 253
21 120
114 213
119 218
3 102
185 284
155 254
190 289
59 158
53 152
123 222
68 167
102 201
69 168
84 183
10 109
78 177
8 107
162 261
114 213
39 138
10 109
59 158
61 160
32 131
119 218
182 281
18 117
146 245
125 224
104 203
95 194
89 188
87 186
172 271
153 252
92 191
50 149
189 288
57 156
155 254
164 263
128 227
12 111
174 273
10 109
123 222
135 234
24 123
72 171
59 158
83 182
7 106
44 143
136 235
116 215
185 284
29 128
187 286
138 237
46 145
123 222
158 257
96 195
29 128
180 279
110 209
72 171
174 273
138 237
97 196
34 133
137 236
19 118
105 204
60 159
21 120
186 285
103 202
133 232
190 289
98 197
62 161
193 292
133 232
49 148
117 216
100 199
23 122
29 128
161 260
8 107
32 131
157 256
3 102
156 255
87 186
102 201
121 220
111 210
148 247
180 279
35 134
92 191
136 235
130 229
152 251
48 147
55 154
52 151
31 130
125 224
46 145
96 195
194 293
88 187
46 145
74 173
124 223
186 285
81 180
89 188
100 199
68 167
140 239
65 164
156 255
33 132
26 125
175 274
100 199
125 224
152 251
47 146
11 110
184 283
54 153
190 289
55 154
168 267
3 102
37 136
149 248
19 118
126 225
179 278
85 184
80 179
108 207
2 101
179 278
136 235
60 159
3 102
121 220
138 237
16 115
183 282
193 292
12 111
81 180
53 152
99 198
121 220
175 274
185 284
58 157
88 187
50 149
125 224
193 292
21 120
2 101
60 159
48 147
167 266
172 271
97 196
179 278
45 144
13 112
46 145
43 142
131 230
11 110
116 215
119 218
177 276
116 215
65 164
163 262
184 283
63 162
115 214
176 275
132 231
114 213
123 222
196 295
34 133
111 210
166 265
5 104
39 138
118 217
78 177
61 160
9 108
124 223
132 231
114 213
57 156
145 244
54 153
144 243
8 107
109 208
188 287
101 200
59 158
129 228
153 252
36 135
11 110
25 124
158 257
146 245
139 238
159 258
145 244
77 176
51 150
125 224
73 172
50 149
51 150
42 141
155 254
65 164
146 245
139 238
3 102
189 288
79 178
1 100
34 133
21 120
143 242
144 243
182 281
102 201
19 118
117 216
141 240
168 267
159 258
64 163
119 218
180 279
94 193
17 116
33 132
183 282
41 140
49 148
117 216
58 157
197 296
6 105
54 153
174 273
147 246
156 255
77 176
159 258
119 218
100 199
93 192
22 121
174 273
114 213
76 175
74 173
65 164
83 182
184 283
186 285
164 263
35 134
65 164
28 127
176 275
97 196
41 140
171 270
22 121
168 267
145 244
58 157
188 287
62 161
98 197
84 183
22 121
7 106
89 188
20 119
94 193
32 131
126 225
53 152
147 246
97 196
157 256
82 181
131 230
162 261
107 206
138 237
123 222
59 158
65 164
170 269
55 154
174 273
11 110
97 196
55 154
119 218
16 115
192 291
84 183
182 281
55 154
88 187
38 137
95 194
38 137
116 215
0 99
185 284
42 141
51 150
68 167
36 135
24 123
189 288
113 212
8 107
109 208
112 211
196 295
101 200
181 280
79 178
57 156
100 199
165 264
197 296
9 108
174 273
128 227
5 104
21 120
75 174
95 194
99 198
5 104
128 227
34 133
155 254
72 171
15 114
137 236
156 255
111 210
167 266
195 294
66 165
177 276
146 245
53 152
92 191
88 187
3 102
55 154
123 222
94 193
5 104
3 102
93 192
18 117
110 209
163 262
70 169
161 260
132 231
3 102
24 123
33 132
111 210
139 238
143 242
28 127
47 146
179 278
53 152
4 103
163 262
132 231
78 177
61 160
112 211
122 221
148 247
100 199
121 220
21 120
29 128
16 115
62 161
43 142
75 174
64 163
48 147
30 129
92 191
26 125
85 184
141 240
63 162
185 284
65 164
164 263
4 103
15 114
99 198
52 151
106 205
174 273
105 204
96 195
133 232
76 175
52 151
76 175
63 162
7 106
8 107
34 133
172 271
85 184
32 131
89 188
34 133
40 139
4 103
165 264
19 118
147 246
144 243
36 135
42 141
66 165
57 156
12 111
103 202
98 197
43 142
84 183
150 249
34 133
79 178
149 248
164 263
177 276
173 272
31 130
157 256
184 283
122 221
99 198
151 250
117 216
45 144
35 134
158 257
5 104
10 109
139 238
114 213
28 127
186 285
18 117
68 167
173 272
171 270
192 291
105 204
121 220
155 254
53 152
4 103
169 268
9 108
172 271
136 235
166 265
5 104
50 149
51 150
74 173
15 114
46 145
12 111
39 138
104 203
17 116
81 180
24 123
148 247
63 162
174 273
13 112
61 160
6 105
4 103
50 149
138 237
158 257
100 199
60 159
131 230
170 269
96 195
158 257
141 240
82 181
0 99
155 254
45 144
164 263
97 196
181 280
119 218
62 161
150 249
144 243
151 250
86 185
76 175
75 174
130 229
55 154
58 157
142 241
73 172
31 130
128 227
5 104
68 167
97 196
42 141
44 143
158 257
135 234
81 180
147 246
197 296
134 233
82 181
141 240
49 148
123 222
161 260
68 167
177 276
24 123
15 114
37 136
145 244
79 178
172 271
5 104
21 120
71 170
95 194
196 295
62 161
96 195
127 226
107 206
87 186
39 138
152 251
122 221
44 143
145 244
62 161
34 133
42 141
181 280
39 138
84 183
86 185
97 196
15 114
130 229
137 236
65 164
36 135
130 229
25 124
29 128
53 152
40 139
87 186
170 269
178 277
130 229
22 121
32 131
63 162
150 249
78 177
105 204
147 246
153 252
167 266
110 209
121 220
153 252
98 197
154 253
64 163
36 135
172 271
181 280
89 188
105 204
53 152
92 191
32 131
7 106
28 127
89 188
33 132
52 151
64 163
150 249
186 285
89 188
172 271
189 288
113 212
145 244
166 265
7 106
12 111
13 112
137 236
137 236
158 257
122 221
98 197
174 273
25 124
56 155
165 264
167 266
190 289
126 225
154 253
135 234
66 165
135 234
126 225
72 171
113 212
31 130
148 247
5 104
66 165
111 210
56 155
56 155
1 100
132 231
106 205
44 143
20 119
187 286
195 294
190 289
12 111
17 116
154 253
65 164
46 145
65 164
6 105
121 220
67 166
5 104
153 252
13 112
107 206
170 269
59 158
61 160
48 147
34 133
174 273
88 187
77 176
8 107
193 292
35 134
189 288
12 111
62 161
147 246
197 296
113 212
138 237
14 113
0 99
19 118
39 138
68 167
117 216
169 268
1 100
75 174
99 198
4 103
16 115
176 275
145 244
187 286
75 174
165 264
40 139
2 101
134 233
30 129
4 103
167 266
175 274
122 221
117 216
66 165
81 180
14 113
121 220
163 262
126 225
52 151
118 217
106 205
75 174
103 202
87 186
125 224
86 185
76 175
123 222
194 293
25 124
193 292
85 184
142 241
38 137
183 282
162 261
96 195
114 213
6 105
74 173
164 263
162 261
127 226
58 157
153 252
18 117
116 215
157 256
169 268
142 241
142 241
38 137
184 283
145 244
142 241
71 170
0 99
36 135
158 257
194 293
192 291
153 252
86 185
107 206
52 151
49 148
10 109
94 193
7 106
136 235
103 202
10 109
150 249
185 284
128 227
145 244
179 278
107 206
115 214
53 152
146 245
128 227
25 124
140 239
72 171
161 260
112 211
176 275
20 119
190 289
158 257
142 241
4 103
114 213
157 256
136 235
44 143
47 146
91 190
152 251
144 243
102 201
14 113
101 200
48 147
121 220
80 179
50 149
108 207
121 220
44 143
78 177
161 260
32 131
145 244
165 264
49 148
182 281
179 278
82 181
156 255
110 209
109 208
39 138
145 244
189 288
191 290
153 252
100 199
6 105
17 116
21 120
19 118
122 221
28 127
22 121
67 166
51 150
147 246
23 122
177 276
8 107
138 237
152 251
125 224
109 208
87 186
113 212
121 220
1 100
163 262
152 251
78 177
29 128
0 99
152 251
106 205
167 266
67 166
191 290
50 149
158 257
153 252
70 169
132 231
14 113
45 144
61 160
152 251
22 121
66 165
98 197
174 273
14 113
185 284
107 206
40 139
138 237
46 145
106 205
0 99
171 270
159 258
186 285
194 293
84 183
13 112
56 155
78 177
160 259
84 183
56 155
106 205
144 243
189 288
86 185
25 124
156 255
129 228
86 185
132 231
114 213
179 278
17 116
143 242
152 251
110 209
195 294
19 118
117 216
135 234
55 154
114 213
136 235
24 123
178 277
50 149
177 276
103 202
2 101
103 202
157 256
194 293
101 200
8 107
150 249
154 253
104 203
50 149
136 235
132 231
24 123
12 111
84 183
132 231
84 183
66 165
115 214
192 291
77 176
176 275
57 156
132 231
40 139
69 168
81 180
69 168
86 185
20 119
185 284
111 210
86 185
139 238
3 102
196 295
144 243
42 141
83 182
7 106
173 272
79 178
118 217
39 138
46 145
74 173
117 216
165 264
122 221
106 205
87 186
57 156
122 221
145 244
32 131
35 134
190 289
185 284
140 239
181 280
131 230
13 112
23 122
76 175
113 212
40 139
7 106
181 280
117 216
88 187
188 287
188 287
163 262
36 135
51 150
139 238
18 117
76 175
186 285
143 242
149 248
156 255
115 214
21 120
39 138
17 116
131 230
107 206
184 283
184 283
5 104
16 115
116 215
71 170
135 234
190 289
0 99
31 130
105 204
182 281
29 128
196 295
177 276
11 110
171 270
132 231
151 250
82 181
13 112
88 187
137 236
81 180
49 148
160 259
65 164
164 263
182 281
70 169
124 223
86 185
24 123
53 152
34 133
49 148
184 283
180 279
8 107
127 226
159 258
37 136
29 128
79 178
112 211
23 122
27 126
42 141
197 296
63 162
152 251
67 166
186 285
176 275
183 282
88 187
178 277
159 258
91 190
26 125
150 249
1 100
136 235
81 180
126 225
171 270
96 195
58 157
176 275
183 282
69 168
100 199
89 188
28 127
66 165
194 293
150 249
85 184
72 171
146 245
153 252
92 191
129 228
50 149
93 192
7 106
191 290
121 220
135 234
123 222
41 140
26 125
126 225
93 192
76 175
3 102
102 201
176 275
81 180
168 267
28 127
140 239
76 175
20 119
24 123
99 198
18 117
59 158
44 143
66 165
62 161
147 246
139 238
42 141
95 194
31 130
69 168
76 175
37 136
119 218
52 151
84 183
53 152
96 195
131 230
84 183
135 234
43 142
23 122
59 158
178 277
83 182
7 106
159 258
151 250
180 279
184 283
8 107
80 179
96 195
38 137
126 225
23 122
173 272
29 128
125 224
60 159
84 183
35 134
28 127
69 168
24 123
163 262
1 100
78 177
64 163
5 104
121 220
83 182
98 197
163 262
195 294
141 240
172 271
142 241
171 270
94 193
2 101
44 143
24 123
175 274
179 278
161 260
138 237
13 112
155 254
23 122
48 147
85 184
59 158
117 216
169 268
24 123
76 175
85 184
64 163
37 136
1 100
155 254
114 213
137 236
191 290
189 288
10 109
98 197
6 105
93 192
32 131
129 228
72 171
131 230
17 116
101 200
197 296
112 211
45 144
94 193
83 182
89 188
69 168
77 176
85 184
106 205
6 105
85 184
195 294
135 234
179 278
48 147
3 102
97 196
177 276
85 184
147 246
178 277
194 293
159 258
11 110
19 118
172 271
146 245
149 248
125 224
65 164
67 166
92 191
60 159
155 254
82 181
162 261
10 109
10 109
10 109
54 153
187 286
1 100
63 162
92 191
52 151
39 138
134 233
88 187
171 270
142 241
129 228
22 121
197 296
77 176
56 155
174 273
48 147
16 115
60 159
153 252
40 139
53 152
170 269
35 134
7 106
144 243
24 123
73 172
176 275
138 237
154 253
183 282
79 178
71 170
77 176
96 195
61 160
149 248
40 139
75 174
137 236
144 243
151 250
59 158
23 122
60 159
125 224
55 154
110 209
115 214
47 146
17 116
84 183
17 116
161 260
15 114
72 171
8 107
5 104
105 204
151 250
72 171
73 172
195 294
99 198
24 123
162 261
45 144
97 196
64 163
56 155
116 215
92 191
188 287
15 114
66 165
1 100
96 195
69 168
96 195
157 256
7 106
91 190
0 99
99 198
72 171
121 220
97 196
127 226
99 198
182 281
167 266
35 134
183 282
140 239
148 247
115 214
78 177
143 242
185 284
67 166
170 269
194 293
186 285
128 227
21 120
127 226
161 260
39 138
14 113
79 178
108 207
170 269
37 136
22 121
13 112
88 187
159 258
168 267
3 102
164 263
195 294
53 152
60 159
103 202
152 251
9 108
34 133
71 170
44 143
130 229
16 115
33 132
66 165
110 209
166 265
60 159
196 295
75 174
156 255
136 235
74 173
191 290
27 126
27 126
28 127
133 232
105 204
190 289
42 141
54 153
172 271
82 181
157 256
74 173
48 147
154 253
78 177
73 172
7 106
158 257
138 237
157 256
158 257
61 160
175 274
73 172
125 224
5 104
20 119
165 264
177 276
20 119
62 161
49 148
118 217
153 252
171 270
150 249
101 200
120 219
160 259
138 237
196 295
184 283
47 146
16 115
13 112
35 134
178 277
102 201
183 282
155 254
122 221
83 182
67 166
140 239
154 253
156 255
167 266
157 256
174 273
46 145
64 163
64 163
142 241
148 247
18 117
15 114
55 154
86 185
11 110
139 238
96 195
93 192
75 174
66 165
168 267
61 160
109 208
171 270
12 111
49 148
59 158
46 145
14 113
145 244
53 152
112 211
142 241
43 142
100 199
121 220
148 247
99 198
128 227
164 263
160 259
178 277
20 119
123 222
111 210
107 206
161 260
86 185
158 257
15 114
51 150
37 136
97 196
115 214
50 149
15 114
172 271
33 132
132 231
167 266
146 245
95 194
188 287
24 123
81 180
182 281
43 142
80 179
154 253
85 184
188 287
30 129
38 137
47 146
177 276
193 292
111 210
141 240
72 171
46 145
33 132
153 252
136 235
68 167
140 239
34 133
185 284
129 228
89 188
55 154
197 296
7 106
181 280
60 159
26 125
169 268
23 122
23 122
78 177
193 292
65 164
18 117
10 109
52 151
88 187
19 118
29 128
31 130
187 286
60 159
81 180
29 128
127 226
11 110
129 228
26 125
42 141
101 200
78 177
66 165
110 209
154 253
24 123
41 140
174 273
140 239
121 220
113 212
103 202
149 248
21 120
1 100
74 173
145 244
161 260
127 226
17 116
28 127
44 143
78 177
30 129
119 218
70 169
142 241
116 215
157 256
159 258
182 281
82 181
69 168
80 179
33 132
96 195
88 187
158 257
46 145
120 219
8 107
186 285
47 146
81 180
109 208
181 280
67 166
136 235
18 117
166 265
168 267
7 106
118 217
170 269
188 287
42 141
169 268
70 169
25 124
162 261
152 251
147 246
119 218
29 128
184 283
51 150
80 179
159 258
76 175
169 268
192 291
25 124
164 263
56 155
18 117
55 154
10 109
156 255
134 233
12 111
17 116
174 273
181 280
4 103
35 134
112 211
184 283
193 292
160 259
194 293
109 208
67 166
194 293
37 136
158 257
40 139
115 214
76 175
101 200
123 222
184 283
55 154
29 128
52 151
93 192
77 176
175 274
148 247
75 174
37 136
23 122
184 283
189 288
23 122
77 176
107 206
58 157
143 242
112 211
66 165
60 159
175 274
106 205
142 241
167 266
87 186
80 179
191 290
103 202
84 183
26 125
196 295
159 258
30 129
154 253
64 163
43 142
4 103
184 283
148 247
58 157
58 157
107 206
75 174
94 193
53 152
18 117
54 153
116 215
56 155
180 279
179 278
106 205
190 289
14 113
108 207
180 279
29 128
135 234
91 190
62 161
80 179
78 177
68 167
43 142
20 119
148 247
104 203
23 122
65 164
182 281
101 200
15 114
123 222
177 276
59 158
17 116
170 269
112 211
174 273
78 177
122 221
97 196
17 116
40 139
133 232
42 141
31 130
161 260
110 209
88 187
73 172
180 279
102 201
158 257
4 103
154 253
15 114
14 113
36 135
156 255
146 245
112 211
33 132
30 129
85 184
87 186
124 223
186 285
159 258
131 230
77 176
126 225
56 155
133 232
112 211
61 160
126 225
32 131
36 135
32 131
50 149
51 150
37 136
186 285
84 183
46 145
158 257
155 254
121 220
184 283
128 227
156 255
86 185
46 145
11 110
29 128
142 241
170 269
42 141
59 158
78 177
60 159
157 256
8 107
21 120
93 192
44 143
166 265
75 174
18 117
172 271
146 245
13 112
114 213
113 212
156 255
3 102
78 177
0 99
190 289
3 102
172 271
21 120
89 188
105 204
3 102
141 240
25 124
175 274
171 270
70 169
22 121
23 122
177 276
62 161
154 253
89 188
40 139
42 141
108 207
79 178
98 197
47 146
77 176
60 159
6 105
100 199
85 184
0 99
9 108
60 159
37 136
20 119
69 168
111 210
42 141
83 182
97 196
69 168
122 221
143 242
178 277
117 216
178 277
10 109
156 255
48 147
72 171
150 249
99 198
110 209
38 137
192 291
70 169
73 172
52 151
16 115
130 229
189 288
83 182
39 138
9 108
16 115
178 277
138 237
188 287
153 252
162 261
4 103
117 216
181 280
56 155
102 201
6 105
164 263
153 252
50 149
153 252
121 220
105 204
90 189
47 146
189 288
156 255
34 133
188 287
77 176
181 280
197 296
155 254
66 165
132 231
150 249
154 253
71 170
99 198
77 176
54 153
161 260
155 254
104 203
59 158
89 188
135 234
42 141
73 172
150 249
87 186
192 291
170 269
75 174
27 126
14 113
87 186
3 102
43 142
139 238
109 208
81 180
191 290
102 201
52 151
26 125
17 116
154 253
88 187
86 185
179 278
132 231
71 170
14 113
121 220
0 99
33 132
166 265
90 189
127 226
89 188
64 163
144 243
177 276
152 251
190 289
90 189
119 218
40 139
176 275
117 216
20 119
42 141
88 187
184 283
132 231
191 290
11 110
44 143
188 287
144 243
52 151
103 202
187 286
129 228
0 99
111 210
84 183
161 260
86 185
179 278
172 271
190 289
175 274
76 175
46 145
196 295
157 256
110 209
39 138
52 151
134 233
186 285
131 230
63 162
19 118
180 279
8 107
92 191
78 177
117 216
42 141
163 262
170 269
34 133
77 176
183 282
49 148
115 214
34 133
64 163
145 244
159 258
164 263
110 209
70 169
137 236
24 123
124 223
22 121
96 195
153 252
45 144
142 241
114 213
3 102
71 170
148 247
51 150
140 239
57 156
119 218
150 249
22 121
53 152
156 255
113 212
39 138
141 240
132 231
123 222
173 272
127 226
171 270
11 110
9 108
102 201
106 205
183 282
115 214
113 212
137 236
110 209
94 193
50 149
137 236
183 282
158 257
106 205
1 100
111 210
181 280
78 177
107 206
116 215
10 109
91 190
124 223
150 249
178 277
103 202
105 204
48 147
52 151
185 284
29 128
87 186
30 129
119 218
81 180
150 249
157 256
12 111
55 154
136 235
186 285
75 174
14 113
124 223
89 188
80 179
107 206
101 200
100 199
130 229
158 257
144 243
21 120
31 130
7 106
167 266
178 277
141 240
98 197
134 233
45 144
46 145
84 183
193 292
60 159
28 127
76 175
23 122
165 264
138 237
38 137
172 271
37 136
161 260
129 228
107 206
80 179
194 293
1 100
176 275
108 207
111 210
63 162
60 159
26 125
78 177
188 287
21 120
24 123
47 146
113 212
166 265
94 193
177 276
165 264
4 103
183 282
145 244
3 102
106 205
128 227
138 237
108 207
44 143
171 270
102 201
191 290
110 209
171 270
176 275
91 190
0 99
153 252
18 117
91 190
131 230
32 131
128 227
136 235
187 286
183 282
143 242
118 217
142 241
184 283
6 105
39 138
168 267
99 198
24 123
9 108
84 183
170 269
167 266
185 284
101 200
165 264
105 204
13 112
49 148
49 148
124 223
141 240
113 212
12 111
166 265
10 109
145 244
1 100
164 263
22 121
34 133
164 263
92 191
113 212
11 110
108 207
162 261
106 205
15 114
147 246
68 167
50 149
76 175
180 279
6 105
54 153
179 278
34 133
9 108
40 139
7 106
29 128
108 207
182 281
24 123
176 275
37 136
122 221
184 283
25 124
80 179
84 183
56 155
86 185
57 156
25 124
161 260
80 179
150 249
171 270
96 195
120 219
0 99
152 251
53 152
69 168
139 238
102 201
166 265
184 283
72 171
69 168
177 276
70 169
41 140
4 103
173 272
106 205
135 234
81 180
69 168
139 238
145 244
103 202
114 213
97 196
163 262
176 275
142 241
136 235
138 237
142 241
133 232
6 105
43 142
164 263
163 262
59 158
137 236
151 250
44 143
178 277
137 236
159 258
79 178
147 246
63 162
117 216
177 276
173 272
70 169
157 256
169 268
46 145
169 268
95 194
122 221
80 179
44 143
188 287
88 187
165 264
88 187
34 133
10 109
45 144
54 153
56 155
117 216
68 167
46 145
27 126
181 280
111 210
127 226
0 99
151 250
21 120
42 141
31 130
17 116
127 226
70 169
7 106
84 183
174 273
161 260
145 244
154 253
13 112
40 139
85 184
186 285
129 228
27 126
75 174
67 166
108 207
79 178
69 168
149 248
194 293
97 196
14 113
115 214
21 120
2 101
197 296
160 259
172 271
134 233
20 119
180 279
197 296
123 222
68 167
82 181
23 122
134 233
68 167
124 223
107 206
38 137
117 216
15 114
168 267
188 287
97 196
4 103
5 104
153 252
144 243
161 260
137 236
93 192
24 123
50 149
79 178
171 270
101 200
12 111
170 269
46 145
169 268
173 272
68 167
43 142
189 288
99 198
23 122
120 219
99 198
67 166
60 159
173 272
68 167
89 188
16 115
137 236
136 235
56 155
39 138
190 289
146 245
26 125
91 190
179 278
134 233
173 272
127 226
160 259
180 279
15 114
81 180
1 100
59 158
168 267
176 275
62 161
139 238
194 293
196 295
187 286
94 193
121 220
178 277
111 210
153 252
13 112
145 244
149 248
59 158
13 112
182 281
49 148
135 234
16 115
136 235
63 162
4 103
125 224
123 222
79 178
105 204
29 128
22 121
43 142
180 279
4 103
68 167
179 278
6 105
104 203
53 152
96 195
11 110
163 262
92 191
182 281
41 140
159 258
22 121
96 195
63 162
130 229
88 187
93 192
115 214
145 244
34 133
110 209
129 228
171 270
8 107
153 252
176 275
131 230
34 133
184 283
86 185
185 284
158 257
149 248
75 174
152 251
196 295
76 175
154 253
163 262
9 108
86 185
47 146
116 215
153 252
19 118
6 105
135 234
194 293
4 103
78 177
159 258
41 140
65 164
12 111
40 139
27 126
48 147
150 249
58 157
197 296
13 112
85 184
179 278
77 176
116 215
192 291
90 189
129 228
68 167
190 289
32 131
132 231
39 138
49 148
54 153
31 130
66 165
153 252
57 156
118 217
133 232
107 206
89 188
168 267
143 242
70 169
126 225
130 229
128 227
35 134
53 152
82 181
74 173
114 213
2 101
31 130
103 202
34 133
166 265
144 243
97 196
165 264
177 276
70 169
124 223
12 111
148 247
177 276
145 244
105 204
65 164
42 141
145 244
174 273
155 254
135 234
56 155
61 160
88 187
87 186
173 272
161 260
60 159
172 271
179 278
35 134
136 235
174 273
8 107
43 142
161 260
69 168
55 154
151 250
149 248
105 204
135 234
71 170
8 107
72 171
84 183
84 183
197 296
6 105
136 235
20 119
173 272
50 149
173 272
39 138
126 225
17 116
113 212
113 212
10 109
192 291
149 248
108 207
78 177
196 295
112 211
197 296
77 176
177 276
196 295
21 120
2 101
31 130
31 130
168 267
24 123
116 215
56 155
0 99
179 278
117 216
137 236
82 181
191 290
196 295
35 134
150 249
109 208
1 100
50 149
72 171
137 236
192 291
134 233
155 254
187 286
190 289
83 182
39 138
79 178
159 258
119 218
197 296
64 163
48 147
47 146
147 246
13 112
57 156
0 99
29 128
43 142
0 99
72 171
146 245
191 290
38 137
193 292
123 222
93 192
176 275
149 248
33 132
60 159
163 262
51 150
129 228
146 245
193 292
103 202
171 270
185 284
86 185
155 254
66 165
21 120
62 161
1 100
117 216
26 125
117 216
144 243
163 262
170 269
55 154
155 254
107 206
106 205
59 158
166 265
72 171
61 160
9 108
9 108
58 157
79 178
66 165
136 235
110 209
51 150
51 150
134 233
142 241
66 165
10 109
104 203
54 153
89 188
3 102
69 168
154 253
16 115
120 219
80 179
127 226
26 125
77 176
76 175
117 216
37 136
188 287
175 274
57 156
5 104
196 295
99 198
93 192
158 257
39 138
140 239
149 248
144 243
131 230
40 139
53 152
29 128
122 221
23 122
144 243
149 248
158 257
7 106
182 281
104 203
191 290
93 192
18 117
96 195
197 296
17 116
73 172
3 102
97 196
50 149
96 195
12 111
61 160
79 178
38 137
104 203
48 147
107 206
14 113
55 154
150 249
182 281
79 178
148 247
89 188
156 255
134 233
60 159
97 196
179 278
4 103
4 103
41 140
107 206
140 239
13 112
80 179
78 177
144 243
59 158
51 150
40 139
81 180
129 228
156 255
77 176
107 206
172 271
138 237
175 274
156 255
9 108
189 288
77 176
147 246
41 140
133 232
150 249
158 257
109 208
60 159
64 163
59 158
84 183
95 194
109 208
171 270
153 252
160 259
94 193
98 197
158 257
164 263
109 208
184 283
93 192
55 154
54 153
169 268
77 176
33 132
64 163
26 125
139 238
85 184
94 193
12 111
87 186
191 290
183 282
169 268
72 171
8 107
81 180
70 169
189 288
51 150
11 110
120 219
167 266
68 167
13 112
46 145
104 203
46 145
35 134
22 121
173 272
97 196
183 282
137 236
136 235
57 156
142 241
179 278
77 176
188 287
39 138
82 181
150 249
182 281
164 263
106 205
99 198
98 197
121 220
50 149
190 289
91 190
131 230
67 166
136 235
96 195
116 215
172 271
106 205
46 145
70 169
174 273
102 201
121 220
127 226
13 112
195 294
194 293
27 126
38 137
179 278
85 184
147 246
133 232
97 196
66 165
115 214
51 150
31 130
39 138
18 117
78 177
18 117
180 279
5 104
24 123
66 165
51 150
156 255
10 109
173 272
150 249
103 202
155 254
54 153
45 144
38 137
12 111
113 212
70 169
182 281
103 202
56 155
161 260
123 222
9 108
91 190
108 207
127 226
192 291
13 112
23 122
170 269
113 212
44 143
161 260
15 114
173 272
24 123
170 269
34 133
74 173
45 144
140 239
35 134
170 269
102 201
144 243
135 234
189 288
172 271
50 149
52 151
150 249
54 153
185 284
21 120
152 251
172 271
38 137
158 257
168 267
153 252
187 286
9 108
98 197
64 163
23 122
194 293
75 174
128 227
165 264
134 233
103 202
112 211
183 282
124 223
106 205
119 218
35 134
46 145
26 125
101 200
186 285
61 160
62 161
193 292
86 185
102 201
156 255
91 190
83 182
91 190
67 166
14 113
169 268
182 281
191 290
90 189
182 281
0 99
42 141
102 201
150 249
122 221
107 206
136 235
105 204
118 217
112 211
182 281
0 99
110 209
116 215
92 191
156 255
179 278
184 283
24 123
57 156
33 132
25 124
159 258
167 266
194 293
158 257
164 263
48 147
105 204
58 157
192 291
101 200
19 118
143 242
64 163
128 227
162 261
179 278
27 126
174 273
176 275
154 253
161 260
23 122
27 126
126 225
149 248
29 128
22 121
169 268
59 158
113 212
118 217
166 265
126 225
179 278
37 136
148 247
95 194
150 249
28 127
176 275
187 286
111 210
92 191
102 201
123 222
183 282
184 283
20 119
44 143
1 100
142 241
176 275
129 228
181 280
47 146
110 209
152 251
165 264
86 185
175 274
96 195
17 116
153 252
195 294
31 130
135 234
38 137
104 203
66 165
122 221
136 235
73 172
154 253
125 224
37 136
101 200
102 201
8 107
3 102
188 287
48 147
81 180
79 178
139 238
61 160
12 111
79 178
81 180
39 138
0 99
16 115
178 277
165 264
189 288
73 172
179 278
63 162
186 285
75 174
20 119
147 246
142 241
11 110
29 128
39 138
157 256
44 143
16 115
117 216
44 143
131 230
170 269
182 281
141 240
79 178
153 252
98 197
159 258
82 181
107 206
27 126
94 193
155 254
30 129
92 191
115 214
143 242
168 267
9 108
58 157
151 250
133 232
156 255
103 202
90 189
31 130
111 210
92 191
17 116
175 274
195 294
114 213
35 134
139 238
85 184
77 176
20 119
90 189
137 236
28 127
111 210
30 129
66 165
137 236
74 173
119 218
112 211
193 292
105 204
136 235
153 252
55 154
126 225
125 224
102 201
92 191
101 200
44 143
13 112
174 273
191 290
6 105
120 219
116 215
106 205
171 270
0 99
17 116
162 261
105 204
152 251
52 151
58 157
120 219
131 230
74 173
180 279
57 156
5 104
16 115
136 235
89 188
17 116
81 180
14 113
67 166
44 143
81 180
180 279
92 191
125 224
75 174
106 205
173 272
41 140
116 215
153 252
36 135
96 195
10 109
57 156
66 165
7 106
166 265
139 238
105 204
177 276
58 157
143 242
11 110
95 194
47 146
120 219
83 182
109 208
180 279
9 108
124 223
156 255
95 194
21 120
79 178
158 257
72 171
111 210
53 152
188 287
179 278
74 173
97 196
95 194
17 116
93 192
66 165
175 274
52 151
49 148
165 264
110 209
140 239
56 155
146 245
109 208
169 268
196 295
141 240
108 207
36 135
185 284
36 135
62 161
26 125
124 223
150 249
68 167
68 167
110 209
46 145
117 216
21 120
7 106
170 269
58 157
147 246
3 102
138 237
11 110
147 246
194 293
152 251
143 242
118 217
121 220
69 168
103 202
123 222
59 158
9 108
85 184
122 221
40 139
38 137
138 237
137 236
162 261
164 263
99 198
130 229
19 118
189 288
178 277
83 182
73 172
0 99
182 281
73 172
1 100
5 104
129 228
102 201
112 211
182 281
118 217
135 234
73 172
50 149
1 100
104 203
148 247
33 132
30 129
127 226
114 213
28 127
157 256
171 270
142 241
93 192
195 294
145 244
69 168
195 294
191 290
136 235
140 239
182 281
47 146
93 192
137 236
94 193
83 182
150 249
84 183
183 282
138 237
14 113
107 206
180 279
8 107
57 156
165 264
195 294
2 101
134 233
135 234
34 133
24 123
169 268
183 282
173 272
17 116
139 238
169 268
142 241
166 265
9 108
162 261
149 248
30 129
113 212
181 280
151 250
32 131
141 240
95 194
151 250
5 104
165 264
69 168
138 237
124 223
58 157
113 212
54 153
22 121
146 245
14 113
158 257
80 179
77 176
48 147
69 168
21 120
88 187
154 253
180 279
170 269
145 244
186 285
146 245
128 227
101 200
21 120
124 223
30 129
188 287
95 194
119 218
53 152
89 188
37 136
60 159
18 117
152 251
123 222
8 107
1 100
21 120
20 119
66 165
121 220
21 120
131 230
23 122
104 203
16 115
124 223
48 147
192 291
30 129
146 245
191 290
80 179
70 169
110 209
100 199
80 179
22 121
10 109
161 260
176 275
81 180
29 128
28 127
73 172
71 170
111 210
24 123
111 210
158 257
120 219
170 269
171 270
75 174
70 169
94 193
83 182
31 130
145 244
92 191
53 152
77 176
75 174
40 139
17 116
67 166
157 256
133 232
136 235
100 199
26 125
149 248
145 244
40 139
41 140
154 253
18 117
2 101
91 190
175 274
187 286
60 159
168 267
98 197
104 203
177 276
157 256
90 189
143 242
32 131
23 122
183 282
86 185
20 119
185 284
51 150
68 167
160 259
66 165
193 292
66 165
10 109
133 232
140 239
142 241
171 270
62 161
138 237
56 155
38 137
0 99
192 291
3 102
181 280
66 165
72 171
34 133
1 100
98 197
41 140
51 150
180 279
31 130
124 223
187 286
127 226
62 161
54 153
189 288
27 126
28 127
153 252
10 109
102 201
124 223
114 213
94 193
100 199
14 113
22 121
13 112
118 217
68 167
162 261
123 222
104 203
162 261
39 138
72 171
70 169
59 158
56 155
119 218
185 284
109 208
57 156
187 286
188 287
131 230
189 288
195 294
47 146
34 133
138 237
182 281
53 152
70 169
46 145
52 151
100 199
71 170
189 288
151 250
154 253
169 268
122 221
173 272
11 110
75 174
30 129
131 230
154 253
52 151
15 114
172 271
45 144
132 231
3 102
54 153
5 104
117 216
89 188
57 156
25 124
81 180
171 270
64 163
38 137
128 227
164 263
72 171
116 215
78 177
57 156
193 292
194 293
2 101
72 171
57 156
95 194
8 107
7 106
59 158
175 274
176 275
81 180
144 243
50 149
129 228
120 219
40 139
92 191
35 134
90 189
70 169
153 252
109 208
14 113
93 192
56 155
21 120
139 238
147 246
49 148
179 278
58 157
96 195
9 108
23 122
182 281
116 215
147 246
32 131
161 260
105 204
69 168
103 202
169 268
73 172
181 280
194 293
74 173
77 176
184 283
28 127
51 150
55 154
73 172
126 225
173 272
33 132
32 131
178 277
196 295
148 247
157 256
50 149
166 265
109 208
190 289
93 192
158 257
87 186
110 209
42 141
138 237
168 267
99 198
56 155
48 147
0 99
130 229
134 233
150 249
135 234
32 131
185 284
77 176
193 292
154 253
109 208
129 228
94 193
30 129
168 267
83 182
33 132
82 181
192 291
95 194
126 225
148 247
130 229
88 187
57 156
102 201
4 103
14 113
132 231
98 197
61 160
9 108
135 234
65 164
164 263
64 163
93 192
105 204
5 104
9 108
10 109
109 208
126 225
177 276
101 200
157 256
194 293
54 153
112 211
165 264
12 111
144 243
122 221
28 127
152 251
114 213
99 198
162 261
77 176
181 280
81 180
171 270
171 270
197 296
16 115
182 281
127 226
150 249
151 250
24 123
73 172
164 263
96 195
146 245
146 245
132 231
80 179
122 221
10 109
77 176
76 175
3 102
89 188
38 137
46 145
178 277
79 178
187 286
114 213
109 208
27 126
105 204
130 229
138 237
181 280
149 248
189 288
15 114
189 288
13 112
115 214
111 210
176 275
57 156
82 181
143 242
77 176
53 152
156 255
46 145
127 226
30 129
75 174
50 149
47 146
33 132
50 149
110 209
189 288
145 244
7 106
170 269
129 228
54 153
24 123
172 271
100 199
43 142
0 99
140 239
169 268
160 259
6 105
10 109
139 238
92 191
193 292
20 119
43 142
162 261
190 289
48 147
115 214
145 244
147 246
27 126
133 232
185 284
139 238
96 195
134 233
121 220
53 152
60 159
88 187
178 277
92 191
180 279
45 144
43 142
105 204
7 106
140 239
155 254
143 242
100 199
127 226
14 113
189 288
114 213
65 164
69 168
119 218
176 275
42 141
76 175
57 156
147 246
166 265
114 213
145 244
185 284
181 280
161 260
86 185
104 203
145 244
179 278
140 239
1 100
35 134
139 238
128 227
42 141
170 269
6 105
103 202
155 254
81 180
98 197
19 118
59 158
72 171
52 151
71 170
128 227
164 263
124 223
51 150
197 296
20 119
54 153
159 258
184 283
144 243
69 168
45 144
115 214
50 149
73 172
48 147
143 242
87 186
124 223
8 107
182 281
91 190
135 234
170 269
134 233
0 99
22 121
146 245
14 113
70 169
51 150
69 168
151 250
182 281
172 271
15 114
79 178
129 228
140 239
130 229
66 165
85 184
156 255
145 244
86 185
155 254
123 222
140 239
151 250
155 254
108 207
164 263
151 250
167 266
108 207
191 290
41 140
84 183
8 107
164 263
158 257
116 215
152 251
162 261
187 286
156 255
159 258
19 118
170 269
69 168
76 175
57 156
48 147
98 197
82 181
159 258
141 240
62 161
56 155
184 283
91 190
39 138
86 185
76 175
89 188
42 141
184 283
1 100
29 128
178 277
92 191
38 137
108 207
182 281
96 195
54 153
29 128
91 190
87 186
108 207
47 146
171 270
47 146
151 250
0 99
4 103
109 208
26 125
107 206
175 274
130 229
148 247
93 192
160 259
93 192
116 215
169 268
8 107
152 251
104 203
88 187
60 159
81 180
148 247
111 210
132 231
157 256
119 218
144 243
5 104
59 158
183 282
84 183
169 268
183 282
192 291
104 203
191 290
45 144
31 130
150 249
127 226
104 203
138 237
66 165
92 191
133 232
179 278
15 114
109 208
103 202
44 143
81 180
185 284
60 159
161 260
14 113
29 128
46 145
78 177
95 194
160 259
2 101
104 203
7 106
52 151
161 260
195 294
6 105
152 251
129 228
106 205
106 205
175 274
194 293
69 168
133 232
16 115
60 159
61 160
66 165
174 273
29 128
33 132
163 262
7 106
62 161
95 194
124 223
53 152
184 283
15 114
9 108
80 179
183 282
121 220
107 206
63 162
137 236
5 104
80 179
192 291
60 159
9 108
83 182
7 106
16 115
36 135
82 181
76 175
175 274
183 282
21 120
7 106
25 124
137 236
44 143
145 244
130 229
111 210
173 272
110 209
194 293
10 109
67 166
13 112
1 100
50 149
127 226
60 159
175 274
197 296
140 239
131 230
154 253
119 218
14 113
4 103
152 251
133 232
71 170
12 111
38 137
57 156
48 147
54 153
191 290
49 148
53 152
188 287
104 203
85 184
28 127
26 125
170 269
57 156
88 187
187 286
94 193
167 266
104 203
186 285
170 269
5 104
102 201
97 196
105 204
112 211
151 250
20 119
174 273
78 177
46 145
105 204
14 113
165 264
10 109
157 256
148 247
27 126
131 230
72 171
92 191
3 102
56 155
19 118
11 110
70 169
187 286
125 224
66 165
162 261
163 262
93 192
123 222
189 288
92 191
107 206
104 203
89 188
38 137
45 144
123 222
159 258
128 227
27 126
144 243
41 140
172 271
44 143
7 106
89 188
29 128
128 227
156 255
51 150
15 114
117 216
182 281
30 129
153 252
138 237
189 288
49 148
97 196
43 142
142 241
27 126
56 155
80 179
34 133
103 202
110 209
62 161
163 262
113 212
39 138
178 277
54 153
30 129
100 199
74 173
87 186
61 160
78 177
117 216
143 242
81 180
153 252
76 175
4 103
93 192
191 290
76 175
86 185
83 182
52 151
162 261
12 111
7 106
89 188
121 220
163 262
33 132
115 214
113 212
143 242
137 236
19 118
99 198
13 112
84 183
26 125
168 267
148 247
112 211
173 272
8 107
39 138
120 219
62 161
133 232
131 230
134 233
197 296
100 199
180 279
71 170
113 212
47 146
83 182
5 104
64 163
36 135
45 144
143 242
72 171
53 152
82 181
93 192
7 106
151 250
78 177
121 220
158 257
189 288
77 176
19 118
58 157
100 199
92 191
132 231
82 181
11 110
47;156504
170 269
136 235
21 120
152 251
8 107
125 224
61 160
34 133
84 183
195 294
88 187
181 280
192 291
54 153
151 250
56 155
114 213
17 116
49 148
53 152
19 118
170 269
10 109
64 163
43 142
172 271
126 225
33 132
67 166
175 274
151 250
193 292
86 185
51 150
99 198
182 281
73 172
49 148
176 275
118 217
27 126
137 236
48 147
141 240
42 141
128 227
16 115
122 221
158 257
187 286
139 238
163 262
122 221
12 111
108 207
49 148
20 119
81 180
92 191
178 277
85 184
69 168
188 287
80 179
186 285
164 263
31 130
127 226
79 178
95 194
167 266
165 264
168 267
111 210
134 233
188 287
78 177
98 197
117 216
121 220
50 149
79 178
8 107
176 275
67 166
155 254
172 271
86 185
22 121
133 232
82 181
11 110
139 238
73 172
192 291
10 109
105 204
90 189
46 145
99 198
144 243
21 120
38 137
128 227
191 290
129 228
122 221
71 170
58 157
58 157
5 104
102 201
112 211
64 163
134 233
184 283
154 253
193 292
184 283
76 175
15 114
131 230
43 142
121 220
4 103
196 295
86 185
134 233
61 160
98 197
29 128
60 159
145 244
79 178
139 238
2 101
163 262
20 119
117 216
3 102
139 238
104 203
21 120
151 250
192 291
141 240
128 227
124 223
176 275
94 193
94 193
102 201
61 160
106 205
183 282
195 294
105 204
70 169
10 109
186 285
142 241
71 170
89 188
120 219
139 238
145 244
38 137
13 112
191 290
153 252
59 158
79 178
37 136
140 239
60 159
136 235
25 124
48 147
74 173
144 243
144 243
7 106
152 251
188 287
11 110
154 253
182 281
164 263
110 209
53 152
127 226
64 163
137 236
187 286
96 195
65 164
41 140
24 123
116 215
159 258
178 277
26 125
131 230
168 267
129 228
74 173
166 265
72 171
37 136
188 287
2 101
76 175
126 225
31 130
33 132
136 235
86 185
52 151
71 170
158 257
117 216
132 231
59 158
106 205
188 287
164 263
105 204
105 204
71 170
21 120
17 116
40 139
172 271
61 160
66 165
49 148
50 149
54 153
132 231
106 205
194 293
111 210
172 271
181 280
189 288
126 225
36 135
150 249
106 205
59 158
17 116
122 221
21 120
141 240
44 143
135 234
140 239
163 262
8 107
139 238
115 214
35 134
168 267
76 175
31 130
14 113
171 270
55 154
54 153
183 282
72 171
59 158
119 218
41 140
85 184
91 190
164 263
0 99
177 276
118 217
108 207
65 164
123 222
87 186
159 258
127 226
158 257
183 282
73 172
24 123
96 195
18 117
15 114
25 124
37 136
19 118
155 254
113 212
50 149
14 113
11 110
189 288
17 116
107 206
150 249
175 274
144 243
23 122
158 257
107 206
188 287
0 99
122 221
164 263
139 238
111 210
137 236
158 257
181 280
74 173
58 157
76 175
113 212
54 153
118 217
135 234
19 118
147 246
11 110
30 129
88 187
10 109
34 133
74 173
102 201
183 282
32 131
153 252
124 223
181 280
53 152
0 99
177 276
148 247
196 295
150 249
163 262
183 282
135 234
105 204
18 117
31 130
164 263
99 198
82 181
107 206
77 176
165 264
41 140
14 113
19 118
17 116
175 274
106 205
196 295
48 147
11 110
59 158
135 234
75 174
167 266
197 296
98 197
10 109
82 181
23 122
98 197
168 267
57 156
152 251
166 265
148 247
30 129
1 100
141 240
107 206
154 253
144 243
15 114
193 292
98 197
182 281
193 292
99 198
155 254
67 166
125 224
104 203
191 290
84 183
1 100
138 237
121 220
59 158
62 161
73 172
179 278
66 165
163 262
6 105
107 206
4 103
116 215
68 167
55 154
162 261
88 187
41 140
4 103
135 234
151 250
68 167
100 199
82 181
46 145
115 214
108 207
138 237
185 284
178 277
197 296
114 213
110 209
189 288
139 238
92 191
29 128
110 209
93 192
149 248
19 118
60 159
146 245
64 163
162 261
17 116
147 246
189 288
6 105
40 139
183 282
42 141
40 139
42 141
142 241
49 148
110 209
59 158
75 174
150 249
117 216
97 196
179 278
162 261
139 238
132 231
160 259
38 137
131 230
180 279
176 275
156 255
63 162
11 110
24 123
72 171
34 133
106 205
30 129
143 242
51 150
5 104
147 246
44 143
31 130
130 229
22 121
195 294
166 265
92 191
122 221
123 222
89 188
14 113
187 286
181 280
103 202
76 175
142 241
193 292
0 99
74 173
3 102
39 138
21 120
32 131
173 272
68 167
88 187
87 186
47 146
171 270
0 99
38 137
98 197
99 198
133 232
91 190
23 122
178 277
16 115
79 178
118 217
108 207
178 277
193 292
146 245
53 152
175 274
31 130
175 274
91 190
179 278
155 254
157 256
143 242
59 158
163 262
5 104
146 245
71 170
98 197
17 116
92 191
25 124
110 209
102 201
47 146
14 113
180 279
158 257
100 199
115 214
58 157
77 176
191 290
180 279
118 217
17 116
146 245
62 161
31 130
136 235
145 244
187 286
60 159
162 261
100 199
58 157
152 251
195 294
28 127
31 130
22 121
55 154
41 140
70 169
114 213
187 286
149 248
173 272
164 263
27 126
155 254
133 232
70 169
27 126
11 110
148 247
49 148
142 241
49 148
188 287
120 219
162 261
73 172
145 244
116 215
0 99
113 212
80 179
156 255
73 172
35 134
56 155
158 257
33 132
101 200
20 119
106 205
170 269
136 235
16 115
38 137
177 276
130 229
16 115
20 119
73 172
99 198
20 119
175 274
104 203
26 125
82 181
24 123
190 289
81 180
195 294
103 202
92 191
192 291
75 174
172 271
78 177
37 136
182 281
186 285
39 138
179 278
87 186
129 228
39 138
56 155
91 190
95 194
94 193
153 252
67 166
8 107
101 200
103 202
109 208
96 195
194 293
78 177
57 156
45 144
13 112
78 177
60 159
177 276
128 227
11 110
155 254
91 190
53 152
61 160
189 288
12 111
7 106
49 148
13 112
161 260
14 113
107 206
118 217
126 225
125 224
176 275
94 193
46 145
97 196
194 293
94 193
67 166
96 195
62 161
20 119
48 147
102 201
58 157
165 264
156 255
144 243
24 123
78 177
127 226
111 210
153 252
50 149
11 110
4 103
19 118
13 112
12 111
119 218
17 116
195 294
92 191
42 141
120 219
34 133
133 232
92 191
34 133
135 234
134 233
143 242
173 272
137 236
78 177
95 194
80 179
96 195
79 178
87 186
35 134
47 146
17 116
11 110
154 253
81 180
178 277
56 155
176 275
116 215
145 244
44 143
97 196
147 246
57 156
130 229
138 237
174 273
197 296
97 196
94 193
120 219
87 186
171 270
169 268
79 178
73 172
30 129
45 144
25 124
13 112
136 235
64 163
12 111
7 106
14 113
98 197
55 154
181 280
78 177
15 114
94 193
104 203
124 223
23 122
182 281
44 143
83 182
41 140
77 176
65 164
95 194
168 267
129 228
26 125
10 109
14 113
97 196
197 296
38 137
172 271
194 293
77 176
61 160
114 213
150 249
175 274
85 184
49 148
75 174
78 177
88 187
60 159
104 203
85 184
99 198
48 147
120 219
123 222
138 237
14 113
121 220
26 125
73 172
7 106
99 198
69 168
86 185
107 206
76 175
55 154
47 146
142 241
19 118
66 165
169 268
72 171
161 260
139 238
159 258
68 167
141 240
0 99
24 123
10 109
195 294
136 235
54 153
38 137
89 188
96 195
176 275
128 227
31 130
27 126
117 216
86 185
91 190
175 274
191 290
111 210
89 188
44 143
82 181
8 107
60 159
60 159
112 211
159 258
19 118
9 108
120 219
62 161
8 107
19 118
99 198
95 194
106 205
33 132
94 193
57 156
74 173
10 109
44 143
139 238
118 217
5 104
150 249
101 200
174 273
68 167
115 214
190 289
179 278
11 110
157 256
5 104
138 237
125 224
97 196
81 180
153 252
66 165
141 240
112 211
128 227
17 116
22 121
131 230
34 133
21 120
2 101
100 199
39 138
103 202
75 174
159 258
160 259
64 163
15 114
70 169
195 294
67 166
95 194
15 114
126 225
166 265
155 254
183 282
103 202
167 266
82 181
166 265
1 100
186 285
165 264
116 215
132 231
83 182
169 268
157 256
123 222
193 292
170 269
79 178
74 173
112 211
169 268
129 228
133 232
89 188
114 213
92 191
67 166
21 120
179 278
31 130
85 184
143 242
84 183
76 175
172 271
24 123
143 242
188 287
161 260
128 227
113 212
83 182
178 277
173 272
139 238
104 203
114 213
162 261
33 132
127 226
146 245
80 179
41 140
126 225
68 167
176 275
130 229
2 101
45 144
88 187
0 99
102 201
191 290
71 170
167 266
90 189
188 287
157 256
91 190
83 182
106 205
31 130
52 151
16 115
87 186
167 266
64 163
7 106
71 170
129 228
108 207
188 287
141 240
89 188
94 193
32 131
53 152
194 293
126 225
43 142
7 106
87 186
32 131
20 119
3 102
168 267
18 117
61 160
72 171
179 278
82 181
29 128
148 247
107 206
157 256
114 213
16 115
101 200
147 246
91 190
122 221
113 212
51 150
45 144
74 173
9 108
27 126
100 199
47 146
63 162
150 249
187 286
117 216
37 136
125 224
37 136
58 157
90 189
171 270
84 183
74 173
97 196
18 117
7 106
109 208
69 168
152 251
166 265
1 100
25 124
60 159
156 255
39 138
194 293
159 258
140 239
191 290
143 242
17 116
61 160
94 193
137 236
71 170
163 262
178 277
47 146
53 152
4 103
176 275
133 232
135 234
112 211
148 247
174 273
41 140
133 232
52 151
61 160
87 186
94 193
151 250
163 262
52 151
68 167
94 193
134 233
44 143
35 134
134 233
104 203
184 283
103 202
45 144
164 263
2 101
4 103
183 282
111 210
159 258
3 102
164 263
91 190
43 142
66 165
13 112
123 222
191 290
137 236
153 252
71 170
183 282
50 149
10 109
27 126
187 286
30 129
93 192
128 227
96 195
128 227
73 172
121 220
44 143
115 214
161 260
82 181
46 145
109 208
154 253
137 236
173 272
56 155
15 114
5 104
195 294
184 283
63 162
0 99
24 123
149 248
148 247
177 276
193 292
73 172
145 244
196 295
46 145
45 144
165 264
142 241
24 123
53 152
140 239
98 197
5 104
59 158
125 224
6 105
65 164
159 258
72 171
34 133
179 278
56 155
81 180
39 138
148 247
153 252
171 270
34 133
168 267
79 178
127 226
32 131
81 180
91 190
84 183
2 101
128 227
20 119
83 182
182 281
160 259
83 182
141 240
85 184
63 162
148 247
185 284
12 111
114 213
60 159
40 139
164 263
169 268
153 252
2 101
164 263
180 279
99 198
189 288
99 198
180 279
188 287
129 228
66 165
38 137
177 276
165 264
65 164
190 289
125 224
80 179
182 281
108 207
141 240
37 136
37 136
18 117
30 129
111 210
157 256
155 254
154 253
184 283
19 118
148 247
158 257
123 222
114 213
70 169
81 180
111 210
26 125
17 116
76 175
165 264
83 182
46 145
96 195
7 106
5 104
71 170
158 257
24 123
31 130
126 225
74 173
157 256
146 245
180 279
127 226
10 109
189 288
145 244
80 179
155 254
129 228
194 293
14 113
185 284
92 191
171 270
117 216
135 234
84 183
149 248
34 133
194 293
137 236
57 156
29 128
188 287
190 289
107 206
111 210
25 124
0 99
50 149
11 110
45 144
172 271
185 284
14 113
191 290
193 292
70 169
91 190
161 260
181 280
160 259
77 176
96 195
77 176
110 209
152 251
100 199
181 280
7 106
4 103
26 125
107 206
173 272
78 177
112 211
7 106
62 161
172 271
80 179
35 134
128 227
31 130
14 113
131 230
17 116
148 247
56 155
50 149
93 192
159 258
57 156
102 201
179 278
6 105
140 239
53 152
11 110
87 186
90 189
102 201
23 122
50 149
133 232
51 150
166 265
115 214
10 109
19 118
122 221
154 253
140 239
48 147
187 286
189 288
96 195
33 132
63 162
154 253
1 100
102 201
61 160
135 234
2 101
58 157
67 166
139 238
57 156
126 225
191 290
106 205
89 188
15 114
170 269
116 215
173 272
52 151
87 186
1 100
158 257
152 251
170 269
86 185
120 219
42 141
84 183
130 229
109 208
76 175
147 246
37 136
77 176
16 115
93 192
167 266
154 253
99 198
190 289
117 216
91 190
194 293
133 232
101 200
79 178
92 191
139 238
123 222
190 289
131 230
21 120
111 210
134 233
60 159
170 269
118 217
132 231
156 255
150 249
94 193
190 289
166 265
107 206
98 197
168 267
85 184
97 196
186 285
30 129
79 178
175 274
44 143
162 261
161 260
40 139
161 260
18 117
115 214
72 171
55 154
133 232
19 118
0 99
98 197
139 238
7 106
133 232
139 238
48 147
57 156
95 194
125 224
71 170
72 171
106 205
88 187
114 213
77 176
153 252
152 251
63 162
105 204
165 264
124 223
73 172
102 201
173 272
112 211
73 172
72 171
86 185
106 205
163 262
6 105
172 271
17 116
52 151
83 182
97 196
49 148
11 110
190 289
90 189
45 144
87 186
48 147
162 261
59 158
90 189
52 151
103 202
184 283
98 197
58 157
21 120
90 189
185 284
161 260
21 120
103 202
176 275
41 140
91 190
73 172
27 126
17 116
187 286
59 158
153 252
167 266
134 233
144 243
163 262
160 259
35 134
85 184
184 283
83 182
144 243
69 168
168 267
51 150
59 158
182 281
66 165
29 128
62 161
138 237
130 229
113 212
84 183
177 276
149 248
195 294
192 291
21 120
100 199
48 147
119 218
46 145
50 149
152 251
21 120
125 224
135 234
128 227
133 232
98 197
0 99
101 200
115 214
86 185
46 145
102 201
166 265
89 188
163 262
66 165
128 227
81 180
111 210
87 186
104 203
148 247
180 279
93 192
31 130
51 150
53 152
131 230
134 233
135 234
129 228
128 227
141 240
51 150
82 181
180 279
71 170
130 229
118 217
129 228
64 163
9 108
191 290
93 192
76 175
59 158
47 146
34 133
140 239
166 265
116 215
121 220
136 235
146 245
59 158
121 220
1 100
35 134
62 161
69 168
164 263
194 293
39 138
40 139
59 158
65 164
167 266
122 221
14 113
151 250
63 162
122 221
36 135
86 185
51 150
123 222
123 222
44 143
43 142
67 166
172 271
129 228
182 281
134 233
191 290
173 272
22 121
98 197
155 254
151 250
14 113
6 105
68 167
92 191
133 232
94 193
148 247
164 263
170 269
7 106
88 187
6 105
158 257
82 181
18 117
106 205
28 127
15 114
190 289
106 205
133 232
137 236
48 147
52 151
72 171
17 116
79 178
5 104
30 129
153 252
139 238
183 282
188 287
133 232
119 218
16 115
148 247
58 157
6 105
148 247
34 133
29 128
45 144
71 170
151 250
10 109
26 125
161 260
28 127
188 287
91 190
52 151
34 133
64 163
53 152
5 104
158 257
126 225
194 293
192 291
129 228
12 111
108 207
121 220
106 205
188 287
69 168
131 230
186 285
125 224
124 223
137 236
142 241
153 252
146 245
51 150
82 181
89 188
184 283
115 214
33 132
92 191
115 214
79 178
175 274
192 291
177 276
130 229
194 293
109 208
10 109
63 162
3 102
105 204
3 102
8 107
184 283
167 266
7 106
104 203
25 124
127 226
155 254
98 197
194 293
119 218
50 149
167 266
39 138
82 181
73 172
18 117
183 282
116 215
145 244
2 101
2 101
29 128
177 276
44 143
77 176
69 168
185 284
171 270
45 144
15 114
61 160
113 212
69 168
97 196
64 163
76 175
154 253
9 108
196 295
97 196
80 179
29 128
30 129
164 263
32 131
44 143
9 108
191 290
97 196
97 196
65 164
129 228
40 139
118 217
180 279
168 267
69 168
56 155
52 151
145 244
28 127
196 295
41 140
89 188
179 278
107 206
38 137
15 114
58 157
153 252
31 130
191 290
66 165
120 219
37 136
89 188
134 233
29 128
13 112
175 274
130 229
183 282
1 100
16 115
0 99
23 122
171 270
98 197
193 292
180 279
118 217
98 197
115 214
103 202
171 270
107 206
135 234
77 176
168 267
93 192
55 154
133 232
29 128
55 154
5 104
175 274
195 294
66 165
138 237
109 208
56 155
103 202
195 294
85 184
3 102
24 123
128 227
109 208
70 169
186 285
118 217
152 251
88 187
47 146
39 138
169 268
83 182
182 281
169 268
152 251
52 151
11 110
35 134
32 131
148 247
128 227
81 180
124 223
18 117
79 178
140 239
23 122
28 127
83 182
13 112
116 215
46 145
76 175
147 246
122 221
54 153
25 124
150 249
179 278
119 218
5 104
36 135
6 105
61 160
174 273
168 267
114 213
164 263
74 173
101 200
60 159
33 132
82 181
0 99
39 138
141 240
191 290
11 110
120 219
103 202
63 162
54 153
161 260
102 201
170 269
150 249
39 138
103 202
116 215
151 250
117 216
122 221
9 108
87 186
186 285
171 270
193 292
24 123
109 208
25 124
189 288
167 266
51 150
157 256
110 209
183 282
88 187
106 205
112 211
101 200
191 290
110 209
129 228
173 272
36 135
181 280
194 293
61 160
150 249
109 208
182 281
194 293
100 199
184 283
150 249
74 173
48 147
133 232
34 133
70 169
131 230
160 259
45 144
93 192
33 132
166 265
36 135
86 185
109 208
130 229
121 220
66 165
115 214
42 141
168 267
17 116
125 224
87 186
121 220
95 194
130 229
69 168
113 212
68 167
47 146
54 153
148 247
102 201
120 219
181 280
63 162
33 132
134 233
61 160
159 258
175 274
5 104
112 211
120 219
146 245
111 210
162 261
96 195
83 182
88 187
1 100
124 223
161 260
131 230
169 268
162 261
88 187
170 269
15 114
176 275
143 242
45 144
163 262
151 250
94 193
57 156
79 178
90 189
177 276
159 258
76 175
55 154
119 218
24 123
172 271
3 102
164 263
159 258
49 148
162 261
14 113
49 148
16 115
72 171
34 133
169 268
23 122
175 274
174 273
163 262
183 282
85 184
7 106
142 241
133 232
185 284
66 165
66 165
109 208
43 142
184 283
105 204
134 233
51 150
143 242
175 274
136 235
121 220
138 237
130 229
161 260
181 280
70 169
21 120
53 152
187 286
31 130
146 245
57 156
133 232
196 295
81 180
130 229
9 108
68 167
6 105
186 285
69 168
6 105
166 265
9 108
157 256
76 175
103 202
110 209
170 269
88 187
54 153
134 233
194 293
192 291
184 283
64 163
23 122
150 249
153 252
84 183
79 178
109 208
64 163
91 190
5 104
30 129
24 123
196 295
145 244
2 101
130 229
45 144
75 174
154 253
19 118
28 127
97 196
141 240
192 291
61 160
96 195
175 274
109 208
72 171
117 216
143 242
2 101
63 162
93 192
117 216
188 287
75 174
81 180
175 274
123 222
15 114
5 104
19 118
44 143
51 150
90 189
45 144
122 221
191 290
168 267
112 211
163 262
60 159
24 123
72 171
115 214
15 114
39 138
191 290
106 205
29 128
191 290
132 231
182 281
73 172
162 261
143 242
165 264
26 125
126 225
0 99
81 180
142 241
61 160
89 188
64 163
123 222
110 209
20 119
110 209
6 105
109 208
36 135
112 211
42 141
197 296
171 270
170 269
65 164
167 266
134 233
191 290
76 175
196 295
183 282
60 159
127 226
32 131
185 284
126 225
64 163
68 167
126 225
121 220
5 104
43 142
83 182
46 145
50 149
13 112
71 170
197 296
167 266
170 269
186 285
6 105
79 178
0 99
31 130
147 246
28 127
178 277
146 245
92 191
6 105
57 156
20 119
172 271
85 184
40 139
170 269
136 235
108 207
139 238
60 159
165 264
127 226
63 162
40 139
30 129
89 188
195 294
122 221
73 172
112 211
10 109
128 227
82 181
12 111
11 110
48 147
72 171
81 180
42 141
96 195
172 271
145 244
40 139
4 103
37 136
143 242
8 107
97 196
77 176
0 99
175 274
4 103
158 257
171 270
71 170
25 124
178 277
157 256
162 261
138 237
195 294
167 266
154 253
188 287
14 113
157 256
87 186
116 215
7 106
106 205
167 266
121 220
72 171
140 239
150 249
55 154
89 188
149 248
124 223
24 123
68 167
23 122
146 245
192 291
143 242
35 134
191 290
5 104
143 242
34 133
9 108
66 165
111 210
121 220
132 231
125 224
134 233
89 188
113 212
82 181
98 197
131 230
58 157
26 125
117 216
61 160
44 143
17 116
102 201
66 165
43 142
25 124
14 113
144 243
71 170
148 247
57 156
185 284
26 125
3 102
8 107
15 114
33 132
149 248
68 167
159 258
123 222
30 129
10 109
185 284
97 196
177 276
90 189
28 127
197 296
74 173
104 203
182 281
83 182
48 147
53 152
59 158
24 123
126 225
75 174
37 136
129 228
163 262
164 263
113 212
85 184
84 183
197 296
117 216
48 147
82 181
8 107
169 268
151 250
165 264
167 266
154 253
177 276
126 225
123 222
72 171
194 293
17 116
57 156
166 265
86 185
183 282
36 135
143 242
39 138
116 215
128 227
26 125
90 189
37 136
87 186
194 293
100 199
94 193
138 237
17 116
121 220
133 232
177 276
150 249
148 247
109 208
157 256
13 112
140 239
46 145
177 276
136 235
110 209
34 133
81 180
27 126
188 287
1 100
67 166
117 216
90 189
127 226
112 211
7 106
32 131
114 213
72 171
106 205
196 295
72 171
159 258
86 185
176 275
180 279
138 237
83 182
51 150
52 151
181 280
68 167
120 219
196 295
123 222
86 185
15 114
97 196
154 253
178 277
64 163
66 165
17 116
147 246
37 136
96 195
116 215
132 231
10 109
193 292
118 217
145 244
85 184
95 194
131 230
137 236
82 181
158 257
194 293
126 225
94 193
109 208
100 199
167 266
149 248
172 271
186 285
55 154
195 294
118 217
118 217
12 111
114 213
154 253
56 155
66 165
121 220
2 101
180 279
87 186
96 195
165 264
139 238
195 294
118 217
83 182
137 236
182 281
22 121
30 129
178 277
1 100
2 101
18 117
43 142
72 171
33 132
195 294
59 158
26 125
119 218
99 198
122 221
67 166
44 143
158 257
51 150
76 175
162 261
113 212
134 233
45 144
166 265
139 238
173 272
33 132
102 201
129 228
56 155
125 224
167 266
70 169
107 206
139 238
160 259
73 172
137 236
168 267
120 219
162 261
132 231
155 254
153 252
166 265
42 141
142 241
101 200
40 139
45 144
18 117
184 283
57 156
105 204
187 286
148 247
86 185
152 251
161 260
103 202
87 186
29 128
87 186
169 268
32 131
41 140
5 104
33 132
43 142
157 256
184 283
165 264
185 284
128 227
43 142
32 131
49 148
76 175
9 108
161 260
72 171
102 201
149 248
47 146
37 136
189 288
67 166
9 108
32 131
161 260
20 119
5 104
74 173
78 177
40 139
127 226
6 105
111 210
27 126
93 192
117 216
98 197
48 147
108 207
195 294
187 286
110 209
96 195
178 277
117 216
138 237
57 156
138 237
41 140
149 248
29 128
103 202
107 206
188 287
43 142
92 191
44 143
75 174
20 119
93 192
24 123
26 125
38 137
189 288
170 269
121 220
78 177
121 220
71 170
163 262
3 102
10 109
174 273
141 240
177 276
43 142
51 150
25 124
110 209
111 210
108 207
140 239
140 239
37 136
160 259
92 191
56 155
41 140
161 260
101 200
88 187
54 153
40 139
102 201
86 185
155 254
103 202
105 204
184 283
8 107
114 213
55 154
14 113
86 185
27 126
166 265
189 288
109 208
36 135
86 185
171 270
115 214
197 296
193 292
80 179
167 266
146 245
24 123
4 103
186 285
95 194
53 152
38 137
73 172
103 202
28 127
139 238
62 161
115 214
185 284
44 143
18 117
71 170
53 152
6 105
55 154
36 135
138 237
48 147
55 154
16 115
181 280
121 220
47 146
188 287
122 221
109 208
51 150
71 170
1 100
62 161
179 278
152 251
22 121
140 239
120 219
125 224
135 234
95 194
76 175
70 169
131 230
137 236
1 100
164 263
114 213
39 138
114 213
62 161
58 157
44 143
80 179
87 186
92 191
109 208
92 191
16 115
125 224
79 178
6 105
46 145
12 111
135 234
94 193
138 237
60 159
31 130
182 281
50 149
153 252
39 138
160 259
42 141
183 282
54 153
28 127
173 272
62 161
166 265
87 186
101 200
47 146
34 133
142 241
52 151
74 173
92 191
165 264
155 254
52 151
151 250
171 270
196 295
154 253
31 130
139 238
125 224
31 130
51 150
124 223
29 128
101 200
142 241
147 246
90 189
72 171
84 183
148 247
123 222
178 277
136 235
37 136
44 143
151 250
55 154
44 143
51 150
23 122
105 204
30 129
106 205
115 214
165 264
136 235
59 158
133 232
161 260
196 295
30 129
145 244
14 113
30 129
122 221
87 186
88 187
182 281
48 147
90 189
191 290
67 166
48 147
93 192
16 115
189 288
104 203
56 155
102 201
60 159
173 272
21 120
113 212
71 170
66 165
150 249
73 172
59 158
134 233
111 210
151 250
181 280
147 246
173 272
167 266
96 195
161 260
159 258
175 274
105 204
80 179
158 257
88 187
37 136
146 245
179 278
72 171
54 153
170 269
1 100
48 147
25 124
165 264
126 225
111 210
49 148
55 154
123 222
113 212
117 216
138 237
72 171
99 198
164 263
61 160
193 292
46 145
163 262
153 252
21 120
174 273
129 228
24 123
165 264
25 124
26 125
69 168
146 245
153 252
72 171
175 274
23 122
18 117
194 293
22 121
69 168
115 214
14 113
9 108
155 254
127 226
152 251
19 118
42 141
72 171
7 106
76 175
107 206
69 168
115 214
36 135
122 221
182 281
102 201
154 253
150 249
33 132
124 223
24 123
197 296
179 278
48 147
114 213
62 161
48 147
169 268
100 199
84 183
20 119
78 177
18 117
128 227
48 147
62 161
43 142
27 126
97 196
161 260
51 150
13 112
100 199
143 242
54 153
88 187
62 161
196 295
177 276
62 161
6 105
41 140
58 157
29 128
183 282
133 232
74 173
35 134
167 266
49 148
0 99
37 136
120 219
11 110
150 249
97 196
102 201
150 249
60 159
195 294
23 122
133 232
0 99
163 262
110 209
58 157
178 277
99 198
137 236
84 183
68 167
154 253
19 118
41 140
77 176
48 147
13 112
108 207
154 253
110 209
142 241
48 147
66 165
115 214
75 174
169 268
189 288
76 175
118 217
159 258
11 110
141 240
19 118
100 199
32 131
38 137
38 137
133 232
97 196
93 192
29 128
153 252
171 270
160 259
144 243
103 202
120 219
24 123
29 128
25 124
105 204
78 177
137 236
114 213
132 231
135 234
178 277
117 216
69 168
148 247
59 158
188 287
167 266
73 172
45 144
94 193
142 241
144 243
146 245
150 249
126 225
34 133
196 295
94 193
73 172
113 212
128 227
148 247
23 122
158 257
21 120
58 157
175 274
122 221
51 150
137 236
69 168
179 278
81 180
86 185
155 254
180 279
174 273
34 133
145 244
128 227
158 257
32 131
39 138
38 137
124 223
5 104
128 227
15 114
123 222
152 251
63 162
75 174
132 231
9 108
23 122
152 251
165 264
185 284
184 283
125 224
184 283
78 177
165 264
159 258
116 215
160 259
55 154
12 111
78 177
172 271
5 104
22 121
55 154
174 273
69 168
167 266
93 192
33 132
113 212
30 129
54 153
75 174
42 141
183 282
9 108
140 239
43 142
75 174
184 283
96 195
134 233
82 181
175 274
140 239
0 99
94 193
151 250
171 270
107 206
129 228
39 138
68 167
125 224
109 208
29 128
63 162
131 230
24 123
102 201
192 291
58 157
166 265
124 223
39 138
52 151
149 248
136 235
5 104
169 268
152 251
138 237
95 194
96 195
7 106
184 283
184 283
192 291
155 254
74 173
118 217
96 195
32 131
139 238
182 281
62 161
33 132
108 207
126 225
38 137
29 128
194 293
10 109
18 117
134 233
64 163
158 257
108 207
106 205
11 110
173 272
162 261
136 235
122 221
159 258
4 103
110 209
118 217
113 212
25 124
120 219
163 262
75 174
34 133
31 130
122 221
100 199
73 172
106 205
65 164
105 204
59 158
176 275
108 207
9 108
85 184
45 144
63 162
10 109
100 199
183 282
3 102
48 147
169 268
71 170
88 187
102 201
30 129
10 109
159 258
79 178
45 144
114 213
74 173
63 162
146 245
158 257
51 150
109 208
12 111
45 144
53 152
29 128
39 138
48 147
156 255
173 272
41 140
0 99
155 254
74 173
30 129
30 129
81 180
67 166
47 146
20 119
130 229
143 242
17 116
10 109
195 294
197 296
172 271
33 132
143 242
189 288
14 113
115 214
55 154
48 147
48 147
122 221
168 267
111 210
12 111
15 114
155 254
41 140
185 284
34 133
98 197
162 261
21 120
122 221
157 256
19 118
80 179
2 101
63 162
118 217
17 116
62 161
183 282
44 143
197 296
77 176
11 110
126 225
155 254
130 229
2 101
156 255
18 117
97 196
74 173
1 100
134 233
45 144
66 165
119 218
98 197
90 189
34 133
56 155
190 289
78 177
165 264
166 265
14 113
129 228
161 260
165 264
183 282
145 244
146 245
66 165
182 281
124 223
80 179
39 138
151 250
12 111
5 104
119 218
11 110
185 284
157 256
46 145
136 235
25 124
58 157
62 161
102 201
125 224
80 179
73 172
100 199
183 282
119 218
72 171
28 127
26 125
108 207
182 281
62 161
141 240
162 261
127 226
37 136
124 223
112 211
122 221
87 186
177 276
29 128
48 147
96 195
49 148
24 123
85 184
183 282
64 163
59 158
8 107
38 137
94 193
172 271
50 149
133 232
77 176
37 136
136 235
55 154
35 134
25 124
161 260
160 259
64 163
95 194
91 190
71 170
194 293
32 131
115 214
165 264
174 273
2 101
136 235
81 180
192 291
164 263
96 195
18 117
100 199
191 290
94 193
99 198
105 204
135 234
182 281
83 182
72 171
194 293
182 281
58 157
43 142
102 201
99 198
171 270
191 290
84 183
75 174
151 250
103 202
93 192
168 267
108 207
16 115
165 264
114 213
189 288
131 230
37 136
84 183
176 275
49 148
37 136
57 156
80 179
104 203
32 131
87 186
111 210
40 139
82 181
27 126
8 107
110 209
155 254
131 230
174 273
38 137
26 125
134 233
149 248
11 110
2 101
137 236
61 160
60 159
144 243
102 201
158 257
123 222
73 172
197 296
32 131
138 237
26 125
169 268
34 133
196 295
143 242
56 155
20 119
51 150
134 233
27 126
50 149
103 202
73 172
172 271
30 129
102 201
187 286
185 284
129 228
19 118
51 150
156 255
79 178
55 154
95 194
77 176
71 170
71 170
117 216
170 269
11 110
184 283
5 104
192 291
27 126
43 142
64 163
14 113
105 204
70 169
168 267
147 246
119 218
123 222
64 163
185 284
146 245
3 102
37 136
21 120
62 161
2 101
53 152
145 244
55 154
156 255
194 293
30 129
55 154
12 111
14 113
66 165
75 174
83 182
93 192
128 227
61 160
62 161
108 207
144 243
76 175
110 209
92 191
73 172
37 136
121 220
190 289
161 260
73 172
84 183
121 220
2 101
182 281
145 244
0 99
72 171
161 260
88 187
191 290
97 196
15 114
138 237
17 116
88 187
174 273
53 152
12 111
97 196
21 120
60 159
168 267
1 100
151 250
10 109
49 148
157 256
163 262
92 191
125 224
195 294
137 236
16 115
5 104
40 139
4 103
63 162
55 154
111 210
2 101
151 250
95 194
113 212
10 109
127 226
132 231
16 115
9 108
187 286
177 276
160 259
146 245
67 166
1 100
194 293
171 270
152 251
83 182
143 242
154 253
93 192
83 182
52 151
11 110
28 127
99 198
170 269
27 126
14 113
47 146
69 168
141 240
96 195
70 169
53 152
144 243
72 171
82 181
20 119
160 259
28 127
163 262
33 132
97 196
167 266
180 279
5 104
71 170
138 237
33 132
109 208
45 144
135 234
112 211
141 240
160 259
194 293
85 184
186 285
179 278
61 160
86 185
192 291
175 274
173 272
167 266
147 246
35 134
160 259
119 218
196 295
186 285
47 146
90 189
150 249
83 182
31 130
55 154
90 189
18 117
187 286
124 223
95 194
132 231
97 196
113 212
176 275
183 282
34 133
24 123
42 141
118 217
120 219
36 135
3 102
86 185
8 107
18 117
10 109
153 252
174 273
74 173
5 104
58 157
154 253
69 168
171 270
94 193
83 182
173 272
162 261
171 270
143 242
195 294
152 251
21 120
125 224
122 221
43 142
82 181
167 266
59 158
153 252
146 245
89 188
132 231
100 199
106 205
114 213
28 127
103 202
84 183
175 274
73 172
116 215
37 136
122 221
68 167
12 111
80 179
43 142
103 202
28 127
20 119
104 203
183 282
178 277
103 202
0 99
6 105
118 217
195 294
173 272
167 266
41 140
86 185
34 133
98 197
15 114
81 180
58 157
49 148
121 220
195 294
192 291
157 256
122 221
185 284
11 110
163 262
41 140
97 196
79 178
164 263
179 278
2 101
148 247
1 100
2 101
98 197
184 283
105 204
84 183
138 237
42 141
24 123
120 219
175 274
117 216
154 253
85 184
85 184
150 249
116 215
94 193
132 231
177 276
82 181
5 104
164 263
136 235
113 212
109 208
118 217
128 227
18 117
34 133
175 274
178 277
131 230
90 189
168 267
71 170
109 208
100 199
115 214
192 291
167 266
89 188
133 232
102 201
142 241
106 205
171 270
55 154
78 177
4 103
55 154
177 276
186 285
104 203
149 248
178 277
170 269
111 210
78 177
142 241
71 170
29 128
7 106
131 230
154 253
161 260
85 184
58 157
175 274
118 217
80 179
93 192
195 294
53 152
117 216
195 294
157 256
197 296
52 151
170 269
114 213
57 156
185 284
88 187
182 281
128 227
96 195
89 188
41 140
72 171
151 250
185 284
184 283
138 237
57 156
180 279
48 147
0 99
30 129
149 248
96 195
27 126
83 182
28 127
75 174
186 285
63 162
51 150
171 270
117 216
82 181
152 251
192 291
153 252
146 245
197 296
127 226
80 179
163 262
61 160
19 118
78 177
140 239
13 112
19 118
179 278
82 181
196 295
29 128
196 295
119 218
51 150
161 260
143 242
2 101
190 289
69 168
120 219
183 282
72 171
147 246
175 274
15 114
13 112
138 237
170 269
107 206
117 216
71 170
74 173
11 110
77 176
62 161
166 265
171 270
107 206
108 207
191 290
148 247
53 152
137 236
98 197
101 200
90 189
189 288
177 276
4 103
125 224
155 254
187 286
173 272
183 282
29 128
173 272
38 137
71 170
66 165
76 175
194 293
16 115
24 123
136 235
15 114
142 241
99 198
105 204
185 284
143 242
102 201
178 277
176 275
67 166
188 287
161 260
36 135
99 198
19 118
158 257
34 133
109 208
173 272
150 249
190 289
16 115
61 160
143 242
59 158
68 167
136 235
2 101
91 190
24 123
56 155
15 114
53 152
76 175
89 188
36 135
172 271
116 215
183 282
164 263
31 130
23 122
83 182
129 228
59 158
5 104
53 152
34 133
62 161
137 236
160 259
141 240
126 225
25 124
166 265
55 154
156 255
84 183
173 272
134 233
101 200
111 210
55 154
103 202
189 288
12 111
98 197
159 258
163 262
159 258
61 160
186 285
93 192
179 278
170 269
125 224
158 257
46 145
183 282
180 279
12 111
113 212
35 134
190 289
181 280
50 149
189 288
98 197
168 267
36 135
142 241
61 160
197 296
41 140
3 102
50 149
119 218
25 124
77 176
27 126
23 122
33 132
16 115
25 124
131 230
158 257
195 294
154 253
136 235
195 294
86 185
9 108
176 275
110 209
109 208
105 204
114 213
69 168
195 294
6 105
97 196
70 169
19 118
100 199
92 191
24 123
132 231
62 161
37 136
15 114
176 275
147 246
78 177
86 185
150 249
112 211
79 178
52 151
12 111
62 161
139 238
44 143
118 217
145 244
120 219
107 206
127 226
74 173
125 224
117 216
173 272
109 208
28 127
122 221
138 237
55 154
123 222
8 107
196 295
97 196
100 199
197 296
76 175
57 156
23 122
137 236
42 141
37 136
184 283
38 137
18 117
144 243
144 243
169 268
100 199
114 213
140 239
139 238
75 174
56 155
81 180
156 255
120 219
82 181
122 221
155 254
108 207
179 278
83 182
51 150
91 190
60 159
55 154
156 255
5 104
59 158
76 175
134 233
96 195
164 263
67 166
37 136
100 199
48 147
145 244
111 210
147 246
68 167
157 256
130 229
159 258
165 264
171 270
134 233
127 226
75 174
126 225
123 222
79 178
66 165
107 206
127 226
153 252
115 214
29 128
13 112
12 111
25 124
127 226
99 198
190 289
148 247
177 276
51 150
110 209
136 235
17 116
152 251
62 161
192 291
53 152
191 290
147 246
151 250
85 184
46 145
20 119
99 198
55 154
77 176
5 104
166 265
24 123
180 279
177 276
94 193
96 195
9 108
178 277
95 194
29 128
3 102
160 259
45 144
192 291
179 278
42 141
130 229
5 104
167 266
70 169
89 188
43 142
165 264
71 170
85 184
14 113
131 230
4 103
74 173
37 136
173 272
159 258
181 280
36 135
150 249
13 112
101 200
159 258
135 234
178 277
9 108
149 248
53 152
165 264
147 246
19 118
7 106
4 103
82 181
86 185
163 262
49 148
45 144
23 122
0 99
112 211
13 112
167 266
89 188
163 262
13 112
186 285
87 186
57 156
153 252
191 290
133 232
146 245
48 147
47 146
117 216
170 269
137 236
140 239
140 239
90 189
23 122
110 209
133 232
180 279
17 116
158 257
162 261
14 113
103 202
44 143
18 117
48 147
177 276
86 185
7 106
166 265
134 233
69 168
110 209
114 213
3 102
30 129
119 218
122 221
41 140
168 267
112 211
61 160
169 268
188 287
72 171
67 166
123 222
0 99
135 234
165 264
122 221
46 145
34 133
107 206
164 263
193 292
191 290
76 175
185 284
97 196
86 185
30 129
5 104
16 115
1 100
165 264
95 194
123 222
111 210
15 114
129 228
54 153
182 281
188 287
84 183
19 118
144 243
145 244
137 236
34 133
39 138
178 277
188 287
169 268
70 169
32 131
143 242
105 204
172 271
85 184
4 103
135 234
126 225
66 165
168 267
152 251
102 201
13 112
119 218
127 226
125 224
196 295
127 226
195 294
130 229
164 263
124 223
176 275
74 173
133 232
107 206
167 266
160 259
193 292
39 138
142 241
62 161
27 126
56 155
115 214
83 182
112 211
105 204
50 149
190 289
97 196
111 210
93 192
140 239
129 228
26 125
71 170
191 290
69 168
60 159
166 265
70 169
62 161
179 278
85 184
53 152
143 242
107 206
142 241
47 146
164 263
127 226
20 119
130 229
67 166
158 257
177 276
140 239
175 274
4 103
32 131
153 252
73 172
116 215
162 261
122 221
20 119
59 158
93 192
28 127
28 127
173 272
81 180
1 100
82 181
7 106
184 283
39 138
27 126
117 216
59 158
126 225
46 145
73 172
187 286
149 248
149 248
144 243
121 220
187 286
92 191
150 249
101 200
159 258
144 243
160 259
62 161
175 274
101 200
190 289
191 290
58 157
40 139
190 289
71 170
189 288
188 287
22 121
156 255
16 115
41 140
19 118
173 272
195 294
41 140
28 127
165 264
75 174
115 214
124 223
123 222
5 104
42 141
78 177
117 216
25 124
129 228
169 268
63 162
20 119
25 124
142 241
190 289
112 211
77 176
20 119
122 221
162 261
65 164
2 101
82 181
106 205
174 273
171 270
166 265
196 295
153 252
41 140
79 178
157 256
117 216
56 155
62 161
69 168
124 223
154 253
83 182
177 276
193 292
170 269
172 271
33 132
48 147
6 105
119 218
23 122
195 294
98 197
174 273
145 244
141 240
56 155
136 235
142 241
85 184
75 174
110 209
130 229
64 163
23 122
62 161
182 281
144 243
79 178
16 115
77 176
63 162
9 108
169 268
157 256
116 215
93 192
121 220
44 143
153 252
64 163
50 149
86 185
120 219
1 100
35 134
74 173
119 218
152 251
152 251
36 135
111 210
82 181
46 145
88 187
122 221
106 205
81 180
89 188
86 185
190 289
31 130
99 198
168 267
183 282
131 230
10 109
179 278
91 190
134 233
119 218
77 176
134 233
25 124
66 165
174 273
176 275
8 107
132 231
55 154
159 258
152 251
13 112
197 296
2 101
114 213
89 188
28 127
128 227
165 264
142 241
121 220
181 280
126 225
196 295
74 173
193 292
160 259
172 271
83 182
43 142
197 296
148 247
130 229
187 286
175 274
40 139
1 100
172 271
8 107
138 237
51 150
5 104
76 175
137 236
145 244
43 142
173 272
197 296
124 223
142 241
16 115
17 116
133 232
126 225
190 289
163 262
136 235
110 209
157 256
78 177
183 282
53 152
84 183
87 186
71 170
47 146
23 122
61 160
143 242
141 240
183 282
174 273
32 131
148 247
150 249
55 154
21 120
180 279
108 207
186 285
32 131
40 139
44 143
174 273
150 249
5 104
24 123
120 219
64 163
75 174
60 159
168 267
151 250
73 172
172 271
187 286
1 100
141 240
38 137
45 144
195 294
181 280
54 153
109 208
104 203
2 101
54 153
147 246
122 221
67 166
118 217
145 244
55 154
85 184
191 290
112 211
63 162
148 247
23 122
77 176
4 103
114 213
19 118
80 179
135 234
184 283
101 200
139 238
8 107
15 114
53 152
83 182
130 229
112 211
156 255
180 279
139 238
130 229
177 276
44 143
132 231
148 247
190 289
164 263
177 276
146 245
103 202
142 241
17 116
96 195
92 191
131 230
89 188
105 204
143 242
161 260
123 222
79 178
170 269
22 121
192 291
108 207
54 153
191 290
99 198
166 265
130 229
60 159
153 252
28 127
80 179
179 278
150 249
121 220
184 283
178 277
178 277
144 243
188 287
143 242
88 187
194 293
52 151
20 119
113 212
60 159
178 277
51 150
137 236
85 184
127 226
56 155
159 258
61 160
133 232
8 107
88 187
65 164
126 225
161 260
114 213
152 251
35 134
95 194
70 169
150 249
193 292
140 239
41 140
165 264
140 239
177 276
117 216
98 197
124 223
189 288
97 196
118 217
29 128
53 152
51 150
117 216
31 130
92 191
168 267
169 268
11 110
28 127
68 167
185 284
176 275
12 111
51 150
50 149
68 167
124 223
146 245
111 210
70 169
32 131
107 206
124 223
32 131
22 121
65 164
0 99
145 244
36 135
86 185
46 145
118 217
79 178
16 115
142 241
97 196
115 214
194 293
191 290
40 139
182 281
49 148
52 151
2 101
9 108
131 230
119 218
134 233
182 281
6 105
105 204
19 118
134 233
153 252
11 110
174 273
99 198
183 282
136 235
152 251
19 118
57 156
159 258
65 164
91 190
92 191
183 282
122 221
54 153
107 206
183 282
82 181
71 170
31 130
49 148
47 146
144 243
51 150
138 237
70 169
50 149
36 135
72 171
171 270
81 180
118 217
121 220
191 290
108 207
80 179
60 159
97 196
136 235
23 122
16 115
123 222
17 116
90 189
50 149
116 215
75 174
146 245
158 257
100 199
117 216
153 252
1 100
137 236
123 222
163 262
157 256
130 229
129 228
139 238
77 176
186 285
183 282
81 180
143 242
17 116
114 213
43 142
124 223
155 254
79 178
14 113
9 108
130 229
18 117
15 114
95 194
40 139
89 188
1 100
58 157
178 277
49 148
125 224
8 107
154 253
127 226
16 115
146 245
103 202
10 109
95 194
142 241
179 278
87 186
178 277
64 163
156 255
71 170
87 186
182 281
172 271
104 203
14 113
184 283
90 189
107 206
132 231
47 146
158 257
92 191
113 212
178 277
184 283
139 238
137 236
147 246
21 120
58 157
133 232
52 151
56 155
35 134
1 100
5 104
13 112
35 134
104 203
74 173
145 244
22 121
75 174
1 100
149 248
189 288
188 287
105 204
119 218
170 269
14 113
92 191
20 119
188 287
157 256
178 277
83 182
73 172
99 198
49 148
10 109
142 241
141 240
73 172
146 245
143 242
44 143
146 245
39 138
84 183
18 117
143 242
83 182
52 151
143 242
115 214
193 292
126 225
72 171
190 289
21 120
76 175
15 114
123 222
54 153
6 105
174 273
139 238
131 230
61 160
39 138
65 164
154 253
114 213
192 291
70 169
36 135
16 115
130 229
190 289
156 255
129 228
1 100
143 242
127 226
120 219
74 173
66 165
98 197
26 125
1 100
79 178
9 108
156 255
126 225
32 131
106 205
1 100
115 214
76 175
33 132
15 114
156 255
146 245
1 100
86 185
115 214
68 167
70 169
169 268
57 156
37 136
56 155
31 130
85 184
191 290
25 124
155 254
64 163
181 280
47 146
11 110
180 279
26 125
46 145
37 136
40 139
93 192
197 296
195 294
94 193
105 204
158 257
11 110
146 245
179 278
46 145
138 237
135 234
149 248
125 224
113 212
194 293
98 197
76 175
69 168
81 180
33 132
1 100
195 294
76 175
27 126
193 292
186 285
5 104
67 166
8 107
25 124
153 252
64 163
160 259
182 281
113 212
137 236
193 292
122 221
188 287
175 274
157 256
184 283
132 231
125 224
109 208
134 233
66 165
141 240
105 204
119 218
50 149
95 194
185 284
17 116
118 217
31 130
10 109
143 242
143 242
10 109
96 195
197 296
124 223
178 277
49 148
97 196
178 277
166 265
127 226
29 128
120 219
12 111
78 177
81 180
121 220
194 293
64 163
142 241
109 208
102 201
24 123
171 270
6 105
41 140
81 180
36 135
42 141
152 251
147 246
98 197
6 105
20 119
26 125
16 115
76 175
69 168
195 294
99 198
191 290
180 279
122 221
145 244
143 242
181 280
165 264
31 130
184 283
88 187
118 217
114 213
187 286
189 288
111 210
164 263
59 158
96 195
148 247
151 250
25 124
156 255
139 238
148 247
89 188
80 179
196 295
22 121
48 147
100 199
12 111
56 155
24 123
121 220
20 119
88 187
50 149
134 233
78 177
159 258
86 185
24 123
68 167
76 175
37 136
85 184
165 264
13 112
40 139
3 102
127 226
96 195
45 144
174 273
34 133
138 237
137 236
139 238
114 213
125 224
65 164
35 134
83 182
121 220
3 102
26 125
159 258
178 277
17 116
147 246
144 243
137 236
155 254
28 127
39 138
30 129
172 271
181 280
111 210
180 279
109 208
99 198
66 165
108 207
17 116
136 235
191 290
178 277
57 156
82 181
188 287
170 269
195 294
116 215
63 162
138 237
130 229
110 209
90 189
189 288
46 145
116 215
166 265
142 241
27 126
110 209
112 211
143 242
49 148
2 101
191 290
107 206
120 219
180 279
110 209
147 246
59 158
33 132
153 252
49 148
110 209
71 170
137 236
71 170
129 228
120 219
94 193
139 238
170 269
128 227
13 112
126 225
49 148
6 105
133 232
56 155
177 276
174 273
116 215
100 199
125 224
132 231
43 142
117 216
171 270
92 191
65 164
188 287
184 283
183 282
130 229
141 240
174 273
161 260
161 260
16 115
59 158
189 288
12 111
41 140
169 268
168 267
148 247
59 158
184 283
23 122
135 234
87 186
38 137
194 293
171 270
140 239
157 256
5 104
160 259
78 177
168 267
90 189
34 133
166 265
165 264
137 236
115 214
140 239
60 159
103 202
179 278
58 157
45 144
31 130
88 187
24 123
21 120
110 209
131 230
88 187
144 243
191 290
117 216
150 249
52 151
160 259
94 193
150 249
170 269
92 191
10 109
31 130
87 186
36 135
5 104
136 235
189 288
69 168
100 199
89 188
106 205
89 188
107 206
69 168
190 289
16 115
90 189
181 280
126 225
121 220
18 117
101 200
118 217
82 181
173 272
172 271
127 226
62 161
151 250
2 101
32 131
180 279
15 114
15 114
14 113
116 215
159 258
146 245
4 103
149 248
143 242
88 187
138 237
191 290
188 287
149 248
22 121
184 283
185 284
170 269
94 193
81 180
173 272
79 178
105 204
184 283
122 221
47 146
161 260
109 208
55 154
69 168
60 159
105 204
151 250
8 107
137 236
49 148
52 151
45 144
121 220
116 215
132 231
57 156
101 200
106 205
74 173
74 173
179 278
111 210
76 175
172 271
188 287
156 255
10 109
172 271
53 152
59 158
184 283
178 277
39 138
40 139
189 288
47 146
138 237
170 269
179 278
13 112
77 176
146 245
127 226
188 287
107 206
97 196
31 130
26 125
191 290
165 264
16 115
126 225
160 259
113 212
134 233
35 134
67 166
56 155
111 210
177 276
158 257
190 289
22 121
78 177
127 226
124 223
22 121
161 260
158 257
92 191
137 236
8 107
173 272
104 203
104 203
98 197
62 161
131 230
100 199
170 269
192 291
130 229
133 232
18 117
59 158
121 220
55 154
195 294
97 196
22 121
19 118
110 209
84 183
169 268
117 216
84 183
8 107
37 136
113 212
196 295
150 249
100 199
163 262
29 128
79 178
13 112
139 238
150 249
41 140
136 235
76 175
160 259
29 128
140 239
15 114
166 265
44 143
97 196
5 104
194 293
50 149
130 229
122 221
21 120
158 257
5 104
97 196
23 122
171 270
101 200
171 270
141 240
130 229
84 183
136 235
9 108
77 176
170 269
195 294
174 273
155 254
145 244
57 156
31 130
145 244
76 175
80 179
17 116
191 290
13 112
74 173
132 231
124 223
123 222
31 130
68 167
116 215
113 212
70 169
155 254
104 203
115 214
56 155
17 116
117 216
64 163
132 231
139 238
38 137
29 128
51 150
76 175
106 205
44 143
144 243
140 239
63 162
142 241
19 118
0 99
30 129
147 246
94 193
66 165
171 270
191 290
167 266
63 162
71 170
196 295
84 183
36 135
155 254
8 107
55 154
53 152
85 184
120 219
69 168
186 285
25 124
43 142
126 225
99 198
185 284
44 143
160 259
88 187
5 104
37 136
96 195
121 220
155 254
175 274
175 274
178 277
68 167
151 250
163 262
173 272
52 151
1 100
57 156
105 204
151 250
77 176
135 234
79 178
7 106
18 117
5 104
61 160
101 200
167 266
100 199
110 209
12 111
194 293
45 144
64 163
88 187
179 278
110 209
187 286
51 150
34 133
28 127
3 102
169 268
88 187
8 107
196 295
83 182
83 182
196 295
151 250
77 176
176 275
70 169
94 193
143 242
18 117
60 159
118 217
126 225
4 103
116 215
116 215
190 289
11 110
67 166
12 111
149 248
106 205
151 250
78 177
73 172
26 125
61 160
193 292
129 228
72 171
197 296
111 210
194 293
54 153
43 142
9 108
104 203
124 223
38 137
191 290
104 203
138 237
100 199
140 239
13 112
79 178
179 278
158 257
56 155
33 132
165 264
35 134
163 262
113 212
160 259
122 221
178 277
13 112
98 197
65 164
22 121
72 171
38 137
78 177
79 178
55 154
68 167
4 103
33 132
127 226
88 187
76 175
127 226
81 180
27 126
61 160
91 190
128 227
176 275
98 197
121 220
80 179
99 198
134 233
134 233
29 128
54 153
41 140
54 153
70 169
44 143
183 282
62 161
9 108
37 136
60 159
118 217
119 218
152 251
112 211
130 229
104 203
84 183
195 294
20 119
138 237
149 248
10 109
107 206
7 106
163 262
176 275
89 188
193 292
23 122
89 188
43 142
51 150
113 212
41 140
189 288
12 111
116 215
117 216
160 259
188 287
50 149
188 287
119 218
12 111
65 164
157 256
124 223
99 198
193 292
56 155
197 296
24 123
19 118
8 107
48 147
25 124
119 218
131 230
88 187
60 159
52 151
48 147
58 157
49 148
12 111
185 284
160 259
47 146
122 221
139 238
77 176
100 199
164 263
59 158
23 122
79 178
81 180
96 195
186 285
63 162
148 247
22 121
26 125
133 232
54 153
119 218
50 149
57 156
12 111
94 193
126 225
164 263
144 243
110 209
137 236
57 156
143 242
61 160
173 272
196 295
50 149
108 207
145 244
105 204
113 212
125 224
77 176
110 209
19 118
77 176
98 197
71 170
144 243
174 273
39 138
116 215
133 232
188 287
118 217
58 157
163 262
10 109
67 166
50 149
193 292
85 184
106 205
182 281
26 125
167 266
35 134
62 161
92 191
49 148
17 116
124 223
132 231
173 272
187 286
63 162
194 293
170 269
188 287
109 208
116 215
191 290
164 263
18 117
142 241
81 180
174 273
31 130
132 231
161 260
196 295
184 283
35 134
30 129
143 242
79 178
85 184
82 181
12 111
124 223
61 160
24 123
195 294
188 287
144 243
105 204
149 248
59 158
54 153
162 261
193 292
28 127
103 202
89 188
156 255
193 292
47 146
59 158
123 222
36 135
71 170
129 228
0 99
150 249
64 163
137 236
3 102
104 203
150 249
80 179
90 189
54 153
17 116
7 106
182 281
103 202
21 120
143 242
14 113
189 288
13 112
24 123
11 110
170 269
142 241
158 257
156 255
137 236
144 243
129 228
108 207
98 197
110 209
66 165
174 273
28 127
7 106
165 264
43 142
133 232
162 261
104 203
159 258
122 221
18 117
182 281
153 252
161 260
160 259
8 107
138 237
6 105
68 167
89 188
82 181
9 108
188 287
160 259
61 160
116 215
94 193
3 102
193 292
35 134
116 215
167 266
89 188
43 142
53 152
143 242
182 281
21 120
117 216
87 186
175 274
134 233
13 112
33 132
35 134
147 246
146 245
72 171
100 199
15 114
171 270
52 151
146 245
111 210
57 156
79 178
89 188
7 106
46 145
9 108
112 211
192 291
125 224
94 193
195 294
174 273
185 284
105 204
58 157
162 261
78 177
30 129
99 198
13 112
173 272
17 116
171 270
44 143
173 272
168 267
116 215
15 114
38 137
75 174
47 146
118 217
172 271
142 241
195 294
28 127
123 222
134 233
170 269
33 132
64 163
40 139
62 161
122 221
77 176
2 101
102 201
131 230
38 137
28 127
174 273
100 199
22 121
44 143
101 200
160 259
12 111
5 104
24 123
27 126
175 274
178 277
188 287
69 168
89 188
66 165
134 233
189 288
37 136
116 215
101 200
28 127
25 124
141 240
118 217
174 273
17 116
83 182
31 130
138 237
67 166
184 283
61 160
44 143
101 200
161 260
75 174
41 140
17 116
117 216
63 162
46 145
145 244
112 211
146 245
178 277
154 253
147 246
153 252
184 283
117 216
188 287
128 227
150 249
56 155
196 295
92 191
132 231
56 155
25 124
169 268
94 193
92 191
26 125
21 120
64 163
180 279
142 241
132 231
136 235
185 284
177 276
110 209
29 128
128 227
19 118
5 104
188 287
139 238
174 273
13 112
6 105
161 260
119 218
93 192
108 207
54 153
25 124
157 256
58 157
105 204
17 116
23 122
18 117
126 225
48 147
79 178
82 181
3 102
73 172
160 259
98 197
53 152
88 187
26 125
169 268
193 292
139 238
36 135
171 270
78 177
115 214
134 233
168 267
72 171
87 186
122 221
43 142
107 206
44 143
68 167
61 160
172 271
69 168
142 241
99 198
42 141
85 184
24 123
106 205
182 281
158 257
84 183
23 122
132 231
75 174
21 120
92 191
159 258
140 239
73 172
101 200
36 135
186 285
172 271
145 244
169 268
30 129
193 292
126 225
188 287
89 188
14 113
75 174
158 257
55 154
18 117
144 243
148 247
124 223
18 117
160 259
6 105
16 115
40 139
153 252
22 121
44 143
123 222
149 248
10 109
85 184
90 189
128 227
131 230
92 191
71 170
135 234
15 114
101 200
131 230
60 159
123 222
44 143
97 196
115 214
126 225
56 155
100 199
57 156
176 275
94 193
61 160
180 279
100 199
83 182
162 261
197 296
99 198
152 251
22 121
0 99
23 122
156 255
75 174
135 234
60 159
18 117
80 179
60 159
53 152
134 233
67 166
197 296
117 216
76 175
81 180
155 254
87 186
23 122
42 141
51 150
194 293
187 286
89 188
185 284
125 224
40 139
115 214
144 243
102 201
154 253
10 109
39 138
88 187
97 196
175 274
135 234
159 258
147 246
62 161
134 233
102 201
148 247
79 178
64 163
183 282
30 129
176 275
94 193
177 276
131 230
141 240
74 173
52 151
27 126
65 164
114 213
171 270
123 222
143 242
92 191
166 265
71 170
146 245
197 296
78 177
152 251
57 156
72 171
157 256
37 136
58 157
37 136
92 191
15 114
78 177
21 120
136 235
117 216
134 233
135 234
172 271
98 197
167 266
169 268
181 280
104 203
65 164
150 249
59 158
135 234
132 231
66 165
177 276
154 253
182 281
38 137
115 214
45 144
40 139
136 235
28 127
42 141
123 222
38 137
40 139
172 271
177 276
80 179
35 134
84 183
144 243
115 214
135 234
103 202
153 252
99 198
180 279
162 261
76 175
0 99
55 154
60 159
156 255
45 144
162 261
15 114
108 207
54 153
99 198
42 141
24 123
148 247
64 163
12 111
9 108
137 236
79 178
55 154
30 129
108 207
43 142
150 249
57 156
46 145
133 232
184 283
102 201
139 238
125 224
2 101
193 292
117 216
197 296
124 223
162 261
142 241
116 215
194 293
68 167
122 221
29 128
2 101
12 111
108 207
35 134
32 131
42 141
28 127
67 166
130 229
84 183
45 144
129 228
100 199
146 245
43 142
177 276
117 216
55 154
183 282
169 268
41 140
163 262
7 106
189 288
2 101
53 152
6 105
48 147
36 135
82 181
50 149
39 138
42 141
159 258
162 261
175 274
128 227
67 166
145 244
33 132
161 260
106 205
49 148
120 219
170 269
86 185
8 107
75 174
7 106
45 144
3 102
6 105
93 192
58 157
54 153
155 254
56 155
167 266
29 128
197 296
124 223
151 250
123 222
85 184
197 296
140 239
168 267
110 209
137 236
148 247
101 200
70 169
164 263
72 171
174 273
194 293
186 285
44 143
30 129
158 257
45 144
143 242
13 112
60 159
111 210
59 158
39 138
61 160
6 105
96 195
4 103
159 258
153 252
137 236
10 109
74 173
112 211
50 149
80 179
156 255
49 148
159 258
122 221
21 120
83 182
103 202
45 144
160 259
171 270
97 196
12 111
30 129
85 184
58 157
152 251
5 104
142 241
68 167
71 170
179 278
61 160
144 243
102 201
46 145
50 149
140 239
62 161
37 136
46 145
171 270
138 237
74 173
136 235
39 138
57 156
170 269
161 260
43 142
152 251
24 123
181 280
13 112
119 218
44 143
75 174
60 159
90 189
101 200
62 161
24 123
12 111
73 172
184 283
177 276
20 119
3 102
103 202
137 236
72 171
194 293
67 166
125 224
136 235
51 150
188 287
59 158
95 194
193 292
79 178
155 254
77 176
103 202
193 292
147 246
26 125
84 183
56 155
189 288
16 115
158 257
119 218
155 254
168 267
74 173
39 138
107 206
4 103
111 210
134 233
138 237
8 107
38 137
12 111
131 230
154 253
58 157
144 243
180 279
121 220
190 289
2 101
62 161
44 143
92 191
44 143
29 128
189 288
136 235
175 274
55 154
62 161
135 234
40 139
119 218
58 157
58 157
146 245
116 215
109 208
194 293
181 280
180 279
106 205
195 294
183 282
18 117
47 146
171 270
178 277
24 123
154 253
38 137
179 278
54 153
71 170
19 118
4 103
107 206
116 215
152 251
100 199
105 204
173 272
170 269
109 208
68 167
136 235
182 281
109 208
29 128
172 271
117 216
177 276
123 222
65 164
34 133
123 222
197 296
121 220
42 141
173 272
101 200
69 168
84 183
179 278
96 195
29 128
147 246
193 292
134 233
96 195
63 162
102 201
170 269
74 173
141 240
29 128
70 169
156 255
120 219
40 139
130 229
88 187
87 186
189 288
84 183
24 123
132 231
165 264
115 214
88 187
189 288
125 224
41 140
128 227
126 225
10 109
19 118
49 148
136 235
134 233
65 164
97 196
29 128
113 212
182 281
131 230
93 192
104 203
125 224
108 207
171 270
80 179
125 224
144 243
22 121
30 129
81 180
71 170
72 171
119 218
137 236
167 266
117 216
59 158
38 137
144 243
160 259
153 252
97 196
78 177
101 200
124 223
146 245
41 140
66 165
124 223
126 225
62 161
187 286
174 273
86 185
34 133
170 269
188 287
89 188
40 139
196 295
74 173
23 122
168 267
111 210
11 110
116 215
151 250
72 171
194 293
177 276
181 280
130 229
49 148
85 184
176 275
71 170
40 139
86 185
108 207
110 209
51 150
165 264
29 128
160 259
75 174
156 255
27 126
56 155
142 241
84 183
39 138
59 158
175 274
195 294
166 265
57 156
147 246
65 164
31 130
14 113
152 251
77 176
11 110
38 137
83 182
120 219
28 127
126 225
148 247
72 171
130 229
18 117
1 100
20 119
188 287
12 111
132 231
18 117
101 200
10 109
36 135
62 161
38 137
124 223
21 120
2 101
91 190
26 125
87 186
137 236
187 286
183 282
16 115
162 261
180 279
76 175
106 205
169 268
193 292
25 124
2 101
94 193
156 255
63 162
112 211
175 274
166 265
110 209
31 130
186 285
84 183
193 292
36 135
115 214
27 126
132 231
36 135
128 227
173 272
192 291
101 200
82 181
156 255
75 174
69 168
27 126
141 240
164 263
63 162
98 197
180 279
13 112
62 161
10 109
113 212
42 141
188 287
33 132
35 134
15 114
134 233
73 172
15 114
0 99
149 248
80 179
147 246
53 152
57 156
154 253
196 295
37 136
104 203
39 138
91 190
40 139
149 248
8 107
149 248
149 248
194 293
123 222
15 114
99 198
144 243
72 171
146 245
116 215
179 278
69 168
118 217
152 251
68 167
9 108
70 169
96 195
131 230
71 170
41 140
173 272
2 101
60 159
97 196
25 124
59 158
92 191
179 278
73 172
33 132
167 266
118 217
47 146
168 267
58 157
178 277
83 182
197 296
39 138
111 210
66 165
130 229
148 247
116 215
19 118
180 279
68 167
155 254
178 277
52 151
136 235
61 160
127 226
104 203
47 146
188 287
11 110
45 144
45 144
133 232
123 222
30 129
148 247
158 257
197 296
130 229
117 216
151 250
40 139
4 103
169 268
69 168
51 150
110 209
170 269
34 133
89 188
59 158
18 117
179 278
23 122
31 130
34 133
82 181
50 149
149 248
99 198
74 173
102 201
183 282
85 184
190 289
161 260
55 154
127 226
80 179
128 227
136 235
0 99
53 152
68 167
87 186
177 276
51 150
22 121
22 121
39 138
83 182
160 259
57 156
189 288
101 200
39 138
154 253
138 237
75 174
98 197
95 194
67 166
24 123
164 263
63 162
9 108
92 191
179 278
192 291
105 204
122 221
161 260
138 237
95 194
47 146
173 272
121 220
14 113
143 242
80 179
38 137
50 149
4 103
38 137
155 254
93 192
97 196
102 201
68 167
157 256
161 260
29 128
27 126
186 285
88 187
19 118
10 109
161 260
170 269
70 169
21 120
91 190
108 207
84 183
57 156
26 125
32 131
7 106
103 202
141 240
81 180
12 111
168 267
174 273
68 167
140 239
107 206
90 189
145 244
135 234
14 113
73 172
138 237
47 146
186 285
115 214
118 217
105 204
182 281
119 218
109 208
111 210
119 218
146 245
178 277
196 295
79 178
31 130
64 163
35 134
14 113
74 173
42 141
61 160
17 116
126 225
154 253
63 162
187 286
3 102
169 268
147 246
131 230
133 232
179 278
8 107
12 111
85 184
127 226
29 128
3 102
149 248
193 292
84 183
106 205
170 269
119 218
4 103
97 196
182 281
126 225
36 135
52 151
161 260
65 164
157 256
151 250
186 285
32 131
65 164
49 148
70 169
122 221
113 212
56 155
140 239
83 182
78 177
15 114
79 178
145 244
89 188
139 238
34 133
178 277
57 156
33 132
80 179
108 207
0 99
110 209
74 173
96 195
53 152
61 160
50 149
183 282
58 157
99 198
78 177
54 153
47 146
163 262
125 224
152 251
10 109
176 275
65 164
14 113
16 115
145 244
123 222
2 101
2 101
46 145
140 239
169 268
17 116
40 139
62 161
130 229
60 159
152 251
183 282
103 202
195 294
126 225
120 219
124 223
161 260
187 286
9 108
34 133
195 294
111 210
163 262
7 106
60 159
84 183
77 176
197 296
122 221
98 197
103 202
1 100
149 248
116 215
155 254
120 219
128 227
27 126
160 259
97 196
57 156
83 182
176 275
192 291
134 233
66 165
164 263
146 245
33 132
173 272
84 183
123 222
46 145
121 220
131 230
54 153
188 287
55 154
161 260
4 103
134 233
123 222
9 108
50 149
12 111
17 116
94 193
120 219
85 184
181 280
159 258
48 147
118 217
170 269
104 203
31 130
5 104
40 139
6 105
23 122
196 295
63 162
32 131
162 261
163 262
59 158
10 109
64 163
34 133
96 195
66 165
77 176
10 109
46 145
176 275
96 195
94 193
118 217
142 241
113 212
109 208
17 116
177 276
121 220
107 206
133 232
156 255
54 153
62 161
9 108
73 172
81 180
4 103
197 296
22 121
17 116
24 123
80 179
65 164
175 274
15 114
32 131
76 175
155 254
89 188
115 214
169 268
159 258
10 109
140 239
125 224
95 194
164 263
123 222
41 140
65 164
95 194
104 203
11 110
123 222
133 232
94 193
151 250
121 220
186 285
63 162
164 263
136 235
121 220
2 101
195 294
76 175
133 232
194 293
178 277
80 179
164 263
170 269
16 115
180 279
169 268
118 217
78 177
89 188
50 149
42 141
85 184
149 248
0 99
56 155
155 254
155 254
140 239
22 121
10 109
81 180
80 179
183 282
71 170
175 274
141 240
62 161
52 151
28 127
179 278
18 117
17 116
89 188
60 159
137 236
51 150
149 248
22 121
52 151
13 112
109 208
146 245
81 180
123 222
90 189
52 151
137 236
162 261
57 156
192 291
141 240
175 274
61 160
71 170
40 139
104 203
184 283
52 151
128 227
41 140
152 251
57 156
179 278
34 133
171 270
180 279
49 148
75 174
136 235
48 147
149 248
74 173
13 112
146 245
3 102
165 264
167 266
102 201
89 188
129 228
85 184
67 166
169 268
135 234
128 227
156 255
58 157
115 214
182 281
171 270
94 193
14 113
36 135
51 150
8 107
75 174
41 140
5 104
151 250
82 181
174 273
12 111
172 271
34 133
16 115
34 133
121 220
145 244
2 101
76 175
123 222
53 152
39 138
112 211
52 151
87 186
70 169
66 165
15 114
142 241
36 135
56 155
114 213
104 203
191 290
40 139
50 149
89 188
139 238
30 129
86 185
40 139
49 148
159 258
164 263
53 152
15 114
145 244
97 196
29 128
56 155
101 200
0 99
49 148
193 292
158 257
95 194
13 112
28 127
186 285
103 202
92 191
78 177
106 205
34 133
75 174
151 250
112 211
156 255
83 182
79 178
170 269
175 274
18 117
83 182
138 237
23 122
12 111
105 204
164 263
188 287
180 279
187 286
160 259
95 194
60 159
192 291
177 276
66 165
53 152
168 267
194 293
31 130
73 172
4 103
156 255
75 174
150 249
6 105
96 195
40 139
170 269
44 143
61 160
86 185
157 256
97 196
138 237
114 213
104 203
60 159
197 296
181 280
187 286
162 261
33 132
117 216
38 137
142 241
131 230
174 273
56 155
159 258
2 101
43 142
78 177
106 205
162 261
104 203
127 226
28 127
108 207
144 243
189 288
61 160
13 112
72 171
16 115
117 216
123 222
101 200
48 147
98 197
11 110
175 274
53 152
52 151
180 279
15 114
89 188
196 295
95 194
192 291
56 155
79 178
2 101
194 293
177 276
142 241
51 150
83 182
68 167
40 139
175 274
188 287
114 213
2 101
150 249
186 285
76 175
65 164
141 240
143 242
44 143
40 139
61 160
17 116
189 288
136 235
160 259
95 194
21 120
128 227
13 112
16 115
157 256
30 129
194 293
106 205
77 176
0 99
88 187
92 191
64 163
144 243
30 129
193 292
1 100
61 160
57 156
177 276
128 227
182 281
142 241
25 124
89 188
131 230
53 152
41 140
139 238
92 191
66 165
145 244
139 238
192 291
63 162
24 123
47 146
10 109
72 171
72 171
83 182
80 179
32 131
187 286
63 162
43 142
50 149
10 109
129 228
105 204
195 294
30 129
97 196
67 166
126 225
39 138
49 148
106 205
104 203
54 153
27 126
18 117
59 158
37 136
155 254
23 122
11 110
53 152
15 114
20 119
0 99
172 271
140 239
197 296
38 137
160 259
0 99
118 217
170 269
114 213
26 125
14 113
196 295
108 207
13 112
43 142
36 135
118 217
194 293
64 163
126 225
22 121
103 202
24 123
38 137
59 158
73 172
93 192
144 243
44 143
22 121
176 275
87 186
145 244
70 169
69 168
8 107
10 109
138 237
108 207
21 120
82 181
117 216
110 209
35 134
94 193
173 272
102 201
153 252
67 166
109 208
119 218
121 220
186 285
186 285
88 187
131 230
180 279
97 196
172 271
127 226
85 184
45 144
194 293
185 284
110 209
95 194
66 165
120 219
55 154
173 272
163 262
51 150
82 181
68 167
110 209
80 179
77 176
162 261
97 196
80 179
112 211
2 101
69 168
101 200
22 121
194 293
13 112
144 243
118 217
53 152
160 259
17 116
36 135
61 160
60 159
71 170
93 192
182 281
191 290
152 251
64 163
144 243
80 179
181 280
66 165
178 277
135 234
29 128
162 261
165 264
165 264
146 245
98 197
4 103
112 211
193 292
174 273
62 161
173 272
112 211
144 243
183 282
47 146
165 264
36 135
72 171
73 172
181 280
102 201
81 180
57 156
69 168
73 172
84 183
26 125
34 133
89 188
54 153
32 131
28 127
30 129
74 173
189 288
181 280
96 195
29 128
15 114
140 239
115 214
192 291
14 113
119 218
74 173
114 213
190 289
126 225
64 163
4 103
111 210
122 221
96 195
195 294
118 217
47 146
6 105
118 217
62 161
7 106
89 188
46 145
67 166
137 236
108 207
82 181
103 202
194 293
130 229
74 173
62 161
195 294
107 206
171 270
17 116
1 100
140 239
151 250
194 293
163 262
7 106
2 101
48;156504
68 167
37 136
38 137
115 214
81 180
25 124
95 194
64 163
15 114
138 237
107 206
187 286
142 241
169 268
110 209
75 174
6 105
59 158
51 150
128 227
141 240
110 209
73 172
155 254
42 141
118 217
191 290
174 273
164 263
139 238
193 292
159 258
3 102
79 178
116 215
73 172
88 187
120 219
42 141
196 295
165 264
100 199
89 188
77 176
115 214
195 294
83 182
50 149
18 117
71 170
82 181
55 154
186 285
165 264
4 103
56 155
1 100
116 215
48 147
17 116
91 190
42 141
158 257
179 278
143 242
69 168
193 292
103 202
169 268
96 195
83 182
55 154
138 237
162 261
3 102
21 120
60 159
166 265
155 254
75 174
167 266
179 278
114 213
37 136
135 234
13 112
187 286
76 175
28 127
146 245
34 133
68 167
9 108
32 131
15 114
10 109
102 201
26 125
28 127
51 150
43 142
124 223
103 202
147 246
25 124
136 235
129 228
187 286
183 282
108 207
78 177
61 160
26 125
162 261
58 157
77 176
116 215
128 227
186 285
28 127
172 271
35 134
109 208
106 205
105 204
64 163
62 161
107 206
78 177
34 133
123 222
171 270
173 272
130 229
126 225
172 271
177 276
106 205
12 111
134 233
123 222
47 146
185 284
34 133
164 263
53 152
91 190
88 187
133 232
161 260
60 159
119 218
129 228
13 112
163 262
40 139
166 265
10 109
160 259
31 130
165 264
95 194
87 186
29 128
175 274
156 255
31 130
68 167
58 157
126 225
17 116
7 106
58 157
134 233
5 104
96 195
77 176
41 140
154 253
10 109
133 232
170 269
25 124
71 170
184 283
21 120
150 249
96 195
79 178
107 206
55 154
20 119
129 228
196 295
2 101
13 112
185 284
150 249
62 161
119 218
75 174
91 190
30 129
170 269
60 159
118 217
197 296
186 285
18 117
181 280
128 227
135 234
11 110
118 217
120 219
115 214
175 274
107 206
193 292
163 262
118 217
170 269
162 261
195 294
191 290
138 237
121 220
174 273
41 140
83 182
184 283
68 167
115 214
27 126
191 290
181 280
49 148
140 239
66 165
11 110
124 223
103 202
6 105
70 169
184 283
20 119
76 175
105 204
130 229
155 254
66 165
130 229
137 236
166 265
140 239
49 148
72 171
86 185
40 139
121 220
92 191
146 245
98 197
49 148
9 108
180 279
173 272
26 125
101 200
132 231
168 267
52 151
1 100
195 294
191 290
55 154
87 186
81 180
163 262
185 284
57 156
61 160
140 239
186 285
149 248
63 162
61 160
152 251
138 237
155 254
190 289
113 212
155 254
24 123
118 217
140 239
56 155
84 183
74 173
94 193
132 231
76 175
128 227
180 279
164 263
182 281
117 216
134 233
71 170
120 219
19 118
67 166
133 232
53 152
43 142
44 143
41 140
33 132
186 285
4 103
163 262
16 115
33 132
153 252
110 209
33 132
80 179
61 160
161 260
113 212
53 152
88 187
151 250
61 160
193 292
58 157
85 184
62 161
42 141
65 164
43 142
178 277
75 174
21 120
60 159
115 214
180 279
116 215
138 237
62 161
109 208
3 102
130 229
36 135
66 165
82 181
88 187
146 245
28 127
148 247
189 288
152 251
47 146
85 184
136 235
1 100
163 262
70 169
113 212
35 134
81 180
130 229
113 212
191 290
91 190
14 113
37 136
139 238
71 170
64 163
77 176
94 193
64 163
109 208
60 159
63 162
31 130
78 177
76 175
49 148
56 155
20 119
4 103
141 240
55 154
99 198
141 240
109 208
159 258
158 257
185 284
121 220
39 138
155 254
124 223
81 180
143 242
127 226
115 214
119 218
80 179
40 139
72 171
39 138
106 205
165 264
9 108
26 125
79 178
161 260
138 237
99 198
62 161
106 205
31 130
31 130
186 285
147 246
30 129
162 261
192 291
44 143
84 183
8 107
166 265
131 230
63 162
86 185
112 211
79 178
168 267
190 289
78 177
169 268
97 196
156 255
0 99
93 192
181 280
60 159
67 166
183 282
194 293
176 275
72 171
196 295
196 295
18 117
167 266
40 139
50 149
24 123
40 139
123 222
76 175
46 145
52 151
72 171
134 233
138 237
84 183
138 237
116 215
71 170
115 214
80 179
0 99
1 100
2 101
156 255
53 152
160 259
180 279
195 294
173 272
116 215
159 258
1 100
13 112
27 126
175 274
165 264
0 99
4 103
53 152
8 107
180 279
96 195
75 174
65 164
171 270
47 146
157 256
111 210
34 133
37 136
51 150
3 102
196 295
93 192
2 101
160 259
105 204
95 194
132 231
168 267
63 162
172 271
13 112
132 231
99 198
130 229
150 249
37 136
39 138
126 225
175 274
122 221
179 278
117 216
138 237
104 203
79 178
33 132
80 179
52 151
84 183
91 190
193 292
39 138
58 157
133 232
178 277
190 289
168 267
79 178
8 107
60 159
172 271
132 231
86 185
46 145
78 177
55 154
123 222
184 283
74 173
144 243
146 245
157 256
19 118
110 209
7 106
146 245
190 289
77 176
165 264
196 295
22 121
19 118
27 126
112 211
87 186
148 247
171 270
101 200
23 122
94 193
128 227
171 270
127 226
96 195
112 211
73 172
118 217
120 219
65 164
154 253
119 218
170 269
73 172
159 258
103 202
109 208
115 214
74 173
44 143
26 125
109 208
154 253
6 105
88 187
11 110
170 269
93 192
22 121
116 215
193 292
106 205
68 167
138 237
55 154
69 168
159 258
117 216
58 157
45 144
163 262
36 135
181 280
20 119
72 171
23 122
51 150
184 283
121 220
175 274
79 178
109 208
115 214
46 145
4 103
16 115
149 248
38 137
144 243
78 177
93 192
194 293
160 259
35 134
130 229
82 181
13 112
137 236
104 203
97 196
29 128
172 271
21 120
38 137
128 227
86 185
196 295
124 223
3 102
80 179
69 168
125 224
138 237
176 275
150 249
142 241
28 127
79 178
83 182
172 271
194 293
116 215
13 112
183 282
88 187
29 128
32 131
54 153
145 244
62 161
194 293
76 175
189 288
169 268
35 134
34 133
4 103
5 104
4 103
158 257
172 271
145 244
130 229
154 253
173 272
18 117
108 207
196 295
73 172
55 154
71 170
41 140
136 235
96 195
14 113
166 265
22 121
154 253
15 114
140 239
111 210
129 228
10 109
186 285
172 271
147 246
181 280
10 109
173 272
83 182
90 189
128 227
82 181
32 131
91 190
174 273
3 102
183 282
188 287
117 216
194 293
10 109
138 237
188 287
144 243
132 231
65 164
46 145
16 115
115 214
183 282
30 129
72 171
1 100
195 294
139 238
122 221
85 184
28 127
97 196
101 200
32 131
101 200
9 108
115 214
91 190
37 136
182 281
66 165
75 174
37 136
37 136
185 284
16 115
167 266
94 193
66 165
154 253
56 155
19 118
32 131
30 129
193 292
90 189
108 207
8 107
124 223
188 287
158 257
117 216
70 169
183 282
39 138
114 213
96 195
138 237
77 176
168 267
131 230
60 159
66 165
166 265
196 295
11 110
41 140
100 199
118 217
101 200
36 135
21 120
71 170
53 152
125 224
98 197
87 186
125 224
63 162
122 221
188 287
67 166
52 151
70 169
94 193
12 111
91 190
121 220
62 161
37 136
83 182
16 115
140 239
113 212
131 230
140 239
123 222
150 249
75 174
30 129
176 275
23 122
35 134
140 239
139 238
26 125
171 270
147 246
76 175
190 289
92 191
137 236
79 178
91 190
116 215
11 110
22 121
130 229
148 247
42 141
27 126
119 218
44 143
57 156
93 192
77 176
153 252
100 199
0 99
163 262
98 197
0 99
90 189
179 278
156 255
150 249
2 101
70 169
87 186
121 220
34 133
115 214
99 198
158 257
110 209
187 286
48 147
144 243
185 284
174 273
41 140
163 262
184 283
40 139
8 107
49 148
83 182
120 219
46 145
46 145
18 117
42 141
82 181
120 219
97 196
116 215
155 254
63 162
182 281
99 198
113 212
110 209
99 198
180 279
193 292
111 210
98 197
62 161
65 164
169 268
24 123
142 241
97 196
41 140
130 229
138 237
108 207
53 152
173 272
151 250
26 125
178 277
60 159
71 170
19 118
194 293
150 249
170 269
176 275
166 265
66 165
103 202
170 269
188 287
101 200
79 178
58 157
152 251
157 256
57 156
33 132
159 258
142 241
109 208
157 256
44 143
57 156
82 181
41 140
23 122
170 269
14 113
74 173
121 220
56 155
110 209
21 120
160 259
79 178
100 199
158 257
38 137
0 99
189 288
175 274
19 118
169 268
81 180
84 183
109 208
64 163
181 280
101 200
73 172
81 180
31 130
140 239
104 203
8 107
28 127
80 179
4 103
136 235
50 149
5 104
162 261
127 226
53 152
170 269
164 263
3 102
152 251
135 234
148 247
1 100
117 216
48 147
162 261
38 137
189 288
37 136
140 239
96 195
82 181
10 109
15 114
140 239
74 173
95 194
182 281
58 157
158 257
128 227
59 158
35 134
31 130
31 130
120 219
79 178
130 229
39 138
65 164
23 122
38 137
157 256
93 192
60 159
151 250
115 214
143 242
110 209
132 231
185 284
54 153
129 228
100 199
174 273
90 189
27 126
132 231
154 253
156 255
87 186
169 268
9 108
131 230
153 252
105 204
89 188
158 257
38 137
101 200
54 153
46 145
31 130
93 192
33 132
105 204
187 286
25 124
139 238
51 150
135 234
6 105
19 118
0 99
160 259
120 219
75 174
100 199
194 293
59 158
120 219
48 147
4 103
98 197
98 197
39 138
109 208
21 120
186 285
84 183
135 234
197 296
170 269
161 260
15 114
189 288
159 258
7 106
58 157
42 141
84 183
193 292
16 115
188 287
56 155
47 146
180 279
130 229
55 154
103 202
5 104
115 214
161 260
159 258
73 172
125 224
11 110
188 287
134 233
33 132
47 146
71 170
181 280
127 226
113 212
45 144
67 166
91 190
55 154
48 147
58 157
129 228
40 139
69 168
125 224
72 171
76 175
180 279
99 198
88 187
17 116
142 241
49 148
58 157
174 273
189 288
135 234
95 194
118 217
135 234
122 221
158 257
29 128
29 128
121 220
71 170
128 227
81 180
177 276
163 262
121 220
65 164
186 285
113 212
126 225
92 191
30 129
17 116
173 272
85 184
69 168
12 111
166 265
189 288
63 162
64 163
190 289
137 236
26 125
39 138
111 210
115 214
21 120
40 139
52 151
147 246
133 232
147 246
164 263
137 236
120 219
174 273
152 251
113 212
90 189
126 225
171 270
51 150
170 269
4 103
74 173
154 253
7 106
97 196
82 181
112 211
113 212
37 136
61 160
12 111
167 266
164 263
78 177
191 290
20 119
161 260
152 251
187 286
24 123
175 274
177 276
185 284
183 282
131 230
126 225
15 114
2 101
5 104
22 121
108 207
44 143
19 118
98 197
161 260
186 285
119 218
181 280
101 200
3 102
86 185
175 274
39 138
72 171
116 215
27 126
82 181
39 138
70 169
179 278
120 219
14 113
30 129
138 237
22 121
130 229
124 223
189 288
8 107
71 170
167 266
183 282
167 266
115 214
96 195
195 294
9 108
21 120
17 116
97 196
89 188
80 179
51 150
154 253
99 198
62 161
76 175
65 164
100 199
61 160
8 107
53 152
186 285
179 278
11 110
117 216
20 119
115 214
196 295
70 169
135 234
39 138
68 167
147 246
23 122
172 271
158 257
93 192
71 170
76 175
49 148
194 293
11 110
42 141
148 247
167 266
132 231
109 208
13 112
148 247
177 276
147 246
77 176
72 171
106 205
142 241
125 224
117 216
115 214
196 295
185 284
18 117
121 220
151 250
53 152
147 246
29 128
126 225
8 107
87 186
177 276
164 263
152 251
62 161
111 210
127 226
15 114
39 138
77 176
171 270
59 158
183 282
107 206
171 270
160 259
18 117
9 108
162 261
197 296
10 109
185 284
29 128
82 181
93 192
156 255
164 263
62 161
108 207
150 249
15 114
195 294
5 104
111 210
43 142
16 115
159 258
186 285
163 262
124 223
161 260
41 140
183 282
4 103
5 104
40 139
113 212
6 105
158 257
86 185
18 117
24 123
120 219
151 250
153 252
42 141
74 173
121 220
113 212
91 190
110 209
101 200
91 190
187 286
108 207
69 168
84 183
2 101
34 133
83 182
67 166
175 274
16 115
186 285
192 291
25 124
175 274
191 290
191 290
63 162
88 187
39 138
143 242
40 139
99 198
157 256
96 195
115 214
36 135
108 207
39 138
105 204
191 290
190 289
29 128
33 132
143 242
160 259
153 252
176 275
197 296
106 205
185 284
23 122
36 135
131 230
142 241
131 230
85 184
113 212
17 116
114 213
189 288
161 260
23 122
86 185
88 187
38 137
10 109
3 102
69 168
68 167
96 195
145 244
93 192
59 158
146 245
31 130
105 204
184 283
161 260
145 244
61 160
120 219
48 147
181 280
140 239
91 190
105 204
190 289
136 235
68 167
26 125
125 224
154 253
77 176
157 256
28 127
131 230
194 293
15 114
71 170
72 171
85 184
60 159
49 148
166 265
94 193
74 173
21 120
188 287
7 106
12 111
150 249
157 256
162 261
186 285
105 204
16 115
12 111
82 181
31 130
2 101
77 176
43 142
94 193
32 131
141 240
166 265
96 195
51 150
89 188
107 206
152 251
52 151
139 238
137 236
93 192
66 165
32 131
36 135
113 212
47 146
26 125
164 263
73 172
16 115
75 174
129 228
154 253
88 187
192 291
134 233
162 261
117 216
178 277
92 191
189 288
138 237
160 259
62 161
95 194
1 100
100 199
1 100
16 115
162 261
46 145
118 217
27 126
150 249
17 116
81 180
147 246
91 190
73 172
4 103
121 220
98 197
13 112
28 127
138 237
130 229
72 171
32 131
149 248
141 240
173 272
42 141
11 110
161 260
30 129
76 175
14 113
153 252
28 127
122 221
182 281
0 99
30 129
28 127
98 197
65 164
74 173
158 257
135 234
157 256
114 213
188 287
131 230
31 130
113 212
153 252
114 213
157 256
169 268
60 159
43 142
126 225
106 205
134 233
125 224
126 225
63 162
8 107
94 193
106 205
13 112
48 147
158 257
89 188
158 257
101 200
182 281
137 236
67 166
23 122
22 121
106 205
40 139
41 140
176 275
66 165
146 245
123 222
101 200
56 155
177 276
124 223
29 128
98 197
106 205
60 159
43 142
181 280
8 107
172 271
19 118
125 224
77 176
107 206
91 190
123 222
40 139
132 231
76 175
171 270
37 136
146 245
161 260
19 118
93 192
1 100
121 220
125 224
24 123
123 222
173 272
23 122
187 286
194 293
141 240
28 127
144 243
191 290
57 156
125 224
93 192
81 180
189 288
61 160
182 281
42 141
38 137
9 108
122 221
150 249
196 295
71 170
10 109
166 265
12 111
84 183
157 256
76 175
4 103
13 112
21 120
113 212
50 149
143 242
197 296
84 183
25 124
165 264
169 268
68 167
33 132
105 204
23 122
149 248
192 291
191 290
79 178
54 153
100 199
161 260
145 244
192 291
6 105
48 147
22 121
184 283
109 208
24 123
107 206
76 175
88 187
189 288
169 268
56 155
80 179
114 213
149 248
146 245
137 236
128 227
151 250
64 163
105 204
96 195
26 125
82 181
69 168
112 211
31 130
172 271
59 158
20 119
49 148
127 226
32 131
193 292
70 169
83 182
162 261
110 209
22 121
41 140
24 123
181 280
94 193
52 151
174 273
184 283
119 218
21 120
43 142
38 137
112 211
132 231
147 246
154 253
129 228
129 228
124 223
88 187
33 132
176 275
157 256
89 188
149 248
128 227
117 216
34 133
85 184
89 188
10 109
57 156
183 282
104 203
51 150
179 278
45 144
56 155
106 205
153 252
191 290
71 170
147 246
179 278
66 165
30 129
23 122
137 236
159 258
135 234
192 291
25 124
160 259
47 146
128 227
40 139
161 260
139 238
158 257
40 139
61 160
195 294
58 157
112 211
59 158
15 114
9 108
124 223
176 275
173 272
17 116
100 199
20 119
14 113
70 169
31 130
4 103
156 255
145 244
60 159
53 152
25 124
11 110
155 254
145 244
42 141
112 211
102 201
195 294
0 99
3 102
124 223
133 232
36 135
34 133
101 200
16 115
151 250
18 117
100 199
59 158
80 179
49 148
70 169
101 200
27 126
180 279
123 222
131 230
20 119
82 181
141 240
126 225
164 263
81 180
102 201
105 204
179 278
55 154
53 152
108 207
80 179
189 288
144 243
70 169
48 147
57 156
141 240
193 292
154 253
191 290
153 252
63 162
38 137
128 227
134 233
37 136
134 233
148 247
165 264
138 237
128 227
67 166
0 99
71 170
160 259
46 145
111 210
35 134
75 174
105 204
152 251
92 191
9 108
98 197
170 269
113 212
100 199
6 105
135 234
133 232
34 133
129 228
10 109
165 264
11 110
116 215
193 292
22 121
79 178
7 106
154 253
166 265
65 164
4 103
156 255
96 195
65 164
121 220
93 192
122 221
36 135
136 235
26 125
6 105
124 223
116 215
58 157
183 282
127 226
61 160
109 208
38 137
168 267
172 271
177 276
64 163
13 112
99 198
84 183
66 165
115 214
32 131
112 211
23 122
19 118
2 101
128 227
49 148
53 152
181 280
30 129
95 194
18 117
136 235
146 245
125 224
112 211
169 268
105 204
190 289
14 113
19 118
61 160
181 280
134 233
159 258
184 283
178 277
42 141
118 217
150 249
101 200
39 138
96 195
108 207
55 154
21 120
160 259
146 245
43 142
117 216
143 242
159 258
39 138
49 148
12 111
68 167
2 101
132 231
94 193
173 272
155 254
103 202
51 150
110 209
104 203
163 262
125 224
69 168
157 256
171 270
15 114
5 104
151 250
133 232
35 134
37 136
162 261
6 105
33 132
17 116
15 114
120 219
29 128
3 102
129 228
83 182
188 287
29 128
143 242
19 118
41 140
168 267
41 140
13 112
17 116
37 136
163 262
89 188
104 203
75 174
177 276
35 134
0 99
78 177
154 253
56 155
182 281
77 176
31 130
129 228
136 235
28 127
178 277
111 210
141 240
44 143
142 241
107 206
118 217
22 121
137 236
114 213
46 145
53 152
181 280
19 118
141 240
91 190
154 253
52 151
25 124
135 234
35 134
182 281
67 166
159 258
72 171
1 100
23 122
11 110
140 239
179 278
31 130
162 261
147 246
141 240
177 276
164 263
99 198
5 104
197 296
36 135
81 180
14 113
151 250
147 246
146 245
93 192
184 283
193 292
168 267
4 103
115 214
136 235
88 187
163 262
51 150
4 103
95 194
26 125
51 150
4 103
145 244
40 139
76 175
6 105
5 104
74 173
7 106
41 140
159 258
192 291
96 195
10 109
145 244
82 181
91 190
82 181
3 102
68 167
121 220
155 254
8 107
119 218
138 237
61 160
13 112
137 236
150 249
93 192
24 123
117 216
193 292
5 104
101 200
174 273
130 229
58 157
134 233
190 289
97 196
138 237
19 118
46 145
10 109
2 101
63 162
96 195
140 239
64 163
153 252
24 123
12 111
92 191
127 226
58 157
72 171
177 276
26 125
32 131
60 159
196 295
191 290
11 110
68 167
63 162
49 148
81 180
153 252
64 163
64 163
186 285
110 209
191 290
193 292
85 184
194 293
163 262
106 205
114 213
191 290
188 287
91 190
167 266
149 248
106 205
121 220
154 253
165 264
181 280
22 121
13 112
128 227
79 178
177 276
186 285
64 163
103 202
120 219
125 224
91 190
45 144
147 246
34 133
4 103
160 259
64 163
116 215
100 199
18 117
97 196
119 218
88 187
132 231
115 214
151 250
90 189
6 105
169 268
42 141
194 293
107 206
38 137
176 275
126 225
106 205
39 138
194 293
93 192
153 252
147 246
89 188
48 147
141 240
17 116
85 184
98 197
24 123
52 151
145 244
67 166
113 212
9 108
152 251
70 169
73 172
140 239
75 174
32 131
83 182
153 252
65 164
23 122
118 217
125 224
191 290
100 199
120 219
125 224
121 220
176 275
141 240
120 219
123 222
28 127
23 122
123 222
170 269
15 114
193 292
167 266
88 187
88 187
50 149
38 137
75 174
167 266
91 190
2 101
107 206
53 152
93 192
115 214
179 278
58 157
121 220
69 168
2 101
9 108
158 257
110 209
112 211
78 177
134 233
106 205
159 258
28 127
78 177
124 223
128 227
55 154
172 271
103 202
31 130
59 158
72 171
145 244
27 126
175 274
163 262
72 171
17 116
25 124
9 108
186 285
50 149
169 268
170 269
160 259
110 209
85 184
17 116
40 139
128 227
31 130
102 201
51 150
26 125
142 241
187 286
102 201
16 115
68 167
22 121
47 146
114 213
85 184
20 119
167 266
50 149
178 277
159 258
89 188
180 279
170 269
63 162
5 104
72 171
128 227
188 287
146 245
5 104
119 218
142 241
166 265
123 222
153 252
61 160
89 188
152 251
75 174
20 119
84 183
156 255
75 174
193 292
69 168
10 109
115 214
35 134
25 124
60 159
4 103
88 187
160 259
3 102
19 118
48 147
59 158
69 168
65 164
139 238
167 266
39 138
67 166
177 276
165 264
92 191
119 218
23 122
110 209
51 150
102 201
19 118
65 164
20 119
182 281
102 201
159 258
130 229
84 183
154 253
16 115
81 180
43 142
113 212
187 286
6 105
99 198
128 227
173 272
106 205
41 140
77 176
67 166
122 221
17 116
28 127
118 217
142 241
134 233
177 276
39 138
45 144
119 218
146 245
188 287
108 207
193 292
45 144
166 265
149 248
54 153
103 202
194 293
103 202
120 219
192 291
88 187
139 238
69 168
97 196
74 173
88 187
82 181
37 136
31 130
145 244
44 143
30 129
64 163
86 185
83 182
16 115
35 134
87 186
87 186
72 171
181 280
72 171
161 260
119 218
70 169
47 146
193 292
157 256
171 270
93 192
87 186
163 262
197 296
68 167
160 259
110 209
121 220
129 228
2 101
64 163
181 280
53 152
6 105
102 201
57 156
196 295
154 253
133 232
172 271
167 266
38 137
32 131
133 232
127 226
12 111
46 145
23 122
127 226
76 175
189 288
63 162
188 287
118 217
20 119
192 291
33 132
40 139
192 291
126 225
136 235
106 205
11 110
180 279
58 157
138 237
34 133
56 155
110 209
117 216
0 99
152 251
0 99
152 251
48 147
97 196
194 293
41 140
99 198
66 165
12 111
16 115
180 279
0 99
118 217
47 146
18 117
33 132
126 225
168 267
183 282
107 206
19 118
32 131
108 207
25 124
6 105
19 118
18 117
129 228
68 167
156 255
143 242
177 276
54 153
132 231
62 161
67 166
163 262
186 285
10 109
190 289
89 188
156 255
49 148
133 232
44 143
55 154
104 203
82 181
73 172
55 154
78 177
57 156
176 275
151 250
117 216
182 281
61 160
49 148
133 232
184 283
174 273
96 195
63 162
175 274
193 292
55 154
42 141
88 187
125 224
97 196
77 176
103 202
5 104
91 190
11 110
143 242
156 255
8 107
83 182
98 197
135 234
187 286
53 152
34 133
51 150
47 146
189 288
188 287
17 116
157 256
50 149
191 290
185 284
7 106
170 269
88 187
132 231
175 274
36 135
49 148
13 112
24 123
43 142
145 244
194 293
185 284
58 157
17 116
170 269
107 206
159 258
169 268
51 150
146 245
141 240
182 281
128 227
120 219
72 171
49 148
87 186
92 191
114 213
82 181
87 186
37 136
87 186
80 179
56 155
195 294
74 173
38 137
13 112
162 261
133 232
123 222
30 129
131 230
84 183
18 117
163 262
152 251
152 251
56 155
30 129
177 276
101 200
155 254
27 126
149 248
116 215
116 215
179 278
55 154
14 113
127 226
191 290
181 280
95 194
191 290
55 154
27 126
177 276
74 173
188 287
154 253
76 175
19 118
184 283
5 104
99 198
97 196
98 197
59 158
161 260
93 192
114 213
58 157
14 113
154 253
182 281
45 144
127 226
123 222
36 135
153 252
124 223
22 121
114 213
29 128
23 122
18 117
28 127
103 202
127 226
72 171
26 125
190 289
153 252
11 110
183 282
13 112
9 108
197 296
46 145
156 255
126 225
75 174
150 249
169 268
128 227
132 231
63 162
3 102
82 181
82 181
19 118
9 108
36 135
96 195
37 136
134 233
4 103
137 236
50 149
127 226
86 185
124 223
68 167
151 250
18 117
91 190
0 99
100 199
12 111
167 266
56 155
141 240
127 226
173 272
25 124
129 228
38 137
3 102
152 251
188 287
72 171
170 269
166 265
139 238
127 226
157 256
67 166
168 267
167 266
60 159
41 140
161 260
102 201
22 121
13 112
194 293
81 180
96 195
135 234
145 244
183 282
68 167
143 242
40 139
47 146
67 166
82 181
185 284
172 271
83 182
2 101
140 239
70 169
16 115
121 220
54 153
99 198
5 104
50 149
108 207
124 223
167 266
158 257
17 116
156 255
159 258
188 287
138 237
154 253
104 203
156 255
25 124
68 167
115 214
94 193
42 141
31 130
68 167
177 276
147 246
113 212
121 220
47 146
43 142
42 141
141 240
192 291
29 128
178 277
124 223
46 145
186 285
31 130
148 247
1 100
22 121
171 270
146 245
195 294
138 237
169 268
167 266
11 110
95 194
156 255
127 226
191 290
135 234
11 110
173 272
1 100
195 294
91 190
159 258
143 242
30 129
48 147
22 121
90 189
120 219
163 262
145 244
82 181
15 114
126 225
134 233
155 254
197 296
146 245
105 204
47 146
31 130
150 249
81 180
117 216
183 282
136 235
32 131
9 108
158 257
23 122
53 152
37 136
37 136
7 106
154 253
108 207
124 223
192 291
182 281
169 268
87 186
113 212
72 171
11 110
49 148
81 180
63 162
129 228
181 280
179 278
33 132
185 284
191 290
41 140
18 117
196 295
146 245
12 111
131 230
52 151
23 122
164 263
51 150
34 133
85 184
17 116
189 288
193 292
149 248
29 128
29 128
118 217
156 255
192 291
132 231
195 294
9 108
32 131
28 127
161 260
138 237
62 161
164 263
78 177
195 294
189 288
120 219
37 136
5 104
77 176
196 295
74 173
142 241
47 146
46 145
16 115
10 109
113 212
30 129
99 198
66 165
117 216
171 270
107 206
20 119
93 192
12 111
97 196
31 130
193 292
88 187
6 105
9 108
143 242
187 286
41 140
74 173
97 196
2 101
24 123
0 99
9 108
11 110
61 160
124 223
59 158
126 225
14 113
111 210
56 155
37 136
163 262
144 243
196 295
46 145
162 261
19 118
189 288
90 189
142 241
145 244
196 295
73 172
146 245
65 164
2 101
130 229
159 258
105 204
59 158
45 144
59 158
14 113
59 158
105 204
36 135
54 153
86 185
2 101
164 263
133 232
179 278
13 112
47 146
158 257
19 118
133 232
118 217
165 264
24 123
158 257
66 165
33 132
102 201
23 122
94 193
124 223
85 184
100 199
0 99
38 137
115 214
38 137
53 152
122 221
77 176
60 159
167 266
112 211
145 244
185 284
160 259
151 250
19 118
155 254
40 139
119 218
90 189
31 130
22 121
129 228
96 195
170 269
27 126
149 248
5 104
113 212
183 282
190 289
3 102
57 156
185 284
172 271
54 153
166 265
195 294
110 209
133 232
102 201
154 253
158 257
13 112
95 194
197 296
50 149
167 266
93 192
43 142
120 219
40 139
144 243
165 264
131 230
95 194
18 117
117 216
49 148
22 121
97 196
158 257
155 254
5 104
144 243
93 192
194 293
162 261
9 108
71 170
194 293
65 164
4 103
177 276
5 104
0 99
67 166
75 174
72 171
97 196
164 263
59 158
60 159
59 158
162 261
194 293
165 264
57 156
196 295
72 171
35 134
107 206
179 278
73 172
116 215
176 275
147 246
128 227
79 178
19 118
75 174
45 144
1 100
117 216
137 236
42 141
60 159
17 116
136 235
19 118
82 181
31 130
35 134
114 213
143 242
126 225
148 247
140 239
149 248
173 272
141 240
73 172
155 254
64 163
78 177
93 192
138 237
161 260
12 111
96 195
11 110
61 160
65 164
15 114
59 158
166 265
154 253
154 253
144 243
26 125
53 152
2 101
88 187
76 175
90 189
187 286
21 120
187 286
170 269
50 149
137 236
119 218
106 205
98 197
57 156
142 241
176 275
34 133
83 182
139 238
10 109
70 169
83 182
80 179
81 180
124 223
99 198
125 224
128 227
30 129
133 232
178 277
18 117
22 121
46 145
117 216
59 158
80 179
157 256
47 146
9 108
147 246
180 279
182 281
195 294
28 127
29 128
9 108
61 160
62 161
46 145
188 287
132 231
125 224
46 145
167 266
156 255
67 166
156 255
175 274
158 257
144 243
76 175
167 266
109 208
176 275
46 145
36 135
93 192
122 221
116 215
117 216
180 279
15 114
169 268
71 170
100 199
61 160
45 144
166 265
117 216
33 132
77 176
126 225
176 275
163 262
193 292
122 221
143 242
116 215
22 121
176 275
86 185
25 124
122 221
116 215
124 223
9 108
161 260
100 199
103 202
66 165
47 146
128 227
179 278
139 238
3 102
64 163
69 168
12 111
174 273
45 144
93 192
191 290
1 100
123 222
119 218
135 234
99 198
181 280
6 105
123 222
130 229
160 259
100 199
14 113
168 267
132 231
129 228
123 222
55 154
146 245
109 208
193 292
12 111
45 144
153 252
104 203
35 134
166 265
114 213
147 246
16 115
101 200
77 176
162 261
184 283
71 170
186 285
161 260
95 194
117 216
33 132
188 287
76 175
107 206
131 230
54 153
54 153
5 104
141 240
148 247
49 148
13 112
19 118
164 263
188 287
181 280
73 172
99 198
53 152
72 171
137 236
124 223
154 253
153 252
165 264
196 295
43 142
48 147
155 254
67 166
20 119
29 128
165 264
28 127
146 245
159 258
185 284
131 230
90 189
154 253
32 131
148 247
163 262
23 122
34 133
5 104
193 292
73 172
174 273
170 269
188 287
78 177
172 271
128 227
9 108
42 141
71 170
174 273
87 186
187 286
47 146
12 111
40 139
181 280
66 165
76 175
41 140
30 129
61 160
123 222
32 131
139 238
108 207
55 154
109 208
76 175
82 181
5 104
174 273
74 173
197 296
112 211
133 232
26 125
130 229
196 295
132 231
16 115
185 284
26 125
160 259
98 197
30 129
26 125
85 184
158 257
63 162
63 162
28 127
193 292
113 212
172 271
58 157
94 193
106 205
161 260
187 286
145 244
150 249
127 226
114 213
32 131
5 104
64 163
85 184
73 172
48 147
144 243
72 171
11 110
170 269
152 251
6 105
73 172
46 145
69 168
0 99
24 123
49 148
87 186
109 208
186 285
122 221
37 136
54 153
30 129
78 177
112 211
184 283
74 173
172 271
58 157
80 179
40 139
34 133
88 187
46 145
53 152
95 194
99 198
173 272
46 145
167 266
154 253
176 275
88 187
65 164
108 207
11 110
121 220
48 147
57 156
0 99
69 168
39 138
117 216
14 113
154 253
69 168
174 273
149 248
70 169
71 170
24 123
139 238
192 291
176 275
141 240
131 230
87 186
29 128
196 295
128 227
155 254
134 233
121 220
33 132
15 114
1 100
139 238
140 239
124 223
185 284
122 221
147 246
122 221
131 230
121 220
11 110
80 179
144 243
187 286
143 242
109 208
24 123
79 178
112 211
5 104
13 112
197 296
109 208
117 216
187 286
3 102
5 104
119 218
65 164
81 180
52 151
175 274
141 240
5 104
57 156
109 208
169 268
30 129
109 208
78 177
170 269
138 237
2 101
75 174
109 208
72 171
184 283
44 143
131 230
7 106
37 136
97 196
94 193
189 288
183 282
91 190
183 282
91 190
101 200
76 175
56 155
181 280
168 267
101 200
35 134
195 294
77 176
142 241
148 247
76 175
124 223
92 191
62 161
155 254
127 226
195 294
169 268
90 189
157 256
95 194
4 103
37 136
43 142
130 229
160 259
173 272
56 155
65 164
146 245
128 227
161 260
62 161
100 199
13 112
20 119
103 202
185 284
174 273
42 141
55 154
140 239
30 129
134 233
67 166
69 168
129 228
126 225
42 141
26 125
182 281
154 253
186 285
163 262
130 229
123 222
12 111
75 174
187 286
0 99
1 100
79 178
186 285
114 213
105 204
24 123
152 251
171 270
30 129
20 119
76 175
194 293
19 118
3 102
170 269
66 165
172 271
136 235
104 203
138 237
116 215
179 278
68 167
121 220
66 165
103 202
120 219
141 240
145 244
91 190
137 236
21 120
118 217
46 145
2 101
106 205
30 129
39 138
197 296
175 274
121 220
55 154
77 176
32 131
115 214
109 208
47 146
154 253
17 116
25 124
82 181
14 113
32 131
180 279
93 192
69 168
178 277
16 115
189 288
20 119
96 195
73 172
182 281
170 269
181 280
188 287
74 173
121 220
10 109
126 225
76 175
121 220
103 202
168 267
141 240
164 263
163 262
26 125
26 125
21 120
20 119
34 133
144 243
54 153
78 177
91 190
60 159
154 253
53 152
14 113
60 159
133 232
8 107
14 113
34 133
55 154
154 253
22 121
42 141
60 159
44 143
77 176
159 258
135 234
115 214
128 227
111 210
161 260
6 105
168 267
3 102
39 138
31 130
6 105
73 172
42 141
40 139
143 242
129 228
152 251
97 196
16 115
72 171
195 294
151 250
132 231
21 120
189 288
188 287
81 180
164 263
173 272
163 262
0 99
150 249
109 208
130 229
139 238
125 224
35 134
170 269
78 177
20 119
59 158
50 149
20 119
192 291
183 282
185 284
165 264
38 137
176 275
51 150
5 104
99 198
139 238
98 197
159 258
54 153
122 221
86 185
157 256
54 153
74 173
71 170
8 107
108 207
21 120
156 255
92 191
10 109
4 103
73 172
76 175
128 227
162 261
131 230
111 210
47 146
30 129
70 169
10 109
19 118
81 180
133 232
75 174
173 272
57 156
49 148
119 218
36 135
112 211
82 181
145 244
14 113
49 148
178 277
150 249
115 214
77 176
141 240
98 197
105 204
124 223
173 272
148 247
193 292
84 183
187 286
60 159
81 180
35 134
165 264
60 159
194 293
35 134
87 186
71 170
182 281
32 131
36 135
28 127
0 99
74 173
85 184
53 152
156 255
57 156
192 291
87 186
52 151
41 140
194 293
75 174
136 235
197 296
189 288
190 289
23 122
70 169
171 270
37 136
54 153
41 140
121 220
180 279
168 267
19 118
134 233
132 231
64 163
151 250
96 195
92 191
13 112
167 266
111 210
113 212
53 152
23 122
50 149
31 130
150 249
196 295
108 207
54 153
2 101
119 218
63 162
80 179
99 198
153 252
144 243
56 155
106 205
84 183
149 248
102 201
72 171
28 127
97 196
150 249
90 189
1 100
152 251
144 243
177 276
129 228
134 233
169 268
3 102
196 295
47 146
83 182
127 226
108 207
87 186
189 288
115 214
188 287
186 285
0 99
58 157
55 154
143 242
84 183
194 293
170 269
97 196
103 202
162 261
130 229
162 261
158 257
19 118
96 195
156 255
112 211
102 201
188 287
5 104
54 153
38 137
164 263
5 104
19 118
92 191
2 101
58 157
117 216
7 106
57 156
6 105
67 166
68 167
46 145
93 192
96 195
178 277
72 171
120 219
75 174
176 275
159 258
108 207
38 137
139 238
191 290
33 132
20 119
4 103
127 226
183 282
126 225
36 135
107 206
146 245
25 124
5 104
98 197
57 156
138 237
149 248
7 106
43 142
129 228
38 137
160 259
189 288
197 296
188 287
196 295
38 137
164 263
68 167
163 262
152 251
72 171
193 292
49 148
70 169
183 282
88 187
133 232
181 280
137 236
144 243
144 243
178 277
93 192
187 286
168 267
109 208
163 262
50 149
81 180
109 208
184 283
100 199
178 277
184 283
129 228
3 102
13 112
108 207
165 264
175 274
5 104
28 127
163 262
187 286
47 146
50 149
135 234
116 215
98 197
164 263
8 107
121 220
149 248
175 274
83 182
140 239
8 107
19 118
131 230
145 244
121 220
18 117
37 136
146 245
192 291
72 171
183 282
195 294
101 200
13 112
34 133
2 101
118 217
97 196
117 216
7 106
47 146
134 233
76 175
22 121
63 162
106 205
165 264
74 173
189 288
184 283
150 249
104 203
19 118
48 147
65 164
144 243
36 135
84 183
192 291
162 261
26 125
144 243
140 239
177 276
102 201
140 239
19 118
1 100
174 273
16 115
174 273
61 160
5 104
110 209
49 148
104 203
136 235
84 183
52 151
39 138
50 149
168 267
43 142
130 229
170 269
177 276
115 214
101 200
181 280
46 145
154 253
49 148
181 280
114 213
39 138
191 290
100 199
178 277
41 140
51 150
185 284
16 115
76 175
44 143
47 146
185 284
193 292
53 152
169 268
143 242
94 193
148 247
149 248
158 257
7 106
44 143
122 221
98 197
19 118
77 176
134 233
196 295
13 112
104 203
168 267
113 212
155 254
169 268
157 256
80 179
119 218
37 136
187 286
175 274
91 190
104 203
101 200
137 236
88 187
156 255
88 187
78 177
56 155
5 104
23 122
99 198
67 166
0 99
106 205
76 175
66 165
145 244
114 213
167 266
112 211
71 170
167 266
9 108
192 291
185 284
79 178
12 111
80 179
171 270
173 272
117 216
7 106
91 190
151 250
182 281
188 287
192 291
89 188
47 146
78 177
33 132
78 177
60 159
27 126
126 225
141 240
84 183
35 134
81 180
189 288
50 149
73 172
166 265
154 253
84 183
123 222
75 174
49 148
53 152
22 121
58 157
2 101
167 266
132 231
94 193
52 151
91 190
34 133
32 131
80 179
156 255
47 146
11 110
121 220
28 127
30 129
40 139
69 168
169 268
38 137
130 229
101 200
168 267
62 161
192 291
134 233
121 220
30 129
140 239
169 268
106 205
139 238
122 221
133 232
74 173
52 151
43 142
116 215
71 170
159 258
94 193
159 258
89 188
141 240
148 247
92 191
161 260
132 231
26 125
135 234
139 238
51 150
46 145
28 127
30 129
191 290
28 127
177 276
45 144
82 181
131 230
169 268
194 293
110 209
125 224
0 99
150 249
155 254
43 142
133 232
128 227
145 244
146 245
162 261
98 197
120 219
170 269
94 193
177 276
25 124
160 259
73 172
156 255
138 237
67 166
33 132
111 210
64 163
86 185
130 229
13 112
148 247
54 153
41 140
25 124
19 118
93 192
106 205
12 111
113 212
32 131
38 137
55 154
8 107
138 237
147 246
176 275
149 248
56 155
39 138
57 156
156 255
178 277
177 276
136 235
167 266
143 242
3 102
71 170
125 224
176 275
176 275
27 126
50 149
128 227
118 217
7 106
54 153
177 276
106 205
160 259
98 197
55 154
13 112
117 216
153 252
113 212
151 250
132 231
69 168
34 133
124 223
34 133
68 167
112 211
6 105
102 201
142 241
149 248
67 166
132 231
115 214
46 145
53 152
150 249
48 147
90 189
31 130
137 236
66 165
25 124
151 250
171 270
104 203
194 293
48 147
152 251
96 195
82 181
117 216
187 286
193 292
149 248
113 212
116 215
123 222
24 123
154 253
164 263
16 115
189 288
98 197
39 138
83 182
136 235
183 282
162 261
24 123
96 195
61 160
124 223
140 239
31 130
61 160
150 249
120 219
176 275
84 183
168 267
144 243
143 242
156 255
157 256
175 274
184 283
20 119
102 201
141 240
155 254
128 227
43 142
172 271
73 172
180 279
40 139
193 292
150 249
15 114
65 164
157 256
36 135
111 210
108 207
56 155
54 153
197 296
184 283
181 280
66 165
15 114
84 183
30 129
122 221
187 286
46 145
14 113
98 197
137 236
57 156
61 160
82 181
47 146
157 256
157 256
146 245
197 296
12 111
53 152
170 269
145 244
189 288
116 215
146 245
106 205
141 240
194 293
108 207
67 166
165 264
13 112
146 245
91 190
68 167
82 181
68 167
1 100
27 126
134 233
125 224
22 121
166 265
185 284
8 107
18 117
55 154
70 169
182 281
102 201
70 169
54 153
140 239
150 249
10 109
175 274
47 146
182 281
123 222
100 199
73 172
73 172
158 257
0 99
132 231
127 226
149 248
175 274
18 117
126 225
186 285
70 169
119 218
38 137
38 137
156 255
139 238
95 194
67 166
55 154
125 224
116 215
99 198
106 205
51 150
126 225
22 121
97 196
93 192
91 190
25 124
189 288
118 217
56 155
23 122
83 182
74 173
79 178
185 284
171 270
154 253
7 106
111 210
22 121
127 226
10 109
116 215
173 272
133 232
82 181
157 256
112 211
28 127
137 236
34 133
104 203
69 168
39 138
166 265
74 173
38 137
32 131
142 241
169 268
120 219
113 212
13 112
122 221
158 257
105 204
158 257
3 102
170 269
184 283
29 128
118 217
163 262
82 181
51 150
150 249
36 135
36 135
152 251
75 174
118 217
130 229
193 292
122 221
56 155
115 214
156 255
13 112
145 244
112 211
50 149
66 165
78 177
79 178
193 292
142 241
83 182
105 204
91 190
131 230
25 124
157 256
3 102
97 196
137 236
178 277
196 295
26 125
175 274
196 295
26 125
39 138
128 227
110 209
62 161
78 177
55 154
49 148
84 183
111 210
132 231
102 201
83 182
164 263
111 210
125 224
64 163
15 114
147 246
87 186
139 238
138 237
79 178
128 227
138 237
161 260
159 258
140 239
22 121
64 163
196 295
176 275
91 190
181 280
176 275
51 150
69 168
31 130
187 286
144 243
58 157
117 216
7 106
148 247
59 158
105 204
186 285
95 194
183 282
97 196
26 125
154 253
114 213
163 262
90 189
16 115
158 257
2 101
32 131
59 158
106 205
95 194
108 207
66 165
6 105
195 294
85 184
81 180
179 278
59 158
15 114
122 221
120 219
81 180
73 172
162 261
139 238
127 226
196 295
188 287
169 268
114 213
49 148
189 288
76 175
163 262
102 201
160 259
108 207
11 110
97 196
5 104
86 185
10 109
197 296
124 223
57 156
167 266
93 192
97 196
34 133
59 158
162 261
48 147
169 268
50 149
16 115
1 100
121 220
111 210
136 235
29 128
19 118
174 273
61 160
120 219
151 250
192 291
108 207
179 278
46 145
0 99
175 274
10 109
158 257
43 142
86 185
97 196
179 278
25 124
61 160
57 156
47 146
57 156
150 249
113 212
72 171
171 270
60 159
88 187
9 108
180 279
100 199
57 156
0 99
19 118
174 273
147 246
11 110
55 154
139 238
98 197
112 211
138 237
86 185
194 293
131 230
158 257
45 144
183 282
66 165
47 146
113 212
125 224
135 234
127 226
137 236
99 198
82 181
106 205
67 166
156 255
193 292
158 257
27 126
123 222
124 223
166 265
41 140
107 206
118 217
3 102
194 293
53 152
1 100
28 127
192 291
27 126
37 136
146 245
80 179
30 129
127 226
94 193
102 201
3 102
97 196
1 100
181 280
147 246
111 210
55 154
123 222
102 201
115 214
49 148
122 221
37 136
184 283
98 197
145 244
107 206
108 207
141 240
194 293
120 219
26 125
74 173
115 214
177 276
76 175
126 225
98 197
91 190
54 153
179 278
74 173
190 289
161 260
152 251
28 127
155 254
186 285
47 146
172 271
53 152
141 240
60 159
170 269
114 213
195 294
85 184
125 224
182 281
67 166
87 186
59 158
18 117
54 153
33 132
48 147
166 265
197 296
9 108
11 110
196 295
11 110
34 133
183 282
80 179
31 130
3 102
192 291
17 116
5 104
104 203
174 273
17 116
36 135
181 280
110 209
169 268
67 166
82 181
65 164
53 152
157 256
140 239
58 157
189 288
67 166
106 205
52 151
187 286
1 100
139 238
129 228
53 152
27 126
42 141
121 220
101 200
94 193
99 198
158 257
25 124
80 179
143 242
12 111
173 272
34 133
39 138
36 135
58 157
96 195
172 271
21 120
30 129
59 158
28 127
106 205
150 249
87 186
102 201
84 183
14 113
183 282
187 286
171 270
12 111
150 249
173 272
160 259
171 270
23 122
142 241
4 103
107 206
124 223
164 263
53 152
154 253
113 212
185 284
109 208
3 102
176 275
55 154
40 139
189 288
179 278
45 144
154 253
194 293
126 225
67 166
171 270
161 260
109 208
40 139
142 241
124 223
148 247
146 245
163 262
71 170
168 267
119 218
152 251
59 158
6 105
175 274
26 125
91 190
163 262
152 251
41 140
162 261
62 161
181 280
178 277
76 175
133 232
172 271
24 123
60 159
113 212
66 165
56 155
58 157
177 276
93 192
153 252
141 240
50 149
138 237
13 112
34 133
112 211
182 281
54 153
131 230
143 242
52 151
155 254
82 181
165 264
189 288
154 253
38 137
123 222
190 289
87 186
32 131
72 171
128 227
31 130
46 145
183 282
147 246
81 180
41 140
54 153
6 105
151 250
62 161
155 254
31 130
5 104
88 187
64 163
102 201
185 284
24 123
108 207
82 181
0 99
25 124
106 205
59 158
162 261
44 143
44 143
16 115
52 151
78 177
154 253
154 253
98 197
145 244
173 272
41 140
50 149
135 234
94 193
168 267
96 195
128 227
11 110
42 141
134 233
73 172
37 136
12 111
11 110
19 118
108 207
20 119
64 163
173 272
70 169
128 227
37 136
152 251
81 180
55 154
117 216
62 161
129 228
149 248
39 138
16 115
150 249
25 124
6 105
144 243
96 195
63 162
57 156
25 124
108 207
186 285
89 188
71 170
75 174
27 126
36 135
28 127
177 276
10 109
151 250
54 153
141 240
62 161
164 263
62 161
128 227
17 116
72 171
118 217
137 236
108 207
194 293
56 155
168 267
41 140
26 125
182 281
71 170
10 109
72 171
46 145
14 113
93 192
19 118
103 202
70 169
46 145
43 142
126 225
67 166
13 112
75 174
157 256
50 149
167 266
183 282
34 133
24 123
17 116
63 162
87 186
157 256
55 154
2 101
2 101
6 105
18 117
89 188
90 189
47 146
28 127
74 173
55 154
35 134
104 203
35 134
120 219
195 294
5 104
181 280
50 149
31 130
53 152
86 185
115 214
43 142
97 196
56 155
61 160
145 244
191 290
49 148
70 169
105 204
147 246
58 157
180 279
158 257
98 197
95 194
106 205
45 144
43 142
48 147
61 160
52 151
38 137
41 140
182 281
136 235
197 296
31 130
43 142
58 157
177 276
165 264
119 218
98 197
35 134
93 192
102 201
89 188
50 149
77 176
77 176
111 210
0 99
32 131
101 200
133 232
195 294
182 281
103 202
113 212
16 115
131 230
195 294
9 108
191 290
85 184
7 106
116 215
71 170
9 108
177 276
26 125
76 175
21 120
195 294
170 269
72 171
144 243
133 232
53 152
131 230
178 277
94 193
145 244
181 280
138 237
41 140
126 225
32 131
69 168
161 260
88 187
102 201
74 173
136 235
58 157
158 257
87 186
49 148
181 280
62 161
173 272
23 122
74 173
69 168
132 231
193 292
14 113
108 207
63 162
172 271
140 239
65 164
157 256
4 103
30 129
56 155
110 209
35 134
36 135
166 265
177 276
92 191
100 199
105 204
131 230
154 253
146 245
176 275
116 215
170 269
2 101
161 260
35 134
2 101
123 222
23 122
97 196
3 102
166 265
99 198
43 142
32 131
180 279
4 103
191 290
29 128
67 166
38 137
189 288
56 155
73 172
186 285
44 143
73 172
91 190
160 259
185 284
97 196
145 244
133 232
58 157
57 156
109 208
178 277
112 211
18 117
13 112
82 181
34 133
140 239
29 128
186 285
130 229
31 130
144 243
92 191
103 202
100 199
40 139
161 260
53 152
80 179
9 108
131 230
165 264
158 257
103 202
152 251
117 216
68 167
63 162
20 119
57 156
9 108
66 165
126 225
115 214
172 271
139 238
83 182
127 226
164 263
190 289
133 232
148 247
138 237
134 233
84 183
29 128
3 102
139 238
26 125
21 120
27 126
65 164
18 117
140 239
163 262
79 178
124 223
152 251
176 275
35 134
161 260
8 107
161 260
42 141
156 255
134 233
107 206
140 239
3 102
2 101
13 112
89 188
9 108
192 291
99 198
132 231
159 258
30 129
79 178
75 174
52 151
128 227
94 193
99 198
90 189
119 218
25 124
1 100
35 134
53 152
106 205
43 142
195 294
117 216
181 280
72 171
59 158
194 293
89 188
146 245
79 178
131 230
166 265
89 188
99 198
152 251
1 100
178 277
112 211
91 190
17 116
160 259
141 240
57 156
42 141
73 172
169 268
14 113
48 147
73 172
12 111
43 142
26 125
135 234
70 169
34 133
112 211
81 180
136 235
151 250
16 115
54 153
192 291
156 255
32 131
32 131
149 248
41 140
122 221
83 182
36 135
150 249
82 181
142 241
106 205
180 279
110 209
159 258
190 289
47 146
1 100
96 195
135 234
161 260
139 238
154 253
136 235
192 291
29 128
68 167
125 224
128 227
67 166
128 227
115 214
112 211
54 153
175 274
170 269
2 101
77 176
143 242
20 119
107 206
58 157
90 189
43 142
33 132
8 107
68 167
36 135
83 182
59 158
59 158
28 127
99 198
141 240
41 140
101 200
183 282
54 153
33 132
116 215
104 203
155 254
156 255
94 193
127 226
27 126
91 190
6 105
164 263
103 202
81 180
95 194
43 142
52 151
126 225
4 103
168 267
172 271
188 287
94 193
90 189
4 103
107 206
107 206
5 104
28 127
196 295
118 217
92 191
159 258
9 108
43 142
74 173
125 224
194 293
158 257
42 141
39 138
23 122
32 131
84 183
151 250
78 177
113 212
1 100
127 226
103 202
132 231
99 198
98 197
167 266
33 132
176 275
181 280
173 272
149 248
40 139
183 282
102 201
119 218
177 276
37 136
119 218
66 165
53 152
19 118
94 193
136 235
156 255
1 100
81 180
183 282
87 186
124 223
40 139
95 194
96 195
97 196
138 237
40 139
91 190
137 236
133 232
0 99
91 190
143 242
23 122
183 282
78 177
3 102
107 206
39 138
103 202
65 164
58 157
30 129
129 228
162 261
182 281
158 257
49 148
12 111
3 102
78 177
169 268
64 163
121 220
159 258
104 203
155 254
146 245
174 273
140 239
177 276
178 277
12 111
44 143
81 180
53 152
128 227
27 126
174 273
177 276
188 287
174 273
144 243
107 206
13 112
166 265
20 119
145 244
165 264
94 193
48 147
62 161
161 260
186 285
145 244
145 244
152 251
104 203
176 275
144 243
4 103
15 114
28 127
18 117
8 107
30 129
112 211
186 285
30 129
32 131
55 154
145 244
131 230
34 133
193 292
157 256
148 247
107 206
48 147
95 194
130 229
65 164
70 169
89 188
73 172
128 227
67 166
2 101
176 275
13 112
66 165
53 152
184 283
154 253
82 181
24 123
42 141
164 263
116 215
81 180
117 216
72 171
48 147
80 179
76 175
164 263
19 118
147 246
53 152
108 207
5 104
52 151
80 179
48 147
75 174
145 244
96 195
162 261
44 143
154 253
185 284
65 164
173 272
189 288
21 120
171 270
197 296
35 134
195 294
72 171
177 276
61 160
118 217
145 244
19 118
169 268
175 274
152 251
184 283
22 121
187 286
193 292
162 261
183 282
19 118
54 153
108 207
119 218
141 240
23 122
126 225
35 134
104 203
7 106
99 198
176 275
104 203
131 230
19 118
71 170
178 277
24 123
110 209
178 277
90 189
122 221
65 164
189 288
177 276
42 141
108 207
38 137
173 272
119 218
37 136
90 189
197 296
13 112
60 159
134 233
59 158
157 256
31 130
58 157
3 102
94 193
86 185
2 101
73 172
194 293
197 296
78 177
91 190
55 154
85 184
65 164
143 242
147 246
17 116
113 212
123 222
44 143
138 237
40 139
132 231
183 282
10 109
12 111
141 240
30 129
194 293
126 225
163 262
113 212
179 278
96 195
43 142
129 228
49 148
45 144
128 227
58 157
92 191
79 178
110 209
141 240
184 283
47 146
185 284
31 130
115 214
72 171
53 152
47 146
7 106
154 253
184 283
170 269
29 128
128 227
22 121
32 131
59 158
156 255
157 256
133 232
142 241
139 238
37 136
119 218
9 108
165 264
131 230
132 231
134 233
195 294
74 173
110 209
175 274
120 219
119 218
177 276
193 292
80 179
76 175
169 268
48 147
39 138
30 129
67 166
95 194
2 101
75 174
185 284
32 131
162 261
104 203
54 153
42 141
17 116
21 120
141 240
99 198
195 294
161 260
188 287
9 108
183 282
180 279
130 229
158 257
40 139
72 171
160 259
7 106
20 119
130 229
138 237
97 196
74 173
101 200
114 213
196 295
18 117
53 152
134 233
151 250
176 275
28 127
125 224
194 293
102 201
151 250
159 258
60 159
146 245
56 155
27 126
192 291
46 145
107 206
81 180
88 187
3 102
144 243
107 206
162 261
102 201
43 142
52 151
152 251
3 102
181 280
35 134
39 138
11 110
18 117
181 280
76 175
69 168
52 151
14 113
109 208
16 115
40 139
145 244
98 197
116 215
65 164
190 289
95 194
188 287
184 283
53 152
40 139
101 200
8 107
81 180
47 146
89 188
72 171
84 183
180 279
157 256
113 212
37 136
179 278
32 131
66 165
164 263
175 274
186 285
151 250
192 291
20 119
16 115
196 295
2 101
191 290
29 128
19 118
74 173
68 167
189 288
94 193
23 122
145 244
38 137
37 136
31 130
18 117
16 115
42 141
17 116
9 108
180 279
67 166
196 295
42 141
104 203
194 293
84 183
158 257
12 111
137 236
117 216
131 230
68 167
44 143
38 137
28 127
191 290
119 218
87 186
99 198
171 270
49 148
155 254
49 148
130 229
134 233
109 208
100 199
27 126
134 233
151 250
131 230
95 194
23 122
168 267
169 268
187 286
69 168
84 183
74 173
96 195
160 259
158 257
11 110
176 275
70 169
28 127
131 230
36 135
160 259
90 189
55 154
154 253
19 118
109 208
169 268
177 276
120 219
69 168
154 253
181 280
147 246
45 144
94 193
58 157
172 271
61 160
21 120
38 137
131 230
92 191
15 114
115 214
184 283
16 115
20 119
117 216
189 288
133 232
196 295
103 202
191 290
106 205
117 216
154 253
4 103
171 270
50 149
157 256
127 226
105 204
90 189
141 240
101 200
87 186
194 293
171 270
182 281
182 281
48 147
81 180
5 104
108 207
116 215
146 245
118 217
41 140
154 253
48 147
112 211
49 148
59 158
122 221
12 111
93 192
144 243
78 177
110 209
19 118
46 145
42 141
157 256
48 147
120 219
57 156
166 265
164 263
147 246
74 173
23 122
45 144
189 288
75 174
92 191
174 273
173 272
146 245
66 165
51 150
51 150
111 210
96 195
57 156
175 274
27 126
126 225
7 106
174 273
143 242
97 196
37 136
47 146
17 116
15 114
11 110
106 205
144 243
69 168
63 162
167 266
81 180
0 99
86 185
159 258
8 107
67 166
104 203
4 103
5 104
28 127
171 270
96 195
114 213
13 112
180 279
157 256
123 222
5 104
145 244
152 251
12 111
162 261
164 263
74 173
136 235
80 179
100 199
47 146
21 120
34 133
119 218
132 231
116 215
2 101
160 259
93 192
71 170
156 255
85 184
47 146
147 246
148 247
174 273
17 116
13 112
14 113
181 280
109 208
168 267
28 127
190 289
93 192
28 127
53 152
79 178
108 207
99 198
29 128
195 294
174 273
157 256
133 232
48 147
182 281
149 248
39 138
167 266
81 180
141 240
73 172
145 244
68 167
188 287
43 142
12 111
177 276
89 188
60 159
156 255
86 185
70 169
2 101
137 236
38 137
81 180
155 254
119 218
78 177
58 157
157 256
82 181
10 109
15 114
20 119
21 120
131 230
79 178
143 242
91 190
66 165
168 267
45 144
188 287
168 267
43 142
16 115
191 290
125 224
29 128
9 108
26 125
88 187
17 116
145 244
177 276
126 225
16 115
116 215
89 188
128 227
196 295
170 269
177 276
89 188
109 208
182 281
86 185
38 137
118 217
130 229
110 209
91 190
33 132
109 208
147 246
155 254
177 276
191 290
8 107
112 211
8 107
95 194
169 268
14 113
149 248
4 103
179 278
169 268
75 174
82 181
0 99
105 204
161 260
50 149
134 233
19 118
35 134
35 134
132 231
59 158
26 125
149 248
147 246
176 275
188 287
125 224
6 105
93 192
8 107
148 247
180 279
194 293
104 203
192 291
143 242
20 119
105 204
197 296
179 278
115 214
109 208
161 260
7 106
103 202
141 240
51 150
189 288
144 243
66 165
112 211
61 160
92 191
128 227
26 125
37 136
55 154
123 222
69 168
132 231
116 215
55 154
131 230
113 212
33 132
181 280
44 143
20 119
34 133
101 200
35 134
48 147
105 204
96 195
11 110
163 262
154 253
151 250
109 208
124 223
86 185
128 227
134 233
137 236
127 226
120 219
30 129
186 285
32 131
34 133
54 153
181 280
64 163
131 230
152 251
158 257
189 288
192 291
189 288
64 163
4 103
133 232
36 135
102 201
32 131
48 147
187 286
88 187
115 214
1 100
90 189
155 254
6 105
77 176
80 179
15 114
123 222
70 169
143 242
183 282
162 261
190 289
187 286
71 170
152 251
98 197
123 222
177 276
175 274
35 134
76 175
119 218
169 268
3 102
147 246
129 228
47 146
182 281
26 125
55 154
143 242
60 159
159 258
197 296
103 202
191 290
11 110
65 164
55 154
133 232
161 260
129 228
192 291
9 108
191 290
115 214
180 279
148 247
5 104
55 154
141 240
131 230
160 259
183 282
76 175
79 178
58 157
185 284
122 221
92 191
67 166
133 232
128 227
115 214
76 175
60 159
116 215
94 193
177 276
124 223
81 180
116 215
131 230
166 265
39 138
40 139
8 107
189 288
83 182
197 296
3 102
12 111
4 103
18 117
157 256
126 225
48 147
120 219
9 108
165 264
87 186
179 278
37 136
17 116
18 117
142 241
85 184
12 111
114 213
114 213
51 150
64 163
100 199
20 119
34 133
116 215
6 105
56 155
159 258
154 253
64 163
125 224
79 178
193 292
89 188
108 207
131 230
182 281
99 198
99 198
28 127
94 193
53 152
144 243
179 278
77 176
151 250
181 280
80 179
27 126
64 163
148 247
52 151
157 256
84 183
106 205
36 135
155 254
184 283
181 280
106 205
6 105
151 250
186 285
127 226
195 294
77 176
16 115
187 286
42 141
119 218
110 209
29 128
46 145
165 264
123 222
182 281
54 153
141 240
59 158
142 241
174 273
118 217
0 99
19 118
186 285
53 152
59 158
66 165
154 253
181 280
71 170
78 177
51 150
1 100
131 230
121 220
77 176
16 115
22 121
126 225
41 140
178 277
46 145
22 121
107 206
164 263
98 197
159 258
43 142
60 159
30 129
155 254
37 136
96 195
62 161
182 281
26 125
49 148
97 196
71 170
182 281
87 186
117 216
30 129
29 128
140 239
181 280
30 129
31 130
64 163
168 267
107 206
9 108
120 219
187 286
24 123
25 124
145 244
99 198
146 245
151 250
67 166
186 285
145 244
155 254
142 241
78 177
38 137
145 244
81 180
17 116
108 207
56 155
195 294
134 233
38 137
115 214
181 280
28 127
19 118
187 286
11 110
46 145
91 190
119 218
44 143
25 124
167 266
95 194
153 252
113 212
104 203
81 180
36 135
55 154
157 256
3 102
93 192
32 131
69 168
125 224
142 241
159 258
184 283
30 129
1 100
82 181
151 250
49 148
30 129
69 168
134 233
17 116
174 273
111 210
143 242
156 255
170 269
185 284
19 118
191 290
50 149
84 183
75 174
129 228
81 180
64 163
163 262
29 128
75 174
125 224
65 164
78 177
68 167
133 232
66 165
117 216
82 181
136 235
160 259
104 203
70 169
115 214
186 285
98 197
154 253
65 164
121 220
112 211
23 122
126 225
130 229
109 208
141 240
14 113
197 296
120 219
84 183
148 247
114 213
126 225
133 232
95 194
34 133
117 216
127 226
30 129
17 116
96 195
134 233
106 205
114 213
14 113
135 234
172 271
54 153
130 229
83 182
188 287
152 251
40 139
93 192
107 206
50 149
197 296
37 136
126 225
158 257
56 155
0 99
152 251
124 223
63 162
35 134
35 134
160 259
194 293
89 188
115 214
99 198
84 183
140 239
26 125
89 188
83 182
81 180
31 130
147 246
151 250
22 121
142 241
151 250
67 166
192 291
180 279
12 111
100 199
103 202
112 211
146 245
142 241
40 139
58 157
89 188
106 205
124 223
187 286
57 156
95 194
129 228
68 167
57 156
68 167
59 158
187 286
112 211
75 174
50 149
144 243
170 269
72 171
194 293
68 167
192 291
64 163
63 162
84 183
197 296
142 241
4 103
116 215
149 248
9 108
107 206
90 189
59 158
140 239
155 254
167 266
164 263
97 196
160 259
37 136
83 182
134 233
168 267
45 144
107 206
110 209
28 127
47 146
28 127
129 228
84 183
167 266
147 246
56 155
103 202
125 224
56 155
75 174
38 137
28 127
41 140
42 141
197 296
0 99
159 258
24 123
24 123
34 133
71 170
18 117
114 213
180 279
124 223
71 170
92 191
101 200
111 210
185 284
8 107
115 214
167 266
80 179
124 223
79 178
138 237
46 145
65 164
107 206
103 202
25 124
44 143
124 223
90 189
115 214
108 207
121 220
39 138
25 124
74 173
4 103
88 187
5 104
122 221
107 206
94 193
80 179
5 104
62 161
122 221
98 197
86 185
100 199
34 133
169 268
152 251
54 153
165 264
137 236
135 234
146 245
126 225
82 181
101 200
52 151
71 170
83 182
9 108
47 146
46 145
13 112
105 204
118 217
3 102
94 193
97 196
108 207
125 224
72 171
192 291
102 201
19 118
95 194
168 267
21 120
165 264
113 212
143 242
87 186
180 279
66 165
125 224
23 122
11 110
106 205
7 106
33 132
7 106
99 198
70 169
174 273
163 262
49 148
114 213
36 135
196 295
64 163
172 271
169 268
20 119
189 288
128 227
32 131
75 174
139 238
41 140
7 106
8 107
187 286
153 252
121 220
100 199
94 193
57 156
186 285
107 206
105 204
154 253
135 234
155 254
157 256
74 173
55 154
99 198
107 206
127 226
36 135
178 277
102 201
84 183
82 181
54 153
98 197
118 217
30 129
69 168
31 130
159 258
95 194
184 283
101 200
79 178
176 275
130 229
94 193
42 141
25 124
44 143
140 239
58 157
54 153
194 293
129 228
63 162
146 245
109 208
81 180
60 159
53 152
162 261
139 238
127 226
19 118
153 252
31 130
167 266
105 204
156 255
129 228
114 213
73 172
45 144
119 218
74 173
102 201
182 281
61 160
77 176
90 189
67 166
37 136
170 269
78 177
89 188
167 266
127 226
118 217
57 156
56 155
182 281
49 148
55 154
167 266
128 227
84 183
125 224
186 285
109 208
151 250
67 166
108 207
13 112
110 209
162 261
103 202
144 243
119 218
71 170
127 226
112 211
40 139
151 250
79 178
116 215
60 159
89 188
23 122
62 161
135 234
176 275
53 152
70 169
175 274
24 123
147 246
104 203
20 119
57 156
116 215
104 203
78 177
193 292
4 103
46 145
149 248
43 142
69 168
143 242
105 204
47 146
117 216
134 233
159 258
80 179
123 222
20 119
95 194
76 175
121 220
182 281
9 108
58 157
123 222
6 105
150 249
86 185
54 153
35 134
38 137
126 225
49 148
21 120
35 134
81 180
64 163
19 118
114 213
122 221
22 121
1 100
81 180
30 129
15 114
177 276
127 226
32 131
114 213
87 186
120 219
98 197
169 268
42 141
151 250
66 165
47 146
111 210
149 248
9 108
65 164
18 117
184 283
91 190
179 278
96 195
74 173
135 234
86 185
132 231
45 144
66 165
51 150
6 105
101 200
94 193
90 189
20 119
48 147
29 128
133 232
5 104
182 281
164 263
40 139
48 147
168 267
71 170
36 135
190 289
99 198
140 239
192 291
136 235
173 272
21 120
189 288
58 157
84 183
88 187
87 186
162 261
146 245
52 151
195 294
108 207
11 110
168 267
73 172
27 126
165 264
56 155
91 190
184 283
138 237
117 216
70 169
147 246
190 289
105 204
42 141
155 254
42 141
186 285
195 294
18 117
100 199
100 199
172 271
137 236
130 229
122 221
56 155
86 185
78 177
35 134
172 271
63 162
53 152
118 217
95 194
129 228
44 143
77 176
192 291
66 165
141 240
84 183
166 265
79 178
160 259
128 227
110 209
133 232
24 123
197 296
67 166
116 215
148 247
13 112
194 293
51 150
93 192
146 245
130 229
69 168
52 151
110 209
74 173
145 244
7 106
55 154
178 277
102 201
171 270
59 158
85 184
13 112
79 178
134 233
56 155
173 272
164 263
128 227
131 230
185 284
66 165
136 235
4 103
12 111
14 113
94 193
85 184
124 223
48 147
94 193
81 180
134 233
72 171
14 113
15 114
21 120
176 275
126 225
105 204
139 238
60 159
99 198
28 127
39 138
39 138
148 247
194 293
116 215
119 218
127 226
52 151
76 175
53 152
11 110
113 212
131 230
39 138
60 159
9 108
140 239
76 175
102 201
57 156
39 138
14 113
183 282
103 202
53 152
47 146
159 258
134 233
166 265
192 291
39 138
47 146
40 139
118 217
156 255
61 160
69 168
143 242
180 279
1 100
51 150
21 120
13 112
43 142
98 197
174 273
33 132
49 148
120 219
193 292
96 195
62 161
10 109
76 175
31 130
166 265
15 114
59 158
129 228
22 121
79 178
195 294
92 191
132 231
79 178
115 214
31 130
107 206
93 192
119 218
71 170
165 264
115 214
152 251
115 214
189 288
16 115
179 278
85 184
80 179
20 119
27 126
188 287
5 104
131 230
98 197
150 249
25 124
20 119
137 236
163 262
160 259
68 167
130 229
143 242
148 247
50 149
22 121
189 288
103 202
189 288
97 196
160 259
164 263
168 267
124 223
118 217
74 173
166 265
13 112
13 112
174 273
196 295
116 215
55 154
56 155
45 144
71 170
155 254
46 145
33 132
149 248
114 213
197 296
112 211
146 245
191 290
99 198
87 186
151 250
140 239
110 209
12 111
58 157
97 196
93 192
6 105
18 117
191 290
12 111
19 118
31 130
195 294
188 287
29 128
64 163
95 194
154 253
0 99
134 233
26 125
11 110
133 232
50 149
40 139
135 234
29 128
92 191
67 166
3 102
99 198
84 183
94 193
92 191
97 196
2 101
114 213
109 208
193 292
143 242
133 232
27 126
63 162
35 134
64 163
13 112
1 100
119 218
69 168
140 239
142 241
9 108
56 155
57 156
182 281
143 242
82 181
80 179
113 212
162 261
188 287
183 282
56 155
109 208
194 293
38 137
20 119
84 183
143 242
97 196
103 202
75 174
122 221
147 246
79 178
113 212
156 255
113 212
117 216
108 207
160 259
164 263
163 262
137 236
185 284
176 275
146 245
19 118
68 167
29 128
100 199
52 151
169 268
102 201
171 270
194 293
30 129
137 236
197 296
14 113
140 239
178 277
167 266
146 245
179 278
144 243
95 194
143 242
192 291
105 204
44 143
23 122
104 203
191 290
146 245
140 239
140 239
106 205
194 293
135 234
133 232
112 211
18 117
9 108
15 114
67 166
0 99
87 186
170 269
22 121
44 143
139 238
106 205
164 263
12 111
152 251
165 264
76 175
146 245
147 246
121 220
133 232
36 135
89 188
117 216
78 177
89 188
12 111
176 275
192 291
105 204
47 146
138 237
168 267
146 245
197 296
121 220
11 110
66 165
39 138
22 121
27 126
35 134
163 262
40 139
18 117
167 266
127 226
189 288
180 279
59 158
27 126
118 217
163 262
92 191
5 104
72 171
43 142
78 177
175 274
84 183
186 285
145 244
185 284
75 174
141 240
38 137
84 183
74 173
82 181
79 178
94 193
57 156
72 171
136 235
37 136
191 290
173 272
190 289
100 199
62 161
119 218
59 158
175 274
156 255
160 259
15 114
2 101
23 122
125 224
177 276
80 179
45 144
162 261
102 201
82 181
52 151
154 253
100 199
114 213
58 157
68 167
83 182
142 241
87 186
74 173
24 123
53 152
46 145
15 114
173 272
24 123
67 166
75 174
99 198
50 149
35 134
47 146
109 208
53 152
38 137
166 265
74 173
147 246
134 233
64 163
167 266
179 278
162 261
184 283
96 195
77 176
104 203
29 128
43 142
37 136
35 134
9 108
83 182
186 285
49;156504
15 114
188 287
109 208
42 141
32 131
80 179
81 180
77 176
81 180
60 159
48 147
10 109
164 263
102 201
85 184
115 214
59 158
122 221
57 156
20 119
7 106
8 107
26 125
137 236
48 147
75 174
69 168
188 287
187 286
123 222
136 235
22 121
39 138
147 246
120 219
5 104
69 168
24 123
44 143
92 191
95 194
21 120
19 118
73 172
162 261
129 228
102 201
80 179
176 275
197 296
115 214
76 175
115 214
129 228
80 179
30 129
161 260
78 177
25 124
172 271
19 118
39 138
53 152
194 293
172 271
65 164
107 206
132 231
194 293
86 185
83 182
7 106
117 216
88 187
50 149
146 245
67 166
58 157
38 137
45 144
114 213
8 107
107 206
109 208
170 269
85 184
3 102
162 261
43 142
137 236
110 209
161 260
34 133
72 171
146 245
155 254
29 128
197 296
188 287
183 282
58 157
130 229
170 269
104 203
75 174
1 100
119 218
60 159
85 184
132 231
93 192
87 186
46 145
8 107
192 291
77 176
132 231
20 119
161 260
141 240
56 155
32 131
127 226
118 217
58 157
73 172
31 130
94 193
51 150
173 272
141 240
178 277
105 204
170 269
97 196
186 285
92 191
95 194
96 195
52 151
57 156
79 178
159 258
50 149
61 160
125 224
173 272
10 109
73 172
147 246
29 128
100 199
178 277
84 183
159 258
188 287
70 169
25 124
191 290
196 295
60 159
125 224
164 263
155 254
93 192
74 173
195 294
57 156
85 184
30 129
109 208
49 148
111 210
20 119
179 278
54 153
37 136
48 147
108 207
110 209
112 211
166 265
97 196
129 228
121 220
133 232
44 143
64 163
76 175
89 188
73 172
176 275
118 217
184 283
82 181
37 136
124 223
42 141
188 287
183 282
91 190
82 181
191 290
180 279
27 126
196 295
76 175
106 205
26 125
5 104
127 226
140 239
38 137
35 134
134 233
93 192
3 102
182 281
47 146
151 250
89 188
190 289
84 183
105 204
178 277
126 225
48 147
48 147
119 218
69 168
23 122
8 107
75 174
58 157
180 279
139 238
148 247
155 254
184 283
17 116
4 103
16 115
157 256
90 189
140 239
63 162
32 131
22 121
62 161
132 231
18 117
95 194
58 157
197 296
38 137
10 109
128 227
82 181
47 146
38 137
117 216
185 284
180 279
21 120
79 178
18 117
14 113
76 175
197 296
114 213
145 244
116 215
74 173
140 239
172 271
145 244
39 138
148 247
74 173
92 191
73 172
147 246
50 149
51 150
89 188
101 200
165 264
129 228
103 202
20 119
77 176
192 291
141 240
103 202
179 278
59 158
102 201
174 273
126 225
43 142
38 137
100 199
35 134
99 198
15 114
59 158
116 215
49 148
112 211
100 199
161 260
37 136
76 175
105 204
100 199
166 265
158 257
80 179
174 273
27 126
140 239
52 151
138 237
172 271
34 133
152 251
16 115
10 109
87 186
46 145
5 104
98 197
145 244
41 140
193 292
166 265
181 280
188 287
90 189
6 105
29 128
96 195
56 155
25 124
179 278
57 156
153 252
166 265
129 228
140 239
188 287
2 101
82 181
53 152
5 104
151 250
42 141
75 174
0 99
170 269
108 207
8 107
76 175
130 229
88 187
110 209
43 142
144 243
70 169
134 233
51 150
130 229
130 229
186 285
30 129
102 201
132 231
9 108
182 281
27 126
163 262
64 163
39 138
163 262
27 126
110 209
91 190
101 200
92 191
97 196
49 148
41 140
20 119
107 206
183 282
136 235
186 285
19 118
49 148
141 240
183 282
93 192
150 249
42 141
187 286
27 126
66 165
42 141
72 171
66 165
31 130
187 286
51 150
37 136
154 253
144 243
192 291
176 275
153 252
66 165
145 244
24 123
20 119
194 293
122 221
118 217
156 255
120 219
117 216
125 224
145 244
118 217
190 289
47 146
158 257
179 278
18 117
146 245
188 287
8 107
176 275
35 134
47 146
177 276
11 110
186 285
41 140
70 169
95 194
106 205
121 220
54 153
85 184
163 262
82 181
126 225
19 118
79 178
56 155
118 217
6 105
32 131
38 137
147 246
22 121
7 106
106 205
44 143
98 197
133 232
194 293
85 184
57 156
27 126
176 275
27 126
27 126
157 256
37 136
156 255
15 114
34 133
108 207
129 228
100 199
33 132
26 125
53 152
1 100
53 152
82 181
112 211
182 281
127 226
112 211
31 130
5 104
25 124
49 148
138 237
195 294
33 132
121 220
69 168
171 270
2 101
22 121
152 251
2 101
55 154
52 151
3 102
0 99
178 277
135 234
70 169
143 242
85 184
177 276
152 251
174 273
90 189
61 160
81 180
24 123
39 138
96 195
128 227
166 265
90 189
101 200
183 282
165 264
21 120
4 103
179 278
125 224
64 163
56 155
143 242
175 274
82 181
137 236
162 261
160 259
156 255
191 290
16 115
89 188
63 162
20 119
54 153
85 184
87 186
190 289
30 129
76 175
76 175
189 288
149 248
13 112
149 248
127 226
158 257
118 217
37 136
154 253
64 163
22 121
130 229
87 186
135 234
9 108
175 274
66 165
127 226
67 166
189 288
83 182
17 116
107 206
194 293
16 115
17 116
71 170
191 290
40 139
175 274
47 146
159 258
40 139
115 214
76 175
98 197
163 262
111 210
94 193
192 291
73 172
100 199
2 101
119 218
73 172
46 145
25 124
125 224
23 122
76 175
26 125
7 106
135 234
48 147
142 241
160 259
19 118
173 272
54 153
53 152
193 292
36 135
155 254
17 116
117 216
100 199
74 173
29 128
94 193
132 231
161 260
44 143
91 190
130 229
91 190
132 231
23 122
120 219
130 229
6 105
143 242
103 202
187 286
47 146
163 262
72 171
69 168
21 120
60 159
125 224
59 158
183 282
120 219
177 276
170 269
32 131
142 241
125 224
128 227
21 120
174 273
90 189
187 286
15 114
12 111
138 237
68 167
140 239
51 150
87 186
110 209
140 239
165 264
26 125
90 189
6 105
93 192
9 108
149 248
131 230
96 195
6 105
75 174
109 208
22 121
145 244
65 164
104 203
24 123
3 102
156 255
168 267
61 160
103 202
126 225
130 229
37 136
128 227
95 194
166 265
79 178
49 148
153 252
38 137
153 252
32 131
107 206
2 101
190 289
162 261
61 160
132 231
3 102
187 286
141 240
177 276
19 118
78 177
70 169
149 248
126 225
19 118
133 232
173 272
25 124
127 226
144 243
75 174
88 187
92 191
3 102
150 249
149 248
189 288
144 243
134 233
42 141
109 208
4 103
183 282
8 107
131 230
192 291
90 189
154 253
53 152
79 178
174 273
63 162
187 286
97 196
48 147
59 158
130 229
82 181
138 237
136 235
189 288
85 184
103 202
67 166
3 102
119 218
194 293
146 245
186 285
13 112
173 272
54 153
21 120
112 211
74 173
82 181
21 120
186 285
77 176
163 262
20 119
141 240
30 129
124 223
186 285
67 166
146 245
127 226
2 101
101 200
86 185
180 279
28 127
5 104
146 245
114 213
149 248
81 180
120 219
133 232
195 294
30 129
109 208
190 289
14 113
113 212
8 107
62 161
155 254
62 161
180 279
81 180
75 174
129 228
0 99
112 211
47 146
174 273
168 267
94 193
81 180
179 278
132 231
161 260
45 144
159 258
111 210
5 104
152 251
184 283
45 144
196 295
88 187
14 113
190 289
154 253
9 108
0 99
176 275
183 282
11 110
144 243
73 172
193 292
16 115
196 295
58 157
155 254
182 281
93 192
31 130
25 124
138 237
20 119
155 254
78 177
111 210
1 100
174 273
113 212
15 114
156 255
89 188
2 101
187 286
192 291
166 265
197 296
66 165
192 291
139 238
108 207
32 131
17 116
1 100
162 261
28 127
161 260
197 296
123 222
183 282
42 141
14 113
16 115
185 284
177 276
116 215
150 249
72 171
161 260
106 205
32 131
5 104
52 151
17 116
73 172
184 283
124 223
23 122
146 245
183 282
6 105
183 282
171 270
135 234
62 161
116 215
96 195
147 246
32 131
181 280
29 128
42 141
55 154
114 213
142 241
17 116
1 100
117 216
46 145
30 129
5 104
5 104
53 152
103 202
132 231
22 121
26 125
178 277
48 147
80 179
178 277
5 104
187 286
48 147
175 274
92 191
2 101
128 227
119 218
105 204
17 116
91 190
43 142
11 110
61 160
123 222
68 167
90 189
93 192
22 121
61 160
4 103
98 197
32 131
179 278
163 262
23 122
178 277
47 146
9 108
149 248
15 114
186 285
151 250
47 146
127 226
68 167
121 220
176 275
180 279
32 131
182 281
19 118
28 127
121 220
120 219
165 264
72 171
159 258
180 279
61 160
81 180
133 232
85 184
164 263
177 276
181 280
41 140
28 127
16 115
60 159
147 246
33 132
192 291
158 257
167 266
3 102
85 184
105 204
124 223
16 115
68 167
109 208
120 219
21 120
54 153
173 272
80 179
111 210
5 104
186 285
81 180
82 181
101 200
184 283
150 249
17 116
148 247
131 230
49 148
6 105
108 207
29 128
73 172
38 137
13 112
97 196
86 185
104 203
184 283
153 252
58 157
91 190
112 211
24 123
50 149
123 222
91 190
34 133
189 288
187 286
32 131
27 126
44 143
36 135
134 233
118 217
188 287
165 264
43 142
121 220
79 178
43 142
156 255
128 227
141 240
93 192
176 275
119 218
174 273
111 210
10 109
158 257
104 203
141 240
22 121
193 292
197 296
144 243
139 238
126 225
62 161
120 219
190 289
170 269
18 117
177 276
101 200
73 172
11 110
71 170
155 254
120 219
5 104
51 150
6 105
123 222
147 246
45 144
157 256
50 149
100 199
3 102
185 284
25 124
182 281
61 160
8 107
108 207
130 229
188 287
173 272
121 220
192 291
184 283
161 260
32 131
30 129
111 210
81 180
78 177
79 178
166 265
108 207
154 253
127 226
87 186
134 233
1 100
111 210
37 136
71 170
191 290
25 124
86 185
173 272
184 283
184 283
102 201
134 233
182 281
98 197
7 106
129 228
23 122
13 112
120 219
26 125
91 190
49 148
7 106
165 264
48 147
115 214
0 99
89 188
87 186
153 252
156 255
65 164
51 150
49 148
113 212
136 235
156 255
187 286
53 152
142 241
64 163
37 136
86 185
81 180
80 179
154 253
115 214
16 115
11 110
118 217
169 268
94 193
158 257
11 110
145 244
91 190
56 155
0 99
171 270
100 199
108 207
100 199
75 174
112 211
113 212
118 217
79 178
114 213
110 209
128 227
138 237
66 165
126 225
131 230
23 122
19 118
112 211
78 177
125 224
59 158
97 196
114 213
60 159
13 112
40 139
181 280
62 161
159 258
62 161
43 142
14 113
152 251
155 254
3 102
10 109
0 99
44 143
69 168
63 162
65 164
147 246
149 248
65 164
60 159
107 206
71 170
147 246
111 210
25 124
24 123
184 283
160 259
37 136
8 107
151 250
147 246
144 243
2 101
197 296
81 180
53 152
60 159
161 260
68 167
151 250
100 199
0 99
166 265
0 99
71 170
176 275
67 166
40 139
11 110
154 253
49 148
34 133
166 265
110 209
109 208
1 100
158 257
123 222
78 177
162 261
70 169
34 133
121 220
2 101
36 135
98 197
149 248
121 220
148 247
52 151
5 104
16 115
69 168
93 192
59 158
147 246
58 157
22 121
27 126
196 295
148 247
61 160
110 209
34 133
80 179
12 111
182 281
189 288
121 220
108 207
134 233
11 110
97 196
98 197
141 240
87 186
120 219
161 260
82 181
150 249
98 197
137 236
133 232
30 129
195 294
51 150
99 198
45 144
167 266
5 104
148 247
29 128
45 144
179 278
123 222
52 151
113 212
135 234
32 131
172 271
169 268
19 118
57 156
86 185
138 237
162 261
54 153
161 260
119 218
4 103
30 129
119 218
55 154
92 191
141 240
8 107
120 219
52 151
89 188
51 150
18 117
98 197
17 116
126 225
47 146
33 132
117 216
125 224
80 179
145 244
195 294
27 126
121 220
1 100
86 185
150 249
180 279
142 241
32 131
67 166
94 193
107 206
116 215
6 105
1 100
153 252
61 160
14 113
123 222
8 107
115 214
7 106
111 210
155 254
162 261
31 130
51 150
4 103
10 109
196 295
2 101
79 178
93 192
80 179
196 295
126 225
36 135
184 283
178 277
38 137
192 291
29 128
49 148
177 276
83 182
90 189
100 199
76 175
51 150
139 238
72 171
94 193
72 171
82 181
197 296
107 206
9 108
4 103
67 166
53 152
149 248
169 268
191 290
149 248
35 134
171 270
128 227
183 282
92 191
146 245
170 269
185 284
82 181
134 233
48 147
156 255
188 287
47 146
98 197
4 103
19 118
160 259
65 164
43 142
165 264
97 196
105 204
65 164
95 194
125 224
72 171
29 128
13 112
32 131
79 178
4 103
147 246
188 287
175 274
88 187
10 109
113 212
162 261
27 126
75 174
19 118
61 160
22 121
69 168
60 159
175 274
120 219
51 150
107 206
100 199
14 113
161 260
124 223
104 203
160 259
18 117
57 156
126 225
144 243
19 118
5 104
9 108
81 180
62 161
168 267
172 271
47 146
104 203
72 171
97 196
193 292
2 101
131 230
187 286
32 131
104 203
174 273
21 120
70 169
173 272
109 208
62 161
127 226
135 234
92 191
137 236
15 114
95 194
73 172
55 154
186 285
152 251
164 263
189 288
107 206
177 276
189 288
134 233
125 224
192 291
121 220
37 136
193 292
42 141
120 219
94 193
87 186
186 285
95 194
125 224
65 164
167 266
47 146
145 244
57 156
67 166
14 113
127 226
79 178
173 272
150 249
19 118
20 119
108 207
27 126
164 263
164 263
184 283
114 213
171 270
116 215
152 251
197 296
144 243
100 199
17 116
130 229
194 293
154 253
6 105
75 174
180 279
44 143
133 232
37 136
102 201
138 237
54 153
144 243
42 141
24 123
60 159
86 185
64 163
149 248
153 252
163 262
147 246
189 288
185 284
160 259
30 129
8 107
186 285
99 198
153 252
126 225
156 255
151 250
103 202
60 159
85 184
42 141
149 248
101 200
135 234
23 122
140 239
49 148
19 118
155 254
157 256
146 245
4 103
124 223
168 267
157 256
187 286
170 269
10 109
49 148
185 284
45 144
94 193
193 292
113 212
13 112
93 192
87 186
3 102
11 110
15 114
132 231
64 163
121 220
161 260
47 146
146 245
88 187
192 291
46 145
64 163
17 116
1 100
75 174
194 293
153 252
71 170
78 177
123 222
4 103
17 116
55 154
32 131
61 160
98 197
157 256
71 170
117 216
117 216
178 277
104 203
82 181
11 110
38 137
117 216
42 141
89 188
82 181
118 217
171 270
8 107
3 102
9 108
162 261
171 270
116 215
84 183
152 251
128 227
86 185
0 99
197 296
44 143
25 124
88 187
119 218
120 219
21 120
28 127
119 218
128 227
162 261
41 140
113 212
100 199
78 177
30 129
179 278
174 273
11 110
123 222
13 112
66 165
116 215
109 208
173 272
185 284
55 154
68 167
120 219
117 216
91 190
75 174
27 126
19 118
86 185
144 243
190 289
71 170
135 234
51 150
1 100
102 201
116 215
71 170
55 154
156 255
113 212
151 250
186 285
151 250
193 292
92 191
118 217
54 153
165 264
26 125
92 191
110 209
181 280
184 283
131 230
36 135
22 121
195 294
33 132
136 235
42 141
133 232
159 258
110 209
25 124
147 246
182 281
96 195
164 263
125 224
101 200
96 195
170 269
26 125
21 120
73 172
34 133
36 135
184 283
99 198
138 237
3 102
48 147
139 238
46 145
173 272
177 276
32 131
160 259
174 273
84 183
145 244
14 113
60 159
175 274
138 237
63 162
3 102
34 133
179 278
15 114
138 237
61 160
170 269
173 272
6 105
83 182
103 202
22 121
80 179
129 228
121 220
86 185
86 185
106 205
119 218
61 160
80 179
148 247
152 251
36 135
141 240
99 198
52 151
78 177
116 215
169 268
20 119
179 278
110 209
76 175
13 112
142 241
37 136
186 285
197 296
151 250
194 293
182 281
196 295
23 122
38 137
193 292
137 236
54 153
147 246
161 260
56 155
89 188
66 165
75 174
51 150
119 218
156 255
179 278
78 177
2 101
31 130
101 200
72 171
85 184
167 266
67 166
165 264
152 251
1 100
29 128
48 147
115 214
32 131
8 107
24 123
39 138
30 129
101 200
15 114
36 135
124 223
28 127
47 146
177 276
135 234
17 116
43 142
127 226
197 296
178 277
68 167
117 216
107 206
193 292
124 223
113 212
129 228
22 121
144 243
37 136
142 241
142 241
7 106
183 282
196 295
139 238
90 189
55 154
112 211
128 227
159 258
165 264
96 195
94 193
167 266
26 125
187 286
160 259
28 127
74 173
45 144
69 168
131 230
42 141
148 247
25 124
58 157
54 153
51 150
94 193
30 129
111 210
78 177
108 207
189 288
24 123
162 261
59 158
61 160
76 175
126 225
19 118
43 142
121 220
70 169
146 245
19 118
51 150
77 176
116 215
72 171
114 213
51 150
104 203
24 123
113 212
120 219
169 268
157 256
123 222
66 165
166 265
118 217
100 199
82 181
125 224
14 113
175 274
127 226
24 123
172 271
10 109
173 272
125 224
133 232
121 220
61 160
194 293
179 278
84 183
19 118
119 218
6 105
193 292
65 164
193 292
112 211
107 206
158 257
179 278
173 272
26 125
78 177
196 295
160 259
69 168
124 223
40 139
40 139
115 214
188 287
64 163
128 227
122 221
170 269
183 282
122 221
49 148
33 132
123 222
185 284
107 206
22 121
12 111
59 158
155 254
17 116
19 118
61 160
17 116
166 265
144 243
70 169
131 230
46 145
115 214
133 232
62 161
149 248
190 289
13 112
6 105
151 250
181 280
70 169
80 179
136 235
156 255
190 289
18 117
19 118
172 271
122 221
99 198
16 115
141 240
124 223
151 250
52 151
110 209
99 198
30 129
74 173
153 252
89 188
30 129
55 154
0 99
71 170
28 127
170 269
66 165
108 207
151 250
136 235
92 191
114 213
156 255
75 174
85 184
131 230
106 205
128 227
103 202
80 179
40 139
52 151
180 279
138 237
160 259
35 134
197 296
72 171
40 139
115 214
66 165
15 114
165 264
94 193
186 285
63 162
82 181
71 170
13 112
97 196
58 157
58 157
53 152
183 282
28 127
89 188
64 163
83 182
166 265
161 260
192 291
65 164
50 149
83 182
98 197
130 229
49 148
83 182
34 133
85 184
47 146
98 197
66 165
119 218
182 281
97 196
117 216
37 136
150 249
149 248
96 195
115 214
73 172
189 288
131 230
66 165
34 133
134 233
103 202
3 102
174 273
185 284
29 128
58 157
73 172
149 248
138 237
162 261
93 192
38 137
135 234
3 102
147 246
172 271
54 153
61 160
11 110
117 216
34 133
7 106
113 212
132 231
148 247
5 104
93 192
176 275
2 101
104 203
87 186
142 241
1 100
1 100
36 135
165 264
32 131
158 257
19 118
83 182
37 136
197 296
125 224
12 111
170 269
159 258
27 126
77 176
22 121
38 137
197 296
31 130
101 200
158 257
180 279
49 148
82 181
85 184
46 145
53 152
83 182
0 99
120 219
136 235
173 272
70 169
60 159
26 125
28 127
150 249
74 173
3 102
39 138
177 276
164 263
79 178
184 283
11 110
93 192
132 231
196 295
63 162
102 201
187 286
24 123
70 169
10 109
166 265
15 114
20 119
118 217
102 201
96 195
5 104
113 212
24 123
105 204
110 209
27 126
165 264
52 151
121 220
193 292
102 201
44 143
113 212
195 294
83 182
174 273
40 139
7 106
73 172
153 252
4 103
114 213
153 252
93 192
161 260
21 120
97 196
159 258
73 172
155 254
162 261
79 178
84 183
98 197
1 100
173 272
15 114
154 253
118 217
146 245
75 174
94 193
165 264
126 225
48 147
159 258
31 130
91 190
100 199
46 145
10 109
121 220
147 246
68 167
61 160
138 237
159 258
81 180
49 148
42 141
110 209
146 245
122 221
0 99
191 290
102 201
69 168
139 238
160 259
174 273
159 258
64 163
184 283
130 229
169 268
96 195
83 182
188 287
5 104
130 229
43 142
7 106
99 198
92 191
141 240
196 295
157 256
27 126
57 156
93 192
65 164
98 197
162 261
29 128
150 249
2 101
70 169
187 286
136 235
144 243
137 236
166 265
28 127
180 279
98 197
63 162
136 235
40 139
154 253
156 255
38 137
165 264
130 229
187 286
114 213
195 294
195 294
149 248
2 101
138 237
112 211
103 202
92 191
101 200
133 232
10 109
88 187
101 200
196 295
185 284
110 209
94 193
50 149
73 172
147 246
130 229
6 105
52 151
145 244
111 210
57 156
56 155
2 101
96 195
6 105
106 205
104 203
25 124
151 250
44 143
176 275
174 273
32 131
69 168
123 222
28 127
15 114
144 243
116 215
22 121
81 180
36 135
124 223
13 112
19 118
82 181
4 103
123 222
95 194
54 153
34 133
59 158
31 130
57 156
77 176
133 232
37 136
67 166
117 216
150 249
64 163
111 210
105 204
183 282
131 230
30 129
162 261
109 208
195 294
8 107
122 221
185 284
137 236
43 142
132 231
67 166
172 271
60 159
191 290
143 242
118 217
101 200
157 256
21 120
45 144
80 179
67 166
155 254
54 153
136 235
46 145
171 270
23 122
4 103
195 294
145 244
129 228
172 271
97 196
152 251
34 133
59 158
171 270
29 128
45 144
149 248
138 237
194 293
101 200
81 180
106 205
135 234
89 188
95 194
103 202
63 162
147 246
189 288
143 242
2 101
140 239
160 259
134 233
178 277
36 135
196 295
122 221
96 195
53 152
123 222
64 163
17 116
182 281
159 258
87 186
122 221
2 101
46 145
182 281
139 238
14 113
53 152
110 209
110 209
27 126
107 206
134 233
25 124
19 118
184 283
38 137
96 195
130 229
46 145
32 131
0 99
86 185
107 206
192 291
7 106
177 276
182 281
113 212
186 285
169 268
0 99
30 129
31 130
91 190
155 254
132 231
25 124
151 250
4 103
120 219
191 290
124 223
191 290
99 198
96 195
40 139
185 284
117 216
173 272
70 169
123 222
140 239
53 152
146 245
124 223
70 169
86 185
3 102
188 287
185 284
140 239
108 207
73 172
191 290
6 105
114 213
157 256
170 269
99 198
169 268
142 241
67 166
33 132
93 192
125 224
54 153
86 185
2 101
196 295
150 249
57 156
6 105
153 252
80 179
83 182
135 234
183 282
60 159
89 188
92 191
123 222
28 127
144 243
41 140
115 214
144 243
190 289
159 258
47 146
26 125
196 295
162 261
112 211
45 144
191 290
0 99
0 99
159 258
107 206
40 139
10 109
72 171
117 216
68 167
30 129
74 173
34 133
191 290
128 227
12 111
52 151
121 220
62 161
127 226
95 194
69 168
57 156
93 192
160 259
85 184
14 113
55 154
177 276
63 162
84 183
86 185
84 183
172 271
43 142
173 272
172 271
111 210
121 220
71 170
32 131
46 145
149 248
115 214
73 172
67 166
18 117
123 222
124 223
193 292
39 138
32 131
71 170
77 176
12 111
162 261
191 290
34 133
170 269
51 150
20 119
196 295
132 231
175 274
164 263
196 295
17 116
25 124
169 268
68 167
180 279
109 208
122 221
65 164
43 142
75 174
141 240
45 144
11 110
113 212
192 291
148 247
90 189
80 179
140 239
34 133
111 210
34 133
64 163
102 201
113 212
31 130
136 235
53 152
157 256
81 180
143 242
121 220
177 276
120 219
30 129
50 149
59 158
38 137
19 118
5 104
184 283
94 193
19 118
35 134
153 252
94 193
14 113
64 163
39 138
179 278
49 148
40 139
97 196
122 221
100 199
92 191
189 288
190 289
90 189
89 188
116 215
11 110
66 165
43 142
81 180
135 234
86 185
193 292
191 290
55 154
0 99
87 186
44 143
119 218
25 124
50 149
138 237
76 175
177 276
89 188
87 186
65 164
102 201
54 153
178 277
108 207
79 178
0 99
170 269
87 186
38 137
185 284
51 150
177 276
157 256
188 287
126 225
64 163
79 178
143 242
52 151
30 129
152 251
163 262
54 153
6 105
135 234
76 175
124 223
43 142
17 116
76 175
61 160
60 159
42 141
62 161
31 130
35 134
63 162
47 146
48 147
93 192
30 129
136 235
97 196
64 163
81 180
116 215
22 121
81 180
61 160
174 273
60 159
102 201
187 286
86 185
16 115
75 174
178 277
77 176
196 295
18 117
11 110
171 270
2 101
44 143
169 268
178 277
176 275
161 260
112 211
99 198
93 192
48 147
14 113
156 255
83 182
125 224
38 137
35 134
90 189
35 134
146 245
34 133
129 228
118 217
135 234
119 218
127 226
133 232
187 286
138 237
36 135
142 241
131 230
109 208
106 205
114 213
135 234
32 131
87 186
121 220
114 213
71 170
111 210
109 208
188 287
84 183
150 249
47 146
6 105
168 267
161 260
40 139
89 188
138 237
193 292
93 192
179 278
196 295
173 272
30 129
75 174
143 242
76 175
194 293
115 214
61 160
124 223
101 200
136 235
17 116
147 246
10 109
174 273
83 182
121 220
149 248
156 255
78 177
17 116
153 252
191 290
94 193
192 291
163 262
66 165
14 113
165 264
57 156
101 200
17 116
127 226
34 133
58 157
83 182
60 159
45 144
188 287
104 203
81 180
116 215
43 142
141 240
148 247
95 194
37 136
191 290
10 109
142 241
15 114
21 120
156 255
133 232
47 146
65 164
159 258
121 220
161 260
14 113
158 257
76 175
197 296
123 222
34 133
9 108
180 279
77 176
110 209
5 104
181 280
116 215
71 170
121 220
66 165
86 185
141 240
56 155
172 271
72 171
38 137
72 171
142 241
50 149
101 200
73 172
112 211
165 264
79 178
1 100
14 113
196 295
25 124
5 104
88 187
123 222
183 282
51 150
18 117
189 288
132 231
192 291
95 194
131 230
14 113
189 288
194 293
71 170
94 193
38 137
141 240
64 163
78 177
52 151
185 284
30 129
63 162
73 172
86 185
130 229
7 106
55 154
49 148
36 135
180 279
101 200
147 246
141 240
182 281
138 237
96 195
93 192
188 287
111 210
91 190
164 263
151 250
82 181
68 167
4 103
28 127
101 200
91 190
38 137
141 240
12 111
109 208
16 115
180 279
66 165
29 128
165 264
169 268
82 181
103 202
66 165
37 136
45 144
93 192
72 171
146 245
72 171
39 138
10 109
88 187
167 266
62 161
157 256
197 296
182 281
120 219
8 107
157 256
8 107
100 199
148 247
175 274
10 109
1 100
149 248
147 246
19 118
37 136
165 264
89 188
108 207
3 102
128 227
24 123
76 175
135 234
100 199
134 233
81 180
9 108
117 216
69 168
135 234
197 296
86 185
29 128
39 138
3 102
135 234
105 204
36 135
171 270
85 184
0 99
140 239
62 161
60 159
63 162
184 283
56 155
27 126
0 99
57 156
107 206
62 161
150 249
163 262
105 204
105 204
174 273
60 159
41 140
27 126
189 288
134 233
90 189
134 233
87 186
161 260
63 162
123 222
170 269
151 250
105 204
128 227
28 127
9 108
55 154
176 275
92 191
22 121
42 141
134 233
129 228
119 218
116 215
122 221
79 178
3 102
53 152
130 229
148 247
17 116
96 195
197 296
17 116
5 104
47 146
42 141
179 278
95 194
118 217
105 204
137 236
20 119
11 110
4 103
86 185
56 155
77 176
154 253
34 133
70 169
166 265
89 188
61 160
110 209
18 117
152 251
82 181
114 213
133 232
188 287
126 225
156 255
185 284
120 219
153 252
37 136
154 253
71 170
109 208
107 206
48 147
74 173
5 104
149 248
185 284
146 245
101 200
118 217
85 184
80 179
28 127
35 134
192 291
167 266
58 157
42 141
106 205
15 114
61 160
173 272
178 277
183 282
140 239
5 104
114 213
140 239
15 114
18 117
124 223
88 187
88 187
88 187
147 246
179 278
138 237
133 232
194 293
96 195
124 223
162 261
37 136
137 236
119 218
28 127
159 258
162 261
174 273
192 291
144 243
196 295
193 292
146 245
7 106
137 236
173 272
124 223
85 184
155 254
110 209
85 184
45 144
191 290
143 242
146 245
136 235
57 156
119 218
39 138
13 112
122 221
9 108
38 137
122 221
193 292
136 235
191 290
187 286
74 173
123 222
178 277
176 275
41 140
22 121
187 286
11 110
174 273
169 268
190 289
182 281
84 183
68 167
116 215
130 229
25 124
135 234
115 214
97 196
29 128
91 190
179 278
141 240
110 209
72 171
92 191
15 114
74 173
122 221
114 213
177 276
83 182
79 178
154 253
37 136
108 207
141 240
98 197
194 293
22 121
71 170
162 261
171 270
66 165
65 164
52 151
81 180
158 257
81 180
177 276
45 144
23 122
127 226
97 196
152 251
134 233
31 130
56 155
157 256
37 136
92 191
134 233
70 169
132 231
42 141
99 198
177 276
7 106
186 285
0 99
71 170
79 178
182 281
41 140
160 259
154 253
143 242
42 141
130 229
36 135
186 285
161 260
4 103
94 193
149 248
182 281
183 282
51 150
153 252
4 103
47 146
5 104
2 101
195 294
90 189
110 209
93 192
98 197
129 228
57 156
72 171
133 232
183 282
177 276
26 125
15 114
10 109
21 120
55 154
165 264
163 262
28 127
16 115
27 126
33 132
93 192
107 206
12 111
52 151
58 157
121 220
53 152
10 109
98 197
74 173
57 156
58 157
132 231
141 240
110 209
82 181
96 195
95 194
112 211
42 141
137 236
51 150
170 269
52 151
191 290
160 259
34 133
167 266
160 259
56 155
169 268
187 286
3 102
16 115
51 150
40 139
166 265
54 153
23 122
39 138
108 207
45 144
117 216
10 109
119 218
71 170
49 148
13 112
116 215
175 274
155 254
115 214
92 191
101 200
49 148
17 116
161 260
90 189
171 270
101 200
138 237
149 248
164 263
111 210
77 176
183 282
14 113
197 296
173 272
85 184
191 290
57 156
66 165
108 207
84 183
73 172
91 190
7 106
14 113
171 270
43 142
130 229
63 162
189 288
151 250
96 195
85 184
97 196
105 204
39 138
48 147
196 295
127 226
161 260
138 237
163 262
148 247
84 183
42 141
69 168
66 165
45 144
192 291
184 283
174 273
194 293
27 126
13 112
33 132
25 124
158 257
118 217
19 118
69 168
163 262
127 226
150 249
123 222
18 117
8 107
193 292
55 154
119 218
32 131
185 284
115 214
72 171
151 250
130 229
174 273
190 289
125 224
143 242
27 126
113 212
167 266
193 292
185 284
55 154
92 191
119 218
71 170
135 234
89 188
195 294
26 125
64 163
136 235
96 195
184 283
26 125
161 260
117 216
44 143
37 136
186 285
12 111
82 181
165 264
123 222
69 168
7 106
63 162
177 276
185 284
157 256
11 110
50 149
59 158
144 243
56 155
8 107
192 291
6 105
46 145
8 107
140 239
118 217
22 121
108 207
134 233
67 166
121 220
10 109
36 135
123 222
58 157
123 222
139 238
99 198
22 121
123 222
101 200
158 257
130 229
143 242
74 173
67 166
37 136
112 211
54 153
38 137
150 249
84 183
67 166
106 205
53 152
60 159
67 166
141 240
162 261
53 152
100 199
46 145
150 249
80 179
149 248
43 142
150 249
25 124
108 207
142 241
113 212
152 251
84 183
65 164
108 207
150 249
120 219
194 293
134 233
4 103
126 225
86 185
119 218
32 131
104 203
41 140
25 124
69 168
189 288
39 138
65 164
171 270
0 99
35 134
122 221
119 218
54 153
170 269
117 216
47 146
86 185
131 230
159 258
135 234
101 200
18 117
97 196
150 249
155 254
78 177
188 287
136 235
195 294
37 136
72 171
188 287
60 159
120 219
158 257
68 167
173 272
111 210
157 256
31 130
28 127
21 120
59 158
110 209
106 205
120 219
90 189
70 169
124 223
110 209
164 263
154 253
117 216
82 181
8 107
193 292
110 209
168 267
142 241
127 226
27 126
84 183
112 211
113 212
35 134
153 252
132 231
152 251
178 277
46 145
72 171
79 178
33 132
70 169
101 200
45 144
179 278
82 181
192 291
55 154
99 198
24 123
63 162
8 107
57 156
103 202
42 141
88 187
37 136
187 286
168 267
104 203
25 124
166 265
111 210
182 281
191 290
178 277
73 172
37 136
97 196
157 256
117 216
99 198
128 227
148 247
128 227
66 165
158 257
58 157
97 196
104 203
47 146
0 99
120 219
119 218
19 118
115 214
58 157
124 223
176 275
155 254
141 240
129 228
76 175
137 236
65 164
193 292
74 173
181 280
112 211
121 220
58 157
132 231
113 212
170 269
132 231
60 159
129 228
89 188
3 102
16 115
52 151
62 161
21 120
56 155
4 103
143 242
75 174
64 163
34 133
36 135
189 288
175 274
98 197
43 142
44 143
145 244
132 231
113 212
7 106
65 164
11 110
75 174
26 125
152 251
97 196
112 211
100 199
157 256
149 248
137 236
66 165
82 181
62 161
76 175
147 246
111 210
159 258
21 120
140 239
194 293
196 295
184 283
178 277
99 198
132 231
112 211
156 255
85 184
20 119
46 145
19 118
84 183
6 105
86 185
71 170
91 190
152 251
154 253
155 254
116 215
189 288
14 113
176 275
38 137
18 117
165 264
47 146
166 265
15 114
124 223
130 229
179 278
64 163
13 112
48 147
58 157
110 209
162 261
127 226
46 145
128 227
74 173
1 100
133 232
89 188
141 240
172 271
112 211
194 293
2 101
166 265
119 218
119 218
170 269
76 175
150 249
161 260
181 280
16 115
126 225
157 256
18 117
78 177
183 282
141 240
108 207
27 126
98 197
110 209
140 239
38 137
29 128
9 108
58 157
150 249
116 215
167 266
117 216
128 227
44 143
31 130
96 195
168 267
166 265
118 217
194 293
181 280
37 136
169 268
68 167
172 271
85 184
164 263
36 135
66 165
169 268
27 126
103 202
8 107
193 292
112 211
117 216
51 150
62 161
110 209
101 200
35 134
141 240
65 164
115 214
151 250
137 236
125 224
165 264
101 200
151 250
44 143
10 109
77 176
166 265
57 156
187 286
136 235
89 188
124 223
153 252
122 221
195 294
76 175
55 154
5 104
127 226
176 275
196 295
77 176
178 277
182 281
31 130
103 202
84 183
167 266
38 137
66 165
51 150
125 224
41 140
172 271
176 275
42 141
112 211
191 290
159 258
173 272
74 173
71 170
121 220
73 172
132 231
149 248
51 150
168 267
12 111
67 166
126 225
147 246
114 213
63 162
17 116
39 138
54 153
64 163
138 237
130 229
154 253
23 122
167 266
64 163
89 188
128 227
170 269
76 175
137 236
183 282
65 164
106 205
97 196
67 166
67 166
144 243
196 295
21 120
93 192
158 257
62 161
18 117
86 185
78 177
175 274
175 274
83 182
179 278
162 261
100 199
98 197
110 209
120 219
179 278
40 139
176 275
120 219
155 254
15 114
3 102
3 102
105 204
75 174
53 152
34 133
37 136
180 279
192 291
64 163
157 256
125 224
170 269
70 169
187 286
4 103
58 157
165 264
135 234
103 202
100 199
138 237
0 99
26 125
144 243
1 100
114 213
21 120
155 254
167 266
195 294
18 117
23 122
10 109
142 241
70 169
33 132
128 227
146 245
190 289
158 257
147 246
34 133
168 267
118 217
30 129
50 149
96 195
187 286
108 207
187 286
83 182
21 120
128 227
9 108
132 231
166 265
60 159
6 105
23 122
52 151
70 169
182 281
107 206
39 138
154 253
129 228
110 209
17 116
2 101
114 213
35 134
44 143
132 231
57 156
150 249
192 291
70 169
55 154
191 290
145 244
182 281
148 247
154 253
81 180
81 180
7 106
154 253
56 155
78 177
136 235
112 211
108 207
5 104
185 284
190 289
57 156
79 178
178 277
39 138
98 197
32 131
155 254
152 251
102 201
15 114
64 163
74 173
16 115
46 145
172 271
141 240
139 238
42 141
192 291
51 150
115 214
24 123
179 278
35 134
96 195
113 212
107 206
4 103
176 275
54 153
68 167
93 192
112 211
103 202
68 167
81 180
172 271
120 219
177 276
146 245
138 237
143 242
145 244
145 244
170 269
62 161
97 196
133 232
117 216
167 266
68 167
110 209
154 253
59 158
189 288
81 180
67 166
76 175
37 136
104 203
151 250
149 248
140 239
176 275
158 257
50 149
145 244
70 169
149 248
83 182
118 217
105 204
38 137
193 292
28 127
180 279
190 289
98 197
97 196
7 106
105 204
172 271
42 141
42 141
55 154
93 192
99 198
190 289
9 108
28 127
15 114
110 209
136 235
143 242
107 206
2 101
0 99
178 277
74 173
134 233
175 274
69 168
57 156
172 271
152 251
42 141
173 272
135 234
139 238
86 185
139 238
157 256
156 255
63 162
140 239
54 153
10 109
146 245
150 249
66 165
14 113
193 292
39 138
2 101
162 261
138 237
59 158
139 238
135 234
158 257
69 168
83 182
107 206
20 119
104 203
175 274
156 255
4 103
4 103
42 141
95 194
63 162
36 135
193 292
189 288
104 203
129 228
100 199
197 296
67 166
188 287
114 213
26 125
157 256
0 99
14 113
65 164
10 109
92 191
38 137
72 171
38 137
113 212
179 278
134 233
20 119
177 276
112 211
54 153
183 282
58 157
97 196
190 289
54 153
105 204
25 124
82 181
172 271
182 281
35 134
78 177
35 134
77 176
126 225
168 267
159 258
154 253
100 199
36 135
90 189
156 255
23 122
67 166
21 120
72 171
148 247
0 99
92 191
170 269
139 238
122 221
130 229
91 190
46 145
44 143
79 178
56 155
191 290
132 231
89 188
41 140
93 192
159 258
94 193
7 106
158 257
38 137
178 277
68 167
54 153
173 272
162 261
161 260
124 223
131 230
103 202
155 254
146 245
110 209
132 231
87 186
78 177
177 276
117 216
190 289
13 112
24 123
167 266
170 269
92 191
161 260
171 270
144 243
195 294
63 162
153 252
185 284
141 240
117 216
93 192
189 288
139 238
123 222
186 285
122 221
126 225
46 145
176 275
166 265
3 102
15 114
94 193
4 103
120 219
17 116
131 230
84 183
31 130
127 226
122 221
81 180
81 180
80 179
151 250
130 229
99 198
63 162
51 150
153 252
113 212
148 247
118 217
76 175
188 287
25 124
58 157
18 117
62 161
135 234
13 112
99 198
59 158
149 248
135 234
22 121
93 192
60 159
156 255
76 175
47 146
47 146
147 246
143 242
15 114
179 278
16 115
177 276
189 288
196 295
168 267
47 146
123 222
14 113
148 247
180 279
196 295
177 276
35 134
50 149
179 278
111 210
79 178
35 134
179 278
155 254
128 227
30 129
138 237
106 205
91 190
111 210
120 219
80 179
183 282
74 173
177 276
23 122
43 142
44 143
76 175
105 204
9 108
136 235
166 265
65 164
93 192
142 241
131 230
151 250
18 117
88 187
70 169
126 225
167 266
88 187
100 199
120 219
126 225
119 218
103 202
35 134
22 121
73 172
189 288
138 237
180 279
54 153
73 172
60 159
16 115
162 261
104 203
95 194
6 105
166 265
8 107
150 249
115 214
113 212
118 217
53 152
141 240
143 242
164 263
175 274
12 111
172 271
20 119
179 278
147 246
142 241
167 266
108 207
147 246
73 172
176 275
39 138
42 141
172 271
146 245
180 279
116 215
90 189
32 131
108 207
21 120
174 273
48 147
75 174
37 136
84 183
53 152
28 127
133 232
165 264
139 238
15 114
78 177
75 174
60 159
35 134
19 118
164 263
46 145
112 211
132 231
191 290
5 104
18 117
77 176
132 231
109 208
194 293
114 213
74 173
73 172
4 103
97 196
152 251
87 186
193 292
159 258
175 274
183 282
80 179
9 108
108 207
161 260
71 170
47 146
138 237
41 140
144 243
45 144
112 211
110 209
161 260
73 172
180 279
179 278
146 245
8 107
169 268
44 143
196 295
20 119
102 201
193 292
0 99
54 153
49 148
4 103
0 99
110 209
8 107
167 266
147 246
124 223
105 204
40 139
175 274
186 285
178 277
10 109
141 240
113 212
179 278
151 250
81 180
130 229
153 252
35 134
157 256
154 253
140 239
163 262
25 124
65 164
26 125
19 118
89 188
180 279
123 222
103 202
22 121
83 182
147 246
134 233
143 242
98 197
103 202
84 183
179 278
45 144
145 244
20 119
69 168
82 181
150 249
51 150
65 164
186 285
64 163
1 100
147 246
137 236
148 247
30 129
182 281
124 223
16 115
89 188
85 184
104 203
147 246
119 218
196 295
147 246
14 113
0 99
197 296
88 187
178 277
148 247
49 148
151 250
99 198
137 236
152 251
159 258
40 139
175 274
76 175
62 161
94 193
5 104
88 187
33 132
56 155
161 260
93 192
83 182
189 288
113 212
173 272
68 167
56 155
133 232
37 136
152 251
69 168
193 292
58 157
95 194
71 170
80 179
173 272
130 229
50 149
144 243
44 143
181 280
2 101
22 121
69 168
193 292
95 194
100 199
138 237
170 269
79 178
93 192
165 264
124 223
9 108
77 176
38 137
187 286
108 207
89 188
183 282
108 207
167 266
139 238
38 137
30 129
8 107
74 173
50 149
80 179
23 122
66 165
144 243
144 243
185 284
161 260
185 284
90 189
148 247
161 260
5 104
194 293
119 218
151 250
108 207
116 215
133 232
134 233
71 170
75 174
158 257
101 200
67 166
151 250
176 275
62 161
134 233
95 194
104 203
140 239
164 263
136 235
36 135
110 209
25 124
121 220
76 175
53 152
166 265
48 147
66 165
187 286
80 179
196 295
167 266
27 126
72 171
127 226
195 294
83 182
186 285
54 153
54 153
189 288
141 240
187 286
83 182
143 242
54 153
135 234
61 160
28 127
192 291
152 251
149 248
100 199
150 249
165 264
15 114
152 251
70 169
178 277
35 134
69 168
72 171
163 262
36 135
10 109
43 142
3 102
48 147
80 179
10 109
44 143
9 108
197 296
14 113
187 286
21 120
8 107
89 188
108 207
77 176
189 288
1 100
191 290
196 295
97 196
78 177
43 142
76 175
165 264
86 185
115 214
90 189
117 216
93 192
194 293
196 295
86 185
1 100
70 169
4 103
15 114
91 190
173 272
81 180
59 158
53 152
35 134
193 292
116 215
78 177
134 233
154 253
195 294
8 107
33 132
180 279
98 197
136 235
68 167
59 158
131 230
154 253
77 176
86 185
139 238
115 214
142 241
124 223
121 220
178 277
193 292
75 174
135 234
52 151
146 245
134 233
113 212
158 257
2 101
84 183
123 222
36 135
36 135
77 176
148 247
99 198
14 113
48 147
175 274
81 180
86 185
73 172
185 284
72 171
14 113
175 274
7 106
164 263
162 261
118 217
76 175
176 275
88 187
9 108
61 160
68 167
79 178
189 288
156 255
185 284
55 154
111 210
92 191
25 124
186 285
32 131
12 111
162 261
0 99
28 127
12 111
144 243
153 252
194 293
58 157
125 224
156 255
73 172
184 283
27 126
18 117
56 155
63 162
34 133
191 290
106 205
168 267
57 156
23 122
131 230
35 134
194 293
40 139
50 149
103 202
16 115
140 239
63 162
91 190
168 267
18 117
22 121
147 246
60 159
163 262
78 177
101 200
195 294
2 101
24 123
57 156
165 264
195 294
194 293
181 280
152 251
154 253
73 172
64 163
25 124
167 266
126 225
134 233
104 203
183 282
124 223
145 244
4 103
52 151
12 111
189 288
145 244
42 141
166 265
36 135
96 195
177 276
95 194
48 147
33 132
39 138
85 184
2 101
85 184
13 112
66 165
68 167
112 211
43 142
20 119
46 145
5 104
13 112
35 134
120 219
119 218
176 275
48 147
178 277
109 208
133 232
129 228
164 263
175 274
8 107
71 170
13 112
144 243
75 174
175 274
66 165
158 257
114 213
102 201
94 193
125 224
56 155
135 234
3 102
53 152
131 230
2 101
181 280
79 178
90 189
124 223
50 149
118 217
61 160
130 229
146 245
139 238
173 272
165 264
49 148
150 249
182 281
191 290
121 220
8 107
182 281
114 213
74 173
71 170
169 268
176 275
168 267
68 167
64 163
65 164
15 114
111 210
191 290
160 259
84 183
24 123
163 262
40 139
86 185
133 232
8 107
120 219
177 276
10 109
133 232
176 275
163 262
17 116
149 248
186 285
174 273
28 127
121 220
115 214
134 233
61 160
120 219
8 107
4 103
33 132
74 173
139 238
13 112
86 185
136 235
126 225
108 207
156 255
114 213
100 199
179 278
192 291
103 202
31 130
191 290
120 219
43 142
66 165
135 234
64 163
91 190
105 204
179 278
87 186
40 139
91 190
36 135
60 159
174 273
21 120
138 237
6 105
191 290
165 264
12 111
150 249
75 174
101 200
120 219
140 239
75 174
0 99
53 152
153 252
176 275
131 230
122 221
148 247
96 195
35 134
98 197
169 268
158 257
141 240
28 127
118 217
36 135
85 184
3 102
146 245
184 283
12 111
20 119
2 101
37 136
12 111
139 238
149 248
122 221
107 206
75 174
80 179
111 210
39 138
92 191
45 144
91 190
181 280
143 242
35 134
76 175
179 278
56 155
123 222
105 204
158 257
8 107
28 127
33 132
169 268
194 293
146 245
25 124
5 104
121 220
82 181
43 142
182 281
132 231
191 290
56 155
84 183
58 157
179 278
47 146
14 113
19 118
140 239
170 269
25 124
64 163
180 279
99 198
125 224
190 289
173 272
30 129
140 239
78 177
25 124
57 156
37 136
116 215
62 161
195 294
45 144
78 177
65 164
101 200
118 217
2 101
133 232
48 147
197 296
160 259
196 295
189 288
97 196
42 141
155 254
21 120
197 296
195 294
128 227
85 184
94 193
111 210
160 259
17 116
125 224
185 284
71 170
68 167
103 202
60 159
161 260
60 159
117 216
128 227
98 197
74 173
115 214
93 192
133 232
134 233
98 197
111 210
13 112
51 150
18 117
162 261
179 278
65 164
192 291
79 178
17 116
110 209
159 258
84 183
11 110
103 202
44 143
39 138
173 272
32 131
85 184
30 129
178 277
78 177
166 265
192 291
110 209
78 177
37 136
179 278
100 199
151 250
123 222
127 226
161 260
55 154
123 222
51 150
88 187
138 237
111 210
161 260
68 167
188 287
193 292
154 253
128 227
10 109
96 195
76 175
31 130
21 120
27 126
106 205
105 204
54 153
20 119
133 232
194 293
139 238
125 224
99 198
122 221
192 291
162 261
30 129
37 136
24 123
154 253
159 258
78 177
90 189
99 198
161 260
98 197
170 269
152 251
52 151
5 104
19 118
178 277
110 209
191 290
183 282
103 202
60 159
30 129
129 228
164 263
103 202
105 204
46 145
53 152
32 131
113 212
13 112
7 106
125 224
67 166
195 294
45 144
14 113
83 182
9 108
104 203
91 190
164 263
108 207
184 283
159 258
68 167
32 131
8 107
164 263
123 222
183 282
12 111
84 183
34 133
168 267
15 114
171 270
64 163
40 139
142 241
66 165
93 192
47 146
82 181
72 171
79 178
144 243
161 260
102 201
77 176
192 291
26 125
70 169
58 157
41 140
37 136
70 169
43 142
195 294
3 102
85 184
132 231
81 180
176 275
93 192
129 228
165 264
187 286
183 282
119 218
184 283
74 173
129 228
108 207
124 223
118 217
81 180
193 292
13 112
128 227
107 206
123 222
156 255
193 292
177 276
41 140
68 167
132 231
119 218
67 166
122 221
87 186
117 216
31 130
4 103
35 134
68 167
161 260
180 279
69 168
60 159
155 254
91 190
93 192
97 196
38 137
188 287
66 165
91 190
43 142
101 200
98 197
157 256
165 264
3 102
101 200
26 125
67 166
23 122
7 106
164 263
182 281
78 177
8 107
18 117
197 296
44 143
183 282
27 126
35 134
150 249
8 107
190 289
40 139
88 187
14 113
88 187
106 205
133 232
21 120
81 180
108 207
52 151
132 231
173 272
22 121
133 232
178 277
175 274
11 110
32 131
79 178
74 173
129 228
134 233
185 284
189 288
72 171
11 110
85 184
40 139
141 240
35 134
177 276
98 197
83 182
192 291
152 251
178 277
6 105
157 256
34 133
41 140
76 175
147 246
139 238
46 145
156 255
180 279
62 161
63 162
7 106
0 99
21 120
10 109
132 231
142 241
137 236
129 228
172 271
38 137
118 217
107 206
17 116
96 195
23 122
163 262
5 104
111 210
194 293
174 273
153 252
60 159
42 141
119 218
182 281
173 272
78 177
109 208
173 272
196 295
39 138
51 150
14 113
36 135
116 215
115 214
145 244
33 132
159 258
137 236
75 174
91 190
109 208
152 251
172 271
45 144
144 243
65 164
36 135
22 121
186 285
176 275
127 226
148 247
17 116
166 265
168 267
4 103
16 115
77 176
115 214
197 296
136 235
133 232
53 152
168 267
96 195
100 199
70 169
171 270
96 195
182 281
110 209
39 138
194 293
57 156
118 217
143 242
51 150
23 122
179 278
179 278
63 162
133 232
58 157
45 144
95 194
164 263
53 152
14 113
94 193
8 107
98 197
41 140
164 263
20 119
166 265
120 219
178 277
172 271
37 136
189 288
25 124
49 148
9 108
184 283
124 223
196 295
65 164
84 183
27 126
191 290
101 200
163 262
171 270
195 294
179 278
27 126
177 276
89 188
110 209
22 121
87 186
93 192
193 292
27 126
157 256
99 198
149 248
6 105
22 121
58 157
52 151
115 214
75 174
26 125
86 185
165 264
169 268
134 233
189 288
19 118
6 105
33 132
125 224
73 172
42 141
169 268
140 239
183 282
77 176
77 176
189 288
130 229
180 279
191 290
142 241
184 283
128 227
139 238
181 280
138 237
115 214
91 190
10 109
65 164
91 190
14 113
20 119
34 133
112 211
34 133
185 284
25 124
56 155
14 113
190 289
169 268
71 170
154 253
32 131
146 245
183 282
188 287
58 157
130 229
129 228
67 166
71 170
164 263
142 241
22 121
82 181
13 112
22 121
7 106
28 127
149 248
18 117
180 279
48 147
71 170
106 205
60 159
74 173
138 237
86 185
169 268
145 244
14 113
60 159
95 194
192 291
155 254
42 141
161 260
83 182
59 158
152 251
10 109
143 242
114 213
142 241
133 232
171 270
190 289
7 106
96 195
64 163
84 183
35 134
73 172
117 216
197 296
147 246
70 169
29 128
134 233
61 160
133 232
19 118
178 277
164 263
124 223
18 117
62 161
153 252
74 173
18 117
177 276
18 117
189 288
120 219
165 264
168 267
88 187
101 200
172 271
59 158
32 131
14 113
19 118
193 292
159 258
103 202
13 112
15 114
87 186
188 287
134 233
16 115
100 199
194 293
158 257
13 112
48 147
195 294
187 286
166 265
33 132
118 217
67 166
82 181
117 216
121 220
93 192
105 204
172 271
150 249
119 218
0 99
53 152
170 269
168 267
182 281
124 223
88 187
75 174
149 248
77 176
30 129
51 150
85 184
191 290
142 241
145 244
140 239
108 207
151 250
110 209
112 211
62 161
18 117
194 293
86 185
12 111
162 261
177 276
123 222
125 224
182 281
128 227
112 211
137 236
30 129
111 210
39 138
112 211
188 287
195 294
117 216
109 208
20 119
81 180
132 231
170 269
1 100
151 250
172 271
21 120
152 251
166 265
52 151
184 283
49 148
7 106
123 222
94 193
16 115
158 257
113 212
159 258
79 178
91 190
43 142
18 117
184 283
196 295
133 232
32 131
116 215
160 259
160 259
79 178
161 260
81 180
7 106
139 238
125 224
67 166
125 224
52 151
45 144
127 226
120 219
102 201
35 134
107 206
172 271
50 149
63 162
12 111
85 184
98 197
47 146
120 219
21 120
148 247
122 221
153 252
66 165
82 181
38 137
149 248
23 122
54 153
167 266
130 229
28 127
26 125
62 161
113 212
15 114
24 123
59 158
73 172
156 255
100 199
83 182
2 101
82 181
100 199
44 143
146 245
77 176
33 132
20 119
171 270
16 115
57 156
133 232
56 155
161 260
94 193
115 214
160 259
103 202
1 100
115 214
104 203
118 217
197 296
139 238
169 268
160 259
176 275
47 146
180 279
135 234
22 121
183 282
130 229
81 180
102 201
22 121
35 134
140 239
131 230
116 215
140 239
95 194
139 238
78 177
151 250
163 262
126 225
98 197
24 123
167 266
125 224
27 126
20 119
157 256
44 143
89 188
139 238
42 141
137 236
160 259
89 188
116 215
79 178
12 111
55 154
163 262
191 290
168 267
120 219
9 108
138 237
122 221
117 216
13 112
131 230
11 110
122 221
44 143
166 265
89 188
128 227
186 285
61 160
104 203
48 147
105 204
21 120
185 284
140 239
150 249
66 165
58 157
151 250
54 153
38 137
72 171
74 173
140 239
9 108
80 179
163 262
84 183
19 118
182 281
8 107
145 244
187 286
126 225
196 295
17 116
105 204
63 162
57 156
99 198
122 221
79 178
124 223
104 203
148 247
22 121
118 217
4 103
26 125
173 272
53 152
156 255
0 99
29 128
2 101
6 105
145 244
63 162
158 257
6 105
100 199
53 152
86 185
39 138
50 149
162 261
99 198
144 243
170 269
174 273
190 289
25 124
66 165
173 272
185 284
51 150
77 176
60 159
179 278
190 289
124 223
163 262
5 104
152 251
192 291
164 263
191 290
27 126
16 115
30 129
150 249
135 234
181 280
78 177
142 241
190 289
69 168
71 170
167 266
180 279
145 244
172 271
100 199
11 110
47 146
190 289
196 295
129 228
172 271
79 178
146 245
27 126
55 154
100 199
17 116
60 159
183 282
173 272
5 104
96 195
176 275
153 252
23 122
130 229
41 140
176 275
82 181
42 141
168 267
97 196
169 268
134 233
136 235
178 277
24 123
195 294
20 119
152 251
176 275
102 201
170 269
69 168
66 165
55 154
192 291
124 223
72 171
15 114
86 185
40 139
154 253
42 141
138 237
167 266
42 141
65 164
179 278
112 211
106 205
30 129
53 152
137 236
140 239
35 134
128 227
51 150
128 227
152 251
2 101
115 214
62 161
76 175
35 134
168 267
87 186
18 117
162 261
96 195
72 171
25 124
189 288
28 127
11 110
154 253
97 196
155 254
120 219
49 148
118 217
54 153
143 242
136 235
31 130
45 144
122 221
47 146
143 242
176 275
134 233
154 253
32 131
110 209
80 179
194 293
191 290
73 172
59 158
27 126
141 240
180 279
86 185
105 204
80 179
158 257
182 281
53 152
153 252
140 239
16 115
58 157
120 219
193 292
81 180
137 236
22 121
141 240
126 225
121 220
88 187
159 258
110 209
115 214
17 116
178 277
39 138
58 157
121 220
78 177
61 160
78 177
54 153
22 121
176 275
178 277
192 291
80 179
51 150
196 295
139 238
158 257
64 163
22 121
30 129
98 197
133 232
183 282
147 246
64 163
135 234
120 219
174 273
57 156
132 231
135 234
39 138
113 212
152 251
165 264
79 178
192 291
115 214
30 129
132 231
35 134
138 237
154 253
129 228
76 175
105 204
143 242
83 182
183 282
83 182
53 152
54 153
38 137
156 255
181 280
150 249
151 250
190 289
25 124
32 131
151 250
37 136
9 108
54 153
136 235
187 286
139 238
4 103
110 209
132 231
16 115
137 236
75 174
151 250
189 288
117 216
51 150
25 124
82 181
104 203
66 165
29 128
145 244
52 151
35 134
192 291
180 279
85 184
63 162
12 111
196 295
84 183
85 184
43 142
121 220
14 113
189 288
140 239
134 233
55 154
26 125
68 167
40 139
113 212
111 210
72 171
57 156
127 226
113 212
194 293
72 171
121 220
141 240
123 222
107 206
111 210
125 224
144 243
89 188
128 227
67 166
193 292
159 258
3 102
35 134
14 113
36 135
138 237
137 236
167 266
98 197
68 167
165 264
87 186
192 291
26 125
12 111
56 155
0 99
44 143
193 292
20 119
58 157
192 291
136 235
88 187
87 186
141 240
51 150
29 128
89 188
1 100
157 256
108 207
15 114
129 228
15 114
3 102
95 194
71 170
197 296
176 275
47 146
194 293
72 171
14 113
86 185
100 199
41 140
168 267
57 156
147 246
91 190
41 140
179 278
121 220
32 131
196 295
189 288
25 124
22 121
127 226
68 167
32 131
91 190
91 190
66 165
98 197
75 174
28 127
196 295
180 279
38 137
28 127
129 228
68 167
62 161
195 294
30 129
184 283
49 148
150 249
67 166
156 255
35 134
30 129
5 104
134 233
110 209
175 274
185 284
89 188
170 269
105 204
86 185
121 220
11 110
77 176
90 189
0 99
112 211
26 125
61 160
42 141
36 135
5 104
71 170
164 263
24 123
175 274
108 207
57 156
100 199
0 99
67 166
61 160
14 113
114 213
47 146
41 140
178 277
185 284
71 170
20 119
67 166
52 151
188 287
159 258
80 179
86 185
66 165
148 247
130 229
70 169
179 278
107 206
47 146
50 149
30 129
18 117
116 215
40 139
87 186
52 151
135 234
163 262
128 227
153 252
179 278
93 192
40 139
126 225
49 148
132 231
48 147
20 119
82 181
168 267
174 273
7 106
175 274
58 157
95 194
158 257
136 235
111 210
126 225
97 196
44 143
27 126
136 235
165 264
171 270
31 130
134 233
67 166
136 235
55 154
144 243
184 283
48 147
0 99
75 174
188 287
49 148
30 129
195 294
78 177
97 196
53 152
30 129
149 248
93 192
16 115
29 128
181 280
122 221
18 117
155 254
58 157
100 199
148 247
168 267
158 257
20 119
195 294
79 178
86 185
106 205
170 269
6 105
66 165
45 144
29 128
34 133
179 278
46 145
97 196
115 214
121 220
70 169
59 158
105 204
36 135
121 220
1 100
11 110
128 227
133 232
94 193
170 269
165 264
149 248
147 246
60 159
12 111
20 119
30 129
122 221
195 294
101 200
50 149
146 245
17 116
151 250
27 126
131 230
63 162
156 255
6 105
135 234
13 112
188 287
97 196
138 237
109 208
22 121
96 195
166 265
182 281
23 122
16 115
194 293
159 258
65 164
67 166
58 157
61 160
13 112
159 258
102 201
176 275
25 124
185 284
60 159
114 213
124 223
51 150
136 235
174 273
178 277
80 179
11 110
184 283
191 290
18 117
143 242
133 232
165 264
8 107
185 284
22 121
84 183
69 168
77 176
121 220
78 177
109 208
44 143
124 223
132 231
105 204
152 251
8 107
7 106
133 232
31 130
57 156
16 115
1 100
77 176
76 175
51 150
33 132
36 135
39 138
175 274
28 127
31 130
96 195
120 219
42 141
138 237
85 184
22 121
112 211
110 209
188 287
157 256
93 192
149 248
44 143
196 295
59 158
68 167
54 153
180 279
73 172
165 264
124 223
150 249
188 287
55 154
11 110
123 222
71 170
142 241
69 168
75 174
14 113
161 260
124 223
10 109
130 229
197 296
71 170
187 286
36 135
20 119
127 226
67 166
167 266
30 129
34 133
47 146
174 273
119 218
0 99
188 287
28 127
173 272
120 219
158 257
80 179
169 268
152 251
151 250
167 266
128 227
7 106
23 122
16 115
164 263
100 199
48 147
50 149
85 184
80 179
162 261
63 162
166 265
136 235
141 240
85 184
15 114
10 109
138 237
37 136
159 258
34 133
45 144
146 245
82 181
122 221
112 211
37 136
180 279
83 182
178 277
34 133
101 200
81 180
139 238
24 123
28 127
29 128
44 143
193 292
3 102
55 154
163 262
195 294
195 294
172 271
129 228
52 151
197 296
76 175
93 192
152 251
109 208
189 288
183 282
86 185
30 129
41 140
32 131
27 126
15 114
36 135
55 154
191 290
174 273
106 205
182 281
64 163
60 159
95 194
162 261
102 201
76 175
30 129
188 287
117 216
66 165
105 204
97 196
108 207
56 155
71 170
80 179
67 166
115 214
78 177
14 113
111 210
197 296
24 123
30 129
52 151
79 178
134 233
59 158
95 194
111 210
55 154
161 260
98 197
81 180
161 260
104 203
169 268
39 138
59 158
138 237
91 190
115 214
23 122
183 282
73 172
73 172
157 256
125 224
44 143
22 121
132 231
43 142
67 166
115 214
125 224
0 99
113 212
103 202
157 256
114 213
131 230
129 228
183 282
177 276
85 184
108 207
2 101
174 273
39 138
164 263
137 236
144 243
84 183
146 245
169 268
160 259
87 186
178 277
41 140
144 243
92 191
31 130
180 279
105 204
78 177
60 159
151 250
93 192
128 227
112 211
190 289
9 108
44 143
80 179
145 244
65 164
42 141
132 231
8 107
50 149
107 206
126 225
59 158
106 205
190 289
82 181
57 156
113 212
154 253
193 292
31 130
22 121
190 289
24 123
99 198
165 264
61 160
191 290
12 111
47 146
113 212
134 233
0 99
138 237
89 188
26 125
182 281
62 161
192 291
162 261
103 202
44 143
40 139
115 214
170 269
65 164
194 293
71 170
105 204
164 263
190 289
193 292
102 201
41 140
125 224
36 135
105 204
70 169
140 239
46 145
62 161
137 236
53 152
105 204
142 241
154 253
132 231
5 104
162 261
79 178
109 208
176 275
46 145
28 127
184 283
139 238
80 179
171 270
167 266
72 171
21 120
91 190
192 291
156 255
150 249
37 136
0 99
152 251
1 100
36 135
86 185
56 155
84 183
190 289
52 151
4 103
68 167
126 225
119 218
168 267
129 228
118 217
43 142
185 284
197 296
132 231
16 115
32 131
13 112
158 257
48 147
135 234
8 107
45 144
119 218
6 105
150 249
51 150
127 226
153 252
58 157
120 219
110 209
150 249
183 282
25 124
97 196
120 219
88 187
24 123
107 206
23 122
163 262
176 275
26 125
21 120
119 218
20 119
36 135
95 194
26 125
73 172
135 234
180 279
86 185
104 203
30 129
107 206
48 147
37 136
157 256
134 233
84 183
159 258
136 235
22 121
30 129
191 290
193 292
70 169
177 276
96 195
77 176
106 205
163 262
10 109
133 232
37 136
160 259
121 220
47 146
6 105
93 192
29 128
118 217
132 231
124 223
24 123
180 279
192 291
145 244
171 270
122 221
40 139
187 286
59 158
5 104
78 177
35 134
105 204
19 118
160 259
77 176
109 208
89 188
37 136
88 187
129 228
40 139
83 182
157 256
66 165
187 286
50 149
12 111
45 144
183 282
60 159
49 148
30 129
185 284
106 205
8 107
138 237
123 222
110 209
159 258
102 201
41 140
28 127
192 291
81 180
20 119
184 283
46 145
156 255
168 267
12 111
104 203
52 151
185 284
43 142
139 238
185 284
171 270
179 278
81 180
175 274
5 104
22 121
160 259
161 260
157 256
34 133
126 225
134 233
176 275
167 266
59 158
65 164
88 187
160 259
184 283
124 223
76 175
95 194
90 189
143 242
25 124
193 292
30 129
71 170
86 185
89 188
175 274
103 202
24 123
17 116
106 205
3 102
138 237
51 150
169 268
137 236
99 198
102 201
85 184
101 200
8 107
132 231
135 234
53 152
84 183
108 207
186 285
1 100
165 264
162 261
112 211
61 160
158 257
188 287
140 239
117 216
55 154
153 252
79 178
92 191
84 183
85 184
60 159
0 99
28 127
195 294
117 216
55 154
155 254
30 129
54 153
153 252
170 269
66 165
4 103
90 189
100 199
140 239
116 215
17 116
144 243
87 186
197 296
166 265
72 171
181 280
179 278
106 205
38 137
181 280
127 226
46 145
50 149
128 227
195 294
127 226
152 251
122 221
154 253
37 136
80 179
8 107
51 150
152 251
66 165
4 103
8 107
165 264
65 164
82 181
54 153
116 215
160 259
32 131
115 214
102 201
148 247
91 190
73 172
1 100
166 265
129 228
77 176
22 121
178 277
63 162
137 236
0 99
101 200
159 258
7 106
189 288
27 126
98 197
143 242
91 190
183 282
112 211
192 291
38 137
100 199
20 119
97 196
84 183
170 269
17 116
49 148
40 139
154 253
160 259
121 220
91 190
50 149
20 119
76 175
166 265
158 257
179 278
110 209
101 200
86 185
160 259
112 211
137 236
156 255
48 147
197 296
29 128
6 105
125 224
32 131
14 113
45 144
15 114
11 110
91 190
134 233
23 122
183 282
54 153
36 135
32 131
180 279
169 268
56 155
47 146
134 233
21 120
83 182
129 228
7 106
149 248
165 264
91 190
107 206
39 138
136 235
159 258
138 237
169 268
156 255
186 285
116 215
155 254
41 140
64 163
60 159
162 261
26 125
117 216
27 126
146 245
93 192
124 223
29 128
178 277
127 226
57 156
125 224
94 193
185 284
86 185
22 121
91 190
72 171
28 127
180 279
51 150
6 105
142 241
78 177
176 275
178 277
60 159
96 195
37 136
154 253
27 126
52 151
40 139
140 239
44 143
181 280
8 107
54 153
119 218
123 222
139 238
36 135
132 231
157 256
3 102
163 262
188 287
57 156
128 227
35 134
152 251
125 224
175 274
96 195
31 130
187 286
146 245
80 179
175 274
116 215
8 107
81 180
57 156
70 169
41 140
23 122
89 188
122 221
57 156
191 290
21 120
104 203
166 265
148 247
12 111
116 215
169 268
123 222
83 182
95 194
21 120
30 129
169 268
55 154
9 108
159 258
19 118
195 294
118 217
122 221
6 105
19 118
99 198
49 148
19 118
24 123
7 106
174 273
14 113
67 166
81 180
36 135
129 228
34 133
73 172
83 182
83 182
98 197
2 101
84 183
2 101
117 216
100 199
155 254
137 236
29 128
25 124
150 249
169 268
19 118
28 127
25 124
77 176
20 119
59 158
16 115
69 168
100 199
92 191
191 290
28 127
140 239
143 242
184 283
18 117
76 175
103 202
22 121
110 209
43 142
28 127
4 103
147 246
93 192
72 171
79 178
21 120
135 234
5 104
132 231
125 224
37 136
119 218
90 189
174 273
94 193
155 254
147 246
17 116
137 236
123 222
39 138
13 112
57 156
117 216
180 279
40 139
165 264
23 122
94 193
81 180
48 147
19 118
125 224
124 223
141 240
179 278
60 159
90 189
2 101
38 137
2 101
178 277
166 265
44 143
74 173
105 204
22 121
99 198
102 201
167 266
36 135
67 166
176 275
69 168
106 205
74 173
152 251
48 147
81 180
136 235
5 104
25 124
47 146
144 243
8 107
26 125
197 296
167 266
64 163
129 228
99 198
135 234
101 200
189 288
103 202
85 184
98 197
80 179
179 278
164 263
158 257
29 128
65 164
89 188
41 140
109 208
178 277
13 112
121 220
63 162
54 153
113 212
144 243
5 104
197 296
16 115
3 102
37 136
147 246
6 105
103 202
84 183
64 163
118 217
163 262
139 238
104 203
104 203
78 177
71 170
28 127
74 173
108 207
90 189
139 238
94 193
52 151
109 208
10 109
4 103
152 251
83 182
76 175
134 233
189 288
28 127
114 213
195 294
155 254
32 131
92 191
22 121
134 233
123 222
119 218
170 269
181 280
82 181
176 275
141 240
72 171
138 237
4 103
39 138
60 159
12 111
77 176
84 183
194 293
150 249
49 148
6 105
97 196
1 100
23 122
113 212
151 250
11 110
65 164
92 191
12 111
1 100
60 159
51 150
49 148
109 208
184 283
71 170
192 291
15 114
92 191
151 250
64 163
26 125
44 143
138 237
139 238
151 250
89 188
15 114
99 198
21 120
187 286
163 262
145 244
194 293
13 112
135 234
30 129
9 108
85 184
189 288
6 105
135 234
177 276
17 116
62 161
171 270
54 153
108 207
25 124
15 114
82 181
24 123
21 120
77 176
63 162
164 263
139 238
94 193
118 217
26 125
190 289
186 285
25 124
148 247
59 158
10 109
74 173
25 124
122 221
0 99
119 218
1 100
129 228
8 107
161 260
106 205
28 127
109 208
83 182
27 126
168 267
88 187
171 270
137 236
167 266
10 109
94 193
122 221
192 291
180 279
15 114
11 110
176 275
76 175
63 162
50;156504
175 274
94 193
11 110
106 205
33 132
19 118
189 288
189 288
69 168
44 143
90 189
21 120
53 152
148 247
85 184
186 285
191 290
88 187
174 273
143 242
33 132
146 245
162 261
61 160
22 121
9 108
186 285
160 259
111 210
95 194
183 282
189 288
129 228
141 240
136 235
28 127
174 273
76 175
185 284
121 220
6 105
68 167
161 260
59 158
15 114
0 99
132 231
85 184
132 231
107 206
24 123
87 186
108 207
104 203
10 109
176 275
122 221
41 140
43 142
94 193
59 158
162 261
168 267
50 149
50 149
35 134
123 222
44 143
85 184
1 100
156 255
75 174
69 168
96 195
27 126
35 134
47 146
61 160
27 126
101 200
153 252
135 234
96 195
103 202
135 234
15 114
38 137
130 229
120 219
92 191
95 194
52 151
171 270
168 267
54 153
171 270
56 155
89 188
144 243
160 259
122 221
138 237
2 101
115 214
124 223
197 296
124 223
160 259
159 258
73 172
31 130
194 293
187 286
161 260
182 281
192 291
112 211
33 132
27 126
39 138
49 148
151 250
148 247
149 248
133 232
7 106
171 270
114 213
152 251
39 138
53 152
18 117
30 129
126 225
136 235
21 120
117 216
41 140
101 200
190 289
81 180
84 183
50 149
26 125
148 247
22 121
190 289
60 159
4 103
121 220
144 243
1 100
179 278
132 231
61 160
84 183
22 121
70 169
194 293
129 228
85 184
55 154
134 233
4 103
92 191
123 222
83 182
74 173
73 172
161 260
95 194
126 225
4 103
92 191
47 146
111 210
53 152
109 208
84 183
197 296
42 141
187 286
174 273
114 213
194 293
35 134
67 166
99 198
166 265
43 142
160 259
53 152
29 128
98 197
158 257
60 159
34 133
105 204
158 257
110 209
25 124
79 178
66 165
68 167
26 125
34 133
28 127
183 282
163 262
187 286
17 116
8 107
158 257
76 175
68 167
45 144
55 154
113 212
165 264
120 219
111 210
72 171
39 138
8 107
39 138
92 191
187 286
104 203
18 117
58 157
113 212
6 105
69 168
9 108
99 198
156 255
182 281
109 208
121 220
89 188
165 264
116 215
134 233
115 214
53 152
175 274
125 224
87 186
17 116
17 116
167 266
24 123
146 245
112 211
99 198
68 167
41 140
128 227
4 103
158 257
33 132
109 208
102 201
196 295
29 128
139 238
186 285
26 125
86 185
197 296
136 235
127 226
129 228
27 126
35 134
179 278
171 270
72 171
20 119
145 244
49 148
131 230
160 259
99 198
51 150
187 286
63 162
187 286
197 296
163 262
91 190
62 161
35 134
17 116
142 241
169 268
195 294
94 193
115 214
44 143
9 108
119 218
69 168
90 189
20 119
24 123
18 117
30 129
23 122
56 155
121 220
51 150
173 272
81 180
70 169
5 104
164 263
154 253
155 254
120 219
49 148
80 179
119 218
188 287
122 221
133 232
1 100
99 198
86 185
92 191
98 197
57 156
164 263
22 121
1 100
151 250
79 178
106 205
90 189
117 216
106 205
160 259
21 120
32 131
66 165
184 283
71 170
126 225
82 181
25 124
166 265
141 240
59 158
160 259
80 179
139 238
5 104
10 109
46 145
140 239
86 185
105 204
141 240
28 127
49 148
54 153
130 229
0 99
68 167
119 218
71 170
91 190
35 134
0 99
117 216
166 265
195 294
82 181
196 295
174 273
102 201
90 189
80 179
114 213
7 106
59 158
120 219
153 252
144 243
151 250
89 188
8 107
89 188
1 100
121 220
114 213
70 169
1 100
138 237
55 154
70 169
78 177
195 294
150 249
14 113
110 209
167 266
38 137
68 167
72 171
86 185
102 201
44 143
9 108
82 181
167 266
175 274
26 125
120 219
52 151
139 238
47 146
142 241
195 294
14 113
168 267
56 155
175 274
3 102
73 172
131 230
126 225
128 227
128 227
181 280
135 234
15 114
162 261
72 171
164 263
30 129
191 290
56 155
136 235
67 166
125 224
19 118
166 265
66 165
160 259
117 216
195 294
133 232
169 268
192 291
21 120
116 215
17 116
138 237
101 200
94 193
161 260
136 235
131 230
130 229
196 295
168 267
35 134
58 157
7 106
20 119
191 290
138 237
0 99
117 216
22 121
175 274
8 107
63 162
176 275
60 159
171 270
38 137
54 153
121 220
118 217
109 208
141 240
17 116
170 269
37 136
105 204
115 214
132 231
90 189
2 101
106 205
192 291
50 149
115 214
55 154
43 142
14 113
76 175
73 172
95 194
74 173
2 101
135 234
131 230
119 218
128 227
41 140
36 135
75 174
167 266
163 262
14 113
88 187
45 144
191 290
183 282
193 292
136 235
3 102
192 291
191 290
130 229
66 165
111 210
88 187
17 116
127 226
4 103
97 196
36 135
74 173
156 255
130 229
45 144
3 102
26 125
34 133
7 106
105 204
102 201
178 277
51 150
60 159
135 234
104 203
40 139
120 219
117 216
166 265
58 157
107 206
135 234
141 240
197 296
35 134
120 219
171 270
112 211
121 220
35 134
138 237
126 225
38 137
9 108
168 267
89 188
105 204
87 186
181 280
45 144
136 235
13 112
120 219
128 227
67 166
1 100
15 114
74 173
68 167
188 287
83 182
50 149
167 266
85 184
107 206
169 268
34 133
163 262
74 173
34 133
71 170
82 181
155 254
79 178
117 216
47 146
110 209
159 258
83 182
30 129
111 210
51 150
92 191
63 162
87 186
84 183
26 125
144 243
47 146
91 190
46 145
63 162
90 189
44 143
45 144
42 141
12 111
103 202
25 124
10 109
102 201
33 132
50 149
79 178
76 175
75 174
168 267
185 284
191 290
92 191
166 265
63 162
40 139
193 292
62 161
132 231
55 154
89 188
163 262
124 223
167 266
157 256
46 145
190 289
179 278
56 155
59 158
0 99
61 160
184 283
153 252
122 221
173 272
188 287
8 107
156 255
193 292
152 251
191 290
100 199
95 194
81 180
151 250
37 136
196 295
170 269
109 208
142 241
171 270
185 284
106 205
47 146
112 211
73 172
17 116
169 268
75 174
44 143
36 135
19 118
148 247
9 108
98 197
69 168
182 281
104 203
110 209
111 210
28 127
39 138
191 290
122 221
91 190
1 100
58 157
187 286
99 198
182 281
140 239
86 185
88 187
9 108
138 237
171 270
115 214
61 160
52 151
147 246
192 291
29 128
89 188
124 223
86 185
181 280
174 273
145 244
165 264
193 292
71 170
138 237
191 290
170 269
11 110
100 199
0 99
195 294
12 111
53 152
1 100
115 214
163 262
59 158
181 280
10 109
115 214
130 229
43 142
46 145
137 236
52 151
194 293
56 155
114 213
28 127
38 137
31 130
179 278
126 225
187 286
115 214
137 236
142 241
141 240
174 273
111 210
155 254
194 293
142 241
2 101
24 123
178 277
36 135
87 186
73 172
16 115
121 220
39 138
105 204
7 106
137 236
119 218
173 272
46 145
47 146
106 205
28 127
53 152
0 99
114 213
175 274
13 112
32 131
82 181
121 220
22 121
77 176
177 276
123 222
178 277
190 289
64 163
116 215
35 134
44 143
38 137
32 131
41 140
113 212
57 156
172 271
194 293
4 103
101 200
29 128
41 140
110 209
132 231
126 225
6 105
38 137
143 242
134 233
157 256
106 205
153 252
116 215
143 242
49 148
26 125
177 276
131 230
152 251
81 180
58 157
59 158
41 140
62 161
6 105
193 292
10 109
157 256
43 142
2 101
34 133
12 111
75 174
137 236
174 273
29 128
20 119
118 217
26 125
24 123
5 104
147 246
164 263
61 160
72 171
36 135
75 174
20 119
31 130
190 289
13 112
35 134
122 221
59 158
31 130
74 173
95 194
126 225
164 263
168 267
80 179
0 99
128 227
153 252
70 169
155 254
124 223
52 151
39 138
183 282
155 254
160 259
91 190
167 266
182 281
137 236
27 126
182 281
170 269
60 159
128 227
64 163
1 100
188 287
53 152
43 142
196 295
9 108
32 131
60 159
38 137
89 188
125 224
105 204
36 135
185 284
135 234
86 185
108 207
121 220
152 251
34 133
24 123
126 225
161 260
122 221
178 277
72 171
101 200
48 147
177 276
81 180
61 160
169 268
27 126
14 113
117 216
159 258
194 293
16 115
28 127
21 120
95 194
132 231
110 209
53 152
81 180
80 179
93 192
139 238
124 223
74 173
160 259
74 173
34 133
20 119
38 137
110 209
76 175
43 142
31 130
109 208
124 223
4 103
162 261
153 252
123 222
42 141
118 217
12 111
128 227
117 216
41 140
160 259
144 243
50 149
126 225
3 102
123 222
77 176
64 163
29 128
37 136
11 110
115 214
55 154
166 265
132 231
194 293
128 227
2 101
103 202
109 208
130 229
17 116
143 242
18 117
131 230
48 147
111 210
137 236
102 201
56 155
97 196
107 206
7 106
111 210
173 272
82 181
10 109
17 116
113 212
52 151
175 274
62 161
175 274
158 257
87 186
112 211
35 134
3 102
48 147
11 110
40 139
182 281
194 293
54 153
127 226
42 141
163 262
124 223
105 204
1 100
94 193
160 259
147 246
164 263
3 102
118 217
120 219
42 141
156 255
109 208
26 125
142 241
106 205
194 293
32 131
85 184
190 289
75 174
176 275
10 109
166 265
70 169
161 260
44 143
175 274
28 127
23 122
29 128
196 295
149 248
151 250
35 134
8 107
90 189
56 155
68 167
139 238
42 141
34 133
13 112
104 203
51 150
100 199
188 287
4 103
120 219
74 173
172 271
10 109
112 211
83 182
167 266
165 264
63 162
161 260
192 291
108 207
64 163
89 188
192 291
196 295
179 278
42 141
115 214
111 210
125 224
123 222
115 214
122 221
70 169
112 211
4 103
3 102
48 147
3 102
196 295
111 210
67 166
103 202
184 283
186 285
97 196
114 213
8 107
119 218
82 181
196 295
174 273
90 189
170 269
0 99
173 272
5 104
88 187
182 281
25 124
153 252
180 279
25 124
76 175
190 289
71 170
35 134
179 278
145 244
20 119
132 231
167 266
78 177
154 253
79 178
80 179
159 258
197 296
78 177
117 216
43 142
133 232
195 294
175 274
188 287
46 145
141 240
51 150
177 276
126 225
162 261
167 266
82 181
3 102
76 175
80 179
122 221
11 110
88 187
35 134
26 125
177 276
37 136
132 231
191 290
79 178
132 231
183 282
24 123
141 240
31 130
44 143
31 130
75 174
30 129
137 236
21 120
85 184
24 123
183 282
7 106
157 256
170 269
21 120
75 174
17 116
10 109
156 255
6 105
107 206
148 247
102 201
185 284
80 179
135 234
168 267
47 146
181 280
115 214
29 128
54 153
191 290
170 269
165 264
159 258
96 195
197 296
95 194
17 116
58 157
165 264
70 169
180 279
56 155
157 256
166 265
117 216
185 284
30 129
119 218
26 125
87 186
127 226
156 255
196 295
135 234
6 105
46 145
62 161
128 227
144 243
103 202
80 179
12 111
181 280
142 241
44 143
30 129
152 251
135 234
187 286
39 138
169 268
121 220
91 190
30 129
92 191
69 168
21 120
118 217
42 141
186 285
49 148
72 171
112 211
196 295
118 217
169 268
2 101
30 129
96 195
40 139
37 136
55 154
137 236
126 225
131 230
153 252
33 132
13 112
163 262
66 165
91 190
14 113
37 136
168 267
53 152
127 226
183 282
117 216
10 109
132 231
72 171
63 162
143 242
75 174
132 231
68 167
126 225
52 151
27 126
68 167
125 224
80 179
83 182
22 121
154 253
171 270
90 189
139 238
81 180
168 267
101 200
87 186
181 280
28 127
190 289
175 274
188 287
8 107
9 108
113 212
60 159
32 131
173 272
134 233
155 254
161 260
8 107
177 276
18 117
152 251
138 237
162 261
32 131
124 223
122 221
52 151
73 172
63 162
136 235
52 151
164 263
132 231
168 267
157 256
7 106
28 127
186 285
129 228
89 188
102 201
43 142
10 109
106 205
176 275
92 191
7 106
13 112
21 120
5 104
147 246
118 217
153 252
61 160
111 210
70 169
169 268
39 138
6 105
57 156
109 208
120 219
162 261
138 237
169 268
19 118
174 273
125 224
180 279
123 222
35 134
180 279
77 176
188 287
23 122
90 189
73 172
177 276
155 254
26 125
144 243
130 229
24 123
16 115
68 167
117 216
156 255
63 162
89 188
141 240
28 127
114 213
33 132
86 185
52 151
71 170
79 178
195 294
13 112
152 251
130 229
138 237
117 216
171 270
56 155
147 246
191 290
78 177
165 264
79 178
164 263
22 121
45 144
100 199
103 202
41 140
126 225
117 216
159 258
177 276
4 103
164 263
15 114
162 261
50 149
42 141
132 231
137 236
86 185
128 227
59 158
103 202
66 165
93 192
165 264
96 195
96 195
54 153
67 166
48 147
129 228
108 207
32 131
84 183
165 264
170 269
102 201
80 179
192 291
67 166
153 252
81 180
185 284
116 215
113 212
126 225
69 168
141 240
50 149
117 216
82 181
165 264
67 166
102 201
151 250
159 258
98 197
26 125
96 195
86 185
143 242
127 226
72 171
112 211
190 289
51 150
121 220
38 137
170 269
186 285
11 110
116 215
81 180
1 100
131 230
98 197
168 267
172 271
107 206
38 137
32 131
150 249
197 296
36 135
64 163
49 148
15 114
117 216
24 123
112 211
150 249
179 278
184 283
116 215
37 136
150 249
7 106
77 176
137 236
140 239
101 200
124 223
48 147
73 172
173 272
103 202
155 254
79 178
139 238
73 172
170 269
121 220
107 206
26 125
25 124
29 128
117 216
66 165
2 101
70 169
152 251
80 179
168 267
19 118
29 128
137 236
146 245
138 237
118 217
116 215
151 250
79 178
140 239
32 131
138 237
85 184
90 189
144 243
96 195
67 166
3 102
85 184
120 219
162 261
13 112
153 252
148 247
177 276
103 202
176 275
168 267
175 274
128 227
43 142
124 223
150 249
105 204
164 263
117 216
136 235
35 134
75 174
42 141
112 211
72 171
13 112
178 277
156 255
196 295
179 278
140 239
119 218
150 249
9 108
47 146
113 212
178 277
153 252
155 254
151 250
12 111
41 140
57 156
71 170
25 124
112 211
167 266
54 153
144 243
74 173
76 175
153 252
13 112
82 181
181 280
98 197
181 280
167 266
52 151
29 128
66 165
89 188
35 134
56 155
51 150
89 188
0 99
140 239
127 226
76 175
56 155
56 155
45 144
14 113
106 205
64 163
145 244
177 276
117 216
24 123
143 242
77 176
181 280
110 209
169 268
42 141
190 289
162 261
89 188
47 146
3 102
103 202
182 281
99 198
49 148
171 270
107 206
66 165
100 199
110 209
88 187
1 100
87 186
197 296
99 198
97 196
196 295
17 116
195 294
7 106
168 267
186 285
12 111
164 263
36 135
34 133
32 131
50 149
56 155
91 190
6 105
152 251
117 216
77 176
89 188
126 225
112 211
102 201
11 110
176 275
125 224
172 271
164 263
83 182
63 162
139 238
6 105
20 119
155 254
147 246
62 161
166 265
80 179
123 222
145 244
41 140
146 245
97 196
57 156
28 127
196 295
95 194
24 123
69 168
142 241
20 119
0 99
138 237
149 248
156 255
49 148
73 172
124 223
168 267
175 274
122 221
177 276
143 242
119 218
158 257
84 183
33 132
193 292
179 278
40 139
119 218
49 148
12 111
117 216
2 101
31 130
61 160
167 266
43 142
117 216
98 197
194 293
94 193
34 133
61 160
11 110
102 201
161 260
155 254
177 276
6 105
56 155
118 217
134 233
11 110
40 139
83 182
64 163
107 206
158 257
10 109
1 100
40 139
62 161
125 224
136 235
72 171
68 167
127 226
155 254
114 213
49 148
152 251
100 199
45 144
91 190
70 169
104 203
121 220
68 167
78 177
54 153
185 284
85 184
108 207
71 170
174 273
120 219
57 156
133 232
78 177
81 180
141 240
164 263
24 123
20 119
98 197
11 110
172 271
28 127
185 284
96 195
191 290
172 271
179 278
54 153
100 199
90 189
173 272
75 174
45 144
33 132
166 265
109 208
155 254
169 268
72 171
42 141
64 163
57 156
11 110
40 139
26 125
123 222
117 216
6 105
187 286
28 127
60 159
53 152
20 119
197 296
182 281
87 186
13 112
5 104
94 193
49 148
103 202
95 194
75 174
56 155
91 190
190 289
178 277
14 113
107 206
191 290
168 267
28 127
149 248
191 290
137 236
0 99
106 205
97 196
178 277
71 170
169 268
40 139
122 221
163 262
108 207
44 143
3 102
36 135
177 276
185 284
161 260
25 124
186 285
191 290
114 213
163 262
32 131
147 246
101 200
32 131
196 295
147 246
16 115
156 255
89 188
124 223
104 203
18 117
148 247
72 171
99 198
120 219
166 265
87 186
58 157
66 165
61 160
54 153
146 245
2 101
78 177
172 271
186 285
194 293
0 99
0 99
105 204
19 118
24 123
110 209
91 190
43 142
123 222
138 237
4 103
111 210
142 241
126 225
91 190
157 256
72 171
3 102
36 135
73 172
117 216
49 148
36 135
121 220
51 150
180 279
76 175
163 262
102 201
110 209
73 172
13 112
28 127
100 199
67 166
19 118
155 254
161 260
185 284
105 204
166 265
91 190
69 168
22 121
117 216
137 236
164 263
138 237
84 183
66 165
176 275
94 193
99 198
18 117
24 123
3 102
89 188
52 151
169 268
61 160
168 267
191 290
16 115
56 155
189 288
75 174
96 195
95 194
47 146
104 203
179 278
88 187
9 108
191 290
172 271
120 219
108 207
50 149
184 283
86 185
36 135
100 199
133 232
93 192
197 296
180 279
116 215
169 268
1 100
71 170
84 183
98 197
32 131
14 113
38 137
0 99
41 140
5 104
132 231
20 119
68 167
193 292
180 279
172 271
13 112
95 194
112 211
38 137
25 124
41 140
140 239
164 263
108 207
155 254
79 178
6 105
129 228
167 266
71 170
38 137
76 175
105 204
31 130
183 282
22 121
19 118
183 282
52 151
93 192
161 260
48 147
163 262
177 276
85 184
45 144
166 265
132 231
189 288
90 189
5 104
18 117
87 186
187 286
173 272
32 131
142 241
49 148
113 212
187 286
173 272
1 100
75 174
133 232
157 256
115 214
43 142
121 220
141 240
122 221
121 220
166 265
41 140
104 203
68 167
90 189
42 141
191 290
119 218
64 163
40 139
94 193
145 244
191 290
17 116
21 120
31 130
104 203
22 121
166 265
179 278
142 241
158 257
47 146
178 277
100 199
68 167
150 249
123 222
134 233
167 266
196 295
82 181
55 154
72 171
197 296
88 187
73 172
197 296
46 145
187 286
70 169
69 168
86 185
168 267
145 244
127 226
46 145
64 163
195 294
22 121
193 292
59 158
138 237
148 247
150 249
30 129
86 185
125 224
42 141
8 107
98 197
144 243
186 285
70 169
159 258
92 191
8 107
139 238
174 273
32 131
8 107
103 202
133 232
179 278
152 251
74 173
168 267
10 109
30 129
131 230
130 229
17 116
158 257
96 195
171 270
174 273
180 279
99 198
131 230
49 148
90 189
42 141
135 234
1 100
41 140
47 146
171 270
118 217
159 258
90 189
109 208
23 122
162 261
152 251
84 183
18 117
127 226
84 183
173 272
18 117
56 155
6 105
22 121
111 210
68 167
172 271
48 147
166 265
17 116
7 106
126 225
194 293
51 150
88 187
142 241
182 281
101 200
76 175
165 264
186 285
65 164
135 234
71 170
15 114
129 228
173 272
72 171
60 159
160 259
124 223
114 213
67 166
63 162
31 130
10 109
175 274
90 189
135 234
184 283
160 259
182 281
190 289
92 191
59 158
145 244
152 251
16 115
159 258
116 215
191 290
74 173
144 243
138 237
155 254
85 184
172 271
77 176
25 124
180 279
29 128
182 281
72 171
93 192
86 185
68 167
23 122
114 213
164 263
107 206
73 172
109 208
164 263
50 149
64 163
182 281
43 142
79 178
95 194
98 197
105 204
98 197
107 206
110 209
181 280
149 248
52 151
197 296
19 118
144 243
153 252
127 226
70 169
144 243
55 154
134 233
37 136
121 220
47 146
112 211
98 197
16 115
185 284
78 177
77 176
15 114
101 200
164 263
82 181
49 148
75 174
4 103
89 188
55 154
19 118
73 172
129 228
138 237
156 255
158 257
170 269
45 144
6 105
135 234
156 255
5 104
169 268
109 208
161 260
8 107
133 232
144 243
171 270
113 212
15 114
113 212
175 274
186 285
195 294
161 260
164 263
91 190
47 146
64 163
29 128
103 202
40 139
74 173
47 146
90 189
131 230
102 201
127 226
64 163
29 128
171 270
105 204
185 284
125 224
168 267
76 175
165 264
184 283
174 273
33 132
74 173
172 271
185 284
48 147
109 208
184 283
80 179
11 110
109 208
141 240
10 109
181 280
122 221
81 180
173 272
44 143
128 227
145 244
190 289
185 284
123 222
46 145
3 102
7 106
95 194
189 288
135 234
47 146
107 206
106 205
62 161
173 272
110 209
59 158
156 255
52 151
76 175
118 217
56 155
166 265
65 164
154 253
194 293
89 188
85 184
110 209
165 264
84 183
171 270
119 218
102 201
150 249
58 157
79 178
120 219
48 147
176 275
151 250
165 264
51 150
160 259
25 124
189 288
146 245
2 101
155 254
54 153
83 182
138 237
31 130
170 269
28 127
174 273
91 190
130 229
28 127
79 178
174 273
27 126
167 266
122 221
115 214
137 236
186 285
95 194
49 148
188 287
74 173
109 208
94 193
50 149
32 131
184 283
92 191
160 259
79 178
141 240
61 160
31 130
14 113
87 186
140 239
141 240
155 254
138 237
185 284
73 172
150 249
151 250
9 108
188 287
32 131
87 186
63 162
182 281
3 102
113 212
128 227
74 173
10 109
13 112
81 180
31 130
116 215
89 188
97 196
2 101
10 109
175 274
89 188
137 236
138 237
173 272
126 225
191 290
41 140
117 216
194 293
168 267
73 172
184 283
122 221
179 278
138 237
165 264
126 225
169 268
73 172
107 206
50 149
39 138
111 210
14 113
161 260
168 267
191 290
85 184
172 271
164 263
89 188
164 263
31 130
71 170
42 141
162 261
40 139
46 145
16 115
41 140
177 276
125 224
153 252
46 145
153 252
118 217
28 127
188 287
173 272
191 290
82 181
28 127
59 158
45 144
196 295
19 118
58 157
75 174
31 130
84 183
11 110
182 281
186 285
102 201
173 272
49 148
81 180
117 216
20 119
83 182
31 130
155 254
124 223
78 177
139 238
42 141
137 236
118 217
177 276
79 178
51 150
52 151
101 200
32 131
115 214
97 196
130 229
179 278
15 114
100 199
75 174
32 131
105 204
49 148
146 245
155 254
167 266
37 136
47 146
185 284
18 117
195 294
159 258
119 218
175 274
143 242
8 107
154 253
172 271
31 130
110 209
84 183
112 211
40 139
175 274
13 112
194 293
9 108
21 120
162 261
46 145
184 283
43 142
152 251
149 248
80 179
19 118
63 162
148 247
162 261
163 262
186 285
170 269
59 158
74 173
30 129
77 176
88 187
61 160
173 272
119 218
120 219
157 256
163 262
30 129
74 173
123 222
120 219
41 140
53 152
134 233
144 243
107 206
20 119
194 293
25 124
136 235
22 121
157 256
166 265
147 246
88 187
60 159
33 132
188 287
40 139
134 233
33 132
77 176
0 99
37 136
138 237
144 243
102 201
81 180
1 100
37 136
157 256
42 141
93 192
190 289
98 197
106 205
17 116
168 267
114 213
134 233
72 171
178 277
108 207
71 170
102 201
140 239
193 292
110 209
57 156
98 197
90 189
84 183
53 152
116 215
14 113
47 146
51 150
17 116
0 99
126 225
176 275
189 288
55 154
63 162
138 237
29 128
102 201
54 153
191 290
94 193
74 173
165 264
54 153
36 135
76 175
167 266
195 294
32 131
90 189
7 106
130 229
182 281
23 122
99 198
184 283
115 214
88 187
24 123
192 291
114 213
148 247
89 188
110 209
129 228
62 161
160 259
0 99
81 180
14 113
180 279
155 254
62 161
12 111
106 205
29 128
180 279
50 149
44 143
10 109
44 143
186 285
99 198
154 253
68 167
166 265
124 223
178 277
196 295
47 146
178 277
179 278
180 279
110 209
184 283
165 264
137 236
132 231
74 173
92 191
144 243
121 220
180 279
44 143
74 173
70 169
30 129
184 283
157 256
99 198
153 252
141 240
40 139
188 287
40 139
183 282
108 207
9 108
193 292
132 231
135 234
72 171
186 285
118 217
43 142
116 215
56 155
137 236
31 130
134 233
154 253
97 196
33 132
189 288
82 181
96 195
103 202
42 141
63 162
38 137
185 284
82 181
7 106
58 157
46 145
129 228
115 214
102 201
124 223
175 274
170 269
147 246
176 275
130 229
66 165
43 142
16 115
118 217
77 176
91 190
118 217
0 99
123 222
189 288
172 271
92 191
37 136
63 162
153 252
7 106
27 126
138 237
39 138
77 176
80 179
48 147
168 267
142 241
180 279
48 147
71 170
158 257
126 225
99 198
162 261
183 282
31 130
24 123
45 144
85 184
120 219
66 165
140 239
174 273
21 120
125 224
188 287
49 148
150 249
31 130
24 123
44 143
60 159
147 246
24 123
46 145
61 160
109 208
149 248
8 107
80 179
160 259
193 292
129 228
106 205
192 291
82 181
97 196
119 218
23 122
32 131
114 213
111 210
97 196
168 267
78 177
79 178
56 155
44 143
111 210
79 178
162 261
30 129
58 157
167 266
180 279
70 169
63 162
167 266
81 180
192 291
10 109
49 148
106 205
7 106
151 250
183 282
66 165
151 250
101 200
93 192
186 285
168 267
166 265
109 208
183 282
28 127
148 247
163 262
162 261
182 281
3 102
120 219
51 150
76 175
37 136
183 282
92 191
70 169
80 179
178 277
10 109
131 230
46 145
85 184
116 215
184 283
18 117
59 158
83 182
17 116
59 158
153 252
110 209
147 246
10 109
63 162
156 255
77 176
100 199
3 102
194 293
166 265
61 160
84 183
91 190
85 184
85 184
79 178
38 137
11 110
80 179
1 100
173 272
152 251
33 132
63 162
122 221
157 256
118 217
53 152
78 177
19 118
121 220
8 107
139 238
143 242
61 160
157 256
78 177
143 242
173 272
61 160
27 126
146 245
13 112
180 279
135 234
107 206
34 133
105 204
68 167
189 288
67 166
119 218
94 193
116 215
142 241
60 159
93 192
7 106
126 225
28 127
101 200
116 215
38 137
86 185
97 196
75 174
129 228
164 263
188 287
29 128
175 274
45 144
138 237
77 176
142 241
117 216
43 142
33 132
26 125
187 286
79 178
25 124
36 135
81 180
28 127
197 296
57 156
110 209
61 160
163 262
14 113
103 202
186 285
195 294
154 253
159 258
100 199
75 174
129 228
47 146
73 172
99 198
73 172
183 282
123 222
152 251
155 254
195 294
145 244
116 215
132 231
59 158
40 139
153 252
17 116
55 154
154 253
90 189
112 211
77 176
158 257
170 269
72 171
195 294
129 228
146 245
22 121
194 293
108 207
40 139
49 148
90 189
9 108
61 160
63 162
191 290
96 195
136 235
151 250
166 265
138 237
97 196
58 157
8 107
125 224
18 117
102 201
159 258
66 165
51 150
72 171
58 157
11 110
62 161
111 210
114 213
100 199
104 203
67 166
85 184
128 227
51 150
11 110
147 246
141 240
195 294
103 202
86 185
148 247
141 240
104 203
116 215
134 233
133 232
5 104
18 117
128 227
63 162
160 259
190 289
113 212
187 286
1 100
38 137
103 202
85 184
106 205
77 176
38 137
185 284
83 182
48 147
184 283
152 251
150 249
2 101
143 242
195 294
12 111
113 212
65 164
106 205
94 193
50 149
75 174
144 243
97 196
83 182
145 244
127 226
86 185
9 108
76 175
108 207
56 155
136 235
129 228
1 100
23 122
75 174
167 266
60 159
12 111
43 142
29 128
173 272
132 231
95 194
159 258
190 289
54 153
21 120
159 258
50 149
80 179
85 184
143 242
100 199
48 147
126 225
61 160
116 215
66 165
195 294
33 132
54 153
197 296
93 192
189 288
127 226
31 130
56 155
13 112
28 127
152 251
155 254
32 131
21 120
9 108
178 277
194 293
119 218
22 121
85 184
175 274
13 112
173 272
135 234
83 182
76 175
72 171
95 194
161 260
186 285
161 260
129 228
54 153
115 214
72 171
139 238
197 296
129 228
168 267
34 133
21 120
77 176
7 106
136 235
90 189
70 169
15 114
192 291
75 174
176 275
68 167
63 162
62 161
42 141
140 239
137 236
116 215
146 245
52 151
135 234
46 145
19 118
129 228
143 242
152 251
149 248
144 243
64 163
49 148
38 137
175 274
128 227
105 204
102 201
12 111
11 110
25 124
65 164
41 140
9 108
177 276
24 123
85 184
72 171
89 188
78 177
122 221
47 146
58 157
66 165
128 227
24 123
133 232
69 168
64 163
176 275
176 275
170 269
196 295
145 244
35 134
81 180
40 139
97 196
26 125
184 283
117 216
184 283
40 139
15 114
162 261
154 253
10 109
101 200
177 276
154 253
72 171
23 122
165 264
101 200
43 142
131 230
185 284
8 107
140 239
19 118
56 155
182 281
102 201
181 280
123 222
78 177
7 106
78 177
63 162
172 271
73 172
103 202
81 180
28 127
18 117
177 276
117 216
103 202
140 239
191 290
46 145
54 153
57 156
85 184
64 163
33 132
136 235
151 250
192 291
29 128
56 155
39 138
170 269
76 175
33 132
51 150
116 215
111 210
151 250
165 264
85 184
43 142
153 252
156 255
36 135
134 233
7 106
165 264
85 184
9 108
49 148
48 147
42 141
184 283
168 267
11 110
35 134
66 165
93 192
72 171
15 114
16 115
46 145
76 175
176 275
175 274
11 110
152 251
170 269
47 146
90 189
22 121
104 203
112 211
194 293
106 205
79 178
185 284
156 255
91 190
176 275
20 119
194 293
13 112
12 111
23 122
148 247
148 247
99 198
59 158
187 286
78 177
119 218
130 229
72 171
187 286
174 273
156 255
130 229
85 184
28 127
75 174
35 134
16 115
160 259
135 234
2 101
179 278
80 179
93 192
29 128
105 204
166 265
50 149
76 175
80 179
96 195
144 243
39 138
43 142
159 258
104 203
181 280
35 134
7 106
118 217
168 267
179 278
12 111
143 242
159 258
127 226
134 233
67 166
89 188
127 226
178 277
169 268
44 143
125 224
154 253
191 290
138 237
161 260
28 127
18 117
0 99
160 259
81 180
162 261
182 281
161 260
161 260
29 128
73 172
77 176
85 184
33 132
75 174
110 209
72 171
112 211
40 139
72 171
177 276
59 158
141 240
0 99
93 192
24 123
63 162
118 217
24 123
14 113
160 259
106 205
150 249
66 165
17 116
166 265
161 260
89 188
183 282
178 277
134 233
32 131
108 207
173 272
57 156
85 184
112 211
57 156
13 112
131 230
25 124
157 256
159 258
31 130
28 127
174 273
79 178
186 285
131 230
10 109
131 230
97 196
166 265
117 216
122 221
34 133
117 216
30 129
172 271
143 242
42 141
148 247
31 130
196 295
58 157
21 120
26 125
66 165
74 173
144 243
171 270
90 189
34 133
85 184
6 105
38 137
31 130
151 250
82 181
97 196
139 238
156 255
82 181
79 178
37 136
89 188
104 203
87 186
92 191
41 140
140 239
5 104
80 179
168 267
191 290
153 252
117 216
185 284
182 281
103 202
57 156
170 269
77 176
145 244
135 234
36 135
100 199
30 129
85 184
122 221
185 284
187 286
19 118
151 250
89 188
150 249
146 245
96 195
76 175
168 267
12 111
74 173
187 286
129 228
29 128
11 110
100 199
161 260
72 171
112 211
115 214
183 282
156 255
28 127
148 247
41 140
42 141
2 101
109 208
72 171
126 225
44 143
0 99
131 230
79 178
67 166
144 243
73 172
68 167
11 110
102 201
142 241
193 292
90 189
189 288
124 223
117 216
39 138
118 217
125 224
27 126
40 139
86 185
13 112
108 207
13 112
124 223
15 114
47 146
13 112
166 265
30 129
82 181
130 229
63 162
127 226
61 160
71 170
103 202
123 222
193 292
150 249
178 277
4 103
72 171
189 288
159 258
190 289
18 117
183 282
92 191
25 124
117 216
134 233
115 214
34 133
39 138
69 168
100 199
17 116
106 205
131 230
52 151
193 292
183 282
188 287
18 117
191 290
181 280
91 190
15 114
89 188
1 100
123 222
154 253
71 170
133 232
150 249
195 294
161 260
190 289
49 148
127 226
112 211
41 140
91 190
46 145
107 206
29 128
8 107
60 159
187 286
46 145
133 232
113 212
27 126
42 141
75 174
61 160
98 197
137 236
27 126
32 131
74 173
143 242
145 244
143 242
197 296
102 201
1 100
90 189
79 178
99 198
1 100
164 263
118 217
77 176
65 164
124 223
13 112
126 225
25 124
95 194
13 112
114 213
53 152
67 166
133 232
134 233
75 174
80 179
22 121
134 233
1 100
131 230
189 288
56 155
171 270
39 138
98 197
61 160
73 172
84 183
184 283
114 213
78 177
22 121
16 115
67 166
159 258
130 229
72 171
47 146
35 134
0 99
63 162
124 223
177 276
14 113
41 140
42 141
11 110
186 285
109 208
120 219
101 200
178 277
52 151
9 108
86 185
106 205
173 272
32 131
40 139
14 113
164 263
34 133
36 135
35 134
2 101
89 188
104 203
21 120
157 256
133 232
95 194
18 117
80 179
3 102
135 234
65 164
52 151
176 275
12 111
68 167
64 163
120 219
121 220
144 243
124 223
194 293
97 196
129 228
75 174
56 155
76 175
169 268
86 185
64 163
121 220
52 151
47 146
30 129
37 136
158 257
122 221
150 249
189 288
138 237
182 281
41 140
55 154
72 171
176 275
46 145
58 157
151 250
33 132
17 116
192 291
32 131
58 157
51 150
136 235
19 118
77 176
128 227
90 189
94 193
126 225
14 113
73 172
186 285
88 187
85 184
157 256
91 190
126 225
176 275
86 185
121 220
40 139
86 185
133 232
188 287
158 257
14 113
180 279
87 186
158 257
46 145
133 232
90 189
180 279
47 146
10 109
197 296
105 204
32 131
80 179
36 135
196 295
150 249
153 252
34 133
6 105
86 185
42 141
93 192
21 120
71 170
34 133
140 239
12 111
104 203
120 219
46 145
13 112
22 121
197 296
65 164
53 152
126 225
83 182
13 112
141 240
18 117
87 186
15 114
7 106
118 217
76 175
133 232
99 198
151 250
13 112
143 242
29 128
170 269
86 185
85 184
83 182
190 289
75 174
25 124
129 228
170 269
22 121
176 275
103 202
97 196
65 164
5 104
154 253
129 228
86 185
175 274
137 236
107 206
165 264
119 218
24 123
168 267
93 192
36 135
175 274
122 221
127 226
149 248
181 280
44 143
67 166
135 234
37 136
78 177
12 111
100 199
125 224
107 206
57 156
190 289
190 289
103 202
7 106
129 228
163 262
76 175
83 182
42 141
145 244
143 242
138 237
43 142
90 189
117 216
29 128
115 214
120 219
161 260
49 148
36 135
123 222
12 111
135 234
178 277
69 168
107 206
39 138
138 237
146 245
78 177
102 201
6 105
116 215
62 161
79 178
37 136
70 169
109 208
94 193
183 282
177 276
66 165
184 283
97 196
82 181
4 103
12 111
127 226
12 111
131 230
20 119
117 216
176 275
100 199
2 101
144 243
125 224
100 199
81 180
160 259
59 158
21 120
163 262
6 105
70 169
5 104
183 282
184 283
128 227
13 112
98 197
157 256
188 287
6 105
66 165
71 170
62 161
167 266
88 187
48 147
85 184
48 147
192 291
59 158
118 217
192 291
140 239
90 189
89 188
66 165
96 195
165 264
128 227
187 286
15 114
153 252
50 149
52 151
10 109
45 144
149 248
31 130
39 138
99 198
94 193
20 119
14 113
83 182
156 255
182 281
165 264
43 142
108 207
126 225
186 285
54 153
91 190
96 195
106 205
92 191
191 290
83 182
152 251
150 249
90 189
17 116
17 116
171 270
23 122
34 133
44 143
103 202
0 99
13 112
170 269
189 288
118 217
76 175
71 170
162 261
140 239
126 225
72 171
32 131
113 212
110 209
176 275
36 135
57 156
37 136
151 250
112 211
18 117
123 222
52 151
79 178
58 157
143 242
182 281
120 219
172 271
171 270
115 214
63 162
21 120
31 130
8 107
38 137
114 213
27 126
44 143
34 133
26 125
71 170
147 246
152 251
18 117
132 231
180 279
31 130
28 127
172 271
122 221
138 237
0 99
181 280
38 137
82 181
158 257
61 160
79 178
71 170
46 145
39 138
190 289
12 111
1 100
128 227
40 139
135 234
176 275
39 138
78 177
67 166
13 112
101 200
8 107
31 130
126 225
2 101
100 199
170 269
182 281
50 149
123 222
119 218
50 149
65 164
185 284
161 260
152 251
52 151
176 275
59 158
144 243
147 246
107 206
8 107
145 244
32 131
113 212
192 291
77 176
34 133
52 151
164 263
33 132
170 269
170 269
35 134
170 269
135 234
191 290
25 124
154 253
58 157
32 131
130 229
108 207
141 240
180 279
21 120
76 175
80 179
70 169
108 207
63 162
102 201
50 149
159 258
117 216
3 102
73 172
101 200
131 230
191 290
113 212
24 123
9 108
183 282
99 198
117 216
96 195
59 158
137 236
33 132
14 113
34 133
185 284
163 262
111 210
109 208
159 258
60 159
41 140
88 187
193 292
190 289
135 234
120 219
54 153
189 288
72 171
189 288
69 168
111 210
113 212
65 164
155 254
47 146
134 233
195 294
102 201
84 183
129 228
92 191
52 151
162 261
106 205
108 207
16 115
120 219
126 225
111 210
168 267
96 195
147 246
65 164
187 286
96 195
163 262
85 184
47 146
63 162
145 244
19 118
37 136
112 211
133 232
104 203
101 200
172 271
65 164
80 179
7 106
146 245
125 224
153 252
35 134
163 262
23 122
109 208
97 196
82 181
103 202
93 192
112 211
51 150
184 283
158 257
157 256
74 173
187 286
171 270
124 223
66 165
187 286
149 248
195 294
125 224
31 130
160 259
177 276
91 190
149 248
136 235
172 271
94 193
144 243
184 283
30 129
133 232
42 141
47 146
4 103
55 154
64 163
171 270
68 167
26 125
80 179
146 245
145 244
111 210
170 269
93 192
109 208
44 143
153 252
138 237
149 248
61 160
32 131
150 249
144 243
43 142
75 174
172 271
113 212
79 178
187 286
46 145
163 262
55 154
93 192
188 287
172 271
132 231
173 272
183 282
130 229
86 185
134 233
100 199
48 147
179 278
1 100
79 178
172 271
60 159
118 217
187 286
125 224
77 176
65 164
28 127
51 150
147 246
68 167
71 170
98 197
28 127
142 241
151 250
145 244
154 253
9 108
196 295
136 235
66 165
29 128
55 154
112 211
194 293
39 138
188 287
44 143
99 198
109 208
154 253
185 284
6 105
83 182
98 197
44 143
84 183
190 289
121 220
121 220
121 220
175 274
78 177
133 232
2 101
93 192
143 242
148 247
177 276
81 180
27 126
135 234
31 130
45 144
160 259
43 142
154 253
97 196
150 249
124 223
80 179
152 251
154 253
63 162
71 170
146 245
68 167
160 259
50 149
135 234
108 207
100 199
131 230
140 239
10 109
99 198
188 287
178 277
25 124
19 118
26 125
143 242
17 116
122 221
193 292
122 221
150 249
82 181
76 175
190 289
97 196
83 182
63 162
166 265
16 115
152 251
167 266
192 291
163 262
123 222
96 195
178 277
148 247
143 242
19 118
19 118
160 259
54 153
105 204
51 150
167 266
106 205
122 221
176 275
88 187
33 132
125 224
164 263
81 180
36 135
18 117
154 253
153 252
179 278
35 134
175 274
160 259
152 251
92 191
39 138
47 146
71 170
1 100
93 192
184 283
136 235
68 167
132 231
179 278
31 130
132 231
87 186
153 252
100 199
136 235
84 183
19 118
15 114
119 218
69 168
58 157
102 201
85 184
117 216
97 196
192 291
24 123
71 170
163 262
7 106
10 109
146 245
35 134
107 206
123 222
175 274
146 245
107 206
115 214
134 233
60 159
123 222
112 211
133 232
179 278
98 197
118 217
31 130
121 220
134 233
181 280
195 294
47 146
187 286
119 218
148 247
29 128
67 166
26 125
114 213
167 266
180 279
43 142
30 129
84 183
187 286
64 163
73 172
111 210
145 244
184 283
17 116
191 290
193 292
97 196
138 237
64 163
40 139
187 286
100 199
102 201
22 121
197 296
147 246
19 118
197 296
140 239
71 170
135 234
131 230
151 250
93 192
17 116
50 149
87 186
139 238
104 203
103 202
44 143
144 243
63 162
141 240
187 286
142 241
34 133
4 103
133 232
140 239
45 144
151 250
144 243
175 274
132 231
18 117
3 102
176 275
85 184
58 157
120 219
40 139
63 162
161 260
160 259
28 127
95 194
164 263
145 244
9 108
177 276
147 246
86 185
25 124
11 110
192 291
179 278
85 184
150 249
187 286
186 285
129 228
65 164
197 296
25 124
141 240
184 283
33 132
102 201
84 183
68 167
121 220
113 212
119 218
121 220
120 219
173 272
16 115
130 229
122 221
107 206
30 129
102 201
171 270
129 228
64 163
98 197
119 218
183 282
29 128
50 149
151 250
186 285
79 178
178 277
178 277
23 122
80 179
35 134
172 271
43 142
164 263
131 230
93 192
112 211
93 192
130 229
149 248
73 172
135 234
23 122
33 132
196 295
118 217
183 282
193 292
32 131
111 210
66 165
104 203
124 223
125 224
121 220
146 245
38 137
111 210
6 105
120 219
124 223
42 141
37 136
186 285
130 229
77 176
155 254
185 284
136 235
97 196
174 273
112 211
35 134
136 235
150 249
79 178
20 119
194 293
117 216
116 215
92 191
62 161
49 148
54 153
150 249
46 145
113 212
61 160
167 266
60 159
185 284
27 126
101 200
118 217
21 120
40 139
136 235
101 200
20 119
179 278
141 240
156 255
54 153
15 114
37 136
9 108
126 225
82 181
102 201
188 287
24 123
104 203
43 142
60 159
49 148
120 219
84 183
53 152
48 147
164 263
191 290
57 156
69 168
48 147
5 104
86 185
91 190
192 291
88 187
97 196
121 220
168 267
6 105
131 230
24 123
60 159
50 149
11 110
148 247
78 177
177 276
118 217
174 273
30 129
150 249
123 222
25 124
66 165
100 199
141 240
5 104
28 127
175 274
175 274
195 294
192 291
169 268
21 120
22 121
34 133
109 208
77 176
138 237
11 110
23 122
129 228
144 243
140 239
71 170
76 175
136 235
66 165
91 190
86 185
181 280
50 149
76 175
68 167
95 194
22 121
165 264
94 193
36 135
183 282
139 238
86 185
29 128
92 191
33 132
110 209
45 144
107 206
68 167
71 170
60 159
33 132
148 247
1 100
73 172
109 208
16 115
121 220
18 117
55 154
90 189
46 145
123 222
54 153
7 106
155 254
19 118
73 172
67 166
42 141
92 191
39 138
142 241
106 205
98 197
175 274
25 124
196 295
64 163
73 172
180 279
172 271
104 203
112 211
101 200
183 282
178 277
190 289
97 196
49 148
68 167
53 152
111 210
71 170
30 129
2 101
88 187
142 241
78 177
32 131
51 150
43 142
187 286
134 233
150 249
116 215
140 239
184 283
53 152
149 248
159 258
162 261
67 166
105 204
47 146
59 158
144 243
133 232
104 203
107 206
113 212
89 188
101 200
143 242
185 284
183 282
130 229
174 273
21 120
6 105
15 114
112 211
129 228
167 266
87 186
70 169
184 283
166 265
165 264
181 280
164 263
130 229
154 253
160 259
177 276
158 257
115 214
138 237
79 178
0 99
51 150
118 217
113 212
132 231
18 117
59 158
155 254
37 136
2 101
16 115
114 213
193 292
47 146
184 283
129 228
37 136
128 227
105 204
41 140
197 296
134 233
133 232
73 172
102 201
169 268
68 167
80 179
46 145
56 155
157 256
188 287
152 251
19 118
197 296
37 136
35 134
85 184
104 203
33 132
36 135
11 110
91 190
133 232
91 190
160 259
196 295
195 294
102 201
155 254
43 142
126 225
111 210
59 158
83 182
161 260
89 188
18 117
88 187
27 126
132 231
62 161
46 145
13 112
7 106
114 213
156 255
41 140
25 124
68 167
117 216
46 145
104 203
89 188
68 167
150 249
80 179
184 283
147 246
3 102
23 122
92 191
101 200
67 166
72 171
103 202
8 107
120 219
70 169
53 152
24 123
19 118
126 225
128 227
197 296
80 179
65 164
20 119
95 194
144 243
12 111
123 222
76 175
154 253
165 264
83 182
150 249
89 188
89 188
177 276
27 126
162 261
70 169
183 282
91 190
33 132
39 138
47 146
127 226
184 283
68 167
131 230
178 277
14 113
46 145
141 240
166 265
118 217
104 203
131 230
75 174
187 286
19 118
135 234
40 139
110 209
58 157
155 254
14 113
161 260
159 258
88 187
67 166
105 204
128 227
188 287
134 233
147 246
74 173
100 199
106 205
146 245
190 289
79 178
83 182
130 229
48 147
155 254
122 221
80 179
23 122
64 163
161 260
89 188
185 284
177 276
7 106
130 229
143 242
10 109
191 290
132 231
175 274
115 214
23 122
44 143
138 237
88 187
104 203
110 209
40 139
105 204
112 211
89 188
19 118
186 285
28 127
139 238
189 288
151 250
177 276
75 174
87 186
17 116
120 219
177 276
185 284
23 122
0 99
176 275
191 290
196 295
86 185
150 249
183 282
171 270
179 278
97 196
48 147
39 138
0 99
48 147
0 99
197 296
31 130
117 216
94 193
25 124
89 188
138 237
153 252
11 110
114 213
18 117
31 130
62 161
139 238
114 213
196 295
132 231
23 122
32 131
61 160
140 239
111 210
104 203
94 193
168 267
128 227
35 134
93 192
176 275
10 109
56 155
9 108
19 118
157 256
47 146
101 200
66 165
142 241
84 183
167 266
40 139
167 266
27 126
169 268
67 166
75 174
96 195
82 181
183 282
135 234
43 142
182 281
158 257
20 119
131 230
155 254
181 280
104 203
27 126
78 177
170 269
64 163
161 260
125 224
0 99
28 127
69 168
72 171
3 102
129 228
194 293
61 160
192 291
169 268
97 196
63 162
50 149
132 231
186 285
12 111
72 171
173 272
195 294
86 185
67 166
186 285
12 111
65 164
163 262
39 138
60 159
136 235
195 294
80 179
26 125
183 282
84 183
10 109
32 131
21 120
70 169
78 177
129 228
46 145
185 284
172 271
173 272
60 159
98 197
60 159
66 165
72 171
180 279
103 202
157 256
9 108
192 291
138 237
195 294
132 231
145 244
7 106
85 184
138 237
15 114
20 119
38 137
148 247
192 291
179 278
109 208
26 125
93 192
122 221
166 265
156 255
80 179
40 139
155 254
174 273
60 159
36 135
107 206
74 173
187 286
35 134
63 162
120 219
80 179
81 180
136 235
105 204
111 210
140 239
58 157
62 161
152 251
158 257
75 174
5 104
49 148
187 286
65 164
183 282
5 104
1 100
176 275
153 252
117 216
60 159
77 176
163 262
80 179
54 153
136 235
46 145
119 218
180 279
124 223
154 253
95 194
53 152
177 276
30 129
171 270
18 117
165 264
50 149
128 227
29 128
111 210
45 144
166 265
77 176
106 205
96 195
164 263
25 124
62 161
68 167
153 252
40 139
33 132
45 144
87 186
142 241
167 266
181 280
14 113
1 100
82 181
63 162
26 125
12 111
1 100
165 264
113 212
99 198
133 232
88 187
107 206
46 145
125 224
104 203
181 280
28 127
132 231
64 163
176 275
46 145
136 235
85 184
116 215
88 187
146 245
83 182
1 100
10 109
17 116
183 282
36 135
196 295
144 243
0 99
187 286
181 280
1 100
116 215
26 125
43 142
107 206
42 141
52 151
134 233
36 135
104 203
125 224
18 117
128 227
45 144
22 121
48 147
129 228
25 124
27 126
35 134
26 125
168 267
172 271
32 131
11 110
147 246
152 251
81 180
62 161
38 137
147 246
21 120
34 133
66 165
149 248
174 273
54 153
189 288
79 178
87 186
164 263
123 222
63 162
13 112
159 258
108 207
140 239
121 220
196 295
165 264
67 166
137 236
15 114
30 129
91 190
181 280
74 173
66 165
141 240
139 238
44 143
104 203
29 128
65 164
41 140
115 214
168 267
72 171
120 219
138 237
125 224
188 287
6 105
50 149
175 274
62 161
19 118
40 139
139 238
131 230
183 282
62 161
69 168
104 203
141 240
151 250
195 294
18 117
127 226
119 218
51 150
134 233
155 254
173 272
9 108
69 168
46 145
84 183
106 205
158 257
133 232
70 169
54 153
46 145
170 269
185 284
113 212
77 176
135 234
37 136
5 104
18 117
139 238
82 181
34 133
11 110
101 200
144 243
119 218
59 158
31 130
136 235
118 217
151 250
152 251
197 296
153 252
183 282
22 121
163 262
8 107
80 179
32 131
152 251
182 281
89 188
102 201
15 114
163 262
24 123
64 163
192 291
25 124
182 281
142 241
25 124
64 163
61 160
114 213
147 246
83 182
169 268
175 274
160 259
197 296
144 243
33 132
159 258
189 288
185 284
186 285
100 199
23 122
163 262
106 205
180 279
19 118
49 148
184 283
1 100
104 203
102 201
133 232
79 178
57 156
13 112
50 149
40 139
112 211
25 124
149 248
28 127
126 225
190 289
130 229
177 276
131 230
2 101
68 167
154 253
0 99
144 243
149 248
80 179
139 238
78 177
185 284
67 166
132 231
152 251
173 272
91 190
100 199
168 267
144 243
167 266
129 228
21 120
131 230
104 203
114 213
17 116
4 103
136 235
175 274
161 260
29 128
104 203
72 171
18 117
83 182
99 198
124 223
83 182
95 194
83 182
23 122
86 185
57 156
60 159
47 146
78 177
179 278
119 218
127 226
21 120
173 272
104 203
70 169
176 275
19 118
71 170
65 164
167 266
187 286
147 246
142 241
176 275
9 108
15 114
102 201
161 260
84 183
42 141
8 107
52 151
126 225
112 211
4 103
79 178
72 171
100 199
61 160
65 164
108 207
43 142
88 187
78 177
171 270
44 143
76 175
19 118
11 110
74 173
161 260
132 231
143 242
30 129
158 257
188 287
134 233
106 205
171 270
111 210
125 224
38 137
148 247
38 137
195 294
182 281
75 174
172 271
23 122
172 271
83 182
191 290
97 196
67 166
142 241
56 155
88 187
177 276
77 176
34 133
181 280
2 101
45 144
187 286
68 167
154 253
25 124
186 285
11 110
125 224
167 266
73 172
24 123
17 116
139 238
102 201
91 190
71 170
182 281
145 244
65 164
32 131
19 118
127 226
52 151
51 150
37 136
23 122
65 164
28 127
23 122
86 185
173 272
65 164
2 101
123 222
124 223
197 296
80 179
139 238
164 263
73 172
131 230
26 125
30 129
8 107
191 290
170 269
152 251
185 284
90 189
183 282
78 177
181 280
52 151
62 161
170 269
112 211
187 286
81 180
111 210
28 127
87 186
160 259
179 278
14 113
191 290
126 225
151 250
71 170
166 265
181 280
66 165
187 286
187 286
16 115
44 143
51 150
120 219
139 238
190 289
96 195
167 266
36 135
86 185
34 133
85 184
55 154
177 276
74 173
72 171
93 192
95 194
90 189
120 219
75 174
61 160
155 254
142 241
51 150
192 291
66 165
75 174
190 289
166 265
106 205
140 239
77 176
46 145
119 218
55 154
104 203
79 178
33 132
158 257
69 168
144 243
102 201
127 226
21 120
2 101
38 137
128 227
69 168
85 184
102 201
184 283
187 286
115 214
110 209
185 284
7 106
57 156
117 216
181 280
17 116
34 133
0 99
101 200
94 193
104 203
4 103
104 203
178 277
119 218
149 248
96 195
106 205
68 167
185 284
98 197
130 229
69 168
40 139
156 255
177 276
4 103
65 164
9 108
92 191
87 186
104 203
100 199
43 142
98 197
157 256
48 147
147 246
169 268
165 264
79 178
161 260
176 275
157 256
190 289
124 223
71 170
99 198
93 192
143 242
152 251
16 115
8 107
92 191
114 213
174 273
41 140
28 127
58 157
50 149
56 155
12 111
194 293
88 187
159 258
185 284
163 262
123 222
39 138
183 282
160 259
24 123
1 100
139 238
117 216
153 252
87 186
105 204
46 145
75 174
46 145
177 276
97 196
130 229
194 293
81 180
106 205
168 267
176 275
50 149
28 127
39 138
0 99
24 123
134 233
116 215
156 255
8 107
10 109
110 209
170 269
130 229
105 204
0 99
136 235
30 129
147 246
76 175
133 232
116 215
17 116
144 243
43 142
12 111
19 118
50 149
162 261
8 107
130 229
57 156
52 151
83 182
42 141
164 263
94 193
78 177
178 277
68 167
54 153
21 120
18 117
65 164
60 159
92 191
43 142
47 146
147 246
63 162
35 134
141 240
95 194
90 189
27 126
110 209
91 190
91 190
1 100
128 227
150 249
193 292
121 220
182 281
9 108
27 126
169 268
163 262
74 173
50 149
108 207
14 113
41 140
58 157
189 288
146 245
189 288
13 112
76 175
68 167
115 214
111 210
35 134
48 147
23 122
112 211
165 264
21 120
122 221
44 143
2 101
12 111
116 215
44 143
35 134
151 250
122 221
76 175
75 174
142 241
50 149
23 122
127 226
182 281
113 212
57 156
150 249
119 218
8 107
52 151
139 238
66 165
134 233
39 138
44 143
124 223
55 154
115 214
167 266
58 157
166 265
100 199
100 199
45 144
140 239
103 202
55 154
109 208
177 276
15 114
59 158
81 180
70 169
120 219
125 224
47 146
113 212
11 110
143 242
128 227
11 110
19 118
79 178
192 291
155 254
115 214
13 112
82 181
95 194
164 263
4 103
2 101
137 236
139 238
55 154
178 277
147 246
105 204
155 254
9 108
62 161
159 258
0 99
90 189
77 176
171 270
26 125
103 202
60 159
147 246
95 194
144 243
88 187
67 166
13 112
145 244
90 189
27 126
126 225
68 167
150 249
90 189
26 125
53 152
156 255
188 287
142 241
74 173
7 106
181 280
46 145
120 219
62 161
110 209
165 264
49 148
60 159
2 101
129 228
49 148
53 152
176 275
172 271
5 104
47 146
133 232
69 168
178 277
23 122
166 265
129 228
141 240
172 271
46 145
98 197
161 260
71 170
121 220
90 189
175 274
137 236
69 168
92 191
124 223
113 212
36 135
186 285
171 270
168 267
170 269
49 148
43 142
28 127
5 104
184 283
88 187
152 251
132 231
77 176
67 166
151 250
195 294
13 112
146 245
105 204
12 111
105 204
115 214
14 113
181 280
197 296
49 148
6 105
81 180
155 254
30 129
101 200
57 156
109 208
18 117
33 132
65 164
128 227
159 258
134 233
30 129
5 104
77 176
188 287
89 188
76 175
184 283
144 243
76 175
90 189
69 168
196 295
64 163
112 211
49 148
157 256
145 244
77 176
10 109
139 238
143 242
163 262
192 291
139 238
31 130
129 228
75 174
185 284
166 265
112 211
22 121
7 106
70 169
137 236
47 146
108 207
67 166
138 237
195 294
104 203
163 262
31 130
8 107
124 223
103 202
153 252
144 243
87 186
61 160
130 229
169 268
8 107
4 103
114 213
1 100
195 294
3 102
23 122
120 219
100 199
26 125
109 208
121 220
26 125
150 249
49 148
159 258
61 160
121 220
128 227
4 103
155 254
169 268
68 167
120 219
128 227
98 197
5 104
83 182
124 223
166 265
47 146
135 234
99 198
10 109
134 233
63 162
45 144
76 175
66 165
3 102
132 231
22 121
50 149
111 210
115 214
53 152
64 163
79 178
87 186
104 203
75 174
35 134
47 146
160 259
144 243
112 211
116 215
58 157
193 292
35 134
56 155
106 205
164 263
123 222
90 189
26 125
182 281
193 292
26 125
170 269
179 278
58 157
181 280
47 146
194 293
37 136
58 157
92 191
57 156
102 201
177 276
197 296
25 124
162 261
197 296
139 238
154 253
163 262
138 237
148 247
44 143
25 124
128 227
66 165
97 196
160 259
50 149
103 202
59 158
79 178
84 183
29 128
18 117
75 174
92 191
4 103
35 134
136 235
36 135
55 154
89 188
116 215
134 233
46 145
105 204
23 122
149 248
175 274
103 202
160 259
109 208
61 160
101 200
101 200
90 189
32 131
49 148
110 209
33 132
103 202
188 287
66 165
138 237
94 193
16 115
171 270
29 128
15 114
74 173
190 289
119 218
136 235
159 258
28 127
21 120
28 127
139 238
146 245
89 188
113 212
164 263
75 174
149 248
24 123
20 119
156 255
192 291
169 268
100 199
138 237
153 252
76 175
17 116
44 143
65 164
89 188
88 187
53 152
59 158
195 294
67 166
129 228
43 142
109 208
141 240
156 255
61 160
149 248
111 210
131 230
6 105
163 262
39 138
126 225
47 146
15 114
58 157
101 200
44 143
159 258
3 102
142 241
88 187
123 222
101 200
42 141
157 256
140 239
195 294
61 160
79 178
108 207
133 232
99 198
71 170
74 173
147 246
137 236
106 205
173 272
77 176
45 144
99 198
10 109
61 160
81 180
192 291
153 252
64 163
20 119
62 161
10 109
158 257
147 246
193 292
162 261
83 182
14 113
127 226
102 201
86 185
45 144
115 214
159 258
187 286
71 170
171 270
112 211
169 268
55 154
188 287
13 112
127 226
122 221
41 140
111 210
132 231
17 116
105 204
65 164
105 204
55 154
125 224
110 209
143 242
41 140
9 108
49 148
137 236
143 242
83 182
147 246
109 208
81 180
4 103
129 228
189 288
163 262
156 255
194 293
3 102
25 124
170 269
55 154
23 122
131 230
196 295
94 193
10 109
90 189
42 141
58 157
82 181
56 155
85 184
77 176
194 293
170 269
44 143
20 119
40 139
122 221
172 271
32 131
186 285
134 233
47 146
106 205
45 144
119 218
117 216
194 293
66 165
137 236
125 224
45 144
79 178
13 112
180 279
46 145
138 237
191 290
89 188
83 182
119 218
130 229
8 107
115 214
75 174
59 158
11 110
104 203
149 248
149 248
75 174
155 254
81 180
92 191
145 244
125 224
7 106
87 186
45 144
37 136
72 171
23 122
108 207
91 190
1 100
95 194
131 230
73 172
124 223
55 154
127 226
60 159
192 291
116 215
0 99
187 286
11 110
40 139
149 248
68 167
186 285
19 118
177 276
115 214
91 190
153 252
91 190
127 226
17 116
45 144
159 258
28 127
179 278
75 174
170 269
10 109
75 174
133 232
93 192
179 278
184 283
124 223
190 289
90 189
153 252
22 121
88 187
57 156
5 104
34 133
120 219
82 181
196 295
137 236
190 289
63 162
35 134
25 124
127 226
34 133
78 177
126 225
46 145
146 245
88 187
156 255
147 246
87 186
1 100
145 244
80 179
167 266
102 201
168 267
25 124
145 244
29 128
50 149
124 223
196 295
108 207
13 112
136 235
125 224
31 130
145 244
162 261
31 130
66 165
36 135
138 237
170 269
102 201
31 130
50 149
77 176
26 125
136 235
88 187
24 123
157 256
86 185
83 182
89 188
94 193
157 256
160 259
77 176
5 104
2 101
63 162
12 111
194 293
115 214
4 103
156 255
76 175
111 210
160 259
76 175
181 280
161 260
95 194
45 144
152 251
53 152
44 143
100 199
26 125
5 104
67 166
16 115
115 214
2 101
89 188
190 289
6 105
86 185
127 226
143 242
86 185
65 164
36 135
99 198
92 191
156 255
71 170
36 135
179 278
47 146
139 238
58 157
181 280
112 211
131 230
154 253
175 274
26 125
20 119
61 160
142 241
165 264
137 236
32 131
148 247
100 199
85 184
188 287
139 238
29 128
4 103
108 207
159 258
35 134
18 117
76 175
164 263
86 185
181 280
190 289
196 295
161 260
151 250
174 273
34 133
58 157
78 177
129 228
100 199
79 178
78 177
104 203
65 164
119 218
63 162
126 225
58 157
101 200
152 251
141 240
55 154
16 115
122 221
103 202
17 116
163 262
139 238
62 161
129 228
196 295
43 142
22 121
197 296
184 283
44 143
138 237
189 288
20 119
2 101
62 161
63 162
150 249
187 286
86 185
141 240
36 135
152 251
115 214
18 117
108 207
54 153
148 247
15 114
83 182
116 215
75 174
78 177
35 134
88 187
54 153
20 119
57 156
142 241
62 161
120 219
37 136
84 183
166 265
133 232
144 243
85 184
151 250
153 252
137 236
111 210
113 212
111 210
136 235
68 167
161 260
163 262
150 249
46 145
151 250
121 220
13 112
83 182
44 143
38 137
125 224
157 256
1 100
150 249
79 178
34 133
197 296
87 186
104 203
13 112
35 134
48 147
159 258
130 229
66 165
69 168
41 140
44 143
60 159
111 210
120 219
152 251
53 152
181 280
76 175
84 183
7 106
179 278
117 216
19 118
160 259
42 141
80 179
5 104
128 227
133 232
149 248
11 110
143 242
82 181
13 112
146 245
85 184
38 137
196 295
111 210
197 296
33 132
175 274
78 177
110 209
71 170
56 155
71 170
109 208
113 212
196 295
17 116
53 152
194 293
122 221
183 282
73 172
73 172
6 105
190 289
26 125
41 140
58 157
80 179
195 294
153 252
128 227
139 238
40 139
47 146
20 119
26 125
160 259
130 229
98 197
128 227
44 143
172 271
46 145
118 217
47 146
18 117
147 246
109 208
123 222
11 110
165 264
91 190
32 131
25 124
57 156
182 281
148 247
189 288
151 250
7 106
28 127
66 165
180 279
76 175
93 192
79 178
79 178
144 243
30 129
22 121
60 159
154 253
77 176
167 266
141 240
59 158
142 241
153 252
103 202
161 260
4 103
84 183
192 291
99 198
3 102
15 114
41 140
130 229
98 197
183 282
41 140
15 114
126 225
119 218
149 248
137 236
72 171
192 291
156 255
137 236
2 101
158 257
74 173
133 232
187 286
41 140
65 164
43 142
13 112
138 237
34 133
28 127
12 111
196 295
179 278
45 144
154 253
190 289
34 133
23 122
178 277
148 247
195 294
16 115
34 133
190 289
130 229
69 168
34 133
51 150
109 208
71 170
56 155
29 128
35 134
54 153
35 134
53 152
35 134
30 129
128 227
54 153
97 196
128 227
11 110
134 233
42 141
174 273
134 233
188 287
129 228
24 123
30 129
89 188
15 114
36 135
28 127
8 107
94 193
180 279
41 140
42 141
52 151
46 145
182 281
159 258
75 174
97 196
106 205
95 194
84 183
163 262
175 274
161 260
116 215
187 286
60 159
96 195
133 232
77 176
46 145
81 180
125 224
19 118
37 136
34 133
48 147
95 194
188 287
129 228
155 254
161 260
30 129
183 282
17 116
32 131
161 260
110 209
5 104
45 144
2 101
2 101
71 170
63 162
12 111
7 106
28 127
176 275
112 211
96 195
118 217
55 154
161 260
189 288
174 273
11 110
37 136
19 118
119 218
95 194
67 166
175 274
152 251
18 117
133 232
54 153
64 163
54 153
11 110
104 203
91 190
6 105
54 153
160 259
182 281
37 136
25 124
99 198
143 242
86 185
90 189
141 240
108 207
134 233
184 283
54 153
109 208
180 279
122 221
16 115
61 160
108 207
125 224
80 179
28 127
60 159
165 264
29 128
100 199
54 153
114 213
162 261
51 150
152 251
163 262
4 103
116 215
59 158
51 150
54 153
115 214
28 127
129 228
131 230
3 102
81 180
104 203
46 145
2 101
10 109
47 146
136 235
15 114
118 217
21 120
54 153
36 135
92 191
126 225
163 262
21 120
31 130
163 262
23 122
28 127
184 283
45 144
66 165
9 108
99 198
178 277
6 105
77 176
62 161
180 279
155 254
160 259
142 241
65 164
133 232
52 151
98 197
79 178
99 198
177 276
140 239
155 254
23 122
5 104
121 220
31 130
178 277
1 100
107 206
14 113
93 192
96 195
114 213
140 239
181 280
56 155
11 110
83 182
52 151
150 249
148 247
197 296
171 270
74 173
71 170
16 115
95 194
148 247
22 121
116 215
69 168
109 208
159 258
139 238
75 174
99 198
43 142
68 167
54 153
154 253
174 273
138 237
181 280
144 243
52 151
178 277
33 132
54 153
133 232
44 143
137 236
1 100
66 165
156 255
152 251
193 292
67 166
29 128
130 229
151 250
54 153
132 231
90 189
165 264
6 105
88 187
69 168
97 196
133 232
163 262
75 174
68 167
154 253
33 132
104 203
68 167
43 142
107 206
22 121
167 266
193 292
53 152
48 147
171 270
101 200
26 125
127 226
101 200
171 270
27 126
86 185
135 234
42 141
21 120
128 227
30 129
139 238
2 101
3 102
188 287
63 162
173 272
67 166
107 206
76 175
50 149
140 239
141 240
68 167
141 240
182 281
70 169
82 181
188 287
114 213
50 149
47 146
132 231
118 217
65 164
197 296
158 257
90 189
111 210
193 292
165 264
136 235
88 187
157 256
132 231
175 274
192 291
97 196
100 199
57 156
95 194
89 188
7 106
65 164
63 162
31 130
74 173
142 241
171 270
155 254
186 285
44 143
151 250
63 162
109 208
89 188
71 170
131 230
193 292
58 157
65 164
191 290
69 168
135 234
139 238
127 226
102 201
134 233
33 132
175 274
29 128
154 253
129 228
194 293
140 239
116 215
166 265
118 217
86 185
128 227
46 145
6 105
172 271
34 133
131 230
174 273
168 267
50 149
133 232
18 117
112 211
19 118
69 168
85 184
139 238
140 239
128 227
69 168
173 272
5 104
24 123
34 133
98 197
78 177
50 149
120 219
126 225
154 253
34 133
190 289
115 214
180 279
82 181
32 131
192 291
6 105
106 205
194 293
134 233
150 249
16 115
56 155
94 193
12 111
35 134
96 195
177 276
84 183
42 141
192 291
191 290
120 219
4 103
116 215
191 290
170 269
55 154
44 143
98 197
46 145
104 203
61 160
63 162
128 227
190 289
22 121
88 187
95 194
150 249
63 162
89 188
181 280
60 159
114 213
168 267
153 252
65 164
112 211
87 186
5 104
172 271
80 179
161 260
73 172
9 108
4 103
64 163
105 204
177 276
143 242
118 217
13 112
150 249
132 231
52 151
176 275
5 104
176 275
34 133
190 289
126 225
181 280
40 139
99 198
66 165
5 104
43 142
158 257
36 135
148 247
20 119
187 286
37 136
137 236
23 122
104 203
83 182
111 210
176 275
5 104
150 249
131 230
164 263
53 152
68 167
191 290
23 122
49 148
192 291
48 147
78 177
174 273
117 216
185 284
128 227
150 249
124 223
76 175
163 262
88 187
143 242
96 195
43 142
159 258
95 194
184 283
20 119
161 260
91 190
58 157
155 254
151 250
111 210
156 255
25 124
185 284
8 107
118 217
122 221
83 182
155 254
133 232
87 186
74 173
185 284
21 120
192 291
140 239
75 174
89 188
16 115
82 181
99 198
78 177
65 164
197 296
166 265
100 199
161 260
168 267
137 236
31 130
23 122
146 245
26 125
146 245
40 139
23 122
52 151
163 262
131 230
176 275
18 117
59 158
85 184
133 232
39 138
0 99
45 144
75 174
19 118
49 148
192 291
175 274
96 195
110 209
77 176
161 260
80 179
155 254
52 151
22 121
60 159
73 172
164 263
73 172
187 286
127 226
57 156
39 138
193 292
170 269
152 251
98 197
69 168
100 199
89 188
134 233
171 270
101 200
173 272
111 210
63 162
2 101
42 141
120 219
97 196
92 191
56 155
72 171
57 156
196 295
115 214
184 283
59 158
170 269
13 112
27 126
157 256
13 112
39 138
19 118
152 251
98 197
120 219
147 246
144 243
191 290
76 175
56 155
131 230
41 140
181 280
7 106
65 164
133 232
190 289
129 228
116 215
73 172
12 111
5 104
142 241
36 135
127 226
57 156
89 188
142 241
161 260
47 146
79 178
43 142
46 145
92 191
63 162
12 111
106 205
66 165
183 282
45 144
108 207
49 148
62 161
188 287
188 287
127 226
152 251
167 266
111 210
182 281
168 267
36 135
45 144
60 159
140 239
20 119
82 181
148 247
126 225
18 117
105 204
47 146
130 229
189 288
90 189
59 158
44 143
19 118
24 123
64 163
128 227
132 231
18 117
59 158
88 187
17 116
5 104
58 157
120 219
190 289
135 234
97 196
94 193
0 99
34 133
168 267
116 215
151 250
103 202
165 264
112 211
21 120
108 207
4 103
101 200
65 164
57 156
145 244
129 228
90 189
186 285
52 151
175 274
24 123
169 268
195 294
175 274
126 225
16 115
15 114
82 181
115 214
157 256
51;156504
10 109
58 157
43 142
188 287
94 193
68 167
127 226
56 155
103 202
181 280
92 191
112 211
135 234
147 246
9 108
25 124
158 257
138 237
108 207
119 218
40 139
177 276
139 238
130 229
174 273
140 239
169 268
37 136
52 151
28 127
26 125
164 263
95 194
94 193
68 167
168 267
65 164
102 201
64 163
106 205
41 140
129 228
41 140
179 278
5 104
18 117
197 296
51 150
163 262
6 105
50 149
11 110
125 224
32 131
176 275
143 242
117 216
125 224
11 110
96 195
123 222
15 114
184 283
191 290
8 107
24 123
18 117
77 176
182 281
138 237
39 138
75 174
120 219
37 136
57 156
19 118
35 134
104 203
8 107
9 108
4 103
185 284
21 120
19 118
1 100
6 105
64 163
81 180
144 243
53 152
68 167
105 204
83 182
192 291
101 200
155 254
192 291
120 219
49 148
193 292
65 164
128 227
41 140
154 253
20 119
52 151
110 209
141 240
79 178
119 218
27 126
96 195
41 140
54 153
42 141
192 291
190 289
152 251
28 127
11 110
34 133
44 143
195 294
193 292
140 239
119 218
60 159
68 167
6 105
33 132
47 146
151 250
158 257
25 124
110 209
59 158
162 261
49 148
55 154
99 198
166 265
40 139
38 137
63 162
93 192
38 137
150 249
89 188
51 150
74 173
164 263
72 171
151 250
102 201
105 204
171 270
141 240
19 118
171 270
101 200
147 246
188 287
182 281
71 170
150 249
176 275
53 152
10 109
128 227
5 104
77 176
173 272
135 234
193 292
57 156
123 222
186 285
62 161
163 262
51 150
112 211
73 172
37 136
67 166
128 227
153 252
15 114
158 257
68 167
175 274
159 258
8 107
50 149
98 197
74 173
95 194
56 155
121 220
116 215
172 271
7 106
175 274
113 212
84 183
127 226
182 281
116 215
172 271
6 105
85 184
157 256
172 271
196 295
9 108
152 251
70 169
92 191
186 285
65 164
75 174
68 167
144 243
195 294
112 211
50 149
85 184
52 151
33 132
32 131
81 180
140 239
68 167
175 274
150 249
153 252
45 144
157 256
154 253
176 275
46 145
29 128
25 124
27 126
107 206
22 121
113 212
189 288
20 119
185 284
135 234
63 162
81 180
93 192
149 248
117 216
35 134
124 223
96 195
33 132
111 210
107 206
50 149
150 249
113 212
73 172
127 226
112 211
161 260
63 162
157 256
83 182
49 148
94 193
166 265
98 197
94 193
78 177
158 257
32 131
88 187
150 249
79 178
24 123
115 214
7 106
52 151
25 124
190 289
20 119
127 226
91 190
182 281
24 123
128 227
9 108
186 285
76 175
164 263
143 242
80 179
120 219
1 100
161 260
75 174
54 153
69 168
114 213
157 256
8 107
44 143
92 191
176 275
162 261
127 226
119 218
58 157
149 248
191 290
169 268
71 170
80 179
178 277
170 269
131 230
103 202
65 164
89 188
127 226
69 168
175 274
126 225
168 267
179 278
174 273
169 268
124 223
96 195
90 189
129 228
79 178
158 257
187 286
28 127
175 274
4 103
18 117
89 188
108 207
160 259
65 164
151 250
197 296
166 265
130 229
56 155
44 143
103 202
10 109
63 162
100 199
72 171
101 200
129 228
52 151
113 212
152 251
66 165
149 248
197 296
50 149
169 268
19 118
106 205
142 241
102 201
139 238
8 107
62 161
123 222
59 158
77 176
172 271
32 131
66 165
142 241
111 210
190 289
84 183
77 176
148 247
117 216
46 145
153 252
26 125
127 226
10 109
183 282
129 228
48 147
162 261
117 216
85 184
40 139
60 159
103 202
24 123
34 133
55 154
2 101
146 245
157 256
36 135
24 123
171 270
177 276
170 269
31 130
160 259
142 241
83 182
151 250
88 187
120 219
164 263
174 273
46 145
51 150
182 281
75 174
62 161
169 268
179 278
104 203
35 134
158 257
139 238
162 261
87 186
144 243
28 127
53 152
41 140
188 287
30 129
42 141
109 208
155 254
109 208
129 228
25 124
192 291
33 132
20 119
151 250
138 237
183 282
102 201
174 273
50 149
101 200
52 151
81 180
0 99
100 199
172 271
171 270
19 118
166 265
148 247
95 194
9 108
74 173
91 190
175 274
134 233
128 227
138 237
189 288
58 157
110 209
123 222
184 283
21 120
45 144
187 286
179 278
1 100
98 197
90 189
77 176
58 157
122 221
135 234
151 250
161 260
190 289
66 165
60 159
173 272
15 114
8 107
192 291
172 271
55 154
140 239
160 259
170 269
171 270
97 196
148 247
160 259
86 185
84 183
12 111
189 288
6 105
193 292
147 246
154 253
192 291
26 125
182 281
128 227
4 103
56 155
172 271
190 289
86 185
85 184
9 108
68 167
120 219
122 221
85 184
38 137
1 100
7 106
5 104
122 221
4 103
28 127
13 112
63 162
11 110
34 133
154 253
67 166
88 187
174 273
63 162
67 166
116 215
70 169
109 208
135 234
30 129
73 172
59 158
3 102
153 252
133 232
102 201
94 193
7 106
58 157
63 162
77 176
6 105
116 215
33 132
98 197
146 245
1 100
37 136
38 137
129 228
26 125
71 170
140 239
83 182
66 165
120 219
36 135
116 215
195 294
175 274
49 148
109 208
134 233
100 199
19 118
192 291
11 110
127 226
121 220
104 203
79 178
161 260
52 151
106 205
108 207
18 117
197 296
46 145
51 150
54 153
92 191
183 282
26 125
83 182
183 282
37 136
12 111
14 113
108 207
11 110
71 170
154 253
66 165
84 183
24 123
61 160
175 274
59 158
10 109
78 177
163 262
86 185
147 246
85 184
84 183
73 172
183 282
156 255
40 139
52 151
66 165
74 173
63 162
5 104
23 122
86 185
97 196
9 108
100 199
9 108
183 282
126 225
126 225
188 287
15 114
39 138
155 254
142 241
108 207
113 212
194 293
134 233
29 128
51 150
11 110
19 118
55 154
190 289
74 173
23 122
194 293
42 141
149 248
37 136
142 241
38 137
116 215
47 146
122 221
170 269
141 240
33 132
122 221
33 132
22 121
127 226
168 267
4 103
40 139
56 155
149 248
49 148
187 286
63 162
86 185
153 252
56 155
81 180
109 208
187 286
184 283
133 232
2 101
37 136
107 206
28 127
189 288
88 187
147 246
184 283
134 233
42 141
74 173
28 127
145 244
87 186
54 153
108 207
178 277
130 229
41 140
6 105
122 221
14 113
179 278
20 119
190 289
19 118
70 169
73 172
159 258
174 273
17 116
111 210
163 262
44 143
133 232
124 223
131 230
38 137
11 110
188 287
105 204
158 257
15 114
55 154
53 152
177 276
23 122
150 249
122 221
164 263
185 284
149 248
36 135
38 137
147 246
92 191
80 179
11 110
185 284
45 144
124 223
104 203
70 169
161 260
24 123
158 257
13 112
116 215
97 196
149 248
84 183
73 172
14 113
112 211
194 293
156 255
148 247
64 163
130 229
18 117
152 251
191 290
99 198
72 171
115 214
108 207
122 221
97 196
158 257
87 186
86 185
165 264
65 164
188 287
24 123
109 208
168 267
77 176
118 217
61 160
141 240
75 174
152 251
173 272
8 107
115 214
9 108
91 190
80 179
17 116
39 138
158 257
159 258
12 111
76 175
55 154
93 192
192 291
141 240
120 219
123 222
104 203
102 201
53 152
19 118
66 165
52 151
157 256
92 191
176 275
22 121
169 268
152 251
105 204
42 141
74 173
187 286
116 215
61 160
169 268
64 163
113 212
103 202
195 294
60 159
127 226
91 190
8 107
157 256
184 283
90 189
7 106
99 198
109 208
70 169
89 188
28 127
47 146
47 146
13 112
40 139
172 271
176 275
182 281
78 177
28 127
166 265
78 177
157 256
103 202
127 226
86 185
177 276
84 183
185 284
182 281
101 200
177 276
100 199
9 108
154 253
51 150
120 219
188 287
85 184
82 181
153 252
31 130
74 173
70 169
98 197
161 260
2 101
116 215
141 240
56 155
91 190
174 273
99 198
77 176
5 104
93 192
40 139
190 289
172 271
134 233
28 127
35 134
35 134
117 216
19 118
142 241
21 120
134 233
34 133
16 115
0 99
152 251
65 164
20 119
18 117
95 194
63 162
155 254
36 135
84 183
93 192
8 107
92 191
90 189
112 211
152 251
142 241
33 132
187 286
66 165
6 105
147 246
167 266
144 243
43 142
30 129
144 243
73 172
74 173
77 176
108 207
160 259
67 166
158 257
45 144
135 234
105 204
33 132
30 129
35 134
35 134
162 261
197 296
101 200
46 145
28 127
186 285
87 186
92 191
158 257
25 124
100 199
107 206
152 251
186 285
4 103
141 240
54 153
139 238
102 201
51 150
175 274
79 178
38 137
134 233
64 163
40 139
22 121
66 165
125 224
124 223
127 226
95 194
132 231
99 198
55 154
43 142
122 221
84 183
154 253
46 145
174 273
45 144
7 106
80 179
46 145
36 135
85 184
20 119
97 196
136 235
125 224
125 224
167 266
42 141
38 137
179 278
100 199
94 193
169 268
9 108
82 181
174 273
3 102
111 210
106 205
2 101
20 119
125 224
140 239
130 229
181 280
164 263
163 262
81 180
48 147
46 145
149 248
148 247
143 242
6 105
158 257
26 125
14 113
21 120
83 182
114 213
41 140
124 223
194 293
174 273
80 179
18 117
4 103
83 182
110 209
110 209
9 108
133 232
43 142
65 164
15 114
101 200
117 216
63 162
127 226
188 287
32 131
187 286
176 275
24 123
15 114
43 142
105 204
104 203
82 181
146 245
28 127
193 292
89 188
7 106
118 217
154 253
138 237
117 216
130 229
126 225
13 112
188 287
12 111
189 288
144 243
145 244
164 263
77 176
60 159
165 264
55 154
124 223
59 158
47 146
113 212
16 115
144 243
186 285
69 168
167 266
22 121
194 293
182 281
56 155
40 139
179 278
90 189
39 138
52 151
148 247
52 151
172 271
135 234
139 238
98 197
50 149
70 169
136 235
118 217
154 253
106 205
9 108
179 278
169 268
180 279
29 128
62 161
160 259
130 229
4 103
29 128
160 259
151 250
147 246
5 104
171 270
162 261
108 207
54 153
89 188
148 247
48 147
39 138
58 157
169 268
106 205
16 115
38 137
125 224
54 153
195 294
177 276
61 160
183 282
127 226
39 138
185 284
150 249
179 278
53 152
110 209
9 108
147 246
72 171
88 187
31 130
90 189
151 250
80 179
129 228
172 271
171 270
41 140
43 142
121 220
54 153
53 152
173 272
1 100
119 218
38 137
191 290
196 295
127 226
48 147
121 220
59 158
45 144
153 252
144 243
10 109
0 99
129 228
95 194
58 157
175 274
13 112
22 121
192 291
45 144
145 244
77 176
72 171
6 105
59 158
47 146
134 233
83 182
15 114
110 209
171 270
0 99
124 223
7 106
149 248
173 272
170 269
104 203
22 121
5 104
174 273
143 242
157 256
16 115
47 146
171 270
164 263
125 224
90 189
7 106
62 161
77 176
64 163
166 265
105 204
118 217
152 251
170 269
13 112
83 182
158 257
165 264
90 189
147 246
148 247
191 290
167 266
117 216
195 294
146 245
156 255
153 252
169 268
113 212
21 120
196 295
110 209
77 176
62 161
157 256
98 197
141 240
173 272
176 275
193 292
95 194
121 220
107 206
146 245
21 120
175 274
187 286
186 285
54 153
80 179
116 215
166 265
83 182
197 296
160 259
0 99
158 257
121 220
60 159
41 140
124 223
154 253
23 122
131 230
134 233
61 160
7 106
90 189
77 176
164 263
20 119
197 296
79 178
55 154
151 250
114 213
31 130
105 204
58 157
128 227
66 165
186 285
33 132
196 295
24 123
155 254
88 187
190 289
53 152
37 136
92 191
175 274
71 170
179 278
83 182
12 111
140 239
188 287
5 104
17 116
9 108
130 229
57 156
124 223
139 238
60 159
5 104
18 117
101 200
32 131
160 259
118 217
150 249
32 131
128 227
131 230
123 222
85 184
190 289
169 268
163 262
169 268
6 105
179 278
91 190
64 163
59 158
82 181
5 104
61 160
78 177
97 196
161 260
173 272
127 226
23 122
113 212
176 275
51 150
23 122
167 266
10 109
177 276
26 125
77 176
65 164
83 182
165 264
80 179
25 124
25 124
82 181
155 254
195 294
91 190
143 242
60 159
95 194
182 281
8 107
170 269
187 286
25 124
146 245
12 111
51 150
2 101
101 200
117 216
3 102
147 246
87 186
73 172
108 207
127 226
94 193
166 265
140 239
60 159
189 288
54 153
171 270
45 144
89 188
163 262
21 120
56 155
22 121
100 199
135 234
11 110
138 237
153 252
63 162
136 235
0 99
102 201
21 120
119 218
64 163
107 206
109 208
57 156
148 247
81 180
152 251
188 287
115 214
118 217
66 165
62 161
4 103
161 260
187 286
46 145
164 263
68 167
91 190
14 113
116 215
9 108
186 285
153 252
152 251
46 145
183 282
144 243
170 269
142 241
125 224
94 193
168 267
116 215
58 157
59 158
124 223
89 188
77 176
55 154
8 107
180 279
100 199
103 202
78 177
189 288
172 271
79 178
95 194
28 127
99 198
132 231
185 284
53 152
133 232
193 292
191 290
27 126
31 130
1 100
88 187
142 241
18 117
158 257
131 230
67 166
185 284
126 225
86 185
91 190
95 194
82 181
1 100
73 172
120 219
153 252
170 269
68 167
87 186
67 166
99 198
88 187
9 108
131 230
108 207
33 132
27 126
58 157
149 248
21 120
87 186
88 187
89 188
164 263
134 233
6 105
146 245
128 227
175 274
14 113
72 171
81 180
177 276
182 281
91 190
44 143
188 287
7 106
105 204
136 235
146 245
93 192
54 153
196 295
109 208
187 286
0 99
29 128
83 182
159 258
165 264
140 239
146 245
49 148
33 132
5 104
142 241
128 227
142 241
189 288
55 154
3 102
80 179
163 262
34 133
75 174
169 268
102 201
187 286
95 194
100 199
187 286
122 221
30 129
61 160
97 196
69 168
112 211
157 256
153 252
196 295
15 114
99 198
145 244
184 283
178 277
116 215
68 167
151 250
190 289
7 106
167 266
187 286
26 125
96 195
57 156
53 152
179 278
108 207
24 123
173 272
66 165
111 210
79 178
14 113
60 159
51 150
190 289
71 170
162 261
125 224
121 220
151 250
155 254
74 173
20 119
163 262
171 270
95 194
33 132
60 159
192 291
136 235
194 293
33 132
11 110
123 222
193 292
3 102
100 199
24 123
89 188
85 184
71 170
6 105
55 154
128 227
165 264
178 277
60 159
96 195
147 246
88 187
122 221
109 208
163 262
51 150
179 278
20 119
94 193
56 155
84 183
30 129
121 220
27 126
76 175
151 250
111 210
131 230
76 175
23 122
163 262
145 244
87 186
129 228
4 103
150 249
106 205
64 163
119 218
120 219
175 274
48 147
2 101
6 105
6 105
80 179
82 181
143 242
1 100
98 197
25 124
115 214
92 191
182 281
109 208
191 290
163 262
113 212
21 120
61 160
2 101
128 227
54 153
18 117
36 135
118 217
142 241
125 224
76 175
132 231
139 238
134 233
158 257
119 218
134 233
188 287
127 226
125 224
159 258
145 244
125 224
123 222
38 137
11 110
47 146
122 221
41 140
52 151
10 109
57 156
71 170
190 289
148 247
127 226
38 137
24 123
14 113
10 109
27 126
49 148
23 122
158 257
90 189
167 266
34 133
16 115
191 290
148 247
25 124
148 247
87 186
21 120
133 232
149 248
32 131
36 135
14 113
37 136
166 265
49 148
154 253
63 162
160 259
5 104
153 252
28 127
178 277
11 110
24 123
113 212
137 236
68 167
181 280
98 197
138 237
94 193
29 128
185 284
123 222
98 197
134 233
126 225
130 229
50 149
177 276
167 266
158 257
28 127
59 158
28 127
36 135
110 209
167 266
122 221
78 177
144 243
24 123
118 217
34 133
34 133
162 261
20 119
33 132
119 218
47 146
151 250
144 243
2 101
175 274
106 205
67 166
40 139
111 210
90 189
100 199
62 161
69 168
192 291
130 229
10 109
56 155
15 114
55 154
186 285
71 170
35 134
92 191
95 194
50 149
93 192
96 195
127 226
94 193
110 209
111 210
44 143
11 110
9 108
171 270
49 148
95 194
100 199
147 246
150 249
0 99
5 104
51 150
8 107
72 171
189 288
51 150
189 288
59 158
41 140
147 246
190 289
19 118
135 234
180 279
177 276
66 165
174 273
138 237
105 204
45 144
85 184
13 112
191 290
16 115
156 255
69 168
154 253
128 227
15 114
52 151
64 163
46 145
110 209
151 250
86 185
120 219
164 263
5 104
75 174
12 111
121 220
121 220
103 202
157 256
23 122
52 151
1 100
98 197
179 278
127 226
139 238
4 103
67 166
100 199
55 154
163 262
24 123
55 154
151 250
69 168
178 277
96 195
63 162
31 130
13 112
84 183
2 101
180 279
129 228
164 263
137 236
58 157
44 143
61 160
40 139
117 216
81 180
6 105
157 256
191 290
34 133
71 170
57 156
15 114
128 227
92 191
66 165
52 151
85 184
96 195
182 281
36 135
12 111
90 189
93 192
91 190
8 107
15 114
43 142
63 162
85 184
16 115
4 103
119 218
90 189
105 204
186 285
70 169
5 104
128 227
83 182
61 160
177 276
178 277
178 277
172 271
93 192
10 109
100 199
163 262
113 212
120 219
181 280
55 154
110 209
94 193
87 186
45 144
18 117
139 238
178 277
182 281
194 293
184 283
74 173
120 219
154 253
54 153
194 293
193 292
156 255
107 206
41 140
53 152
96 195
101 200
102 201
193 292
48 147
184 283
154 253
85 184
148 247
158 257
103 202
16 115
90 189
136 235
108 207
61 160
90 189
137 236
141 240
74 173
23 122
112 211
80 179
130 229
65 164
13 112
104 203
173 272
144 243
50 149
87 186
183 282
29 128
143 242
57 156
0 99
182 281
67 166
185 284
4 103
117 216
154 253
130 229
128 227
65 164
24 123
178 277
107 206
193 292
190 289
13 112
121 220
40 139
73 172
2 101
23 122
101 200
43 142
153 252
36 135
102 201
96 195
145 244
44 143
43 142
30 129
174 273
106 205
140 239
59 158
28 127
110 209
189 288
186 285
155 254
144 243
81 180
71 170
96 195
173 272
26 125
69 168
156 255
85 184
115 214
145 244
178 277
107 206
79 178
99 198
148 247
2 101
55 154
31 130
161 260
143 242
37 136
47 146
170 269
6 105
184 283
39 138
23 122
193 292
166 265
40 139
48 147
21 120
182 281
153 252
142 241
83 182
102 201
55 154
181 280
6 105
18 117
74 173
96 195
106 205
2 101
80 179
59 158
73 172
50 149
8 107
97 196
6 105
185 284
94 193
11 110
159 258
48 147
168 267
123 222
126 225
107 206
177 276
33 132
23 122
159 258
181 280
119 218
83 182
16 115
181 280
52 151
94 193
68 167
0 99
29 128
166 265
109 208
96 195
142 241
76 175
90 189
139 238
114 213
136 235
60 159
181 280
29 128
165 264
120 219
21 120
106 205
36 135
1 100
186 285
196 295
66 165
19 118
142 241
64 163
136 235
76 175
87 186
62 161
34 133
75 174
103 202
34 133
78 177
15 114
140 239
56 155
119 218
85 184
25 124
45 144
117 216
98 197
4 103
183 282
40 139
20 119
10 109
6 105
70 169
30 129
85 184
121 220
146 245
33 132
78 177
30 129
102 201
62 161
64 163
129 228
59 158
70 169
100 199
191 290
63 162
26 125
29 128
125 224
168 267
3 102
163 262
140 239
106 205
135 234
100 199
132 231
60 159
9 108
196 295
4 103
127 226
116 215
11 110
60 159
7 106
163 262
48 147
95 194
106 205
96 195
59 158
89 188
135 234
144 243
44 143
155 254
153 252
124 223
79 178
143 242
3 102
0 99
168 267
29 128
3 102
149 248
18 117
147 246
149 248
138 237
109 208
185 284
188 287
87 186
67 166
143 242
173 272
97 196
37 136
54 153
148 247
114 213
140 239
89 188
135 234
77 176
129 228
11 110
12 111
51 150
81 180
41 140
7 106
115 214
118 217
17 116
11 110
146 245
124 223
137 236
106 205
91 190
52 151
24 123
12 111
7 106
2 101
108 207
123 222
25 124
144 243
34 133
16 115
41 140
1 100
196 295
140 239
50 149
171 270
8 107
192 291
145 244
67 166
12 111
131 230
27 126
36 135
51 150
133 232
58 157
153 252
114 213
17 116
122 221
123 222
82 181
111 210
37 136
115 214
165 264
174 273
179 278
98 197
103 202
132 231
63 162
126 225
28 127
142 241
79 178
93 192
177 276
174 273
163 262
89 188
78 177
61 160
128 227
85 184
80 179
106 205
119 218
89 188
40 139
97 196
132 231
180 279
109 208
148 247
102 201
16 115
166 265
31 130
5 104
169 268
47 146
188 287
121 220
19 118
28 127
95 194
126 225
163 262
159 258
64 163
68 167
160 259
22 121
149 248
108 207
95 194
3 102
129 228
80 179
50 149
150 249
187 286
150 249
51 150
21 120
50 149
91 190
90 189
113 212
24 123
124 223
139 238
53 152
103 202
37 136
147 246
134 233
187 286
135 234
167 266
49 148
16 115
185 284
49 148
14 113
151 250
26 125
12 111
145 244
176 275
123 222
129 228
92 191
21 120
113 212
52 151
96 195
5 104
142 241
164 263
89 188
152 251
180 279
45 144
17 116
137 236
118 217
109 208
26 125
149 248
42 141
35 134
65 164
40 139
13 112
195 294
138 237
138 237
64 163
110 209
138 237
135 234
169 268
162 261
112 211
0 99
47 146
186 285
23 122
172 271
30 129
140 239
96 195
18 117
34 133
70 169
154 253
119 218
122 221
172 271
24 123
156 255
38 137
18 117
123 222
43 142
103 202
105 204
83 182
28 127
31 130
114 213
89 188
35 134
120 219
34 133
1 100
47 146
26 125
66 165
190 289
32 131
90 189
184 283
67 166
34 133
79 178
191 290
145 244
59 158
102 201
46 145
157 256
141 240
139 238
46 145
4 103
98 197
1 100
3 102
31 130
139 238
100 199
21 120
160 259
51 150
45 144
93 192
142 241
41 140
195 294
45 144
68 167
152 251
161 260
120 219
37 136
98 197
24 123
195 294
50 149
133 232
173 272
50 149
132 231
194 293
1 100
61 160
105 204
78 177
35 134
73 172
119 218
175 274
133 232
116 215
2 101
47 146
142 241
104 203
59 158
10 109
174 273
40 139
154 253
177 276
36 135
59 158
111 210
60 159
16 115
137 236
104 203
82 181
115 214
101 200
3 102
146 245
89 188
183 282
191 290
88 187
142 241
80 179
114 213
49 148
45 144
62 161
137 236
62 161
106 205
41 140
160 259
33 132
149 248
31 130
172 271
176 275
66 165
152 251
50 149
20 119
171 270
34 133
181 280
89 188
145 244
192 291
148 247
50 149
43 142
46 145
187 286
14 113
80 179
39 138
176 275
176 275
149 248
72 171
153 252
73 172
8 107
26 125
113 212
69 168
19 118
47 146
140 239
19 118
88 187
67 166
48 147
91 190
60 159
148 247
181 280
5 104
81 180
136 235
159 258
72 171
10 109
85 184
122 221
118 217
120 219
136 235
159 258
20 119
101 200
141 240
103 202
122 221
5 104
69 168
11 110
31 130
32 131
9 108
183 282
98 197
184 283
138 237
166 265
46 145
73 172
76 175
110 209
97 196
26 125
174 273
192 291
152 251
0 99
30 129
44 143
86 185
186 285
130 229
153 252
43 142
72 171
180 279
94 193
3 102
99 198
92 191
82 181
182 281
2 101
45 144
21 120
98 197
181 280
93 192
194 293
124 223
189 288
23 122
57 156
7 106
174 273
45 144
170 269
43 142
32 131
44 143
180 279
25 124
118 217
197 296
0 99
50 149
89 188
17 116
53 152
181 280
41 140
132 231
166 265
72 171
71 170
153 252
192 291
138 237
147 246
179 278
136 235
161 260
61 160
24 123
147 246
104 203
74 173
71 170
23 122
39 138
55 154
114 213
25 124
111 210
66 165
83 182
40 139
147 246
170 269
72 171
30 129
195 294
24 123
12 111
85 184
72 171
99 198
69 168
70 169
92 191
92 191
156 255
148 247
176 275
72 171
89 188
23 122
153 252
167 266
81 180
164 263
141 240
137 236
93 192
169 268
18 117
113 212
149 248
77 176
149 248
78 177
99 198
137 236
19 118
81 180
190 289
7 106
26 125
28 127
110 209
146 245
156 255
110 209
176 275
179 278
68 167
74 173
166 265
179 278
129 228
117 216
165 264
127 226
59 158
52 151
89 188
136 235
116 215
28 127
160 259
144 243
105 204
82 181
0 99
188 287
138 237
7 106
180 279
138 237
137 236
111 210
19 118
116 215
68 167
147 246
6 105
46 145
193 292
156 255
102 201
2 101
101 200
48 147
122 221
43 142
118 217
49 148
70 169
18 117
74 173
51 150
64 163
65 164
78 177
27 126
83 182
117 216
118 217
20 119
132 231
123 222
131 230
71 170
37 136
91 190
7 106
52 151
75 174
188 287
19 118
83 182
66 165
3 102
88 187
197 296
149 248
121 220
197 296
181 280
157 256
186 285
52 151
173 272
181 280
30 129
54 153
102 201
38 137
118 217
31 130
195 294
151 250
40 139
148 247
168 267
62 161
196 295
61 160
121 220
111 210
15 114
187 286
109 208
117 216
191 290
193 292
128 227
22 121
73 172
94 193
121 220
139 238
55 154
10 109
177 276
155 254
110 209
31 130
140 239
188 287
140 239
59 158
185 284
106 205
136 235
7 106
74 173
115 214
69 168
60 159
12 111
71 170
7 106
96 195
130 229
83 182
65 164
15 114
151 250
7 106
85 184
119 218
54 153
105 204
150 249
38 137
170 269
116 215
11 110
178 277
158 257
13 112
45 144
98 197
103 202
158 257
183 282
152 251
25 124
103 202
3 102
194 293
183 282
54 153
135 234
189 288
36 135
174 273
69 168
172 271
62 161
167 266
183 282
157 256
83 182
23 122
57 156
158 257
137 236
31 130
196 295
197 296
22 121
96 195
15 114
25 124
58 157
164 263
56 155
165 264
72 171
12 111
18 117
99 198
124 223
170 269
67 166
6 105
73 172
84 183
58 157
181 280
42 141
35 134
7 106
137 236
108 207
82 181
31 130
83 182
157 256
120 219
96 195
72 171
36 135
127 226
154 253
125 224
112 211
196 295
180 279
114 213
7 106
47 146
76 175
131 230
71 170
134 233
85 184
90 189
95 194
6 105
169 268
82 181
29 128
9 108
136 235
98 197
177 276
182 281
134 233
6 105
163 262
133 232
70 169
191 290
80 179
174 273
57 156
107 206
116 215
127 226
86 185
40 139
194 293
103 202
166 265
137 236
147 246
138 237
158 257
87 186
99 198
166 265
160 259
25 124
42 141
17 116
38 137
9 108
38 137
103 202
93 192
62 161
104 203
108 207
197 296
26 125
148 247
62 161
52 151
51 150
4 103
115 214
167 266
171 270
141 240
183 282
127 226
125 224
39 138
116 215
109 208
194 293
121 220
100 199
29 128
65 164
8 107
184 283
5 104
15 114
178 277
191 290
147 246
196 295
139 238
176 275
118 217
126 225
71 170
54 153
140 239
180 279
131 230
142 241
44 143
152 251
33 132
79 178
106 205
84 183
114 213
181 280
42 141
42 141
120 219
161 260
165 264
64 163
1 100
182 281
174 273
178 277
115 214
87 186
101 200
97 196
43 142
149 248
85 184
114 213
111 210
185 284
119 218
30 129
116 215
33 132
29 128
128 227
74 173
37 136
0 99
84 183
27 126
112 211
94 193
156 255
100 199
145 244
117 216
84 183
121 220
121 220
104 203
26 125
152 251
166 265
83 182
51 150
36 135
1 100
187 286
55 154
98 197
84 183
126 225
195 294
137 236
122 221
129 228
195 294
38 137
77 176
65 164
28 127
161 260
125 224
11 110
112 211
91 190
90 189
30 129
76 175
173 272
178 277
43 142
11 110
139 238
164 263
84 183
65 164
179 278
147 246
123 222
86 185
164 263
142 241
58 157
51 150
110 209
8 107
157 256
11 110
135 234
19 118
36 135
39 138
90 189
2 101
188 287
53 152
109 208
108 207
60 159
36 135
128 227
161 260
67 166
117 216
110 209
33 132
103 202
31 130
68 167
16 115
57 156
4 103
4 103
145 244
174 273
102 201
128 227
114 213
74 173
163 262
107 206
74 173
41 140
36 135
114 213
157 256
166 265
141 240
126 225
141 240
64 163
73 172
67 166
126 225
107 206
159 258
191 290
121 220
85 184
94 193
74 173
17 116
99 198
16 115
66 165
172 271
135 234
148 247
172 271
99 198
29 128
9 108
71 170
116 215
5 104
34 133
38 137
7 106
167 266
57 156
160 259
0 99
141 240
63 162
160 259
123 222
84 183
61 160
55 154
148 247
29 128
112 211
166 265
130 229
35 134
63 162
177 276
150 249
87 186
9 108
156 255
116 215
173 272
105 204
112 211
172 271
176 275
154 253
6 105
158 257
159 258
29 128
59 158
50 149
153 252
35 134
65 164
3 102
34 133
19 118
88 187
154 253
22 121
60 159
33 132
61 160
102 201
44 143
135 234
194 293
31 130
29 128
81 180
110 209
155 254
118 217
186 285
92 191
49 148
147 246
161 260
105 204
21 120
130 229
168 267
101 200
92 191
82 181
56 155
62 161
106 205
130 229
162 261
164 263
161 260
116 215
96 195
47 146
52 151
114 213
117 216
32 131
152 251
192 291
40 139
72 171
51 150
26 125
69 168
35 134
35 134
37 136
90 189
128 227
50 149
165 264
110 209
5 104
124 223
8 107
22 121
64 163
116 215
161 260
78 177
112 211
13 112
172 271
48 147
29 128
150 249
85 184
131 230
83 182
66 165
89 188
119 218
169 268
113 212
151 250
52 151
109 208
135 234
50 149
65 164
168 267
107 206
168 267
14 113
181 280
120 219
17 116
11 110
109 208
78 177
115 214
156 255
46 145
101 200
148 247
30 129
151 250
22 121
19 118
53 152
85 184
82 181
171 270
163 262
26 125
171 270
144 243
94 193
186 285
98 197
13 112
167 266
137 236
177 276
81 180
23 122
84 183
44 143
156 255
135 234
103 202
155 254
11 110
112 211
91 190
89 188
15 114
125 224
187 286
108 207
158 257
125 224
184 283
98 197
104 203
53 152
55 154
167 266
86 185
25 124
163 262
152 251
164 263
45 144
194 293
79 178
188 287
154 253
106 205
8 107
29 128
123 222
195 294
193 292
171 270
2 101
35 134
40 139
81 180
85 184
155 254
34 133
72 171
179 278
13 112
41 140
80 179
99 198
9 108
44 143
177 276
29 128
108 207
97 196
127 226
53 152
94 193
162 261
98 197
57 156
128 227
19 118
10 109
171 270
5 104
149 248
85 184
182 281
58 157
40 139
38 137
128 227
137 236
40 139
88 187
62 161
173 272
127 226
76 175
85 184
71 170
132 231
17 116
185 284
55 154
180 279
100 199
185 284
136 235
104 203
24 123
65 164
106 205
95 194
124 223
39 138
151 250
125 224
100 199
8 107
34 133
179 278
174 273
163 262
125 224
176 275
38 137
15 114
176 275
65 164
191 290
136 235
113 212
98 197
117 216
118 217
3 102
81 180
95 194
186 285
90 189
148 247
26 125
182 281
117 216
41 140
50 149
122 221
64 163
102 201
105 204
67 166
105 204
85 184
46 145
19 118
30 129
155 254
59 158
197 296
172 271
26 125
157 256
92 191
33 132
137 236
83 182
79 178
124 223
145 244
181 280
44 143
182 281
84 183
45 144
104 203
87 186
11 110
19 118
120 219
24 123
194 293
114 213
171 270
93 192
30 129
25 124
128 227
173 272
78 177
73 172
132 231
190 289
21 120
164 263
180 279
144 243
79 178
66 165
104 203
152 251
133 232
106 205
148 247
50 149
22 121
81 180
124 223
63 162
52 151
61 160
173 272
90 189
170 269
60 159
31 130
156 255
63 162
100 199
148 247
182 281
171 270
40 139
44 143
125 224
76 175
58 157
191 290
165 264
37 136
158 257
178 277
180 279
158 257
125 224
107 206
62 161
142 241
111 210
106 205
132 231
192 291
32 131
77 176
175 274
115 214
174 273
183 282
16 115
184 283
75 174
134 233
196 295
187 286
159 258
90 189
74 173
11 110
120 219
6 105
25 124
24 123
193 292
45 144
144 243
19 118
73 172
11 110
11 110
29 128
30 129
123 222
168 267
167 266
156 255
194 293
40 139
100 199
83 182
33 132
179 278
158 257
145 244
137 236
43 142
164 263
58 157
135 234
128 227
110 209
6 105
156 255
28 127
92 191
72 171
96 195
134 233
69 168
101 200
27 126
190 289
53 152
89 188
121 220
190 289
43 142
144 243
63 162
149 248
48 147
69 168
130 229
74 173
178 277
154 253
52 151
113 212
69 168
170 269
114 213
30 129
191 290
130 229
89 188
84 183
87 186
197 296
142 241
41 140
100 199
60 159
85 184
122 221
96 195
98 197
71 170
149 248
126 225
159 258
119 218
39 138
54 153
56 155
75 174
104 203
159 258
50 149
37 136
15 114
188 287
121 220
115 214
32 131
39 138
144 243
122 221
156 255
100 199
39 138
26 125
34 133
9 108
34 133
23 122
143 242
188 287
12 111
133 232
76 175
90 189
25 124
72 171
95 194
24 123
97 196
70 169
122 221
192 291
31 130
122 221
58 157
125 224
158 257
96 195
185 284
8 107
94 193
52 151
51 150
57 156
194 293
137 236
67 166
120 219
152 251
10 109
0 99
36 135
109 208
113 212
121 220
196 295
188 287
107 206
127 226
1 100
31 130
181 280
8 107
78 177
30 129
1 100
145 244
61 160
136 235
142 241
150 249
147 246
118 217
168 267
65 164
130 229
92 191
161 260
168 267
140 239
53 152
31 130
27 126
48 147
23 122
186 285
160 259
4 103
149 248
153 252
13 112
14 113
54 153
91 190
118 217
34 133
182 281
94 193
147 246
111 210
186 285
53 152
140 239
141 240
102 201
55 154
116 215
149 248
128 227
29 128
195 294
34 133
179 278
121 220
73 172
194 293
152 251
139 238
159 258
40 139
149 248
112 211
57 156
185 284
86 185
19 118
87 186
135 234
48 147
167 266
8 107
28 127
62 161
88 187
28 127
38 137
12 111
53 152
49 148
62 161
182 281
98 197
8 107
50 149
162 261
44 143
5 104
79 178
103 202
114 213
152 251
178 277
196 295
66 165
19 118
143 242
0 99
87 186
89 188
150 249
144 243
188 287
112 211
103 202
83 182
74 173
27 126
25 124
86 185
131 230
88 187
108 207
184 283
103 202
87 186
51 150
167 266
86 185
130 229
168 267
3 102
98 197
103 202
189 288
152 251
116 215
10 109
115 214
102 201
132 231
101 200
115 214
67 166
61 160
170 269
56 155
174 273
101 200
16 115
182 281
182 281
113 212
77 176
11 110
57 156
103 202
190 289
195 294
140 239
20 119
109 208
60 159
177 276
142 241
195 294
14 113
183 282
114 213
58 157
62 161
105 204
166 265
7 106
164 263
135 234
64 163
182 281
161 260
10 109
16 115
187 286
21 120
194 293
142 241
41 140
90 189
31 130
181 280
153 252
128 227
156 255
105 204
92 191
28 127
131 230
60 159
126 225
2 101
177 276
91 190
89 188
78 177
31 130
112 211
95 194
117 216
186 285
13 112
91 190
169 268
116 215
10 109
31 130
116 215
85 184
152 251
19 118
99 198
181 280
124 223
197 296
17 116
41 140
8 107
10 109
105 204
197 296
61 160
18 117
2 101
143 242
30 129
80 179
165 264
76 175
187 286
176 275
8 107
137 236
124 223
154 253
176 275
46 145
190 289
169 268
71 170
194 293
24 123
112 211
181 280
86 185
116 215
59 158
111 210
75 174
34 133
120 219
50 149
18 117
162 261
181 280
102 201
96 195
93 192
91 190
132 231
190 289
27 126
197 296
146 245
165 264
100 199
57 156
186 285
61 160
145 244
41 140
96 195
89 188
26 125
15 114
54 153
15 114
72 171
187 286
38 137
154 253
195 294
183 282
52 151
138 237
154 253
125 224
2 101
140 239
133 232
30 129
59 158
28 127
161 260
150 249
93 192
28 127
32 131
25 124
164 263
159 258
112 211
47 146
52 151
190 289
44 143
156 255
129 228
142 241
13 112
11 110
77 176
185 284
84 183
68 167
156 255
15 114
53 152
137 236
82 181
42 141
19 118
83 182
49 148
55 154
98 197
159 258
193 292
138 237
101 200
183 282
81 180
51 150
64 163
153 252
165 264
161 260
99 198
96 195
30 129
141 240
77 176
78 177
52 151
86 185
67 166
84 183
91 190
76 175
26 125
5 104
53 152
94 193
4 103
118 217
23 122
138 237
173 272
138 237
81 180
186 285
97 196
95 194
160 259
115 214
40 139
99 198
158 257
116 215
181 280
161 260
45 144
42 141
195 294
59 158
182 281
171 270
123 222
5 104
57 156
20 119
19 118
106 205
17 116
16 115
113 212
130 229
60 159
165 264
95 194
89 188
59 158
24 123
15 114
99 198
106 205
8 107
80 179
33 132
55 154
154 253
56 155
1 100
33 132
44 143
13 112
57 156
132 231
127 226
102 201
116 215
147 246
181 280
31 130
154 253
76 175
105 204
36 135
48 147
164 263
111 210
168 267
71 170
59 158
92 191
197 296
73 172
75 174
182 281
48 147
197 296
113 212
71 170
126 225
157 256
168 267
2 101
184 283
86 185
185 284
87 186
190 289
50 149
60 159
149 248
54 153
109 208
95 194
175 274
93 192
140 239
67 166
190 289
131 230
66 165
165 264
182 281
50 149
174 273
131 230
20 119
82 181
91 190
36 135
161 260
148 247
116 215
119 218
73 172
44 143
187 286
56 155
68 167
133 232
192 291
159 258
99 198
145 244
150 249
127 226
67 166
159 258
45 144
68 167
176 275
4 103
98 197
128 227
162 261
70 169
79 178
40 139
117 216
164 263
169 268
103 202
69 168
4 103
56 155
84 183
123 222
145 244
119 218
69 168
63 162
159 258
74 173
150 249
34 133
123 222
87 186
75 174
115 214
112 211
45 144
161 260
192 291
16 115
4 103
179 278
126 225
53 152
9 108
110 209
141 240
50 149
181 280
147 246
156 255
5 104
158 257
192 291
102 201
43 142
168 267
98 197
44 143
5 104
149 248
114 213
137 236
8 107
98 197
78 177
15 114
43 142
81 180
111 210
79 178
12 111
138 237
195 294
47 146
107 206
85 184
19 118
28 127
104 203
112 211
47 146
75 174
97 196
80 179
136 235
128 227
186 285
160 259
7 106
195 294
106 205
154 253
12 111
162 261
130 229
109 208
106 205
144 243
122 221
125 224
75 174
81 180
46 145
184 283
28 127
27 126
34 133
112 211
192 291
6 105
68 167
32 131
165 264
167 266
95 194
91 190
78 177
155 254
113 212
64 163
163 262
85 184
168 267
50 149
128 227
152 251
16 115
85 184
146 245
19 118
162 261
86 185
155 254
70 169
188 287
143 242
162 261
2 101
124 223
178 277
175 274
119 218
51 150
0 99
78 177
100 199
14 113
43 142
197 296
16 115
150 249
15 114
171 270
25 124
193 292
171 270
141 240
59 158
147 246
61 160
68 167
57 156
160 259
132 231
121 220
54 153
155 254
148 247
16 115
184 283
0 99
17 116
89 188
187 286
42 141
147 246
117 216
80 179
10 109
30 129
90 189
176 275
19 118
15 114
23 122
13 112
43 142
83 182
182 281
122 221
39 138
46 145
150 249
7 106
67 166
21 120
54 153
194 293
123 222
98 197
163 262
28 127
48 147
94 193
99 198
12 111
48 147
95 194
68 167
13 112
95 194
180 279
61 160
67 166
16 115
95 194
189 288
188 287
4 103
7 106
59 158
194 293
72 171
110 209
37 136
66 165
99 198
60 159
165 264
153 252
9 108
77 176
190 289
90 189
86 185
190 289
180 279
175 274
47 146
179 278
182 281
68 167
192 291
33 132
148 247
120 219
68 167
105 204
60 159
35 134
29 128
149 248
118 217
113 212
86 185
8 107
31 130
124 223
21 120
62 161
42 141
49 148
164 263
125 224
115 214
21 120
60 159
71 170
187 286
11 110
66 165
189 288
29 128
172 271
184 283
98 197
154 253
21 120
49 148
87 186
1 100
65 164
164 263
131 230
17 116
142 241
93 192
123 222
83 182
99 198
61 160
76 175
38 137
19 118
180 279
191 290
120 219
26 125
184 283
103 202
33 132
173 272
8 107
146 245
33 132
116 215
138 237
38 137
125 224
27 126
55 154
189 288
90 189
136 235
156 255
45 144
113 212
156 255
99 198
131 230
103 202
3 102
192 291
52 151
104 203
181 280
61 160
36 135
39 138
35 134
36 135
66 165
20 119
174 273
74 173
29 128
0 99
114 213
75 174
59 158
162 261
86 185
153 252
30 129
21 120
41 140
93 192
130 229
104 203
163 262
177 276
114 213
37 136
187 286
143 242
107 206
159 258
114 213
127 226
58 157
61 160
5 104
1 100
40 139
21 120
143 242
4 103
164 263
101 200
130 229
62 161
63 162
183 282
62 161
53 152
106 205
119 218
97 196
149 248
5 104
188 287
111 210
138 237
77 176
174 273
147 246
156 255
94 193
126 225
180 279
148 247
185 284
44 143
26 125
78 177
159 258
65 164
107 206
108 207
152 251
78 177
130 229
5 104
63 162
164 263
77 176
8 107
43 142
171 270
121 220
61 160
165 264
160 259
134 233
29 128
127 226
61 160
106 205
162 261
117 216
112 211
65 164
168 267
94 193
145 244
151 250
133 232
53 152
93 192
183 282
195 294
29 128
157 256
188 287
109 208
123 222
0 99
30 129
130 229
29 128
149 248
109 208
25 124
161 260
99 198
11 110
64 163
179 278
170 269
187 286
79 178
2 101
162 261
180 279
66 165
67 166
68 167
56 155
0 99
12 111
55 154
81 180
121 220
160 259
143 242
189 288
91 190
190 289
91 190
67 166
84 183
174 273
19 118
144 243
193 292
183 282
85 184
0 99
27 126
85 184
46 145
12 111
173 272
66 165
37 136
96 195
80 179
81 180
108 207
98 197
55 154
190 289
78 177
154 253
147 246
98 197
117 216
135 234
173 272
197 296
107 206
171 270
23 122
33 132
100 199
70 169
168 267
180 279
179 278
73 172
16 115
118 217
171 270
139 238
84 183
153 252
80 179
67 166
25 124
36 135
74 173
28 127
168 267
174 273
179 278
21 120
178 277
83 182
174 273
148 247
52 151
170 269
195 294
33 132
96 195
47 146
5 104
95 194
55 154
178 277
48 147
105 204
159 258
192 291
146 245
179 278
179 278
28 127
97 196
139 238
84 183
10 109
158 257
17 116
53 152
60 159
120 219
103 202
149 248
185 284
38 137
192 291
61 160
5 104
4 103
49 148
182 281
44 143
95 194
62 161
56 155
97 196
144 243
17 116
91 190
170 269
128 227
151 250
151 250
89 188
154 253
37 136
156 255
29 128
81 180
7 106
96 195
21 120
176 275
185 284
59 158
84 183
99 198
43 142
8 107
142 241
58 157
42 141
3 102
160 259
29 128
181 280
92 191
103 202
188 287
150 249
123 222
108 207
100 199
113 212
118 217
176 275
102 201
99 198
92 191
31 130
154 253
153 252
119 218
89 188
123 222
187 286
52 151
187 286
88 187
27 126
41 140
85 184
168 267
98 197
140 239
48 147
35 134
138 237
95 194
192 291
144 243
103 202
93 192
186 285
160 259
137 236
115 214
162 261
78 177
37 136
118 217
9 108
71 170
60 159
134 233
20 119
155 254
156 255
94 193
96 195
144 243
167 266
133 232
74 173
58 157
193 292
72 171
88 187
196 295
7 106
152 251
62 161
29 128
8 107
53 152
1 100
180 279
22 121
119 218
102 201
4 103
146 245
38 137
39 138
164 263
142 241
97 196
142 241
159 258
14 113
48 147
142 241
67 166
121 220
79 178
80 179
20 119
158 257
130 229
128 227
76 175
191 290
83 182
181 280
128 227
0 99
132 231
126 225
186 285
177 276
6 105
72 171
184 283
42 141
45 144
186 285
176 275
105 204
31 130
106 205
155 254
64 163
50 149
87 186
147 246
88 187
67 166
70 169
131 230
174 273
11 110
44 143
165 264
52 151
50 149
157 256
131 230
162 261
88 187
29 128
65 164
178 277
98 197
43 142
56 155
8 107
18 117
129 228
147 246
46 145
43 142
186 285
117 216
143 242
140 239
152 251
115 214
153 252
87 186
37 136
47 146
37 136
4 103
130 229
153 252
31 130
109 208
50 149
176 275
26 125
95 194
152 251
52 151
128 227
26 125
7 106
133 232
74 173
77 176
142 241
38 137
66 165
140 239
172 271
142 241
184 283
184 283
181 280
56 155
5 104
116 215
81 180
193 292
68 167
65 164
94 193
146 245
104 203
21 120
181 280
114 213
174 273
141 240
55 154
81 180
192 291
188 287
35 134
60 159
154 253
146 245
29 128
73 172
8 107
164 263
20 119
32 131
139 238
185 284
121 220
21 120
75 174
22 121
184 283
120 219
13 112
11 110
68 167
17 116
180 279
192 291
13 112
169 268
4 103
85 184
10 109
65 164
72 171
160 259
166 265
113 212
81 180
52 151
93 192
185 284
141 240
152 251
167 266
1 100
184 283
95 194
117 216
44 143
43 142
134 233
31 130
26 125
70 169
46 145
156 255
165 264
156 255
121 220
137 236
114 213
5 104
88 187
157 256
87 186
66 165
195 294
186 285
176 275
159 258
89 188
113 212
81 180
43 142
45 144
182 281
47 146
106 205
162 261
195 294
102 201
27 126
89 188
43 142
197 296
154 253
95 194
59 158
173 272
63 162
70 169
184 283
134 233
153 252
90 189
108 207
66 165
124 223
159 258
189 288
187 286
10 109
174 273
104 203
148 247
152 251
23 122
181 280
38 137
179 278
155 254
65 164
96 195
25 124
77 176
120 219
194 293
71 170
89 188
131 230
2 101
181 280
24 123
179 278
104 203
165 264
65 164
185 284
155 254
69 168
36 135
5 104
99 198
68 167
171 270
82 181
96 195
160 259
65 164
36 135
56 155
49 148
61 160
95 194
123 222
6 105
60 159
118 217
96 195
150 249
108 207
79 178
112 211
0 99
95 194
187 286
92 191
98 197
83 182
179 278
82 181
49 148
146 245
6 105
41 140
139 238
130 229
3 102
59 158
152 251
144 243
121 220
155 254
42 141
79 178
95 194
44 143
121 220
118 217
22 121
178 277
8 107
98 197
127 226
72 171
132 231
82 181
9 108
72 171
197 296
11 110
2 101
114 213
145 244
125 224
166 265
52 151
149 248
4 103
155 254
161 260
92 191
129 228
72 171
144 243
91 190
2 101
151 250
44 143
14 113
37 136
154 253
176 275
76 175
156 255
189 288
161 260
160 259
22 121
73 172
57 156
27 126
160 259
132 231
30 129
103 202
139 238
66 165
113 212
163 262
189 288
101 200
8 107
179 278
145 244
108 207
122 221
189 288
69 168
154 253
39 138
100 199
47 146
178 277
35 134
46 145
170 269
83 182
82 181
92 191
59 158
111 210
123 222
169 268
63 162
46 145
150 249
48 147
97 196
25 124
86 185
197 296
45 144
164 263
24 123
186 285
131 230
143 242
62 161
128 227
38 137
118 217
109 208
197 296
53 152
26 125
131 230
165 264
8 107
65 164
35 134
167 266
93 192
30 129
68 167
48 147
32 131
2 101
185 284
189 288
103 202
162 261
151 250
146 245
57 156
148 247
89 188
73 172
126 225
121 220
196 295
99 198
158 257
84 183
31 130
169 268
39 138
179 278
53 152
102 201
88 187
121 220
142 241
71 170
195 294
158 257
176 275
68 167
93 192
64 163
179 278
58 157
152 251
122 221
102 201
24 123
31 130
127 226
34 133
144 243
137 236
124 223
14 113
185 284
154 253
91 190
80 179
195 294
38 137
134 233
25 124
110 209
96 195
158 257
76 175
173 272
138 237
152 251
84 183
3 102
186 285
88 187
66 165
21 120
178 277
149 248
108 207
112 211
90 189
140 239
101 200
143 242
149 248
29 128
134 233
91 190
178 277
84 183
174 273
102 201
20 119
179 278
140 239
100 199
194 293
146 245
143 242
93 192
3 102
39 138
113 212
128 227
70 169
18 117
84 183
104 203
73 172
128 227
36 135
66 165
121 220
132 231
14 113
164 263
5 104
191 290
188 287
113 212
109 208
85 184
175 274
7 106
115 214
100 199
133 232
66 165
135 234
190 289
17 116
68 167
163 262
61 160
52 151
153 252
34 133
40 139
107 206
59 158
175 274
94 193
90 189
30 129
89 188
36 135
145 244
195 294
189 288
161 260
114 213
118 217
133 232
97 196
109 208
75 174
80 179
115 214
130 229
135 234
16 115
97 196
33 132
125 224
25 124
49 148
165 264
86 185
21 120
190 289
107 206
141 240
123 222
144 243
12 111
27 126
148 247
87 186
118 217
162 261
19 118
27 126
172 271
13 112
45 144
27 126
109 208
190 289
30 129
56 155
114 213
5 104
192 291
112 211
188 287
197 296
2 101
121 220
75 174
4 103
22 121
76 175
93 192
122 221
139 238
188 287
156 255
155 254
59 158
75 174
24 123
13 112
190 289
45 144
170 269
13 112
75 174
70 169
6 105
99 198
148 247
131 230
131 230
97 196
17 116
9 108
177 276
147 246
151 250
134 233
6 105
70 169
7 106
116 215
41 140
126 225
168 267
144 243
24 123
118 217
66 165
75 174
81 180
10 109
159 258
10 109
68 167
29 128
135 234
100 199
114 213
176 275
20 119
71 170
183 282
86 185
145 244
79 178
193 292
27 126
177 276
194 293
154 253
139 238
123 222
107 206
116 215
49 148
132 231
4 103
192 291
138 237
171 270
144 243
179 278
101 200
76 175
149 248
67 166
65 164
53 152
18 117
64 163
67 166
92 191
34 133
74 173
174 273
46 145
97 196
109 208
126 225
108 207
81 180
192 291
30 129
49 148
154 253
125 224
195 294
38 137
81 180
184 283
98 197
7 106
189 288
99 198
70 169
167 266
62 161
117 216
61 160
36 135
114 213
171 270
65 164
74 173
104 203
113 212
188 287
111 210
46 145
157 256
47 146
104 203
155 254
175 274
177 276
118 217
145 244
59 158
106 205
164 263
19 118
137 236
37 136
174 273
115 214
39 138
115 214
86 185
63 162
173 272
13 112
84 183
94 193
138 237
64 163
117 216
112 211
60 159
132 231
150 249
152 251
147 246
139 238
78 177
94 193
149 248
82 181
7 106
0 99
59 158
143 242
10 109
29 128
68 167
129 228
172 271
12 111
88 187
169 268
113 212
72 171
63 162
128 227
36 135
5 104
37 136
98 197
47 146
93 192
73 172
32 131
81 180
58 157
67 166
131 230
143 242
137 236
121 220
29 128
121 220
94 193
61 160
146 245
105 204
9 108
162 261
136 235
106 205
103 202
18 117
82 181
78 177
192 291
20 119
41 140
29 128
166 265
117 216
36 135
180 279
135 234
54 153
20 119
151 250
171 270
125 224
42 141
169 268
0 99
181 280
39 138
110 209
168 267
115 214
137 236
11 110
74 173
68 167
47 146
143 242
96 195
24 123
53 152
127 226
117 216
12 111
109 208
61 160
8 107
124 223
196 295
5 104
178 277
161 260
86 185
89 188
9 108
192 291
197 296
0 99
153 252
131 230
82 181
19 118
55 154
97 196
176 275
37 136
121 220
187 286
106 205
104 203
69 168
130 229
67 166
19 118
105 204
71 170
164 263
13 112
154 253
140 239
181 280
64 163
77 176
130 229
85 184
54 153
128 227
109 208
17 116
83 182
196 295
140 239
59 158
171 270
187 286
120 219
53 152
39 138
36 135
183 282
104 203
100 199
119 218
6 105
79 178
89 188
94 193
108 207
120 219
107 206
110 209
66 165
101 200
88 187
96 195
173 272
113 212
101 200
147 246
25 124
52 151
44 143
107 206
155 254
62 161
60 159
129 228
121 220
98 197
19 118
114 213
73 172
156 255
195 294
197 296
196 295
46 145
150 249
167 266
164 263
182 281
105 204
120 219
189 288
24 123
116 215
138 237
128 227
38 137
89 188
133 232
195 294
47 146
122 221
24 123
168 267
7 106
166 265
125 224
107 206
148 247
90 189
176 275
12 111
121 220
186 285
191 290
25 124
110 209
105 204
71 170
9 108
102 201
92 191
1 100
83 182
179 278
70 169
116 215
144 243
88 187
119 218
37 136
140 239
177 276
149 248
27 126
132 231
123 222
116 215
125 224
16 115
156 255
1 100
31 130
149 248
158 257
1 100
178 277
22 121
125 224
181 280
169 268
194 293
22 121
86 185
83 182
11 110
172 271
19 118
174 273
24 123
93 192
154 253
168 267
76 175
183 282
30 129
109 208
143 242
185 284
132 231
119 218
136 235
16 115
130 229
133 232
39 138
153 252
148 247
70 169
13 112
91 190
161 260
0 99
1 100
106 205
49 148
55 154
75 174
93 192
131 230
16 115
165 264
52 151
76 175
43 142
120 219
100 199
140 239
105 204
186 285
10 109
99 198
103 202
69 168
170 269
103 202
176 275
46 145
80 179
169 268
179 278
31 130
42 141
17 116
76 175
178 277
94 193
10 109
197 296
39 138
194 293
8 107
96 195
137 236
13 112
110 209
163 262
4 103
124 223
17 116
103 202
72 171
145 244
99 198
7 106
162 261
32 131
71 170
46 145
45 144
129 228
38 137
91 190
134 233
140 239
100 199
9 108
147 246
50 149
40 139
107 206
77 176
31 130
192 291
191 290
18 117
155 254
118 217
183 282
117 216
188 287
52 151
142 241
97 196
129 228
130 229
2 101
1 100
127 226
76 175
42 141
52 151
102 201
152 251
30 129
75 174
191 290
100 199
147 246
131 230
37 136
192 291
100 199
97 196
17 116
127 226
167 266
132 231
132 231
72 171
170 269
108 207
89 188
122 221
92 191
50 149
12 111
106 205
148 247
19 118
76 175
57 156
124 223
149 248
36 135
93 192
117 216
10 109
128 227
182 281
44 143
182 281
33 132
9 108
124 223
146 245
163 262
71 170
85 184
97 196
99 198
6 105
164 263
163 262
197 296
43 142
95 194
52 151
148 247
194 293
82 181
13 112
144 243
54 153
76 175
16 115
113 212
139 238
88 187
97 196
81 180
42 141
90 189
31 130
11 110
73 172
78 177
119 218
176 275
13 112
195 294
118 217
173 272
154 253
121 220
44 143
113 212
60 159
32 131
23 122
62 161
35 134
61 160
40 139
39 138
2 101
8 107
104 203
152 251
132 231
157 256
141 240
185 284
134 233
60 159
53 152
93 192
35 134
79 178
28 127
117 216
193 292
12 111
12 111
94 193
171 270
188 287
132 231
155 254
143 242
182 281
170 269
187 286
90 189
68 167
175 274
101 200
111 210
96 195
25 124
32 131
140 239
120 219
174 273
187 286
73 172
172 271
12 111
51 150
192 291
197 296
132 231
109 208
99 198
141 240
182 281
172 271
67 166
163 262
138 237
85 184
53 152
22 121
173 272
153 252
159 258
159 258
9 108
149 248
185 284
32 131
116 215
39 138
78 177
43 142
141 240
19 118
30 129
43 142
8 107
114 213
11 110
101 200
0 99
186 285
77 176
134 233
131 230
19 118
45 144
46 145
87 186
186 285
171 270
73 172
26 125
117 216
99 198
196 295
96 195
128 227
177 276
147 246
49 148
86 185
143 242
197 296
177 276
149 248
68 167
59 158
169 268
8 107
36 135
106 205
188 287
19 118
33 132
29 128
127 226
31 130
142 241
74 173
125 224
105 204
75 174
68 167
6 105
77 176
160 259
79 178
0 99
16 115
139 238
170 269
41 140
23 122
25 124
55 154
76 175
38 137
17 116
152 251
35 134
27 126
165 264
143 242
177 276
152 251
110 209
151 250
83 182
72 171
158 257
9 108
117 216
40 139
128 227
92 191
148 247
49 148
173 272
52 151
32 131
130 229
32 131
126 225
30 129
134 233
58 157
106 205
79 178
88 187
127 226
66 165
66 165
7 106
133 232
158 257
14 113
190 289
142 241
174 273
14 113
75 174
17 116
1 100
52 151
148 247
134 233
7 106
99 198
170 269
89 188
50 149
25 124
137 236
12 111
66 165
109 208
84 183
7 106
106 205
66 165
189 288
47 146
133 232
116 215
109 208
149 248
86 185
128 227
157 256
138 237
86 185
54 153
177 276
195 294
50 149
23 122
180 279
40 139
23 122
75 174
20 119
105 204
111 210
83 182
75 174
170 269
118 217
177 276
48 147
83 182
48 147
30 129
65 164
8 107
167 266
49 148
8 107
126 225
164 263
43 142
100 199
11 110
45 144
184 283
196 295
128 227
24 123
131 230
185 284
123 222
51 150
118 217
58 157
57 156
139 238
98 197
179 278
93 192
114 213
98 197
179 278
137 236
161 260
171 270
18 117
73 172
70 169
111 210
163 262
74 173
116 215
22 121
86 185
147 246
43 142
170 269
152 251
78 177
155 254
146 245
9 108
68 167
7 106
54 153
152 251
136 235
160 259
110 209
168 267
8 107
177 276
195 294
143 242
167 266
16 115
28 127
86 185
194 293
180 279
169 268
95 194
191 290
77 176
55 154
193 292
11 110
56 155
129 228
80 179
190 289
164 263
108 207
93 192
36 135
173 272
44 143
185 284
6 105
133 232
22 121
113 212
26 125
21 120
131 230
40 139
16 115
132 231
146 245
7 106
96 195
126 225
134 233
106 205
43 142
147 246
71 170
155 254
145 244
139 238
174 273
124 223
166 265
49 148
84 183
14 113
4 103
54 153
164 263
142 241
56 155
34 133
85 184
16 115
157 256
145 244
194 293
118 217
189 288
111 210
92 191
190 289
25 124
20 119
61 160
145 244
18 117
144 243
4 103
166 265
152 251
30 129
169 268
74 173
107 206
33 132
123 222
89 188
95 194
148 247
77 176
69 168
112 211
106 205
172 271
146 245
67 166
149 248
70 169
34 133
133 232
196 295
118 217
162 261
17 116
176 275
62 161
52 151
170 269
107 206
37 136
63 162
143 242
50 149
27 126
155 254
195 294
66 165
187 286
140 239
138 237
75 174
160 259
135 234
35 134
120 219
61 160
70 169
118 217
186 285
151 250
49 148
31 130
34 133
17 116
100 199
169 268
67 166
162 261
192 291
11 110
97 196
129 228
45 144
117 216
92 191
32 131
125 224
33 132
48 147
60 159
70 169
22 121
159 258
6 105
122 221
35 134
57 156
3 102
77 176
0 99
31 130
140 239
93 192
43 142
81 180
27 126
100 199
184 283
6 105
178 277
131 230
195 294
144 243
33 132
75 174
167 266
41 140
74 173
76 175
47 146
194 293
129 228
196 295
65 164
49 148
192 291
74 173
99 198
175 274
101 200
185 284
65 164
178 277
121 220
60 159
43 142
102 201
77 176
95 194
161 260
14 113
32 131
111 210
17 116
85 184
149 248
55 154
70 169
89 188
159 258
37 136
28 127
147 246
171 270
113 212
9 108
48 147
44 143
42 141
125 224
37 136
17 116
73 172
162 261
55 154
113 212
98 197
175 274
163 262
18 117
60 159
149 248
37 136
111 210
1 100
154 253
73 172
47 146
38 137
155 254
142 241
148 247
0 99
61 160
59 158
131 230
25 124
155 254
115 214
73 172
152 251
25 124
44 143
106 205
157 256
134 233
3 102
143 242
194 293
24 123
19 118
69 168
109 208
52 151
71 170
165 264
45 144
67 166
97 196
1 100
4 103
188 287
151 250
33 132
179 278
42 141
125 224
29 128
132 231
160 259
107 206
136 235
171 270
150 249
107 206
102 201
88 187
19 118
124 223
67 166
119 218
144 243
189 288
159 258
93 192
177 276
124 223
136 235
77 176
55 154
29 128
131 230
38 137
52 151
152 251
168 267
160 259
183 282
184 283
159 258
186 285
93 192
37 136
102 201
33 132
156 255
179 278
159 258
75 174
51 150
70 169
60 159
24 123
40 139
108 207
184 283
0 99
107 206
108 207
47 146
44 143
119 218
84 183
88 187
163 262
82 181
31 130
133 232
86 185
54 153
58 157
75 174
21 120
96 195
139 238
131 230
178 277
18 117
154 253
162 261
179 278
85 184
68 167
32 131
152 251
160 259
72 171
3 102
71 170
12 111
57 156
65 164
38 137
102 201
145 244
189 288
118 217
170 269
53 152
91 190
179 278
37 136
44 143
176 275
65 164
118 217
144 243
96 195
163 262
88 187
1 100
106 205
159 258
144 243
103 202
70 169
166 265
135 234
10 109
60 159
88 187
14 113
58 157
190 289
1 100
12 111
187 286
47 146
52 151
34 133
124 223
50 149
133 232
3 102
93 192
62 161
183 282
98 197
172 271
162 261
73 172
102 201
158 257
147 246
148 247
189 288
159 258
96 195
145 244
193 292
116 215
45 144
154 253
84 183
82 181
24 123
146 245
171 270
73 172
134 233
57 156
31 130
15 114
17 116
7 106
181 280
179 278
193 292
177 276
120 219
89 188
170 269
4 103
124 223
65 164
78 177
186 285
76 175
170 269
50 149
107 206
90 189
152 251
112 211
13 112
158 257
163 262
105 204
59 158
107 206
103 202
156 255
174 273
97 196
85 184
46 145
55 154
172 271
105 204
58 157
69 168
195 294
131 230
177 276
52 151
146 245
155 254
131 230
124 223
30 129
18 117
163 262
150 249
45 144
17 116
188 287
183 282
141 240
160 259
135 234
64 163
22 121
116 215
184 283
132 231
29 128
165 264
120 219
147 246
7 106
197 296
25 124
171 270
180 279
35 134
31 130
172 271
180 279
73 172
12 111
193 292
50 149
33 132
24 123
22 121
184 283
128 227
125 224
149 248
141 240
116 215
92 191
38 137
183 282
115 214
138 237
140 239
123 222
109 208
135 234
192 291
7 106
177 276
96 195
63 162
169 268
126 225
127 226
100 199
39 138
193 292
178 277
26 125
36 135
163 262
111 210
15 114
133 232
63 162
91 190
115 214
118 217
148 247
136 235
172 271
157 256
93 192
160 259
142 241
57 156
95 194
48 147
181 280
191 290
82 181
90 189
46 145
148 247
124 223
195 294
13 112
191 290
173 272
26 125
127 226
86 185
145 244
181 280
158 257
48 147
30 129
145 244
120 219
23 122
5 104
92 191
93 192
152 251
173 272
95 194
79 178
46 145
171 270
137 236
130 229
194 293
77 176
52 151
42 141
195 294
184 283
19 118
25 124
121 220
36 135
130 229
164 263
158 257
186 285
132 231
170 269
25 124
171 270
53 152
36 135
164 263
104 203
9 108
57 156
115 214
174 273
26 125
173 272
136 235
83 182
99 198
50 149
61 160
189 288
197 296
7 106
98 197
13 112
110 209
138 237
105 204
130 229
149 248
193 292
46 145
105 204
0 99
6 105
156 255
21 120
122 221
195 294
175 274
69 168
170 269
41 140
60 159
6 105
140 239
57 156
148 247
139 238
146 245
21 120
195 294
7 106
140 239
76 175
195 294
118 217
145 244
34 133
153 252
25 124
48 147
19 118
144 243
165 264
118 217
173 272
184 283
142 241
158 257
188 287
26 125
170 269
58 157
29 128
14 113
49 148
22 121
164 263
40 139
29 128
23 122
160 259
39 138
70 169
102 201
60 159
31 130
41 140
149 248
68 167
116 215
55 154
37 136
65 164
149 248
79 178
128 227
167 266
115 214
168 267
74 173
8 107
69 168
101 200
158 257
165 264
109 208
96 195
139 238
124 223
105 204
183 282
109 208
195 294
84 183
140 239
177 276
125 224
113 212
163 262
27 126
131 230
34 133
88 187
130 229
135 234
163 262
11 110
81 180
41 140
9 108
26 125
74 173
194 293
125 224
30 129
51 150
114 213
156 255
141 240
145 244
120 219
2 101
73 172
31 130
100 199
168 267
94 193
95 194
124 223
109 208
82 181
23 122
116 215
88 187
178 277
112 211
104 203
140 239
17 116
42 141
124 223
92 191
134 233
16 115
161 260
172 271
116 215
195 294
27 126
164 263
35 134
9 108
165 264
61 160
47 146
64 163
53 152
186 285
84 183
149 248
135 234
141 240
197 296
36 135
156 255
149 248
94 193
177 276
159 258
162 261
191 290
16 115
78 177
4 103
38 137
7 106
74 173
104 203
184 283
151 250
32 131
157 256
66 165
99 198
60 159
120 219
124 223
191 290
136 235
155 254
44 143
165 264
178 277
112 211
38 137
104 203
171 270
143 242
188 287
11 110
187 286
177 276
140 239
181 280
69 168
39 138
105 204
61 160
35 134
105 204
173 272
48 147
84 183
165 264
96 195
120 219
180 279
116 215
84 183
168 267
36 135
2 101
138 237
44 143
171 270
75 174
13 112
7 106
103 202
33 132
163 262
129 228
67 166
182 281
85 184
68 167
73 172
85 184
89 188
126 225
170 269
22 121
161 260
81 180
139 238
174 273
191 290
52 151
89 188
173 272
36 135
133 232
38 137
106 205
110 209
87 186
39 138
95 194
57 156
43 142
173 272
57 156
175 274
182 281
161 260
135 234
51 150
96 195
44 143
112 211
39 138
67 166
13 112
165 264
13 112
116 215
154 253
170 269
31 130
33 132
137 236
134 233
100 199
181 280
145 244
161 260
37 136
25 124
58 157
115 214
94 193
98 197
0 99
65 164
42 141
114 213
185 284
192 291
155 254
5 104
91 190
159 258
168 267
41 140
174 273
166 265
47 146
108 207
159 258
61 160
33 132
119 218
75 174
139 238
109 208
158 257
106 205
93 192
43 142
95 194
34 133
136 235
20 119
112 211
139 238
130 229
129 228
95 194
197 296
92 191
145 244
87 186
126 225
58 157
169 268
96 195
44 143
47 146
85 184
37 136
15 114
41 140
134 233
150 249
52 151
181 280
31 130
3 102
101 200
95 194
85 184
107 206
151 250
45 144
178 277
29 128
44 143
49 148
86 185
80 179
74 173
71 170
119 218
140 239
132 231
183 282
37 136
59 158
76 175
55 154
124 223
159 258
65 164
100 199
8 107
112 211
53 152
152 251
157 256
107 206
35 134
135 234
101 200
167 266
130 229
21 120
135 234
59 158
184 283
113 212
161 260
105 204
21 120
114 213
56 155
33 132
170 269
124 223
53 152
146 245
130 229
94 193
30 129
68 167
123 222
62 161
176 275
79 178
117 216
30 129
126 225
105 204
11 110
188 287
90 189
95 194
36 135
75 174
56 155
175 274
60 159
123 222
74 173
146 245
72 171
118 217
75 174
143 242
95 194
16 115
30 129
178 277
4 103
87 186
15 114
80 179
51 150
39 138
77 176
144 243
37 136
30 129
11 110
146 245
50 149
104 203
8 107
127 226
195 294
101 200
73 172
159 258
146 245
9 108
160 259
181 280
56 155
176 275
23 122
173 272
31 130
34 133
135 234
61 160
116 215
155 254
134 233
126 225
97 196
98 197
20 119
162 261
190 289
170 269
156 255
196 295
10 109
44 143
94 193
51 150
159 258
152 251
189 288
161 260
117 216
153 252
67 166
28 127
161 260
118 217
8 107
117 216
162 261
123 222
116 215
118 217
117 216
195 294
35 134
79 178
5 104
23 122
157 256
24 123
110 209
123 222
152 251
79 178
188 287
145 244
114 213
166 265
87 186
5 104
103 202
159 258
134 233
137 236
50 149
133 232
165 264
6 105
108 207
82 181
156 255
116 215
89 188
124 223
62 161
119 218
138 237
163 262
55 154
134 233
52 151
107 206
194 293
37 136
0 99
58 157
123 222
172 271
64 163
82 181
114 213
194 293
105 204
113 212
66 165
38 137
95 194
38 137
10 109
190 289
190 289
12 111
19 118
85 184
19 118
176 275
9 108
142 241
75 174
50 149
62 161
102 201
90 189
65 164
132 231
105 204
67 166
196 295
84 183
103 202
97 196
24 123
76 175
52 151
67 166
171 270
4 103
64 163
18 117
49 148
64 163
174 273
88 187
168 267
149 248
45 144
36 135
99 198
97 196
189 288
165 264
54 153
121 220
147 246
111 210
188 287
12 111
43 142
193 292
23 122
107 206
154 253
171 270
196 295
166 265
79 178
118 217
141 240
66 165
80 179
22 121
61 160
36 135
9 108
44 143
87 186
160 259
47 146
27 126
10 109
41 140
70 169
62 161
8 107
89 188
193 292
15 114
22 121
9 108
184 283
113 212
191 290
53 152
197 296
120 219
60 159
125 224
64 163
196 295
165 264
102 201
179 278
34 133
196 295
56 155
179 278
36 135
96 195
160 259
20 119
50 149
109 208
138 237
30 129
152 251
87 186
133 232
0 99
182 281
14 113
179 278
187 286
158 257
44 143
121 220
48 147
71 170
178 277
82 181
100 199
9 108
132 231
13 112
3 102
148 247
44 143
114 213
65 164
114 213
48 147
152 251
30 129
183 282
187 286
151 250
22 121
142 241
92 191
62 161
173 272
121 220
127 226
102 201
61 160
181 280
85 184
8 107
75 174
171 270
147 246
31 130
81 180
143 242
149 248
120 219
168 267
165 264
1 100
102 201
30 129
104 203
2 101
97 196
0 99
86 185
1 100
72 171
168 267
176 275
72 171
195 294
142 241
37 136
147 246
39 138
117 216
163 262
2 101
64 163
183 282
150 249
190 289
52;156504
85 184
187 286
153 252
97 196
61 160
118 217
154 253
139 238
176 275
139 238
23 122
153 252
90 189
148 247
59 158
128 227
90 189
41 140
47 146
98 197
48 147
28 127
97 196
50 149
7 106
174 273
176 275
193 292
145 244
176 275
28 127
122 221
118 217
98 197
29 128
71 170
38 137
45 144
176 275
17 116
186 285
195 294
26 125
88 187
151 250
49 148
182 281
5 104
175 274
149 248
58 157
47 146
19 118
55 154
108 207
87 186
170 269
117 216
131 230
43 142
120 219
151 250
158 257
13 112
120 219
179 278
117 216
137 236
123 222
30 129
190 289
43 142
86 185
116 215
2 101
111 210
152 251
104 203
18 117
45 144
161 260
26 125
69 168
22 121
143 242
179 278
139 238
130 229
12 111
162 261
41 140
50 149
169 268
123 222
197 296
16 115
121 220
124 223
169 268
3 102
161 260
29 128
129 228
71 170
48 147
1 100
156 255
50 149
51 150
18 117
197 296
20 119
76 175
132 231
101 200
138 237
66 165
43 142
188 287
13 112
15 114
122 221
129 228
48 147
157 256
166 265
110 209
78 177
85 184
86 185
39 138
126 225
12 111
73 172
55 154
32 131
168 267
113 212
5 104
158 257
74 173
173 272
184 283
133 232
89 188
58 157
144 243
17 116
183 282
177 276
5 104
84 183
191 290
26 125
18 117
49 148
5 104
76 175
132 231
74 173
112 211
16 115
170 269
52 151
124 223
195 294
164 263
127 226
125 224
89 188
114 213
140 239
8 107
45 144
118 217
84 183
111 210
42 141
119 218
35 134
58 157
184 283
158 257
73 172
166 265
158 257
14 113
120 219
75 174
179 278
111 210
196 295
185 284
65 164
186 285
96 195
110 209
47 146
144 243
182 281
170 269
193 292
165 264
55 154
76 175
175 274
38 137
130 229
19 118
97 196
124 223
100 199
197 296
63 162
171 270
30 129
80 179
112 211
82 181
100 199
94 193
34 133
158 257
23 122
169 268
98 197
30 129
31 130
99 198
105 204
188 287
101 200
69 168
16 115
27 126
107 206
1 100
131 230
177 276
11 110
103 202
17 116
98 197
130 229
29 128
42 141
158 257
62 161
58 157
161 260
173 272
188 287
185 284
149 248
162 261
163 262
26 125
57 156
80 179
18 117
57 156
191 290
23 122
29 128
75 174
134 233
128 227
140 239
35 134
51 150
125 224
33 132
106 205
80 179
20 119
70 169
1 100
151 250
62 161
177 276
9 108
70 169
135 234
146 245
4 103
196 295
175 274
25 124
94 193
152 251
90 189
57 156
170 269
133 232
153 252
27 126
41 140
58 157
75 174
103 202
115 214
21 120
92 191
59 158
52 151
171 270
42 141
55 154
145 244
47 146
177 276
40 139
114 213
43 142
11 110
181 280
143 242
46 145
174 273
87 186
17 116
32 131
108 207
69 168
170 269
179 278
5 104
121 220
171 270
81 180
136 235
59 158
154 253
155 254
58 157
51 150
127 226
183 282
68 167
91 190
114 213
45 144
35 134
152 251
126 225
92 191
40 139
117 216
188 287
15 114
175 274
54 153
140 239
95 194
4 103
129 228
17 116
62 161
176 275
46 145
139 238
57 156
16 115
178 277
89 188
69 168
146 245
23 122
13 112
181 280
76 175
33 132
19 118
169 268
47 146
40 139
66 165
4 103
8 107
195 294
168 267
39 138
47 146
32 131
126 225
178 277
4 103
56 155
37 136
197 296
20 119
14 113
49 148
165 264
171 270
192 291
18 117
20 119
171 270
39 138
36 135
131 230
156 255
136 235
128 227
7 106
193 292
148 247
145 244
123 222
62 161
35 134
154 253
73 172
114 213
97 196
104 203
74 173
170 269
11 110
195 294
180 279
51 150
44 143
121 220
175 274
46 145
19 118
26 125
112 211
59 158
126 225
167 266
6 105
46 145
38 137
11 110
134 233
9 108
87 186
36 135
1 100
163 262
94 193
42 141
152 251
27 126
40 139
194 293
46 145
123 222
31 130
97 196
8 107
39 138
174 273
78 177
152 251
115 214
98 197
64 163
68 167
105 204
144 243
75 174
156 255
87 186
58 157
15 114
34 133
16 115
173 272
184 283
22 121
60 159
147 246
77 176
176 275
78 177
68 167
159 258
170 269
13 112
163 262
18 117
0 99
69 168
181 280
34 133
131 230
36 135
89 188
157 256
21 120
22 121
162 261
11 110
67 166
80 179
172 271
86 185
48 147
157 256
31 130
92 191
78 177
15 114
41 140
69 168
64 163
148 247
57 156
137 236
180 279
53 152
108 207
8 107
9 108
97 196
105 204
193 292
61 160
14 113
141 240
128 227
118 217
111 210
116 215
97 196
83 182
13 112
52 151
41 140
60 159
97 196
107 206
188 287
103 202
29 128
183 282
145 244
77 176
20 119
19 118
156 255
20 119
3 102
61 160
189 288
48 147
172 271
0 99
37 136
79 178
144 243
18 117
156 255
134 233
190 289
165 264
188 287
6 105
90 189
191 290
12 111
63 162
22 121
183 282
24 123
93 192
147 246
143 242
103 202
180 279
138 237
93 192
21 120
65 164
191 290
182 281
2 101
21 120
66 165
150 249
171 270
36 135
34 133
9 108
136 235
46 145
118 217
101 200
161 260
99 198
118 217
120 219
169 268
53 152
53 152
44 143
12 111
95 194
14 113
27 126
45 144
161 260
101 200
110 209
73 172
153 252
37 136
115 214
49 148
23 122
142 241
45 144
95 194
75 174
164 263
85 184
171 270
21 120
33 132
71 170
26 125
194 293
196 295
84 183
129 228
180 279
74 173
103 202
77 176
118 217
33 132
32 131
128 227
190 289
188 287
84 183
109 208
104 203
16 115
32 131
188 287
8 107
104 203
75 174
164 263
128 227
153 252
114 213
140 239
88 187
148 247
48 147
40 139
158 257
95 194
114 213
156 255
143 242
33 132
129 228
149 248
166 265
11 110
8 107
191 290
71 170
108 207
99 198
88 187
95 194
134 233
185 284
150 249
43 142
122 221
13 112
46 145
18 117
12 111
170 269
139 238
145 244
19 118
136 235
1 100
81 180
61 160
74 173
114 213
1 100
48 147
44 143
40 139
188 287
145 244
34 133
188 287
180 279
4 103
47 146
192 291
64 163
88 187
193 292
174 273
174 273
47 146
111 210
15 114
123 222
187 286
41 140
61 160
179 278
145 244
76 175
122 221
15 114
19 118
80 179
161 260
31 130
95 194
52 151
32 131
29 128
163 262
107 206
9 108
184 283
139 238
159 258
164 263
67 166
23 122
43 142
36 135
106 205
29 128
153 252
133 232
116 215
97 196
109 208
65 164
152 251
133 232
184 283
103 202
55 154
34 133
197 296
144 243
173 272
4 103
102 201
119 218
165 264
189 288
162 261
172 271
51 150
54 153
172 271
113 212
54 153
111 210
125 224
58 157
6 105
42 141
4 103
11 110
52 151
98 197
29 128
0 99
17 116
183 282
78 177
187 286
171 270
69 168
154 253
121 220
122 221
124 223
88 187
60 159
35 134
80 179
24 123
138 237
15 114
56 155
135 234
72 171
102 201
122 221
26 125
2 101
27 126
190 289
57 156
147 246
142 241
61 160
141 240
64 163
166 265
89 188
196 295
146 245
26 125
7 106
0 99
29 128
54 153
18 117
140 239
194 293
160 259
171 270
104 203
121 220
58 157
16 115
107 206
131 230
95 194
21 120
132 231
158 257
86 185
66 165
158 257
22 121
144 243
68 167
66 165
93 192
126 225
35 134
37 136
42 141
69 168
130 229
72 171
151 250
0 99
65 164
193 292
150 249
16 115
8 107
11 110
144 243
83 182
183 282
23 122
165 264
190 289
137 236
138 237
107 206
8 107
130 229
143 242
153 252
122 221
22 121
136 235
86 185
123 222
196 295
101 200
101 200
154 253
175 274
35 134
32 131
14 113
151 250
167 266
23 122
89 188
14 113
71 170
52 151
119 218
5 104
52 151
118 217
141 240
143 242
36 135
64 163
143 242
167 266
29 128
126 225
55 154
175 274
92 191
12 111
94 193
80 179
107 206
76 175
195 294
176 275
161 260
194 293
72 171
14 113
154 253
29 128
89 188
60 159
75 174
30 129
38 137
121 220
8 107
138 237
112 211
46 145
47 146
4 103
108 207
135 234
6 105
125 224
28 127
155 254
18 117
58 157
55 154
154 253
79 178
197 296
86 185
135 234
125 224
94 193
15 114
14 113
169 268
59 158
91 190
95 194
91 190
3 102
193 292
91 190
164 263
25 124
190 289
10 109
76 175
139 238
10 109
80 179
191 290
5 104
170 269
139 238
15 114
72 171
57 156
76 175
64 163
41 140
197 296
104 203
151 250
111 210
85 184
192 291
61 160
55 154
168 267
188 287
63 162
46 145
37 136
139 238
93 192
182 281
109 208
80 179
77 176
14 113
147 246
167 266
157 256
148 247
143 242
15 114
165 264
68 167
87 186
185 284
166 265
136 235
59 158
23 122
23 122
15 114
183 282
177 276
161 260
58 157
41 140
84 183
129 228
63 162
103 202
36 135
128 227
124 223
92 191
151 250
171 270
1 100
184 283
195 294
19 118
150 249
125 224
90 189
109 208
162 261
138 237
105 204
6 105
33 132
126 225
178 277
31 130
24 123
15 114
149 248
94 193
195 294
118 217
128 227
120 219
7 106
93 192
173 272
134 233
133 232
73 172
117 216
96 195
161 260
110 209
27 126
11 110
23 122
149 248
143 242
25 124
78 177
143 242
24 123
113 212
86 185
155 254
30 129
135 234
104 203
28 127
96 195
9 108
158 257
148 247
117 216
103 202
107 206
26 125
87 186
179 278
115 214
115 214
155 254
95 194
17 116
172 271
127 226
177 276
57 156
193 292
14 113
139 238
182 281
138 237
50 149
72 171
160 259
108 207
141 240
171 270
67 166
56 155
85 184
157 256
114 213
197 296
45 144
65 164
3 102
11 110
172 271
34 133
197 296
130 229
20 119
58 157
108 207
8 107
87 186
12 111
102 201
29 128
114 213
60 159
89 188
159 258
124 223
60 159
131 230
192 291
60 159
32 131
15 114
17 116
106 205
4 103
114 213
26 125
167 266
178 277
128 227
182 281
186 285
124 223
63 162
75 174
141 240
117 216
35 134
167 266
77 176
115 214
62 161
10 109
92 191
55 154
71 170
7 106
154 253
161 260
91 190
122 221
156 255
22 121
128 227
1 100
70 169
133 232
131 230
96 195
120 219
140 239
120 219
13 112
78 177
164 263
92 191
1 100
80 179
124 223
195 294
0 99
42 141
104 203
42 141
37 136
45 144
4 103
161 260
129 228
17 116
65 164
130 229
95 194
91 190
77 176
187 286
171 270
193 292
57 156
31 130
26 125
82 181
175 274
49 148
150 249
159 258
20 119
172 271
134 233
129 228
76 175
15 114
159 258
0 99
131 230
59 158
41 140
116 215
89 188
145 244
65 164
160 259
65 164
146 245
77 176
62 161
11 110
66 165
1 100
184 283
8 107
91 190
43 142
185 284
189 288
117 216
64 163
54 153
109 208
142 241
36 135
52 151
44 143
12 111
173 272
101 200
15 114
42 141
40 139
68 167
71 170
47 146
168 267
40 139
147 246
189 288
132 231
148 247
65 164
72 171
23 122
63 162
38 137
149 248
115 214
12 111
41 140
190 289
57 156
56 155
123 222
71 170
73 172
125 224
149 248
193 292
39 138
34 133
159 258
144 243
106 205
69 168
18 117
74 173
186 285
18 117
25 124
179 278
145 244
186 285
114 213
170 269
150 249
54 153
184 283
134 233
31 130
172 271
112 211
47 146
42 141
32 131
144 243
112 211
138 237
21 120
106 205
156 255
174 273
101 200
23 122
39 138
196 295
41 140
174 273
139 238
92 191
13 112
31 130
6 105
52 151
134 233
32 131
37 136
130 229
96 195
159 258
109 208
165 264
1 100
93 192
24 123
144 243
140 239
138 237
175 274
89 188
59 158
42 141
89 188
26 125
5 104
15 114
180 279
54 153
66 165
195 294
31 130
39 138
96 195
4 103
90 189
171 270
3 102
161 260
5 104
48 147
53 152
14 113
20 119
50 149
15 114
124 223
8 107
123 222
31 130
27 126
160 259
132 231
113 212
127 226
5 104
98 197
145 244
142 241
186 285
184 283
22 121
60 159
85 184
54 153
180 279
112 211
15 114
69 168
190 289
1 100
60 159
73 172
9 108
195 294
134 233
150 249
13 112
72 171
100 199
40 139
194 293
165 264
104 203
32 131
63 162
34 133
26 125
197 296
31 130
10 109
53 152
153 252
33 132
124 223
2 101
89 188
177 276
5 104
61 160
169 268
106 205
80 179
188 287
20 119
165 264
176 275
75 174
17 116
112 211
35 134
127 226
94 193
197 296
127 226
95 194
91 190
77 176
97 196
98 197
52 151
123 222
108 207
111 210
109 208
13 112
79 178
193 292
55 154
16 115
81 180
93 192
135 234
178 277
4 103
130 229
125 224
45 144
43 142
62 161
43 142
34 133
11 110
1 100
91 190
14 113
175 274
131 230
79 178
98 197
14 113
74 173
183 282
63 162
113 212
10 109
42 141
154 253
53 152
118 217
132 231
114 213
127 226
97 196
34 133
60 159
109 208
123 222
144 243
140 239
128 227
82 181
43 142
130 229
161 260
93 192
122 221
17 116
65 164
108 207
164 263
157 256
27 126
168 267
118 217
36 135
12 111
60 159
6 105
52 151
74 173
117 216
37 136
150 249
78 177
102 201
114 213
174 273
83 182
29 128
33 132
105 204
111 210
21 120
90 189
98 197
63 162
4 103
158 257
11 110
186 285
174 273
105 204
50 149
102 201
177 276
24 123
60 159
40 139
189 288
13 112
94 193
125 224
1 100
89 188
62 161
26 125
155 254
14 113
61 160
88 187
125 224
54 153
31 130
190 289
53 152
1 100
171 270
176 275
70 169
181 280
58 157
138 237
103 202
3 102
28 127
56 155
45 144
90 189
35 134
148 247
90 189
74 173
123 222
76 175
129 228
62 161
177 276
131 230
113 212
143 242
130 229
169 268
161 260
184 283
63 162
122 221
151 250
88 187
8 107
142 241
101 200
121 220
5 104
185 284
18 117
73 172
12 111
54 153
105 204
52 151
194 293
148 247
124 223
158 257
99 198
163 262
46 145
81 180
25 124
36 135
51 150
187 286
67 166
116 215
125 224
149 248
57 156
121 220
60 159
45 144
55 154
151 250
175 274
63 162
170 269
48 147
136 235
75 174
187 286
39 138
109 208
54 153
49 148
92 191
136 235
35 134
121 220
130 229
136 235
152 251
166 265
146 245
142 241
69 168
34 133
122 221
150 249
115 214
55 154
187 286
54 153
158 257
95 194
17 116
166 265
147 246
19 118
135 234
115 214
171 270
115 214
68 167
115 214
80 179
172 271
197 296
13 112
35 134
174 273
111 210
188 287
113 212
3 102
164 263
183 282
21 120
197 296
176 275
56 155
144 243
43 142
92 191
12 111
161 260
98 197
69 168
74 173
172 271
50 149
160 259
163 262
89 188
172 271
50 149
55 154
62 161
88 187
33 132
32 131
39 138
187 286
65 164
17 116
43 142
118 217
51 150
134 233
7 106
163 262
78 177
34 133
98 197
41 140
47 146
119 218
138 237
188 287
81 180
85 184
170 269
97 196
150 249
73 172
114 213
18 117
160 259
100 199
110 209
130 229
77 176
135 234
158 257
113 212
73 172
163 262
147 246
153 252
178 277
87 186
191 290
178 277
80 179
31 130
91 190
164 263
187 286
162 261
68 167
102 201
85 184
57 156
163 262
167 266
145 244
49 148
172 271
90 189
171 270
74 173
160 259
21 120
149 248
38 137
82 181
130 229
22 121
115 214
87 186
88 187
183 282
92 191
131 230
150 249
63 162
15 114
14 113
59 158
116 215
108 207
195 294
111 210
108 207
176 275
38 137
78 177
149 248
117 216
57 156
165 264
85 184
135 234
86 185
52 151
11 110
49 148
105 204
112 211
93 192
126 225
5 104
91 190
150 249
61 160
6 105
159 258
9 108
161 260
4 103
98 197
110 209
5 104
23 122
168 267
116 215
190 289
122 221
37 136
182 281
182 281
92 191
56 155
5 104
90 189
45 144
63 162
190 289
7 106
42 141
64 163
154 253
35 134
129 228
87 186
62 161
126 225
27 126
48 147
181 280
7 106
66 165
179 278
43 142
170 269
145 244
160 259
31 130
127 226
63 162
103 202
80 179
51 150
149 248
80 179
69 168
126 225
42 141
185 284
53 152
78 177
66 165
80 179
10 109
91 190
46 145
56 155
5 104
151 250
127 226
99 198
103 202
2 101
8 107
106 205
91 190
120 219
127 226
139 238
192 291
160 259
106 205
74 173
197 296
20 119
151 250
109 208
174 273
43 142
166 265
134 233
37 136
34 133
52 151
110 209
171 270
88 187
43 142
46 145
46 145
74 173
105 204
161 260
21 120
36 135
25 124
30 129
16 115
76 175
166 265
41 140
160 259
68 167
190 289
151 250
156 255
57 156
33 132
10 109
197 296
132 231
25 124
171 270
158 257
94 193
145 244
155 254
2 101
18 117
31 130
189 288
164 263
187 286
80 179
30 129
100 199
180 279
83 182
114 213
162 261
59 158
161 260
47 146
139 238
162 261
38 137
176 275
114 213
44 143
54 153
187 286
24 123
60 159
184 283
92 191
128 227
50 149
9 108
34 133
9 108
70 169
194 293
44 143
97 196
69 168
181 280
93 192
106 205
140 239
20 119
103 202
66 165
197 296
86 185
118 217
83 182
56 155
113 212
197 296
56 155
134 233
24 123
181 280
42 141
157 256
148 247
18 117
151 250
150 249
131 230
156 255
149 248
98 197
28 127
103 202
155 254
108 207
108 207
82 181
140 239
12 111
142 241
25 124
50 149
145 244
113 212
30 129
23 122
180 279
171 270
197 296
118 217
135 234
125 224
129 228
123 222
135 234
86 185
36 135
65 164
2 101
69 168
91 190
141 240
142 241
168 267
160 259
132 231
28 127
97 196
21 120
104 203
47 146
43 142
180 279
163 262
57 156
64 163
9 108
101 200
169 268
70 169
138 237
10 109
150 249
57 156
172 271
194 293
132 231
197 296
84 183
49 148
185 284
40 139
160 259
74 173
152 251
181 280
105 204
62 161
41 140
32 131
60 159
23 122
179 278
47 146
53 152
56 155
60 159
106 205
110 209
118 217
41 140
86 185
125 224
160 259
145 244
13 112
61 160
132 231
177 276
187 286
178 277
169 268
150 249
84 183
116 215
158 257
55 154
100 199
110 209
181 280
59 158
159 258
91 190
46 145
45 144
171 270
86 185
181 280
59 158
3 102
113 212
49 148
171 270
174 273
141 240
82 181
13 112
43 142
154 253
1 100
137 236
37 136
66 165
107 206
58 157
107 206
79 178
60 159
87 186
17 116
0 99
69 168
44 143
156 255
146 245
78 177
44 143
150 249
89 188
126 225
177 276
105 204
29 128
101 200
18 117
125 224
135 234
42 141
159 258
151 250
13 112
55 154
194 293
173 272
143 242
80 179
166 265
37 136
7 106
109 208
61 160
126 225
193 292
55 154
93 192
15 114
47 146
163 262
116 215
188 287
54 153
157 256
160 259
187 286
80 179
119 218
40 139
136 235
43 142
106 205
196 295
17 116
133 232
8 107
18 117
143 242
12 111
158 257
195 294
47 146
141 240
52 151
102 201
103 202
195 294
190 289
57 156
177 276
131 230
134 233
195 294
44 143
179 278
93 192
32 131
192 291
89 188
69 168
1 100
63 162
146 245
103 202
108 207
197 296
133 232
128 227
75 174
15 114
48 147
118 217
177 276
119 218
183 282
169 268
96 195
60 159
148 247
108 207
184 283
55 154
83 182
192 291
132 231
114 213
156 255
48 147
165 264
83 182
12 111
38 137
27 126
37 136
20 119
114 213
186 285
48 147
44 143
184 283
170 269
197 296
13 112
32 131
136 235
183 282
44 143
5 104
136 235
117 216
173 272
75 174
168 267
21 120
7 106
129 228
25 124
172 271
85 184
65 164
121 220
182 281
170 269
22 121
110 209
55 154
5 104
115 214
5 104
112 211
77 176
10 109
132 231
95 194
145 244
169 268
52 151
10 109
3 102
188 287
73 172
109 208
43 142
9 108
159 258
145 244
181 280
190 289
29 128
10 109
179 278
29 128
186 285
58 157
138 237
184 283
128 227
143 242
3 102
3 102
173 272
121 220
157 256
179 278
77 176
194 293
170 269
38 137
167 266
188 287
96 195
40 139
8 107
111 210
100 199
129 228
42 141
53 152
84 183
183 282
23 122
134 233
66 165
176 275
41 140
193 292
82 181
88 187
138 237
67 166
63 162
109 208
46 145
180 279
171 270
153 252
118 217
65 164
129 228
194 293
121 220
63 162
197 296
24 123
176 275
68 167
128 227
121 220
53 152
159 258
132 231
49 148
197 296
139 238
158 257
65 164
91 190
184 283
12 111
160 259
79 178
24 123
95 194
72 171
56 155
140 239
73 172
1 100
35 134
100 199
143 242
144 243
146 245
151 250
51 150
194 293
195 294
185 284
99 198
170 269
147 246
67 166
196 295
196 295
172 271
120 219
195 294
92 191
170 269
20 119
42 141
34 133
73 172
57 156
44 143
120 219
89 188
139 238
140 239
90 189
184 283
8 107
108 207
31 130
70 169
13 112
8 107
81 180
26 125
7 106
85 184
78 177
32 131
124 223
32 131
194 293
106 205
37 136
94 193
43 142
52 151
158 257
166 265
107 206
191 290
106 205
79 178
178 277
60 159
118 217
150 249
59 158
167 266
117 216
81 180
132 231
102 201
30 129
170 269
93 192
110 209
139 238
176 275
103 202
178 277
2 101
2 101
58 157
44 143
113 212
27 126
22 121
90 189
181 280
167 266
90 189
94 193
128 227
95 194
37 136
42 141
129 228
88 187
107 206
67 166
114 213
64 163
97 196
32 131
171 270
133 232
121 220
19 118
161 260
76 175
79 178
166 265
1 100
12 111
172 271
82 181
56 155
106 205
192 291
25 124
48 147
125 224
108 207
14 113
197 296
131 230
61 160
142 241
45 144
41 140
98 197
127 226
156 255
168 267
179 278
189 288
100 199
133 232
89 188
120 219
49 148
59 158
17 116
63 162
27 126
164 263
17 116
153 252
148 247
13 112
70 169
192 291
113 212
24 123
150 249
9 108
125 224
14 113
126 225
130 229
20 119
138 237
95 194
36 135
56 155
79 178
15 114
144 243
62 161
80 179
170 269
83 182
52 151
3 102
5 104
191 290
190 289
182 281
120 219
163 262
109 208
103 202
35 134
145 244
118 217
154 253
139 238
76 175
55 154
165 264
182 281
28 127
28 127
170 269
184 283
5 104
95 194
192 291
50 149
59 158
90 189
125 224
26 125
50 149
23 122
44 143
34 133
36 135
63 162
160 259
28 127
66 165
61 160
16 115
100 199
130 229
57 156
105 204
0 99
131 230
145 244
173 272
52 151
126 225
72 171
87 186
194 293
27 126
69 168
67 166
7 106
26 125
49 148
65 164
127 226
87 186
138 237
75 174
171 270
130 229
116 215
3 102
11 110
15 114
154 253
93 192
28 127
152 251
59 158
136 235
20 119
186 285
73 172
44 143
100 199
46 145
167 266
62 161
175 274
190 289
49 148
128 227
161 260
130 229
64 163
108 207
41 140
42 141
49 148
179 278
170 269
134 233
31 130
119 218
75 174
124 223
156 255
141 240
84 183
165 264
107 206
125 224
88 187
155 254
192 291
41 140
103 202
68 167
119 218
24 123
67 166
98 197
96 195
91 190
34 133
105 204
6 105
178 277
93 192
32 131
174 273
17 116
166 265
179 278
59 158
193 292
70 169
64 163
1 100
6 105
58 157
121 220
114 213
103 202
94 193
98 197
186 285
156 255
135 234
43 142
6 105
48 147
117 216
193 292
108 207
146 245
145 244
138 237
158 257
38 137
159 258
86 185
74 173
150 249
115 214
154 253
195 294
184 283
180 279
15 114
170 269
117 216
78 177
137 236
8 107
80 179
150 249
126 225
109 208
188 287
117 216
115 214
63 162
95 194
84 183
66 165
74 173
69 168
166 265
20 119
96 195
68 167
172 271
28 127
149 248
51 150
27 126
47 146
148 247
189 288
107 206
119 218
165 264
31 130
63 162
130 229
40 139
41 140
88 187
65 164
36 135
115 214
91 190
111 210
74 173
156 255
101 200
65 164
158 257
121 220
46 145
180 279
194 293
43 142
16 115
45 144
57 156
168 267
50 149
20 119
28 127
176 275
184 283
166 265
42 141
122 221
2 101
124 223
8 107
11 110
157 256
146 245
9 108
56 155
134 233
46 145
147 246
149 248
141 240
104 203
172 271
55 154
102 201
166 265
50 149
125 224
11 110
115 214
135 234
64 163
96 195
165 264
59 158
90 189
71 170
114 213
172 271
75 174
93 192
124 223
118 217
5 104
29 128
19 118
19 118
103 202
11 110
68 167
166 265
114 213
57 156
19 118
125 224
179 278
75 174
81 180
38 137
52 151
23 122
59 158
99 198
73 172
44 143
171 270
197 296
65 164
66 165
70 169
137 236
37 136
76 175
103 202
164 263
42 141
135 234
28 127
51 150
94 193
80 179
172 271
132 231
123 222
143 242
170 269
163 262
113 212
50 149
177 276
104 203
145 244
173 272
185 284
106 205
165 264
32 131
28 127
116 215
79 178
22 121
161 260
20 119
18 117
31 130
33 132
143 242
160 259
58 157
122 221
137 236
121 220
151 250
104 203
29 128
93 192
70 169
33 132
56 155
151 250
180 279
3 102
140 239
188 287
60 159
105 204
16 115
123 222
127 226
179 278
164 263
127 226
189 288
163 262
77 176
31 130
32 131
143 242
176 275
2 101
36 135
188 287
26 125
91 190
57 156
77 176
14 113
138 237
190 289
15 114
124 223
78 177
34 133
190 289
7 106
192 291
102 201
43 142
146 245
191 290
177 276
174 273
30 129
92 191
177 276
50 149
27 126
165 264
181 280
34 133
175 274
39 138
144 243
147 246
58 157
131 230
122 221
169 268
91 190
168 267
188 287
41 140
67 166
64 163
98 197
152 251
135 234
151 250
191 290
121 220
111 210
99 198
148 247
171 270
148 247
101 200
43 142
68 167
52 151
174 273
180 279
128 227
161 260
136 235
120 219
32 131
115 214
41 140
166 265
155 254
21 120
25 124
30 129
178 277
27 126
124 223
101 200
97 196
188 287
93 192
115 214
78 177
151 250
71 170
162 261
76 175
88 187
186 285
141 240
177 276
150 249
96 195
112 211
75 174
89 188
36 135
103 202
56 155
149 248
30 129
175 274
116 215
156 255
6 105
78 177
43 142
103 202
119 218
119 218
19 118
144 243
12 111
55 154
158 257
107 206
25 124
60 159
143 242
126 225
17 116
168 267
54 153
104 203
90 189
79 178
39 138
98 197
138 237
162 261
31 130
71 170
137 236
132 231
175 274
30 129
185 284
34 133
148 247
109 208
64 163
154 253
86 185
89 188
156 255
112 211
16 115
79 178
190 289
22 121
139 238
29 128
155 254
78 177
160 259
64 163
17 116
122 221
126 225
68 167
177 276
144 243
142 241
106 205
104 203
178 277
65 164
20 119
66 165
20 119
96 195
173 272
61 160
2 101
192 291
3 102
15 114
138 237
44 143
95 194
80 179
133 232
115 214
75 174
181 280
102 201
19 118
63 162
42 141
76 175
41 140
124 223
172 271
9 108
154 253
145 244
168 267
113 212
167 266
75 174
57 156
38 137
173 272
115 214
140 239
137 236
166 265
90 189
32 131
25 124
137 236
97 196
129 228
126 225
193 292
169 268
129 228
59 158
180 279
140 239
174 273
126 225
144 243
20 119
7 106
99 198
91 190
169 268
53 152
79 178
195 294
56 155
110 209
118 217
17 116
60 159
62 161
134 233
100 199
133 232
164 263
196 295
7 106
125 224
104 203
197 296
87 186
135 234
128 227
18 117
190 289
165 264
95 194
28 127
146 245
160 259
35 134
135 234
144 243
21 120
35 134
29 128
185 284
30 129
140 239
54 153
6 105
190 289
27 126
5 104
40 139
16 115
191 290
102 201
148 247
182 281
17 116
40 139
24 123
93 192
5 104
156 255
47 146
4 103
72 171
8 107
103 202
158 257
176 275
22 121
120 219
181 280
42 141
197 296
162 261
130 229
61 160
5 104
162 261
195 294
10 109
79 178
153 252
41 140
35 134
14 113
192 291
148 247
154 253
188 287
19 118
34 133
115 214
180 279
45 144
56 155
131 230
76 175
194 293
186 285
115 214
110 209
128 227
114 213
31 130
118 217
195 294
111 210
51 150
156 255
56 155
112 211
159 258
37 136
98 197
16 115
1 100
170 269
47 146
141 240
131 230
82 181
74 173
125 224
154 253
1 100
112 211
181 280
1 100
27 126
153 252
136 235
90 189
140 239
32 131
92 191
23 122
149 248
143 242
90 189
140 239
134 233
163 262
62 161
157 256
99 198
12 111
160 259
95 194
195 294
68 167
43 142
186 285
84 183
143 242
163 262
40 139
170 269
34 133
170 269
171 270
188 287
184 283
146 245
59 158
196 295
195 294
174 273
127 226
84 183
189 288
50 149
170 269
126 225
50 149
94 193
122 221
152 251
84 183
118 217
59 158
131 230
135 234
14 113
141 240
79 178
95 194
129 228
99 198
66 165
3 102
92 191
195 294
62 161
53 152
187 286
83 182
44 143
193 292
145 244
187 286
155 254
157 256
49 148
167 266
123 222
182 281
169 268
3 102
185 284
117 216
3 102
37 136
139 238
107 206
145 244
147 246
35 134
17 116
113 212
35 134
113 212
119 218
45 144
96 195
154 253
133 232
168 267
8 107
111 210
175 274
35 134
103 202
23 122
3 102
24 123
71 170
5 104
173 272
114 213
111 210
64 163
119 218
150 249
69 168
178 277
169 268
0 99
169 268
11 110
110 209
80 179
164 263
13 112
41 140
195 294
1 100
102 201
25 124
131 230
85 184
135 234
34 133
57 156
5 104
40 139
59 158
182 281
78 177
190 289
18 117
190 289
166 265
116 215
166 265
28 127
87 186
87 186
9 108
100 199
155 254
194 293
183 282
152 251
150 249
60 159
97 196
107 206
119 218
77 176
149 248
28 127
81 180
59 158
5 104
62 161
139 238
171 270
137 236
166 265
177 276
149 248
99 198
46 145
102 201
106 205
177 276
9 108
0 99
73 172
120 219
184 283
83 182
93 192
54 153
11 110
147 246
166 265
99 198
106 205
145 244
43 142
181 280
106 205
160 259
119 218
176 275
2 101
181 280
135 234
159 258
19 118
30 129
76 175
40 139
75 174
20 119
36 135
164 263
7 106
124 223
58 157
183 282
93 192
28 127
104 203
111 210
141 240
23 122
95 194
153 252
49 148
39 138
20 119
105 204
113 212
67 166
40 139
153 252
122 221
185 284
122 221
11 110
56 155
172 271
156 255
25 124
32 131
72 171
116 215
92 191
194 293
88 187
143 242
0 99
15 114
138 237
35 134
126 225
52 151
123 222
13 112
136 235
23 122
75 174
145 244
181 280
70 169
140 239
170 269
146 245
117 216
96 195
153 252
83 182
35 134
165 264
169 268
107 206
35 134
75 174
125 224
81 180
74 173
58 157
158 257
64 163
91 190
44 143
163 262
145 244
176 275
178 277
123 222
89 188
159 258
121 220
112 211
180 279
77 176
187 286
14 113
166 265
59 158
86 185
195 294
109 208
147 246
32 131
18 117
24 123
86 185
33 132
56 155
45 144
12 111
191 290
182 281
37 136
73 172
102 201
38 137
28 127
43 142
55 154
138 237
108 207
118 217
61 160
131 230
148 247
101 200
96 195
156 255
156 255
141 240
22 121
146 245
181 280
193 292
20 119
21 120
187 286
151 250
123 222
15 114
94 193
176 275
165 264
27 126
155 254
102 201
50 149
152 251
196 295
37 136
50 149
34 133
154 253
8 107
5 104
167 266
48 147
79 178
43 142
107 206
18 117
194 293
12 111
129 228
96 195
19 118
172 271
96 195
188 287
37 136
134 233
195 294
124 223
97 196
115 214
97 196
194 293
54 153
144 243
151 250
144 243
123 222
163 262
6 105
176 275
183 282
82 181
166 265
125 224
60 159
183 282
6 105
34 133
22 121
160 259
74 173
2 101
175 274
192 291
91 190
171 270
120 219
193 292
154 253
44 143
22 121
85 184
170 269
158 257
184 283
115 214
107 206
11 110
80 179
40 139
28 127
9 108
149 248
138 237
59 158
132 231
121 220
197 296
22 121
195 294
133 232
66 165
190 289
33 132
196 295
171 270
137 236
138 237
4 103
76 175
19 118
59 158
170 269
0 99
42 141
68 167
158 257
47 146
114 213
171 270
129 228
191 290
140 239
47 146
192 291
97 196
49 148
136 235
34 133
86 185
131 230
27 126
134 233
135 234
120 219
154 253
143 242
46 145
152 251
80 179
188 287
18 117
89 188
165 264
102 201
16 115
107 206
54 153
61 160
181 280
104 203
122 221
173 272
110 209
103 202
175 274
167 266
57 156
161 260
137 236
74 173
13 112
166 265
114 213
18 117
12 111
132 231
55 154
173 272
169 268
11 110
44 143
81 180
37 136
54 153
51 150
115 214
98 197
6 105
141 240
49 148
126 225
124 223
187 286
136 235
74 173
115 214
183 282
106 205
96 195
70 169
34 133
172 271
186 285
4 103
7 106
153 252
150 249
124 223
15 114
102 201
24 123
78 177
77 176
8 107
195 294
4 103
90 189
175 274
124 223
154 253
149 248
134 233
111 210
118 217
110 209
175 274
52 151
66 165
80 179
5 104
148 247
111 210
174 273
126 225
33 132
132 231
75 174
155 254
48 147
138 237
33 132
182 281
70 169
10 109
54 153
135 234
71 170
43 142
141 240
31 130
54 153
10 109
14 113
181 280
154 253
137 236
115 214
53 152
81 180
10 109
94 193
124 223
45 144
146 245
3 102
154 253
183 282
168 267
54 153
133 232
143 242
120 219
176 275
171 270
105 204
158 257
124 223
179 278
165 264
80 179
48 147
64 163
74 173
144 243
127 226
19 118
36 135
41 140
186 285
66 165
10 109
12 111
112 211
129 228
157 256
73 172
196 295
114 213
127 226
45 144
133 232
63 162
157 256
65 164
90 189
98 197
161 260
2 101
30 129
162 261
183 282
31 130
101 200
129 228
92 191
157 256
148 247
109 208
145 244
62 161
93 192
5 104
175 274
33 132
65 164
166 265
151 250
197 296
12 111
93 192
159 258
16 115
157 256
130 229
94 193
77 176
82 181
36 135
66 165
161 260
111 210
6 105
22 121
72 171
71 170
73 172
33 132
111 210
91 190
75 174
118 217
84 183
0 99
75 174
189 288
138 237
48 147
86 185
142 241
113 212
76 175
127 226
135 234
146 245
134 233
95 194
15 114
153 252
130 229
39 138
70 169
14 113
63 162
94 193
95 194
29 128
189 288
35 134
100 199
60 159
151 250
103 202
185 284
88 187
87 186
31 130
58 157
155 254
86 185
12 111
171 270
165 264
51 150
93 192
111 210
111 210
109 208
155 254
113 212
10 109
106 205
147 246
128 227
176 275
158 257
148 247
45 144
48 147
195 294
143 242
114 213
168 267
124 223
116 215
91 190
49 148
173 272
146 245
2 101
98 197
38 137
41 140
44 143
57 156
95 194
156 255
191 290
144 243
1 100
11 110
80 179
115 214
180 279
110 209
184 283
131 230
144 243
139 238
95 194
155 254
83 182
171 270
89 188
106 205
32 131
28 127
140 239
152 251
29 128
196 295
29 128
132 231
44 143
153 252
112 211
169 268
177 276
127 226
6 105
33 132
101 200
83 182
187 286
45 144
171 270
9 108
67 166
30 129
176 275
27 126
138 237
124 223
24 123
153 252
152 251
152 251
164 263
118 217
42 141
25 124
80 179
105 204
190 289
68 167
51 150
170 269
89 188
178 277
142 241
157 256
95 194
77 176
129 228
176 275
16 115
193 292
114 213
40 139
102 201
35 134
15 114
29 128
79 178
6 105
148 247
194 293
120 219
163 262
2 101
128 227
11 110
15 114
118 217
183 282
36 135
152 251
116 215
98 197
49 148
158 257
95 194
164 263
165 264
58 157
152 251
61 160
106 205
126 225
135 234
117 216
51 150
185 284
107 206
153 252
4 103
64 163
108 207
154 253
128 227
102 201
37 136
167 266
146 245
39 138
7 106
137 236
123 222
44 143
157 256
172 271
38 137
66 165
75 174
174 273
119 218
42 141
144 243
59 158
147 246
32 131
69 168
161 260
147 246
57 156
14 113
133 232
54 153
64 163
52 151
74 173
40 139
75 174
52 151
57 156
12 111
50 149
64 163
36 135
197 296
151 250
90 189
84 183
88 187
80 179
162 261
151 250
122 221
156 255
12 111
51 150
168 267
50 149
18 117
68 167
74 173
115 214
69 168
72 171
32 131
137 236
17 116
98 197
42 141
69 168
177 276
9 108
28 127
88 187
144 243
6 105
129 228
138 237
188 287
166 265
172 271
97 196
162 261
132 231
105 204
105 204
40 139
126 225
161 260
85 184
154 253
159 258
156 255
82 181
49 148
180 279
5 104
21 120
70 169
72 171
138 237
138 237
150 249
184 283
67 166
134 233
114 213
91 190
150 249
20 119
38 137
92 191
49 148
13 112
170 269
103 202
31 130
35 134
124 223
15 114
111 210
140 239
45 144
25 124
103 202
181 280
70 169
170 269
123 222
171 270
1 100
24 123
165 264
38 137
181 280
137 236
174 273
108 207
74 173
45 144
61 160
9 108
108 207
32 131
116 215
191 290
135 234
156 255
4 103
52 151
168 267
172 271
194 293
127 226
68 167
141 240
53 152
135 234
167 266
154 253
148 247
181 280
57 156
90 189
18 117
175 274
195 294
173 272
40 139
13 112
85 184
132 231
70 169
12 111
93 192
59 158
121 220
113 212
52 151
192 291
57 156
34 133
101 200
40 139
53 152
47 146
151 250
121 220
31 130
110 209
38 137
128 227
195 294
83 182
121 220
95 194
8 107
80 179
180 279
96 195
80 179
41 140
50 149
40 139
76 175
164 263
107 206
152 251
34 133
104 203
178 277
112 211
106 205
29 128
153 252
90 189
148 247
182 281
3 102
100 199
118 217
169 268
126 225
143 242
74 173
168 267
80 179
186 285
162 261
85 184
54 153
157 256
23 122
41 140
49 148
4 103
73 172
58 157
3 102
100 199
54 153
156 255
23 122
194 293
16 115
106 205
184 283
72 171
26 125
24 123
55 154
157 256
56 155
92 191
93 192
27 126
123 222
58 157
169 268
130 229
182 281
41 140
68 167
48 147
130 229
15 114
82 181
196 295
53 152
56 155
18 117
55 154
67 166
164 263
69 168
140 239
176 275
161 260
119 218
80 179
61 160
56 155
196 295
184 283
52 151
10 109
111 210
150 249
69 168
122 221
10 109
103 202
124 223
131 230
36 135
105 204
169 268
36 135
127 226
25 124
44 143
194 293
70 169
152 251
179 278
143 242
133 232
9 108
168 267
41 140
178 277
83 182
167 266
0 99
176 275
176 275
78 177
174 273
56 155
176 275
71 170
94 193
133 232
142 241
185 284
185 284
83 182
75 174
59 158
183 282
146 245
47 146
104 203
174 273
84 183
153 252
47 146
135 234
104 203
105 204
93 192
105 204
33 132
112 211
109 208
5 104
98 197
79 178
73 172
70 169
30 129
166 265
146 245
153 252
138 237
87 186
26 125
192 291
104 203
125 224
46 145
15 114
159 258
31 130
101 200
168 267
17 116
64 163
62 161
164 263
112 211
112 211
146 245
155 254
164 263
23 122
27 126
100 199
117 216
100 199
74 173
32 131
39 138
12 111
93 192
56 155
176 275
101 200
123 222
156 255
120 219
5 104
111 210
119 218
44 143
39 138
113 212
28 127
150 249
49 148
162 261
5 104
188 287
34 133
8 107
171 270
117 216
89 188
36 135
196 295
132 231
102 201
87 186
126 225
46 145
4 103
148 247
180 279
83 182
93 192
93 192
84 183
111 210
105 204
34 133
60 159
128 227
87 186
119 218
51 150
72 171
179 278
71 170
69 168
145 244
120 219
104 203
12 111
153 252
143 242
38 137
86 185
8 107
159 258
103 202
25 124
51 150
101 200
192 291
86 185
54 153
78 177
15 114
192 291
179 278
156 255
190 289
28 127
184 283
164 263
45 144
162 261
104 203
124 223
69 168
120 219
111 210
194 293
106 205
88 187
0 99
78 177
159 258
57 156
12 111
169 268
98 197
123 222
171 270
90 189
10 109
143 242
82 181
72 171
177 276
168 267
39 138
27 126
175 274
28 127
13 112
139 238
78 177
68 167
182 281
35 134
73 172
28 127
13 112
89 188
116 215
188 287
77 176
121 220
16 115
67 166
126 225
21 120
148 247
55 154
58 157
48 147
76 175
157 256
58 157
12 111
52 151
109 208
24 123
138 237
85 184
154 253
51 150
114 213
112 211
141 240
163 262
72 171
139 238
29 128
194 293
46 145
35 134
21 120
75 174
151 250
52 151
6 105
117 216
143 242
151 250
102 201
154 253
184 283
150 249
73 172
145 244
171 270
136 235
26 125
29 128
51 150
52 151
50 149
181 280
193 292
86 185
12 111
152 251
179 278
64 163
65 164
90 189
111 210
26 125
141 240
84 183
173 272
53 152
135 234
172 271
165 264
131 230
73 172
84 183
82 181
94 193
81 180
127 226
81 180
112 211
172 271
137 236
166 265
65 164
152 251
72 171
182 281
148 247
183 282
76 175
120 219
169 268
66 165
45 144
162 261
114 213
128 227
172 271
47 146
183 282
12 111
85 184
94 193
26 125
197 296
149 248
67 166
184 283
184 283
164 263
185 284
183 282
1 100
54 153
132 231
159 258
183 282
160 259
193 292
95 194
82 181
18 117
0 99
74 173
23 122
37 136
191 290
159 258
109 208
123 222
3 102
153 252
95 194
192 291
87 186
192 291
86 185
52 151
153 252
194 293
77 176
56 155
48 147
12 111
190 289
10 109
195 294
154 253
158 257
175 274
136 235
108 207
83 182
9 108
4 103
168 267
114 213
74 173
130 229
33 132
76 175
33 132
55 154
58 157
111 210
89 188
22 121
6 105
25 124
190 289
107 206
26 125
34 133
38 137
147 246
21 120
99 198
51 150
44 143
182 281
97 196
103 202
21 120
172 271
89 188
158 257
55 154
162 261
16 115
122 221
197 296
174 273
157 256
96 195
162 261
119 218
107 206
52 151
86 185
82 181
50 149
98 197
55 154
117 216
74 173
51 150
93 192
93 192
58 157
113 212
85 184
93 192
29 128
197 296
25 124
26 125
116 215
179 278
30 129
51 150
89 188
53 152
12 111
40 139
90 189
5 104
74 173
112 211
184 283
2 101
148 247
87 186
92 191
42 141
102 201
186 285
175 274
81 180
188 287
138 237
84 183
55 154
177 276
12 111
134 233
156 255
117 216
72 171
191 290
76 175
188 287
197 296
144 243
1 100
197 296
26 125
60 159
78 177
93 192
112 211
95 194
44 143
123 222
152 251
89 188
1 100
178 277
45 144
53 152
9 108
88 187
109 208
113 212
30 129
83 182
82 181
190 289
11 110
53 152
72 171
100 199
135 234
196 295
15 114
83 182
21 120
118 217
86 185
79 178
125 224
140 239
192 291
194 293
171 270
76 175
141 240
172 271
86 185
18 117
193 292
148 247
64 163
88 187
193 292
23 122
14 113
84 183
27 126
55 154
122 221
60 159
164 263
80 179
173 272
175 274
50 149
69 168
140 239
197 296
35 134
31 130
141 240
136 235
140 239
70 169
111 210
179 278
196 295
128 227
114 213
175 274
38 137
7 106
109 208
141 240
176 275
68 167
73 172
24 123
19 118
19 118
20 119
156 255
72 171
98 197
0 99
94 193
120 219
20 119
155 254
133 232
27 126
108 207
137 236
53 152
64 163
63 162
73 172
179 278
128 227
125 224
83 182
125 224
80 179
157 256
31 130
52 151
116 215
129 228
10 109
190 289
90 189
79 178
148 247
161 260
8 107
70 169
127 226
0 99
130 229
143 242
98 197
124 223
41 140
60 159
49 148
21 120
28 127
11 110
9 108
21 120
92 191
70 169
77 176
175 274
70 169
120 219
169 268
139 238
2 101
149 248
95 194
171 270
2 101
108 207
35 134
165 264
140 239
126 225
13 112
155 254
190 289
6 105
100 199
161 260
113 212
133 232
180 279
75 174
125 224
106 205
10 109
173 272
179 278
45 144
109 208
172 271
95 194
156 255
111 210
181 280
105 204
158 257
125 224
19 118
144 243
7 106
106 205
172 271
29 128
113 212
137 236
89 188
174 273
162 261
160 259
172 271
86 185
44 143
139 238
164 263
36 135
161 260
19 118
94 193
185 284
18 117
182 281
46 145
16 115
130 229
55 154
50 149
22 121
165 264
12 111
141 240
132 231
42 141
172 271
5 104
159 258
32 131
67 166
110 209
168 267
196 295
122 221
75 174
107 206
131 230
144 243
39 138
61 160
26 125
41 140
96 195
50 149
183 282
70 169
54 153
27 126
175 274
67 166
102 201
41 140
180 279
51 150
123 222
83 182
192 291
108 207
45 144
37 136
102 201
48 147
81 180
123 222
103 202
182 281
21 120
141 240
115 214
178 277
141 240
170 269
5 104
105 204
11 110
26 125
171 270
179 278
156 255
143 242
85 184
138 237
147 246
14 113
63 162
2 101
181 280
2 101
117 216
114 213
86 185
95 194
128 227
33 132
137 236
95 194
108 207
63 162
83 182
78 177
143 242
145 244
0 99
97 196
168 267
131 230
91 190
108 207
86 185
190 289
167 266
39 138
45 144
69 168
3 102
7 106
188 287
91 190
44 143
170 269
15 114
129 228
168 267
136 235
18 117
4 103
158 257
7 106
172 271
154 253
193 292
13 112
128 227
74 173
75 174
42 141
98 197
103 202
13 112
29 128
107 206
34 133
73 172
50 149
164 263
130 229
124 223
76 175
27 126
25 124
105 204
155 254
53 152
83 182
60 159
90 189
87 186
4 103
125 224
69 168
53 152
28 127
66 165
118 217
134 233
57 156
98 197
140 239
109 208
53 152
77 176
40 139
170 269
103 202
50 149
194 293
94 193
127 226
178 277
78 177
39 138
195 294
53 152
13 112
169 268
141 240
161 260
113 212
131 230
101 200
142 241
36 135
13 112
21 120
3 102
114 213
194 293
77 176
164 263
8 107
192 291
193 292
65 164
33 132
29 128
47 146
64 163
87 186
171 270
120 219
162 261
71 170
141 240
193 292
132 231
131 230
90 189
189 288
66 165
93 192
155 254
101 200
130 229
142 241
25 124
19 118
151 250
3 102
72 171
47 146
141 240
176 275
53 152
142 241
170 269
141 240
184 283
189 288
87 186
95 194
22 121
125 224
89 188
5 104
80 179
64 163
129 228
130 229
162 261
95 194
185 284
79 178
91 190
87 186
62 161
122 221
170 269
174 273
57 156
68 167
61 160
34 133
47 146
16 115
65 164
29 128
189 288
101 200
127 226
140 239
10 109
55 154
25 124
66 165
61 160
11 110
144 243
136 235
64 163
60 159
173 272
42 141
33 132
45 144
77 176
60 159
59 158
153 252
195 294
91 190
84 183
140 239
45 144
133 232
79 178
78 177
105 204
171 270
62 161
74 173
143 242
183 282
94 193
77 176
65 164
30 129
183 282
25 124
27 126
19 118
173 272
173 272
79 178
109 208
46 145
129 228
182 281
195 294
106 205
111 210
99 198
167 266
80 179
133 232
28 127
55 154
65 164
105 204
141 240
126 225
61 160
165 264
28 127
179 278
32 131
93 192
155 254
136 235
159 258
18 117
193 292
65 164
96 195
143 242
73 172
76 175
159 258
71 170
111 210
180 279
31 130
27 126
72 171
162 261
134 233
76 175
24 123
111 210
45 144
99 198
76 175
193 292
128 227
72 171
174 273
169 268
196 295
193 292
132 231
6 105
183 282
89 188
139 238
115 214
57 156
184 283
162 261
43 142
71 170
78 177
17 116
28 127
20 119
38 137
85 184
30 129
61 160
31 130
65 164
37 136
101 200
86 185
149 248
35 134
197 296
185 284
66 165
99 198
41 140
125 224
88 187
141 240
128 227
67 166
144 243
67 166
85 184
57 156
38 137
41 140
90 189
129 228
21 120
52 151
96 195
45 144
142 241
183 282
156 255
9 108
95 194
71 170
119 218
152 251
139 238
108 207
197 296
24 123
108 207
80 179
178 277
68 167
145 244
28 127
159 258
150 249
19 118
131 230
115 214
179 278
36 135
98 197
182 281
160 259
109 208
169 268
23 122
11 110
48 147
37 136
80 179
0 99
167 266
0 99
138 237
100 199
52 151
60 159
195 294
89 188
182 281
192 291
30 129
37 136
59 158
64 163
17 116
32 131
7 106
152 251
24 123
14 113
135 234
190 289
47 146
170 269
0 99
29 128
166 265
47 146
34 133
132 231
34 133
156 255
16 115
139 238
150 249
84 183
11 110
164 263
195 294
49 148
33 132
88 187
54 153
141 240
156 255
122 221
7 106
129 228
148 247
28 127
76 175
38 137
127 226
138 237
75 174
33 132
121 220
189 288
60 159
88 187
101 200
98 197
79 178
95 194
71 170
162 261
136 235
21 120
146 245
4 103
19 118
110 209
166 265
134 233
102 201
38 137
152 251
135 234
58 157
194 293
168 267
47 146
169 268
80 179
182 281
3 102
125 224
34 133
159 258
151 250
8 107
17 116
64 163
109 208
34 133
2 101
63 162
76 175
104 203
164 263
23 122
93 192
162 261
89 188
137 236
193 292
125 224
131 230
44 143
42 141
146 245
40 139
28 127
145 244
77 176
70 169
175 274
5 104
48 147
189 288
134 233
43 142
94 193
162 261
63 162
100 199
138 237
10 109
51 150
15 114
30 129
168 267
97 196
127 226
24 123
36 135
123 222
77 176
44 143
19 118
99 198
100 199
34 133
20 119
149 248
140 239
116 215
62 161
183 282
172 271
117 216
150 249
163 262
183 282
110 209
76 175
53 152
46 145
85 184
162 261
12 111
196 295
90 189
187 286
66 165
25 124
144 243
165 264
39 138
46 145
130 229
188 287
4 103
136 235
132 231
91 190
56 155
114 213
31 130
133 232
165 264
168 267
117 216
66 165
190 289
2 101
34 133
2 101
166 265
131 230
0 99
29 128
154 253
164 263
76 175
156 255
136 235
42 141
155 254
172 271
80 179
116 215
3 102
118 217
175 274
18 117
42 141
135 234
119 218
46 145
112 211
137 236
132 231
105 204
0 99
114 213
29 128
7 106
81 180
125 224
39 138
3 102
121 220
49 148
113 212
134 233
38 137
103 202
67 166
66 165
7 106
43 142
78 177
90 189
7 106
106 205
107 206
42 141
171 270
8 107
109 208
64 163
59 158
162 261
3 102
149 248
141 240
157 256
112 211
136 235
140 239
76 175
13 112
15 114
84 183
20 119
90 189
166 265
95 194
158 257
112 211
32 131
20 119
109 208
141 240
194 293
2 101
129 228
126 225
143 242
99 198
141 240
40 139
64 163
107 206
45 144
149 248
105 204
127 226
53 152
46 145
33 132
75 174
24 123
24 123
108 207
114 213
123 222
121 220
94 193
115 214
117 216
47 146
45 144
178 277
83 182
18 117
170 269
5 104
105 204
126 225
32 131
79 178
4 103
189 288
40 139
113 212
6 105
92 191
148 247
112 211
186 285
5 104
108 207
75 174
161 260
87 186
181 280
180 279
136 235
76 175
90 189
20 119
128 227
177 276
46 145
148 247
72 171
134 233
76 175
83 182
64 163
11 110
196 295
171 270
196 295
194 293
66 165
166 265
190 289
73 172
71 170
60 159
137 236
19 118
47 146
108 207
55 154
12 111
121 220
70 169
101 200
134 233
29 128
94 193
47 146
109 208
79 178
56 155
5 104
186 285
125 224
149 248
121 220
105 204
156 255
61 160
2 101
27 126
170 269
148 247
5 104
11 110
190 289
0 99
1 100
101 200
77 176
37 136
182 281
86 185
40 139
71 170
19 118
159 258
178 277
35 134
191 290
86 185
188 287
99 198
10 109
135 234
56 155
61 160
19 118
82 181
32 131
26 125
176 275
9 108
7 106
155 254
136 235
185 284
118 217
174 273
160 259
126 225
106 205
20 119
175 274
197 296
187 286
133 232
117 216
116 215
70 169
177 276
102 201
137 236
67 166
195 294
183 282
0 99
188 287
128 227
178 277
144 243
44 143
31 130
189 288
73 172
37 136
69 168
80 179
28 127
112 211
96 195
71 170
107 206
110 209
47 146
76 175
158 257
94 193
195 294
65 164
186 285
37 136
72 171
185 284
36 135
163 262
36 135
196 295
132 231
134 233
50 149
113 212
23 122
16 115
121 220
148 247
174 273
24 123
172 271
39 138
113 212
157 256
70 169
129 228
124 223
112 211
122 221
101 200
78 177
124 223
86 185
20 119
1 100
130 229
74 173
47 146
101 200
40 139
153 252
97 196
49 148
52 151
2 101
85 184
65 164
1 100
122 221
26 125
175 274
16 115
96 195
81 180
116 215
161 260
6 105
66 165
122 221
194 293
159 258
187 286
170 269
115 214
40 139
90 189
133 232
186 285
164 263
20 119
16 115
45 144
15 114
139 238
164 263
43 142
64 163
93 192
23 122
58 157
27 126
35 134
110 209
196 295
89 188
188 287
28 127
142 241
119 218
163 262
56 155
147 246
40 139
189 288
47 146
112 211
158 257
42 141
176 275
55 154
15 114
80 179
169 268
149 248
56 155
107 206
106 205
138 237
157 256
130 229
195 294
182 281
58 157
130 229
45 144
132 231
65 164
71 170
8 107
52 151
5 104
50 149
130 229
140 239
79 178
71 170
25 124
97 196
76 175
172 271
138 237
99 198
28 127
28 127
152 251
51 150
138 237
132 231
1 100
134 233
166 265
85 184
187 286
108 207
122 221
16 115
34 133
74 173
55 154
12 111
159 258
3 102
25 124
34 133
149 248
44 143
97 196
141 240
145 244
1 100
104 203
34 133
110 209
137 236
23 122
153 252
1 100
70 169
153 252
71 170
183 282
158 257
45 144
152 251
129 228
19 118
137 236
130 229
176 275
89 188
171 270
84 183
153 252
180 279
53 152
157 256
180 279
91 190
128 227
133 232
33 132
0 99
150 249
31 130
107 206
163 262
71 170
191 290
4 103
109 208
94 193
142 241
185 284
135 234
99 198
48 147
130 229
57 156
181 280
18 117
110 209
24 123
103 202
150 249
131 230
181 280
189 288
169 268
149 248
11 110
178 277
164 263
163 262
11 110
101 200
117 216
169 268
66 165
131 230
161 260
121 220
146 245
24 123
94 193
194 293
107 206
157 256
121 220
87 186
69 168
118 217
25 124
45 144
63 162
117 216
2 101
83 182
185 284
141 240
34 133
59 158
57 156
22 121
89 188
81 180
55 154
126 225
141 240
36 135
94 193
78 177
0 99
135 234
77 176
92 191
104 203
111 210
175 274
168 267
167 266
126 225
88 187
130 229
121 220
125 224
67 166
32 131
138 237
10 109
151 250
153 252
45 144
93 192
164 263
89 188
197 296
13 112
69 168
87 186
10 109
29 128
56 155
42 141
182 281
131 230
148 247
178 277
47 146
19 118
127 226
16 115
56 155
43 142
137 236
146 245
94 193
166 265
3 102
55 154
52 151
167 266
165 264
197 296
51 150
157 256
189 288
167 266
115 214
123 222
160 259
193 292
101 200
66 165
178 277
123 222
162 261
174 273
117 216
104 203
135 234
143 242
52 151
4 103
149 248
37 136
34 133
99 198
65 164
193 292
134 233
136 235
113 212
39 138
190 289
128 227
5 104
133 232
148 247
163 262
192 291
85 184
156 255
6 105
175 274
14 113
124 223
158 257
143 242
192 291
13 112
194 293
8 107
123 222
153 252
142 241
120 219
52 151
0 99
152 251
196 295
94 193
16 115
47 146
50 149
157 256
161 260
121 220
151 250
101 200
73 172
33 132
79 178
115 214
113 212
144 243
189 288
186 285
150 249
104 203
37 136
47 146
106 205
160 259
143 242
143 242
37 136
117 216
167 266
181 280
1 100
63 162
124 223
121 220
53 152
151 250
161 260
153 252
62 161
81 180
110 209
56 155
13 112
120 219
179 278
57 156
112 211
111 210
29 128
131 230
129 228
95 194
28 127
129 228
176 275
43 142
33 132
166 265
181 280
55 154
50 149
182 281
175 274
8 107
95 194
142 241
39 138
146 245
187 286
15 114
77 176
55 154
166 265
197 296
173 272
38 137
41 140
146 245
29 128
44 143
75 174
25 124
186 285
134 233
197 296
44 143
87 186
173 272
22 121
81 180
147 246
179 278
8 107
12 111
136 235
117 216
90 189
159 258
105 204
84 183
117 216
8 107
86 185
185 284
35 134
133 232
26 125
196 295
109 208
77 176
139 238
53 152
4 103
184 283
31 130
47 146
112 211
70 169
195 294
74 173
30 129
74 173
149 248
36 135
155 254
22 121
179 278
103 202
151 250
143 242
109 208
43 142
175 274
11 110
58 157
153 252
110 209
128 227
85 184
105 204
87 186
72 171
59 158
45 144
118 217
174 273
39 138
187 286
67 166
76 175
148 247
40 139
147 246
90 189
143 242
64 163
129 228
102 201
4 103
14 113
70 169
68 167
175 274
125 224
147 246
174 273
29 128
93 192
80 179
167 266
25 124
48 147
171 270
5 104
76 175
171 270
123 222
76 175
164 263
54 153
37 136
39 138
176 275
83 182
178 277
126 225
79 178
107 206
80 179
141 240
195 294
124 223
151 250
112 211
195 294
72 171
192 291
60 159
178 277
10 109
185 284
42 141
112 211
131 230
42 141
2 101
1 100
110 209
131 230
44 143
5 104
178 277
100 199
125 224
144 243
147 246
12 111
148 247
159 258
47 146
132 231
128 227
18 117
152 251
6 105
154 253
86 185
183 282
174 273
163 262
98 197
71 170
159 258
181 280
17 116
95 194
123 222
101 200
65 164
112 211
94 193
106 205
85 184
107 206
102 201
96 195
154 253
85 184
130 229
3 102
8 107
73 172
30 129
32 131
176 275
98 197
2 101
77 176
63 162
30 129
48 147
46 145
120 219
89 188
106 205
28 127
31 130
0 99
121 220
171 270
51 150
107 206
7 106
3 102
63 162
22 121
138 237
36 135
196 295
112 211
2 101
166 265
104 203
31 130
20 119
38 137
134 233
94 193
50 149
81 180
193 292
4 103
44 143
1 100
45 144
125 224
123 222
43 142
87 186
21 120
36 135
7 106
155 254
121 220
165 264
128 227
21 120
188 287
62 161
68 167
39 138
148 247
12 111
173 272
194 293
52 151
39 138
59 158
105 204
165 264
5 104
44 143
166 265
142 241
84 183
70 169
30 129
10 109
49 148
89 188
188 287
76 175
25 124
128 227
2 101
96 195
161 260
159 258
115 214
183 282
43 142
187 286
31 130
65 164
41 140
165 264
54 153
184 283
90 189
188 287
178 277
197 296
71 170
50 149
79 178
45 144
127 226
172 271
118 217
21 120
50 149
43 142
21 120
74 173
57 156
104 203
3 102
69 168
122 221
21 120
13 112
124 223
95 194
22 121
104 203
2 101
109 208
182 281
122 221
22 121
75 174
118 217
12 111
125 224
119 218
72 171
34 133
172 271
179 278
165 264
98 197
128 227
7 106
166 265
128 227
5 104
81 180
39 138
9 108
52 151
126 225
59 158
133 232
1 100
7 106
169 268
82 181
44 143
6 105
92 191
9 108
122 221
185 284
180 279
159 258
36 135
77 176
151 250
26 125
17 116
46 145
2 101
171 270
29 128
164 263
8 107
11 110
12 111
169 268
118 217
115 214
124 223
24 123
69 168
35 134
125 224
33 132
86 185
170 269
42 141
68 167
194 293
103 202
23 122
2 101
154 253
67 166
186 285
48 147
131 230
32 131
3 102
166 265
60 159
31 130
46 145
142 241
95 194
114 213
61 160
133 232
95 194
154 253
128 227
164 263
111 210
38 137
137 236
10 109
145 244
168 267
104 203
127 226
163 262
23 122
67 166
148 247
27 126
22 121
106 205
156 255
133 232
162 261
96 195
109 208
159 258
108 207
71 170
77 176
47 146
47 146
146 245
73 172
30 129
192 291
121 220
18 117
154 253
184 283
81 180
141 240
6 105
23 122
169 268
119 218
81 180
179 278
105 204
176 275
8 107
116 215
188 287
84 183
142 241
77 176
129 228
159 258
169 268
158 257
18 117
183 282
113 212
10 109
144 243
45 144
192 291
56 155
100 199
83 182
36 135
80 179
117 216
30 129
195 294
161 260
2 101
82 181
6 105
146 245
80 179
150 249
181 280
47 146
77 176
133 232
1 100
84 183
22 121
166 265
140 239
152 251
128 227
161 260
186 285
74 173
141 240
57 156
50 149
49 148
189 288
118 217
126 225
182 281
53 152
91 190
104 203
50 149
126 225
186 285
125 224
147 246
97 196
154 253
196 295
30 129
51 150
73 172
151 250
56 155
170 269
36 135
42 141
30 129
15 114
146 245
74 173
3 102
178 277
2 101
87 186
175 274
161 260
79 178
37 136
105 204
182 281
89 188
93 192
81 180
134 233
93 192
96 195
56 155
116 215
118 217
136 235
51 150
104 203
22 121
130 229
45 144
16 115
134 233
121 220
136 235
95 194
167 266
99 198
49 148
24 123
30 129
151 250
73 172
140 239
134 233
2 101
119 218
28 127
160 259
23 122
165 264
166 265
136 235
145 244
9 108
195 294
118 217
61 160
94 193
31 130
75 174
134 233
63 162
76 175
31 130
47 146
46 145
7 106
94 193
90 189
66 165
89 188
181 280
50 149
151 250
135 234
92 191
120 219
87 186
47 146
150 249
19 118
193 292
66 165
160 259
126 225
163 262
174 273
43 142
109 208
104 203
114 213
53 152
175 274
160 259
16 115
37 136
87 186
91 190
148 247
159 258
59 158
171 270
178 277
79 178
8 107
41 140
161 260
14 113
92 191
92 191
181 280
37 136
35 134
175 274
138 237
83 182
104 203
66 165
70 169
143 242
58 157
76 175
19 118
105 204
63 162
174 273
126 225
196 295
82 181
19 118
117 216
142 241
179 278
184 283
96 195
164 263
98 197
34 133
86 185
177 276
73 172
53 152
1 100
123 222
60 159
131 230
55 154
3 102
33 132
73 172
127 226
54 153
113 212
104 203
91 190
110 209
148 247
17 116
177 276
145 244
105 204
167 266
108 207
10 109
85 184
108 207
96 195
152 251
75 174
140 239
138 237
34 133
19 118
90 189
104 203
88 187
53 152
174 273
123 222
70 169
78 177
81 180
72 171
66 165
24 123
29 128
70 169
142 241
16 115
124 223
110 209
121 220
145 244
128 227
175 274
166 265
52 151
195 294
152 251
140 239
143 242
172 271
180 279
158 257
140 239
75 174
141 240
60 159
161 260
28 127
99 198
62 161
109 208
151 250
107 206
65 164
4 103
97 196
114 213
116 215
53 152
43 142
53 152
23 122
61 160
55 154
0 99
122 221
184 283
161 260
90 189
62 161
168 267
147 246
197 296
32 131
67 166
59 158
61 160
155 254
181 280
71 170
159 258
18 117
10 109
125 224
109 208
101 200
117 216
137 236
68 167
191 290
72 171
51 150
10 109
124 223
106 205
187 286
131 230
47 146
69 168
151 250
54 153
0 99
166 265
137 236
163 262
87 186
20 119
122 221
121 220
195 294
186 285
136 235
189 288
182 281
101 200
181 280
48 147
73 172
2 101
187 286
164 263
102 201
7 106
186 285
127 226
63 162
122 221
8 107
73 172
137 236
92 191
138 237
189 288
94 193
192 291
15 114
113 212
20 119
158 257
118 217
187 286
116 215
21 120
134 233
7 106
10 109
65 164
65 164
74 173
58 157
157 256
22 121
192 291
155 254
143 242
96 195
90 189
123 222
169 268
117 216
44 143
106 205
176 275
64 163
86 185
8 107
164 263
100 199
190 289
46 145
29 128
131 230
118 217
76 175
116 215
188 287
85 184
13 112
76 175
59 158
33 132
127 226
112 211
79 178
3 102
119 218
167 266
90 189
126 225
153 252
48 147
194 293
167 266
73 172
149 248
197 296
57 156
86 185
26 125
147 246
118 217
144 243
109 208
133 232
99 198
88 187
194 293
151 250
75 174
12 111
144 243
129 228
189 288
39 138
151 250
22 121
81 180
150 249
113 212
75 174
193 292
65 164
159 258
58 157
3 102
22 121
79 178
6 105
15 114
103 202
58 157
40 139
96 195
180 279
171 270
97 196
174 273
22 121
164 263
167 266
94 193
129 228
134 233
90 189
7 106
133 232
96 195
141 240
71 170
150 249
144 243
159 258
122 221
22 121
67 166
108 207
73 172
151 250
43 142
0 99
0 99
178 277
121 220
54 153
52 151
13 112
141 240
4 103
169 268
2 101
73 172
106 205
121 220
78 177
184 283
133 232
146 245
158 257
167 266
164 263
10 109
25 124
60 159
98 197
108 207
150 249
183 282
94 193
63 162
118 217
52 151
117 216
84 183
76 175
63 162
64 163
144 243
191 290
57 156
113 212
166 265
193 292
79 178
73 172
158 257
10 109
6 105
0 99
60 159
93 192
152 251
183 282
11 110
33 132
38 137
132 231
148 247
29 128
195 294
167 266
165 264
178 277
157 256
144 243
178 277
102 201
96 195
38 137
153 252
62 161
19 118
94 193
191 290
76 175
122 221
49 148
58 157
26 125
130 229
155 254
67 166
12 111
159 258
165 264
131 230
41 140
148 247
130 229
172 271
121 220
186 285
57 156
76 175
20 119
135 234
144 243
127 226
74 173
139 238
116 215
53 152
75 174
120 219
137 236
96 195
123 222
62 161
29 128
27 126
20 119
110 209
96 195
8 107
128 227
164 263
27 126
2 101
113 212
85 184
155 254
182 281
5 104
129 228
111 210
40 139
45 144
131 230
186 285
76 175
139 238
131 230
48 147
3 102
115 214
138 237
47 146
103 202
94 193
132 231
113 212
185 284
59 158
45 144
15 114
179 278
165 264
155 254
124 223
41 140
149 248
173 272
193 292
23 122
46 145
99 198
173 272
14 113
147 246
162 261
164 263
123 222
17 116
91 190
38 137
46 145
118 217
67 166
171 270
33 132
18 117
46 145
24 123
178 277
59 158
3 102
38 137
174 273
172 271
173 272
102 201
13 112
143 242
52 151
26 125
5 104
131 230
65 164
146 245
26 125
171 270
61 160
165 264
77 176
10 109
65 164
131 230
99 198
46 145
89 188
127 226
125 224
104 203
158 257
16 115
133 232
36 135
57 156
117 216
150 249
42 141
58 157
190 289
182 281
151 250
71 170
7 106
196 295
72 171
193 292
66 165
109 208
181 280
69 168
44 143
22 121
108 207
165 264
7 106
61 160
140 239
12 111
166 265
18 117
110 209
177 276
135 234
58 157
42 141
103 202
29 128
81 180
113 212
22 121
14 113
96 195
135 234
70 169
3 102
72 171
88 187
28 127
88 187
130 229
0 99
139 238
5 104
30 129
134 233
98 197
154 253
74 173
78 177
134 233
0 99
13 112
93 192
197 296
46 145
1 100
134 233
163 262
42 141
121 220
149 248
124 223
60 159
148 247
54 153
39 138
46 145
25 124
41 140
140 239
68 167
189 288
101 200
155 254
146 245
10 109
75 174
2 101
36 135
59 158
8 107
193 292
92 191
132 231
57 156
173 272
41 140
194 293
24 123
23 122
183 282
81 180
160 259
53 152
56 155
167 266
41 140
109 208
95 194
83 182
72 171
59 158
92 191
195 294
120 219
37 136
161 260
186 285
59 158
53 152
93 192
170 269
170 269
167 266
139 238
8 107
154 253
118 217
157 256
19 118
92 191
116 215
195 294
85 184
163 262
25 124
24 123
0 99
1 100
194 293
78 177
165 264
42 141
148 247
14 113
148 247
115 214
182 281
57 156
130 229
42 141
120 219
76 175
130 229
173 272
63 162
8 107
33 132
163 262
2 101
133 232
161 260
70 169
147 246
183 282
165 264
72 171
192 291
45 144
43 142
86 185
166 265
41 140
31 130
155 254
5 104
32 131
13 112
147 246
66 165
138 237
37 136
67 166
106 205
63 162
96 195
166 265
169 268
94 193
150 249
100 199
30 129
103 202
156 255
168 267
175 274
164 263
71 170
51 150
81 180
99 198
173 272
14 113
82 181
194 293
157 256
186 285
58 157
167 266
89 188
12 111
190 289
86 185
162 261
94 193
48 147
55 154
2 101
38 137
30 129
141 240
111 210
180 279
96 195
97 196
186 285
53 152
181 280
80 179
23 122
175 274
176 275
196 295
145 244
21 120
184 283
108 207
69 168
4 103
141 240
25 124
172 271
165 264
101 200
138 237
114 213
168 267
104 203
103 202
52 151
127 226
103 202
126 225
134 233
2 101
46 145
78 177
156 255
104 203
152 251
80 179
159 258
130 229
0 99
177 276
13 112
158 257
52 151
73 172
160 259
144 243
158 257
47 146
32 131
186 285
74 173
106 205
93 192
93 192
165 264
157 256
30 129
144 243
164 263
53;156504
153 252
105 204
169 268
23 122
127 226
89 188
144 243
136 235
138 237
31 130
61 160
97 196
51 150
102 201
172 271
14 113
157 256
154 253
108 207
147 246
144 243
21 120
52 151
105 204
135 234
89 188
136 235
62 161
47 146
6 105
65 164
168 267
182 281
150 249
95 194
116 215
134 233
133 232
40 139
130 229
30 129
105 204
46 145
55 154
174 273
186 285
192 291
54 153
179 278
109 208
21 120
2 101
109 208
183 282
76 175
10 109
133 232
177 276
162 261
51 150
24 123
28 127
160 259
64 163
62 161
44 143
102 201
94 193
124 223
184 283
78 177
113 212
33 132
129 228
184 283
1 100
132 231
101 200
28 127
185 284
133 232
90 189
190 289
48 147
191 290
8 107
101 200
191 290
158 257
96 195
124 223
192 291
124 223
93 192
4 103
140 239
180 279
37 136
174 273
40 139
122 221
116 215
143 242
80 179
14 113
55 154
84 183
78 177
80 179
124 223
131 230
152 251
118 217
76 175
38 137
134 233
44 143
109 208
125 224
143 242
168 267
56 155
135 234
101 200
138 237
129 228
123 222
144 243
124 223
124 223
163 262
165 264
174 273
156 255
93 192
166 265
197 296
161 260
77 176
155 254
7 106
182 281
134 233
195 294
30 129
127 226
142 241
87 186
145 244
77 176
29 128
94 193
122 221
152 251
17 116
190 289
49 148
113 212
3 102
128 227
63 162
116 215
19 118
102 201
152 251
113 212
80 179
35 134
102 201
4 103
36 135
63 162
46 145
31 130
45 144
132 231
127 226
22 121
92 191
36 135
153 252
130 229
81 180
186 285
188 287
169 268
21 120
19 118
125 224
60 159
45 144
13 112
50 149
121 220
170 269
149 248
10 109
6 105
111 210
75 174
35 134
3 102
14 113
115 214
196 295
123 222
2 101
57 156
139 238
108 207
159 258
10 109
34 133
63 162
17 116
30 129
138 237
78 177
132 231
180 279
167 266
71 170
128 227
162 261
125 224
24 123
166 265
56 155
123 222
61 160
27 126
18 117
82 181
178 277
135 234
50 149
155 254
51 150
158 257
83 182
197 296
31 130
16 115
148 247
54 153
22 121
78 177
156 255
103 202
31 130
27 126
156 255
32 131
68 167
98 197
11 110
113 212
117 216
141 240
23 122
63 162
77 176
84 183
152 251
29 128
130 229
132 231
29 128
136 235
127 226
11 110
2 101
104 203
82 181
139 238
162 261
76 175
34 133
80 179
197 296
0 99
86 185
123 222
1 100
113 212
172 271
140 239
145 244
41 140
169 268
117 216
23 122
168 267
26 125
171 270
152 251
7 106
42 141
69 168
172 271
69 168
133 232
84 183
185 284
169 268
9 108
139 238
61 160
26 125
141 240
164 263
136 235
152 251
182 281
0 99
95 194
52 151
119 218
58 157
123 222
60 159
179 278
119 218
125 224
159 258
38 137
134 233
149 248
117 216
145 244
157 256
123 222
54 153
136 235
50 149
26 125
107 206
72 171
11 110
13 112
160 259
180 279
36 135
132 231
155 254
114 213
116 215
90 189
140 239
47 146
176 275
130 229
136 235
6 105
37 136
16 115
26 125
79 178
40 139
8 107
191 290
138 237
7 106
94 193
59 158
174 273
48 147
32 131
102 201
197 296
177 276
54 153
12 111
33 132
159 258
87 186
71 170
106 205
86 185
51 150
124 223
73 172
146 245
51 150
20 119
74 173
162 261
124 223
170 269
157 256
181 280
62 161
101 200
66 165
7 106
166 265
164 263
4 103
141 240
171 270
186 285
8 107
9 108
181 280
102 201
152 251
93 192
68 167
173 272
69 168
196 295
75 174
43 142
19 118
138 237
102 201
65 164
0 99
149 248
131 230
87 186
5 104
66 165
171 270
154 253
161 260
113 212
8 107
73 172
141 240
80 179
45 144
90 189
91 190
197 296
133 232
93 192
123 222
133 232
96 195
61 160
16 115
146 245
18 117
129 228
91 190
70 169
94 193
150 249
155 254
150 249
98 197
192 291
193 292
190 289
17 116
167 266
194 293
51 150
153 252
162 261
48 147
78 177
159 258
146 245
68 167
52 151
95 194
152 251
60 159
92 191
167 266
133 232
115 214
186 285
112 211
70 169
175 274
136 235
12 111
156 255
178 277
1 100
5 104
33 132
48 147
8 107
171 270
44 143
58 157
139 238
186 285
107 206
69 168
74 173
155 254
39 138
117 216
113 212
100 199
154 253
197 296
120 219
125 224
191 290
43 142
85 184
2 101
62 161
144 243
111 210
177 276
139 238
100 199
182 281
119 218
37 136
52 151
61 160
77 176
58 157
190 289
164 263
104 203
149 248
169 268
9 108
148 247
114 213
186 285
58 157
100 199
158 257
71 170
0 99
155 254
149 248
10 109
93 192
154 253
68 167
186 285
115 214
158 257
171 270
78 177
113 212
181 280
171 270
34 133
153 252
120 219
138 237
7 106
75 174
32 131
41 140
29 128
96 195
41 140
29 128
123 222
172 271
40 139
146 245
149 248
77 176
49 148
179 278
162 261
115 214
184 283
168 267
127 226
129 228
33 132
167 266
75 174
154 253
58 157
187 286
65 164
182 281
80 179
175 274
68 167
175 274
196 295
29 128
119 218
9 108
87 186
150 249
170 269
150 249
137 236
116 215
142 241
120 219
102 201
41 140
32 131
173 272
123 222
15 114
147 246
5 104
19 118
48 147
124 223
121 220
197 296
125 224
18 117
100 199
177 276
194 293
42 141
83 182
78 177
160 259
36 135
186 285
33 132
71 170
176 275
35 134
73 172
178 277
158 257
2 101
171 270
180 279
151 250
85 184
195 294
140 239
159 258
0 99
90 189
156 255
129 228
21 120
107 206
59 158
187 286
88 187
166 265
28 127
164 263
10 109
49 148
64 163
44 143
74 173
11 110
31 130
27 126
168 267
46 145
148 247
83 182
144 243
20 119
181 280
179 278
61 160
144 243
144 243
171 270
142 241
89 188
89 188
78 177
133 232
120 219
137 236
37 136
72 171
12 111
91 190
89 188
33 132
155 254
176 275
59 158
10 109
47 146
15 114
135 234
44 143
41 140
95 194
70 169
140 239
43 142
157 256
113 212
39 138
61 160
95 194
108 207
17 116
160 259
128 227
150 249
37 136
12 111
23 122
55 154
31 130
1 100
20 119
59 158
19 118
166 265
133 232
150 249
177 276
90 189
31 130
151 250
25 124
172 271
128 227
50 149
169 268
163 262
100 199
184 283
41 140
160 259
3 102
19 118
110 209
189 288
171 270
110 209
33 132
2 101
128 227
135 234
36 135
73 172
41 140
146 245
93 192
140 239
41 140
185 284
64 163
193 292
136 235
160 259
42 141
35 134
185 284
73 172
137 236
139 238
18 117
154 253
115 214
5 104
29 128
6 105
68 167
82 181
155 254
39 138
9 108
57 156
173 272
151 250
174 273
185 284
100 199
92 191
68 167
105 204
190 289
158 257
179 278
131 230
15 114
67 166
120 219
65 164
65 164
155 254
148 247
55 154
89 188
135 234
68 167
147 246
161 260
193 292
33 132
75 174
131 230
92 191
190 289
45 144
150 249
107 206
129 228
164 263
78 177
163 262
70 169
111 210
122 221
172 271
55 154
65 164
113 212
2 101
163 262
166 265
194 293
161 260
94 193
17 116
67 166
91 190
17 116
166 265
125 224
91 190
124 223
96 195
130 229
115 214
145 244
3 102
34 133
64 163
60 159
192 291
13 112
79 178
46 145
82 181
55 154
75 174
9 108
74 173
180 279
161 260
120 219
127 226
193 292
135 234
121 220
102 201
90 189
171 270
59 158
124 223
100 199
24 123
188 287
152 251
67 166
110 209
40 139
152 251
182 281
89 188
2 101
173 272
163 262
156 255
153 252
13 112
74 173
151 250
35 134
95 194
55 154
2 101
193 292
77 176
71 170
163 262
154 253
138 237
78 177
81 180
56 155
140 239
58 157
93 192
70 169
101 200
188 287
8 107
51 150
190 289
155 254
138 237
65 164
153 252
69 168
183 282
145 244
175 274
10 109
98 197
45 144
159 258
59 158
105 204
38 137
139 238
135 234
96 195
190 289
15 114
157 256
193 292
153 252
167 266
72 171
33 132
56 155
99 198
83 182
22 121
42 141
13 112
23 122
157 256
165 264
97 196
42 141
98 197
27 126
158 257
73 172
119 218
27 126
159 258
79 178
156 255
140 239
23 122
115 214
27 126
53 152
30 129
178 277
163 262
77 176
196 295
13 112
29 128
25 124
34 133
50 149
45 144
175 274
144 243
154 253
10 109
179 278
64 163
149 248
137 236
35 134
180 279
147 246
94 193
139 238
78 177
99 198
9 108
173 272
34 133
112 211
110 209
45 144
149 248
8 107
156 255
75 174
90 189
62 161
115 214
154 253
113 212
184 283
96 195
21 120
31 130
116 215
180 279
39 138
64 163
73 172
140 239
179 278
63 162
130 229
191 290
128 227
57 156
9 108
136 235
23 122
61 160
11 110
123 222
105 204
53 152
85 184
95 194
22 121
46 145
126 225
37 136
178 277
4 103
76 175
30 129
60 159
150 249
1 100
13 112
159 258
106 205
79 178
28 127
45 144
134 233
86 185
185 284
117 216
55 154
110 209
12 111
40 139
141 240
46 145
177 276
167 266
88 187
156 255
69 168
31 130
150 249
162 261
1 100
112 211
160 259
139 238
154 253
62 161
65 164
70 169
146 245
92 191
187 286
62 161
193 292
110 209
137 236
40 139
51 150
56 155
49 148
112 211
117 216
197 296
180 279
87 186
170 269
197 296
79 178
133 232
48 147
50 149
50 149
158 257
124 223
141 240
148 247
165 264
70 169
57 156
89 188
38 137
16 115
75 174
71 170
145 244
162 261
68 167
6 105
13 112
183 282
61 160
110 209
65 164
76 175
29 128
26 125
74 173
31 130
27 126
48 147
101 200
172 271
0 99
10 109
163 262
15 114
64 163
3 102
132 231
60 159
177 276
75 174
112 211
181 280
155 254
175 274
116 215
90 189
179 278
156 255
37 136
191 290
9 108
166 265
121 220
70 169
121 220
66 165
82 181
172 271
181 280
37 136
189 288
44 143
126 225
13 112
87 186
192 291
106 205
178 277
154 253
78 177
108 207
1 100
80 179
145 244
84 183
122 221
149 248
109 208
174 273
140 239
149 248
154 253
49 148
63 162
41 140
6 105
159 258
2 101
130 229
182 281
66 165
148 247
128 227
166 265
135 234
73 172
89 188
27 126
123 222
106 205
77 176
186 285
78 177
137 236
162 261
80 179
115 214
146 245
3 102
132 231
118 217
54 153
147 246
128 227
159 258
143 242
67 166
157 256
132 231
41 140
53 152
76 175
169 268
73 172
96 195
106 205
37 136
15 114
30 129
120 219
13 112
61 160
134 233
135 234
102 201
60 159
138 237
191 290
187 286
17 116
43 142
107 206
27 126
92 191
6 105
194 293
185 284
186 285
9 108
182 281
91 190
118 217
114 213
127 226
113 212
83 182
38 137
129 228
10 109
189 288
173 272
78 177
39 138
197 296
155 254
36 135
136 235
129 228
131 230
146 245
9 108
168 267
146 245
180 279
139 238
53 152
132 231
88 187
32 131
171 270
67 166
31 130
70 169
102 201
107 206
172 271
180 279
145 244
21 120
138 237
193 292
56 155
191 290
48 147
174 273
194 293
49 148
24 123
32 131
170 269
55 154
97 196
54 153
32 131
127 226
40 139
125 224
81 180
29 128
12 111
187 286
108 207
12 111
29 128
163 262
3 102
101 200
6 105
8 107
157 256
134 233
161 260
106 205
172 271
197 296
87 186
181 280
170 269
1 100
169 268
102 201
155 254
74 173
176 275
171 270
67 166
90 189
142 241
53 152
123 222
52 151
185 284
76 175
12 111
49 148
181 280
135 234
67 166
18 117
154 253
115 214
174 273
143 242
142 241
151 250
109 208
70 169
160 259
63 162
1 100
118 217
14 113
38 137
45 144
64 163
140 239
75 174
112 211
191 290
4 103
138 237
176 275
138 237
132 231
182 281
63 162
161 260
164 263
37 136
10 109
164 263
75 174
150 249
125 224
161 260
156 255
58 157
111 210
60 159
186 285
190 289
22 121
37 136
43 142
191 290
156 255
49 148
72 171
5 104
111 210
93 192
108 207
73 172
130 229
94 193
11 110
129 228
36 135
98 197
110 209
152 251
12 111
8 107
185 284
146 245
178 277
151 250
140 239
52 151
37 136
15 114
149 248
67 166
99 198
92 191
24 123
37 136
12 111
121 220
38 137
67 166
103 202
101 200
21 120
153 252
16 115
13 112
161 260
153 252
13 112
42 141
11 110
24 123
154 253
141 240
119 218
11 110
51 150
172 271
21 120
109 208
159 258
54 153
20 119
45 144
39 138
77 176
190 289
132 231
93 192
76 175
162 261
185 284
117 216
196 295
61 160
108 207
84 183
8 107
123 222
1 100
159 258
108 207
195 294
68 167
185 284
13 112
31 130
78 177
110 209
189 288
132 231
122 221
172 271
157 256
6 105
53 152
174 273
170 269
96 195
161 260
192 291
56 155
22 121
135 234
193 292
55 154
143 242
32 131
134 233
44 143
8 107
11 110
160 259
82 181
79 178
192 291
171 270
180 279
32 131
177 276
55 154
176 275
145 244
194 293
97 196
88 187
80 179
121 220
32 131
144 243
77 176
160 259
161 260
40 139
182 281
82 181
168 267
190 289
64 163
160 259
141 240
71 170
156 255
10 109
74 173
39 138
144 243
118 217
92 191
102 201
97 196
39 138
165 264
166 265
56 155
105 204
131 230
88 187
197 296
159 258
133 232
11 110
153 252
25 124
170 269
192 291
138 237
21 120
18 117
65 164
111 210
77 176
84 183
83 182
24 123
145 244
100 199
119 218
170 269
173 272
1 100
87 186
46 145
96 195
22 121
134 233
185 284
29 128
52 151
86 185
190 289
4 103
28 127
194 293
87 186
148 247
179 278
129 228
9 108
44 143
57 156
20 119
168 267
92 191
21 120
46 145
145 244
26 125
0 99
139 238
63 162
54 153
131 230
69 168
166 265
102 201
195 294
57 156
181 280
78 177
130 229
179 278
160 259
79 178
26 125
113 212
180 279
9 108
100 199
96 195
185 284
119 218
148 247
5 104
31 130
43 142
74 173
113 212
56 155
133 232
68 167
183 282
176 275
122 221
156 255
168 267
22 121
27 126
86 185
76 175
187 286
36 135
35 134
161 260
98 197
194 293
175 274
99 198
31 130
149 248
69 168
144 243
111 210
143 242
125 224
147 246
50 149
167 266
111 210
41 140
10 109
165 264
68 167
131 230
193 292
138 237
171 270
110 209
76 175
111 210
27 126
47 146
98 197
191 290
194 293
24 123
75 174
150 249
99 198
171 270
69 168
87 186
164 263
155 254
116 215
128 227
90 189
106 205
62 161
164 263
124 223
26 125
78 177
95 194
104 203
69 168
37 136
194 293
137 236
114 213
43 142
158 257
69 168
52 151
30 129
134 233
138 237
16 115
133 232
23 122
91 190
105 204
171 270
94 193
147 246
86 185
171 270
34 133
112 211
10 109
159 258
7 106
65 164
115 214
74 173
150 249
37 136
10 109
138 237
76 175
116 215
162 261
84 183
196 295
88 187
192 291
159 258
89 188
124 223
77 176
16 115
116 215
31 130
117 216
33 132
36 135
24 123
172 271
124 223
46 145
195 294
165 264
50 149
29 128
196 295
9 108
129 228
15 114
75 174
36 135
49 148
106 205
95 194
77 176
53 152
20 119
30 129
59 158
161 260
35 134
106 205
136 235
149 248
124 223
114 213
86 185
188 287
55 154
133 232
164 263
179 278
66 165
66 165
148 247
123 222
128 227
16 115
166 265
77 176
93 192
176 275
68 167
72 171
18 117
27 126
11 110
188 287
39 138
85 184
41 140
33 132
123 222
32 131
8 107
138 237
131 230
142 241
53 152
16 115
193 292
84 183
169 268
165 264
44 143
158 257
113 212
89 188
196 295
170 269
60 159
81 180
100 199
6 105
192 291
40 139
85 184
193 292
140 239
47 146
176 275
90 189
52 151
182 281
151 250
98 197
184 283
142 241
176 275
36 135
57 156
160 259
85 184
144 243
20 119
37 136
23 122
190 289
106 205
59 158
106 205
52 151
153 252
97 196
147 246
149 248
56 155
195 294
117 216
105 204
151 250
144 243
159 258
183 282
42 141
12 111
139 238
15 114
67 166
28 127
20 119
83 182
161 260
17 116
114 213
19 118
135 234
110 209
177 276
56 155
55 154
90 189
144 243
183 282
143 242
158 257
178 277
154 253
177 276
152 251
51 150
37 136
92 191
73 172
91 190
47 146
23 122
73 172
21 120
160 259
15 114
25 124
26 125
101 200
147 246
168 267
5 104
53 152
11 110
168 267
187 286
110 209
166 265
154 253
170 269
183 282
126 225
45 144
0 99
9 108
65 164
26 125
113 212
147 246
136 235
172 271
115 214
65 164
140 239
159 258
164 263
0 99
84 183
90 189
172 271
48 147
103 202
109 208
145 244
31 130
168 267
90 189
43 142
146 245
124 223
188 287
196 295
153 252
105 204
169 268
148 247
27 126
111 210
158 257
38 137
75 174
191 290
154 253
138 237
9 108
77 176
82 181
185 284
94 193
90 189
137 236
25 124
142 241
4 103
70 169
73 172
34 133
148 247
75 174
77 176
129 228
170 269
170 269
55 154
187 286
120 219
78 177
195 294
95 194
102 201
77 176
194 293
84 183
51 150
7 106
157 256
197 296
8 107
95 194
129 228
178 277
4 103
157 256
33 132
111 210
22 121
4 103
50 149
64 163
180 279
59 158
163 262
84 183
190 289
111 210
91 190
82 181
190 289
107 206
59 158
21 120
109 208
0 99
155 254
137 236
75 174
180 279
46 145
61 160
117 216
48 147
90 189
37 136
22 121
5 104
38 137
53 152
158 257
119 218
36 135
76 175
14 113
114 213
94 193
135 234
46 145
71 170
34 133
43 142
166 265
24 123
31 130
168 267
190 289
48 147
78 177
105 204
86 185
14 113
91 190
112 211
195 294
57 156
0 99
163 262
83 182
138 237
2 101
193 292
183 282
144 243
143 242
3 102
46 145
117 216
177 276
165 264
82 181
141 240
183 282
139 238
184 283
34 133
51 150
78 177
43 142
12 111
73 172
52 151
25 124
70 169
122 221
43 142
93 192
93 192
140 239
32 131
80 179
55 154
101 200
79 178
81 180
162 261
125 224
158 257
148 247
98 197
39 138
161 260
2 101
155 254
42 141
79 178
169 268
98 197
151 250
170 269
131 230
70 169
10 109
160 259
36 135
111 210
84 183
80 179
155 254
2 101
6 105
3 102
93 192
139 238
122 221
18 117
83 182
55 154
194 293
71 170
96 195
98 197
191 290
191 290
184 283
93 192
103 202
166 265
18 117
118 217
164 263
125 224
165 264
2 101
146 245
129 228
66 165
37 136
64 163
64 163
185 284
3 102
109 208
127 226
158 257
136 235
176 275
149 248
164 263
179 278
188 287
135 234
20 119
139 238
45 144
71 170
163 262
123 222
121 220
73 172
156 255
130 229
14 113
129 228
71 170
35 134
91 190
169 268
178 277
113 212
44 143
22 121
131 230
164 263
58 157
129 228
127 226
82 181
95 194
195 294
148 247
94 193
157 256
18 117
81 180
148 247
102 201
107 206
48 147
57 156
58 157
139 238
106 205
40 139
34 133
68 167
0 99
10 109
104 203
139 238
25 124
143 242
23 122
126 225
140 239
28 127
1 100
174 273
27 126
127 226
184 283
36 135
45 144
104 203
161 260
133 232
136 235
61 160
131 230
137 236
111 210
120 219
122 221
80 179
136 235
92 191
158 257
178 277
171 270
17 116
26 125
188 287
39 138
20 119
10 109
0 99
104 203
131 230
193 292
23 122
0 99
126 225
22 121
142 241
90 189
61 160
141 240
178 277
69 168
119 218
180 279
59 158
150 249
16 115
31 130
142 241
111 210
141 240
11 110
128 227
12 111
100 199
110 209
164 263
10 109
53 152
20 119
48 147
141 240
39 138
195 294
84 183
187 286
20 119
126 225
101 200
170 269
176 275
170 269
28 127
127 226
59 158
182 281
46 145
63 162
111 210
61 160
23 122
71 170
155 254
189 288
85 184
10 109
144 243
46 145
172 271
69 168
51 150
84 183
124 223
89 188
18 117
181 280
156 255
56 155
60 159
157 256
108 207
161 260
185 284
123 222
156 255
152 251
174 273
176 275
37 136
183 282
55 154
81 180
16 115
101 200
67 166
65 164
29 128
139 238
35 134
56 155
165 264
108 207
145 244
162 261
8 107
60 159
56 155
157 256
12 111
55 154
10 109
56 155
43 142
42 141
56 155
25 124
173 272
64 163
180 279
88 187
30 129
145 244
190 289
134 233
186 285
3 102
189 288
60 159
23 122
182 281
76 175
124 223
1 100
161 260
187 286
50 149
3 102
192 291
179 278
36 135
52 151
5 104
195 294
100 199
18 117
75 174
162 261
129 228
79 178
56 155
167 266
141 240
110 209
167 266
132 231
22 121
128 227
32 131
127 226
15 114
20 119
195 294
41 140
151 250
43 142
12 111
175 274
164 263
195 294
114 213
61 160
133 232
170 269
56 155
71 170
170 269
113 212
182 281
159 258
5 104
47 146
165 264
73 172
94 193
95 194
191 290
112 211
34 133
16 115
2 101
142 241
150 249
12 111
125 224
55 154
67 166
87 186
39 138
182 281
157 256
39 138
117 216
44 143
192 291
130 229
20 119
114 213
108 207
8 107
111 210
72 171
170 269
37 136
76 175
51 150
179 278
19 118
91 190
9 108
197 296
57 156
181 280
56 155
196 295
83 182
73 172
58 157
53 152
32 131
118 217
168 267
44 143
67 166
185 284
94 193
126 225
22 121
159 258
148 247
196 295
36 135
85 184
74 173
51 150
183 282
34 133
92 191
62 161
8 107
122 221
77 176
142 241
24 123
48 147
40 139
93 192
161 260
164 263
163 262
151 250
143 242
113 212
2 101
34 133
137 236
5 104
195 294
71 170
65 164
180 279
53 152
69 168
188 287
39 138
102 201
123 222
181 280
19 118
123 222
83 182
107 206
51 150
4 103
4 103
184 283
71 170
34 133
169 268
113 212
147 246
48 147
75 174
18 117
80 179
30 129
77 176
41 140
79 178
68 167
186 285
185 284
151 250
128 227
118 217
179 278
188 287
78 177
87 186
37 136
33 132
159 258
115 214
14 113
75 174
49 148
102 201
62 161
133 232
62 161
111 210
119 218
158 257
49 148
65 164
24 123
144 243
45 144
82 181
154 253
142 241
106 205
55 154
47 146
94 193
5 104
29 128
42 141
21 120
77 176
128 227
111 210
149 248
128 227
140 239
24 123
58 157
53 152
135 234
56 155
154 253
163 262
50 149
185 284
167 266
69 168
179 278
24 123
40 139
45 144
120 219
123 222
4 103
18 117
117 216
95 194
98 197
126 225
153 252
25 124
140 239
147 246
0 99
163 262
195 294
14 113
76 175
13 112
171 270
123 222
135 234
52 151
179 278
165 264
51 150
113 212
76 175
23 122
123 222
197 296
54 153
60 159
191 290
59 158
153 252
122 221
6 105
130 229
120 219
5 104
104 203
41 140
48 147
192 291
118 217
181 280
164 263
85 184
46 145
16 115
72 171
165 264
51 150
61 160
14 113
70 169
3 102
143 242
78 177
155 254
53 152
71 170
167 266
57 156
92 191
60 159
102 201
17 116
8 107
22 121
76 175
114 213
140 239
47 146
128 227
183 282
102 201
10 109
6 105
196 295
86 185
125 224
181 280
67 166
137 236
167 266
142 241
30 129
72 171
144 243
163 262
118 217
39 138
139 238
82 181
66 165
179 278
50 149
136 235
82 181
22 121
32 131
115 214
73 172
92 191
40 139
160 259
32 131
25 124
137 236
175 274
106 205
142 241
11 110
10 109
73 172
63 162
180 279
29 128
100 199
50 149
176 275
79 178
7 106
26 125
120 219
195 294
31 130
29 128
82 181
185 284
151 250
91 190
142 241
46 145
117 216
197 296
177 276
104 203
162 261
196 295
117 216
48 147
83 182
148 247
197 296
144 243
127 226
182 281
10 109
4 103
90 189
70 169
31 130
111 210
2 101
163 262
155 254
91 190
89 188
41 140
94 193
47 146
192 291
45 144
23 122
83 182
128 227
187 286
114 213
133 232
133 232
105 204
1 100
54 153
190 289
40 139
50 149
50 149
17 116
74 173
112 211
100 199
189 288
81 180
149 248
48 147
136 235
109 208
74 173
38 137
60 159
136 235
184 283
58 157
130 229
133 232
29 128
135 234
107 206
124 223
52 151
134 233
12 111
93 192
143 242
173 272
194 293
40 139
18 117
174 273
29 128
45 144
171 270
125 224
175 274
91 190
26 125
21 120
46 145
126 225
64 163
7 106
126 225
111 210
149 248
137 236
169 268
19 118
142 241
69 168
41 140
121 220
164 263
192 291
96 195
21 120
150 249
161 260
124 223
78 177
34 133
100 199
23 122
139 238
13 112
46 145
43 142
119 218
181 280
26 125
86 185
169 268
24 123
19 118
87 186
61 160
61 160
151 250
119 218
178 277
149 248
5 104
17 116
117 216
182 281
8 107
167 266
12 111
154 253
93 192
92 191
135 234
73 172
146 245
186 285
12 111
126 225
44 143
84 183
60 159
87 186
11 110
106 205
144 243
170 269
153 252
75 174
1 100
28 127
156 255
155 254
91 190
16 115
69 168
21 120
83 182
10 109
68 167
49 148
112 211
68 167
142 241
63 162
16 115
193 292
76 175
111 210
63 162
120 219
167 266
103 202
168 267
108 207
71 170
36 135
70 169
175 274
159 258
107 206
128 227
193 292
64 163
81 180
64 163
141 240
32 131
157 256
12 111
97 196
154 253
159 258
168 267
180 279
48 147
108 207
161 260
73 172
103 202
157 256
79 178
143 242
52 151
138 237
9 108
38 137
50 149
118 217
104 203
166 265
169 268
163 262
191 290
2 101
100 199
66 165
41 140
73 172
101 200
147 246
156 255
63 162
41 140
92 191
174 273
22 121
139 238
61 160
105 204
101 200
38 137
119 218
64 163
79 178
163 262
35 134
150 249
68 167
137 236
61 160
134 233
162 261
171 270
142 241
3 102
150 249
174 273
11 110
62 161
99 198
134 233
85 184
23 122
13 112
26 125
141 240
9 108
139 238
50 149
191 290
36 135
130 229
74 173
104 203
47 146
155 254
46 145
118 217
99 198
38 137
152 251
193 292
95 194
35 134
33 132
1 100
46 145
8 107
119 218
140 239
47 146
85 184
13 112
5 104
26 125
191 290
79 178
96 195
84 183
143 242
33 132
65 164
107 206
139 238
178 277
83 182
148 247
57 156
154 253
85 184
89 188
100 199
3 102
142 241
187 286
112 211
118 217
19 118
141 240
166 265
76 175
32 131
154 253
197 296
7 106
80 179
56 155
111 210
39 138
82 181
118 217
83 182
25 124
184 283
88 187
182 281
137 236
174 273
74 173
58 157
119 218
89 188
120 219
191 290
111 210
128 227
129 228
110 209
58 157
167 266
69 168
137 236
47 146
189 288
50 149
116 215
15 114
122 221
61 160
55 154
41 140
92 191
16 115
132 231
158 257
178 277
191 290
83 182
126 225
81 180
188 287
93 192
168 267
94 193
159 258
71 170
106 205
163 262
59 158
27 126
73 172
22 121
12 111
98 197
170 269
40 139
87 186
195 294
183 282
133 232
69 168
84 183
81 180
111 210
132 231
1 100
122 221
47 146
75 174
131 230
146 245
187 286
14 113
73 172
190 289
16 115
185 284
28 127
179 278
27 126
102 201
101 200
124 223
85 184
96 195
177 276
143 242
174 273
81 180
4 103
150 249
186 285
4 103
80 179
112 211
63 162
143 242
143 242
15 114
51 150
46 145
115 214
180 279
83 182
25 124
118 217
57 156
152 251
58 157
58 157
134 233
0 99
106 205
42 141
63 162
175 274
51 150
157 256
50 149
60 159
173 272
115 214
91 190
59 158
33 132
194 293
90 189
115 214
122 221
52 151
20 119
29 128
102 201
131 230
196 295
13 112
35 134
70 169
47 146
50 149
187 286
168 267
44 143
186 285
28 127
77 176
184 283
56 155
117 216
152 251
133 232
176 275
53 152
6 105
91 190
189 288
44 143
175 274
88 187
173 272
32 131
137 236
108 207
43 142
97 196
35 134
33 132
99 198
90 189
77 176
67 166
40 139
101 200
13 112
144 243
62 161
148 247
7 106
53 152
1 100
156 255
79 178
17 116
78 177
103 202
83 182
41 140
159 258
22 121
61 160
156 255
88 187
83 182
55 154
54 153
71 170
102 201
138 237
168 267
56 155
87 186
154 253
128 227
90 189
11 110
173 272
172 271
190 289
178 277
22 121
37 136
96 195
103 202
95 194
173 272
24 123
136 235
81 180
80 179
157 256
196 295
123 222
79 178
63 162
163 262
97 196
64 163
193 292
33 132
114 213
55 154
38 137
48 147
169 268
45 144
171 270
114 213
189 288
86 185
99 198
60 159
50 149
133 232
64 163
79 178
80 179
93 192
119 218
121 220
153 252
151 250
197 296
77 176
185 284
53 152
16 115
40 139
72 171
152 251
44 143
172 271
128 227
178 277
158 257
149 248
184 283
161 260
158 257
178 277
130 229
157 256
169 268
95 194
195 294
55 154
5 104
152 251
95 194
181 280
45 144
155 254
0 99
77 176
187 286
67 166
177 276
100 199
127 226
68 167
32 131
66 165
154 253
175 274
18 117
152 251
70 169
182 281
12 111
96 195
156 255
147 246
65 164
128 227
33 132
16 115
180 279
158 257
43 142
9 108
155 254
176 275
171 270
88 187
129 228
80 179
192 291
48 147
94 193
22 121
22 121
10 109
27 126
174 273
168 267
158 257
96 195
28 127
111 210
177 276
106 205
65 164
157 256
42 141
99 198
171 270
92 191
32 131
72 171
79 178
36 135
31 130
157 256
7 106
44 143
76 175
166 265
79 178
192 291
160 259
37 136
183 282
85 184
128 227
54 153
69 168
61 160
112 211
128 227
109 208
70 169
111 210
73 172
69 168
190 289
146 245
15 114
138 237
59 158
165 264
167 266
78 177
64 163
143 242
33 132
173 272
177 276
75 174
178 277
105 204
138 237
54 153
165 264
130 229
42 141
150 249
83 182
162 261
178 277
117 216
173 272
120 219
13 112
118 217
108 207
27 126
29 128
128 227
86 185
21 120
127 226
90 189
15 114
91 190
99 198
133 232
28 127
31 130
138 237
117 216
117 216
155 254
82 181
30 129
75 174
39 138
105 204
97 196
152 251
91 190
191 290
36 135
118 217
33 132
46 145
175 274
187 286
15 114
80 179
85 184
1 100
56 155
157 256
109 208
195 294
47 146
120 219
156 255
49 148
14 113
59 158
80 179
176 275
179 278
183 282
179 278
174 273
114 213
147 246
4 103
133 232
112 211
20 119
111 210
141 240
100 199
74 173
123 222
41 140
110 209
84 183
39 138
84 183
63 162
49 148
133 232
129 228
186 285
133 232
184 283
81 180
182 281
145 244
11 110
3 102
185 284
17 116
55 154
106 205
116 215
83 182
68 167
100 199
89 188
152 251
159 258
65 164
98 197
55 154
55 154
64 163
94 193
149 248
60 159
24 123
171 270
29 128
180 279
186 285
127 226
66 165
172 271
61 160
86 185
155 254
176 275
29 128
55 154
93 192
129 228
129 228
49 148
166 265
90 189
131 230
20 119
113 212
64 163
166 265
27 126
91 190
132 231
107 206
20 119
114 213
92 191
3 102
52 151
0 99
177 276
106 205
123 222
104 203
66 165
71 170
34 133
189 288
135 234
49 148
3 102
81 180
78 177
162 261
163 262
7 106
77 176
7 106
105 204
28 127
154 253
27 126
66 165
197 296
80 179
16 115
11 110
121 220
109 208
101 200
92 191
108 207
61 160
141 240
109 208
62 161
63 162
68 167
24 123
19 118
111 210
12 111
150 249
94 193
196 295
117 216
174 273
32 131
162 261
87 186
140 239
141 240
179 278
183 282
135 234
71 170
4 103
21 120
197 296
175 274
48 147
23 122
91 190
15 114
99 198
114 213
154 253
32 131
9 108
184 283
10 109
88 187
4 103
90 189
163 262
93 192
116 215
182 281
149 248
19 118
83 182
148 247
104 203
182 281
196 295
141 240
79 178
54 153
181 280
4 103
136 235
10 109
181 280
167 266
176 275
159 258
92 191
25 124
102 201
37 136
180 279
145 244
19 118
180 279
126 225
7 106
0 99
153 252
164 263
113 212
185 284
120 219
62 161
10 109
188 287
88 187
146 245
15 114
176 275
12 111
102 201
190 289
197 296
0 99
5 104
105 204
93 192
97 196
194 293
108 207
135 234
92 191
20 119
151 250
90 189
44 143
54 153
49 148
14 113
22 121
129 228
19 118
155 254
2 101
187 286
79 178
5 104
149 248
187 286
176 275
99 198
26 125
15 114
182 281
190 289
110 209
111 210
116 215
125 224
47 146
45 144
176 275
163 262
93 192
164 263
78 177
64 163
43 142
112 211
127 226
150 249
120 219
67 166
79 178
26 125
36 135
0 99
4 103
93 192
90 189
35 134
59 158
72 171
93 192
115 214
183 282
102 201
85 184
154 253
151 250
13 112
142 241
34 133
41 140
170 269
2 101
110 209
197 296
139 238
151 250
63 162
16 115
136 235
100 199
81 180
122 221
177 276
112 211
105 204
61 160
40 139
91 190
129 228
159 258
141 240
40 139
149 248
154 253
131 230
14 113
29 128
153 252
12 111
191 290
0 99
177 276
66 165
107 206
46 145
159 258
109 208
49 148
174 273
194 293
121 220
66 165
63 162
70 169
167 266
78 177
134 233
6 105
157 256
165 264
41 140
77 176
2 101
40 139
140 239
195 294
139 238
150 249
73 172
46 145
8 107
4 103
88 187
2 101
167 266
155 254
147 246
182 281
74 173
144 243
103 202
196 295
35 134
174 273
58 157
67 166
25 124
3 102
192 291
158 257
151 250
122 221
74 173
116 215
119 218
103 202
152 251
31 130
182 281
114 213
87 186
71 170
81 180
43 142
60 159
77 176
45 144
189 288
52 151
193 292
136 235
173 272
116 215
99 198
75 174
84 183
125 224
124 223
150 249
114 213
61 160
26 125
63 162
95 194
133 232
13 112
29 128
0 99
3 102
11 110
105 204
174 273
75 174
164 263
162 261
6 105
66 165
142 241
98 197
139 238
88 187
126 225
66 165
137 236
130 229
4 103
55 154
40 139
68 167
132 231
27 126
132 231
12 111
184 283
165 264
43 142
45 144
189 288
43 142
38 137
7 106
84 183
51 150
168 267
7 106
70 169
155 254
145 244
116 215
109 208
25 124
175 274
143 242
88 187
17 116
147 246
164 263
162 261
32 131
20 119
159 258
172 271
80 179
85 184
27 126
143 242
165 264
109 208
172 271
145 244
150 249
73 172
126 225
129 228
183 282
170 269
17 116
170 269
131 230
147 246
104 203
86 185
78 177
22 121
106 205
37 136
159 258
183 282
143 242
39 138
12 111
179 278
30 129
177 276
127 226
187 286
132 231
169 268
18 117
136 235
168 267
164 263
43 142
137 236
11 110
72 171
145 244
55 154
35 134
54 153
153 252
129 228
24 123
146 245
164 263
184 283
7 106
40 139
191 290
85 184
57 156
29 128
98 197
120 219
131 230
41 140
70 169
108 207
145 244
178 277
155 254
131 230
184 283
89 188
70 169
29 128
112 211
164 263
97 196
113 212
186 285
171 270
167 266
70 169
44 143
184 283
42 141
179 278
90 189
44 143
130 229
12 111
70 169
125 224
138 237
146 245
96 195
116 215
101 200
80 179
128 227
160 259
16 115
105 204
61 160
75 174
186 285
1 100
99 198
155 254
113 212
183 282
45 144
19 118
13 112
48 147
34 133
46 145
2 101
12 111
140 239
108 207
74 173
134 233
62 161
34 133
70 169
122 221
1 100
51 150
139 238
123 222
70 169
196 295
124 223
148 247
42 141
50 149
27 126
70 169
62 161
195 294
144 243
149 248
20 119
124 223
36 135
160 259
26 125
87 186
123 222
163 262
70 169
178 277
128 227
185 284
80 179
70 169
144 243
194 293
49 148
0 99
117 216
72 171
70 169
165 264
28 127
173 272
66 165
187 286
134 233
96 195
101 200
135 234
21 120
3 102
149 248
153 252
42 141
101 200
161 260
9 108
5 104
119 218
24 123
189 288
97 196
167 266
185 284
88 187
13 112
17 116
182 281
79 178
193 292
84 183
81 180
144 243
46 145
159 258
9 108
53 152
79 178
0 99
137 236
17 116
98 197
127 226
123 222
51 150
151 250
148 247
48 147
21 120
48 147
149 248
47 146
1 100
1 100
39 138
50 149
169 268
138 237
143 242
73 172
95 194
115 214
13 112
153 252
63 162
197 296
87 186
75 174
140 239
147 246
156 255
66 165
80 179
37 136
79 178
110 209
143 242
0 99
43 142
176 275
91 190
128 227
159 258
34 133
130 229
131 230
177 276
59 158
144 243
164 263
49 148
104 203
173 272
43 142
53 152
100 199
73 172
145 244
59 158
47 146
158 257
65 164
58 157
42 141
10 109
137 236
27 126
9 108
52 151
169 268
120 219
12 111
24 123
82 181
36 135
33 132
103 202
129 228
168 267
40 139
98 197
145 244
23 122
67 166
173 272
94 193
17 116
189 288
11 110
62 161
117 216
115 214
195 294
124 223
167 266
109 208
160 259
16 115
100 199
81 180
35 134
56 155
110 209
42 141
166 265
134 233
65 164
26 125
195 294
81 180
105 204
142 241
147 246
104 203
26 125
107 206
3 102
49 148
133 232
177 276
74 173
95 194
152 251
121 220
58 157
13 112
148 247
34 133
108 207
69 168
144 243
81 180
174 273
20 119
150 249
3 102
7 106
1 100
128 227
49 148
89 188
54 153
64 163
85 184
98 197
119 218
82 181
174 273
104 203
66 165
128 227
13 112
194 293
178 277
107 206
112 211
12 111
55 154
125 224
172 271
79 178
166 265
22 121
105 204
50 149
98 197
122 221
189 288
57 156
83 182
107 206
34 133
38 137
104 203
50 149
137 236
149 248
9 108
100 199
91 190
108 207
129 228
102 201
130 229
128 227
180 279
123 222
36 135
10 109
63 162
61 160
33 132
2 101
75 174
67 166
64 163
71 170
143 242
146 245
66 165
176 275
98 197
121 220
51 150
103 202
7 106
191 290
185 284
134 233
25 124
144 243
186 285
186 285
160 259
20 119
6 105
67 166
185 284
129 228
28 127
21 120
163 262
140 239
80 179
6 105
4 103
88 187
182 281
36 135
135 234
5 104
173 272
67 166
127 226
51 150
192 291
185 284
109 208
6 105
186 285
16 115
99 198
194 293
170 269
111 210
195 294
147 246
138 237
194 293
76 175
85 184
191 290
196 295
98 197
157 256
134 233
38 137
88 187
45 144
56 155
164 263
94 193
62 161
1 100
186 285
83 182
50 149
111 210
135 234
33 132
169 268
181 280
24 123
88 187
63 162
125 224
104 203
86 185
101 200
71 170
78 177
93 192
166 265
80 179
166 265
21 120
141 240
164 263
41 140
176 275
14 113
121 220
80 179
17 116
108 207
11 110
135 234
100 199
196 295
32 131
41 140
197 296
5 104
175 274
39 138
1 100
164 263
187 286
167 266
22 121
137 236
163 262
4 103
148 247
78 177
150 249
7 106
105 204
28 127
14 113
61 160
37 136
191 290
81 180
34 133
157 256
96 195
190 289
9 108
180 279
55 154
191 290
10 109
54 153
196 295
57 156
75 174
40 139
9 108
135 234
93 192
181 280
116 215
109 208
120 219
45 144
28 127
24 123
101 200
92 191
111 210
39 138
168 267
22 121
76 175
30 129
38 137
29 128
24 123
34 133
172 271
138 237
11 110
98 197
144 243
58 157
140 239
61 160
1 100
36 135
162 261
58 157
124 223
48 147
61 160
64 163
187 286
50 149
47 146
17 116
193 292
111 210
41 140
24 123
92 191
99 198
158 257
159 258
48 147
36 135
114 213
84 183
127 226
73 172
103 202
114 213
107 206
86 185
9 108
157 256
100 199
159 258
155 254
9 108
154 253
110 209
20 119
51 150
163 262
163 262
179 278
187 286
161 260
10 109
93 192
177 276
7 106
141 240
172 271
183 282
44 143
66 165
108 207
103 202
145 244
86 185
153 252
18 117
105 204
36 135
120 219
128 227
83 182
48 147
7 106
7 106
196 295
70 169
99 198
189 288
154 253
168 267
183 282
175 274
11 110
140 239
171 270
56 155
157 256
164 263
79 178
163 262
104 203
137 236
42 141
185 284
17 116
24 123
14 113
195 294
62 161
55 154
117 216
13 112
187 286
155 254
142 241
3 102
93 192
90 189
90 189
38 137
120 219
93 192
74 173
152 251
15 114
25 124
90 189
11 110
72 171
51 150
79 178
185 284
116 215
160 259
127 226
95 194
160 259
140 239
44 143
171 270
66 165
169 268
32 131
126 225
146 245
142 241
33 132
87 186
179 278
186 285
161 260
126 225
178 277
7 106
108 207
53 152
58 157
35 134
93 192
163 262
43 142
148 247
5 104
91 190
148 247
93 192
112 211
153 252
175 274
98 197
159 258
41 140
44 143
39 138
10 109
103 202
174 273
182 281
74 173
0 99
175 274
122 221
3 102
140 239
123 222
115 214
42 141
52 151
26 125
27 126
174 273
73 172
132 231
7 106
111 210
84 183
98 197
117 216
23 122
164 263
169 268
134 233
128 227
149 248
131 230
193 292
182 281
130 229
194 293
105 204
131 230
185 284
146 245
105 204
127 226
62 161
52 151
69 168
111 210
37 136
181 280
136 235
197 296
138 237
119 218
24 123
32 131
100 199
27 126
142 241
142 241
184 283
66 165
145 244
114 213
115 214
77 176
171 270
90 189
1 100
105 204
182 281
13 112
88 187
185 284
24 123
134 233
124 223
61 160
128 227
101 200
21 120
58 157
167 266
155 254
170 269
103 202
37 136
104 203
132 231
58 157
96 195
93 192
180 279
108 207
197 296
19 118
97 196
161 260
119 218
175 274
137 236
135 234
103 202
81 180
79 178
183 282
130 229
97 196
92 191
13 112
19 118
11 110
9 108
197 296
29 128
187 286
56 155
173 272
15 114
161 260
28 127
115 214
1 100
162 261
137 236
48 147
131 230
61 160
80 179
167 266
132 231
100 199
147 246
24 123
95 194
48 147
40 139
98 197
190 289
2 101
9 108
75 174
115 214
71 170
7 106
70 169
49 148
174 273
143 242
146 245
177 276
106 205
51 150
35 134
2 101
172 271
88 187
177 276
38 137
49 148
89 188
187 286
33 132
192 291
171 270
136 235
27 126
113 212
175 274
22 121
185 284
110 209
88 187
32 131
77 176
21 120
194 293
163 262
189 288
148 247
154 253
87 186
120 219
37 136
66 165
167 266
71 170
155 254
178 277
150 249
75 174
163 262
39 138
27 126
23 122
71 170
116 215
131 230
7 106
125 224
121 220
2 101
21 120
109 208
108 207
84 183
104 203
126 225
18 117
172 271
166 265
76 175
21 120
152 251
129 228
183 282
37 136
131 230
102 201
150 249
188 287
157 256
190 289
16 115
73 172
36 135
50 149
38 137
137 236
154 253
148 247
99 198
183 282
19 118
58 157
170 269
97 196
54 153
54 153
134 233
177 276
2 101
88 187
41 140
82 181
189 288
23 122
27 126
173 272
78 177
129 228
36 135
79 178
55 154
144 243
191 290
30 129
182 281
6 105
92 191
78 177
89 188
170 269
182 281
59 158
9 108
24 123
67 166
57 156
97 196
86 185
166 265
123 222
174 273
186 285
187 286
34 133
98 197
175 274
95 194
117 216
96 195
130 229
114 213
66 165
133 232
30 129
107 206
84 183
55 154
132 231
184 283
71 170
28 127
150 249
145 244
80 179
189 288
123 222
122 221
76 175
42 141
113 212
169 268
132 231
34 133
101 200
76 175
161 260
73 172
145 244
178 277
40 139
53 152
138 237
75 174
122 221
181 280
73 172
146 245
158 257
32 131
40 139
48 147
88 187
15 114
142 241
144 243
73 172
188 287
167 266
73 172
160 259
119 218
190 289
113 212
98 197
185 284
119 218
167 266
8 107
32 131
89 188
87 186
19 118
6 105
72 171
9 108
128 227
74 173
0 99
43 142
181 280
42 141
187 286
154 253
92 191
195 294
36 135
9 108
132 231
42 141
194 293
88 187
27 126
117 216
30 129
63 162
31 130
78 177
31 130
175 274
66 165
85 184
90 189
122 221
182 281
79 178
39 138
148 247
154 253
152 251
117 216
185 284
54 153
100 199
4 103
44 143
24 123
58 157
97 196
196 295
88 187
120 219
76 175
55 154
50 149
93 192
153 252
77 176
79 178
34 133
190 289
140 239
108 207
51 150
45 144
122 221
91 190
159 258
30 129
73 172
124 223
92 191
138 237
60 159
70 169
94 193
130 229
32 131
8 107
62 161
45 144
14 113
46 145
75 174
163 262
158 257
66 165
50 149
125 224
194 293
90 189
90 189
19 118
66 165
111 210
100 199
140 239
11 110
106 205
97 196
112 211
116 215
158 257
121 220
7 106
165 264
32 131
0 99
91 190
155 254
166 265
50 149
87 186
32 131
28 127
137 236
123 222
121 220
113 212
165 264
139 238
48 147
173 272
64 163
59 158
195 294
35 134
144 243
120 219
56 155
116 215
130 229
152 251
2 101
155 254
49 148
53 152
113 212
148 247
85 184
179 278
177 276
68 167
92 191
38 137
74 173
172 271
16 115
152 251
190 289
151 250
153 252
169 268
10 109
186 285
151 250
75 174
17 116
136 235
128 227
43 142
133 232
88 187
105 204
152 251
74 173
120 219
35 134
126 225
73 172
60 159
128 227
91 190
136 235
51 150
39 138
179 278
190 289
21 120
16 115
68 167
124 223
81 180
0 99
24 123
165 264
184 283
137 236
31 130
13 112
184 283
75 174
90 189
141 240
195 294
16 115
116 215
93 192
197 296
109 208
32 131
195 294
176 275
139 238
82 181
178 277
137 236
180 279
184 283
157 256
108 207
190 289
34 133
25 124
8 107
97 196
26 125
156 255
148 247
163 262
142 241
161 260
106 205
46 145
131 230
76 175
155 254
128 227
71 170
95 194
44 143
77 176
57 156
64 163
113 212
123 222
141 240
50 149
71 170
134 233
144 243
165 264
50 149
60 159
183 282
44 143
100 199
76 175
16 115
127 226
125 224
127 226
192 291
145 244
158 257
121 220
75 174
182 281
145 244
187 286
60 159
2 101
31 130
153 252
17 116
73 172
16 115
53 152
153 252
32 131
79 178
53 152
96 195
93 192
120 219
195 294
50 149
107 206
184 283
4 103
17 116
146 245
179 278
172 271
56 155
139 238
28 127
82 181
58 157
196 295
1 100
98 197
55 154
146 245
191 290
154 253
44 143
91 190
80 179
2 101
33 132
14 113
9 108
139 238
164 263
6 105
51 150
197 296
89 188
28 127
45 144
140 239
86 185
155 254
140 239
8 107
195 294
50 149
167 266
65 164
180 279
162 261
102 201
191 290
123 222
25 124
16 115
44 143
86 185
114 213
11 110
5 104
173 272
144 243
109 208
44 143
36 135
191 290
73 172
158 257
88 187
50 149
133 232
7 106
140 239
181 280
94 193
51 150
62 161
59 158
185 284
93 192
188 287
164 263
5 104
54 153
181 280
188 287
42 141
21 120
192 291
137 236
159 258
195 294
116 215
4 103
102 201
80 179
117 216
99 198
130 229
41 140
84 183
113 212
132 231
26 125
93 192
0 99
14 113
80 179
28 127
89 188
31 130
69 168
176 275
192 291
128 227
101 200
185 284
99 198
37 136
63 162
46 145
27 126
129 228
166 265
6 105
61 160
97 196
15 114
133 232
29 128
135 234
30 129
62 161
69 168
56 155
23 122
117 216
148 247
10 109
125 224
131 230
47 146
124 223
107 206
21 120
39 138
186 285
175 274
46 145
10 109
196 295
133 232
188 287
88 187
1 100
162 261
131 230
71 170
119 218
153 252
151 250
87 186
150 249
190 289
173 272
125 224
167 266
158 257
84 183
77 176
39 138
56 155
109 208
191 290
187 286
51 150
111 210
70 169
144 243
59 158
152 251
48 147
97 196
11 110
14 113
33 132
156 255
94 193
21 120
111 210
125 224
67 166
117 216
165 264
170 269
76 175
82 181
103 202
118 217
46 145
63 162
116 215
5 104
4 103
21 120
120 219
86 185
111 210
58 157
137 236
69 168
134 233
88 187
94 193
163 262
81 180
118 217
170 269
120 219
167 266
12 111
70 169
44 143
22 121
125 224
26 125
21 120
34 133
92 191
164 263
8 107
182 281
131 230
193 292
30 129
115 214
108 207
29 128
7 106
88 187
131 230
139 238
126 225
14 113
48 147
93 192
11 110
173 272
150 249
23 122
182 281
114 213
151 250
113 212
103 202
164 263
114 213
142 241
116 215
52 151
80 179
11 110
130 229
66 165
189 288
195 294
187 286
48 147
123 222
66 165
171 270
172 271
9 108
34 133
65 164
114 213
103 202
2 101
123 222
138 237
178 277
120 219
107 206
60 159
193 292
167 266
11 110
111 210
147 246
126 225
55 154
107 206
128 227
23 122
168 267
145 244
193 292
119 218
38 137
183 282
143 242
32 131
73 172
65 164
66 165
67 166
99 198
144 243
17 116
1 100
163 262
149 248
161 260
176 275
83 182
136 235
186 285
175 274
111 210
66 165
45 144
126 225
45 144
1 100
15 114
78 177
54 153
197 296
169 268
110 209
155 254
101 200
161 260
24 123
5 104
60 159
79 178
160 259
29 128
78 177
59 158
116 215
183 282
113 212
108 207
134 233
56 155
103 202
30 129
33 132
163 262
138 237
53 152
70 169
175 274
131 230
48 147
140 239
123 222
178 277
77 176
52 151
194 293
65 164
126 225
119 218
91 190
117 216
183 282
7 106
163 262
52 151
2 101
104 203
192 291
27 126
34 133
108 207
148 247
84 183
101 200
118 217
159 258
91 190
86 185
141 240
121 220
154 253
101 200
188 287
28 127
151 250
11 110
4 103
197 296
7 106
73 172
143 242
18 117
114 213
46 145
49 148
160 259
84 183
3 102
151 250
47 146
137 236
189 288
181 280
81 180
113 212
178 277
41 140
117 216
77 176
20 119
34 133
186 285
45 144
13 112
96 195
179 278
7 106
50 149
24 123
41 140
109 208
192 291
111 210
89 188
133 232
145 244
150 249
23 122
133 232
159 258
69 168
97 196
170 269
67 166
186 285
38 137
155 254
69 168
31 130
178 277
79 178
184 283
128 227
191 290
191 290
115 214
87 186
84 183
22 121
190 289
112 211
2 101
137 236
134 233
157 256
118 217
197 296
186 285
11 110
165 264
88 187
122 221
145 244
11 110
14 113
188 287
181 280
164 263
123 222
118 217
131 230
44 143
105 204
44 143
108 207
26 125
96 195
153 252
86 185
27 126
165 264
7 106
78 177
141 240
12 111
177 276
54 153
162 261
97 196
193 292
115 214
52 151
148 247
182 281
89 188
191 290
172 271
178 277
130 229
58 157
82 181
33 132
94 193
137 236
195 294
74 173
7 106
116 215
14 113
176 275
78 177
177 276
12 111
130 229
0 99
82 181
137 236
159 258
170 269
127 226
176 275
32 131
164 263
161 260
58 157
87 186
87 186
86 185
129 228
32 131
143 242
40 139
6 105
79 178
13 112
147 246
87 186
92 191
27 126
130 229
40 139
133 232
13 112
111 210
84 183
117 216
97 196
2 101
180 279
65 164
163 262
166 265
43 142
67 166
61 160
3 102
77 176
121 220
10 109
181 280
108 207
170 269
77 176
146 245
137 236
167 266
72 171
171 270
111 210
178 277
141 240
20 119
72 171
139 238
103 202
87 186
7 106
106 205
148 247
128 227
51 150
82 181
117 216
173 272
22 121
153 252
178 277
97 196
102 201
28 127
73 172
129 228
34 133
142 241
0 99
196 295
147 246
58 157
110 209
84 183
134 233
53 152
194 293
145 244
151 250
94 193
47 146
134 233
1 100
96 195
139 238
180 279
96 195
109 208
195 294
148 247
68 167
36 135
137 236
142 241
80 179
69 168
139 238
149 248
109 208
47 146
168 267
166 265
196 295
86 185
93 192
3 102
149 248
89 188
176 275
197 296
89 188
182 281
24 123
187 286
101 200
80 179
186 285
142 241
95 194
62 161
179 278
164 263
134 233
2 101
169 268
35 134
43 142
36 135
76 175
191 290
67 166
98 197
150 249
168 267
122 221
65 164
90 189
128 227
75 174
158 257
69 168
141 240
47 146
30 129
101 200
151 250
77 176
44 143
22 121
53 152
59 158
68 167
130 229
137 236
138 237
48 147
78 177
50 149
92 191
20 119
17 116
30 129
1 100
159 258
60 159
92 191
8 107
108 207
44 143
104 203
140 239
21 120
50 149
97 196
45 144
47 146
81 180
184 283
150 249
66 165
150 249
187 286
66 165
191 290
50 149
17 116
108 207
141 240
158 257
40 139
59 158
118 217
111 210
179 278
100 199
109 208
154 253
13 112
111 210
113 212
193 292
118 217
102 201
88 187
79 178
70 169
181 280
170 269
175 274
56 155
150 249
127 226
11 110
65 164
67 166
112 211
49 148
157 256
16 115
38 137
170 269
153 252
91 190
117 216
114 213
113 212
69 168
64 163
181 280
50 149
147 246
41 140
33 132
129 228
66 165
111 210
77 176
195 294
82 181
76 175
191 290
67 166
182 281
25 124
175 274
89 188
56 155
158 257
159 258
118 217
175 274
84 183
5 104
80 179
109 208
160 259
114 213
130 229
161 260
152 251
151 250
16 115
47 146
27 126
134 233
156 255
176 275
125 224
93 192
32 131
165 264
20 119
170 269
22 121
190 289
70 169
139 238
181 280
19 118
147 246
139 238
142 241
66 165
163 262
154 253
5 104
185 284
26 125
32 131
118 217
33 132
83 182
153 252
133 232
20 119
146 245
137 236
117 216
188 287
30 129
139 238
36 135
51 150
23 122
113 212
164 263
65 164
149 248
9 108
173 272
162 261
0 99
151 250
144 243
193 292
30 129
158 257
185 284
59 158
6 105
113 212
91 190
86 185
82 181
71 170
196 295
182 281
182 281
84 183
68 167
136 235
189 288
45 144
125 224
136 235
74 173
6 105
147 246
15 114
61 160
197 296
98 197
109 208
54 153
151 250
106 205
32 131
124 223
169 268
191 290
9 108
100 199
133 232
23 122
116 215
125 224
102 201
117 216
3 102
172 271
60 159
37 136
36 135
35 134
5 104
99 198
164 263
9 108
160 259
17 116
61 160
70 169
130 229
59 158
142 241
0 99
159 258
1 100
61 160
87 186
150 249
52 151
34 133
43 142
193 292
159 258
173 272
132 231
156 255
81 180
155 254
172 271
144 243
158 257
117 216
2 101
174 273
18 117
191 290
113 212
146 245
127 226
31 130
113 212
11 110
32 131
57 156
96 195
49 148
171 270
194 293
103 202
116 215
85 184
137 236
178 277
128 227
48 147
115 214
129 228
26 125
103 202
92 191
1 100
71 170
8 107
54 153
185 284
17 116
176 275
53 152
15 114
114 213
184 283
31 130
62 161
83 182
134 233
31 130
2 101
173 272
27 126
37 136
98 197
7 106
182 281
11 110
159 258
5 104
137 236
107 206
67 166
186 285
182 281
173 272
149 248
184 283
64 163
109 208
95 194
8 107
36 135
97 196
40 139
76 175
56 155
11 110
123 222
126 225
132 231
174 273
46 145
102 201
25 124
175 274
75 174
191 290
121 220
66 165
182 281
102 201
142 241
26 125
86 185
190 289
161 260
43 142
75 174
95 194
196 295
13 112
7 106
160 259
98 197
113 212
80 179
164 263
53 152
132 231
195 294
186 285
138 237
17 116
149 248
52 151
87 186
183 282
110 209
114 213
78 177
178 277
92 191
128 227
173 272
37 136
86 185
1 100
181 280
42 141
22 121
79 178
53 152
26 125
30 129
74 173
161 260
46 145
73 172
118 217
120 219
164 263
88 187
89 188
142 241
93 192
118 217
85 184
58 157
12 111
76 175
104 203
118 217
145 244
103 202
68 167
197 296
62 161
29 128
45 144
159 258
37 136
93 192
2 101
164 263
145 244
78 177
131 230
104 203
3 102
87 186
116 215
123 222
173 272
161 260
136 235
11 110
132 231
20 119
98 197
57 156
164 263
161 260
55 154
186 285
147 246
8 107
113 212
82 181
183 282
117 216
136 235
44 143
99 198
129 228
157 256
47 146
17 116
124 223
92 191
99 198
144 243
109 208
152 251
30 129
128 227
3 102
98 197
78 177
184 283
84 183
107 206
66 165
6 105
118 217
73 172
75 174
85 184
130 229
2 101
175 274
135 234
122 221
94 193
192 291
158 257
112 211
191 290
5 104
186 285
22 121
166 265
97 196
8 107
80 179
131 230
59 158
94 193
103 202
135 234
166 265
82 181
55 154
164 263
23 122
18 117
187 286
46 145
64 163
145 244
190 289
15 114
8 107
68 167
59 158
16 115
111 210
173 272
129 228
156 255
14 113
40 139
76 175
147 246
101 200
31 130
50 149
105 204
36 135
154 253
21 120
39 138
120 219
131 230
168 267
155 254
91 190
150 249
135 234
164 263
75 174
7 106
70 169
113 212
18 117
75 174
179 278
146 245
72 171
100 199
70 169
25 124
66 165
175 274
25 124
69 168
164 263
47 146
127 226
95 194
139 238
89 188
56 155
69 168
114 213
6 105
172 271
67 166
80 179
37 136
142 241
155 254
40 139
112 211
117 216
31 130
71 170
8 107
41 140
145 244
180 279
22 121
171 270
79 178
64 163
116 215
77 176
164 263
163 262
76 175
53 152
75 174
154 253
94 193
8 107
31 130
42 141
35 134
179 278
182 281
51 150
44 143
95 194
159 258
104 203
39 138
134 233
88 187
137 236
150 249
167 266
14 113
75 174
178 277
135 234
94 193
138 237
135 234
67 166
11 110
143 242
55 154
126 225
94 193
92 191
37 136
135 234
36 135
113 212
109 208
134 233
152 251
170 269
194 293
172 271
3 102
160 259
171 270
42 141
151 250
33 132
30 129
74 173
137 236
165 264
148 247
161 260
114 213
68 167
77 176
94 193
44 143
71 170
117 216
85 184
134 233
168 267
110 209
136 235
34 133
193 292
4 103
141 240
115 214
167 266
161 260
152 251
113 212
66 165
133 232
40 139
51 150
41 140
93 192
95 194
42 141
15 114
85 184
126 225
153 252
176 275
76 175
103 202
21 120
142 241
138 237
97 196
159 258
49 148
129 228
195 294
82 181
64 163
54 153
8 107
24 123
194 293
153 252
191 290
19 118
130 229
49 148
93 192
123 222
193 292
188 287
139 238
150 249
187 286
30 129
51 150
135 234
84 183
109 208
10 109
189 288
111 210
192 291
74 173
50 149
99 198
166 265
178 277
178 277
125 224
103 202
191 290
121 220
74 173
173 272
125 224
158 257
24 123
166 265
1 100
87 186
7 106
109 208
87 186
5 104
20 119
79 178
112 211
66 165
61 160
135 234
181 280
153 252
119 218
39 138
11 110
17 116
51 150
99 198
8 107
197 296
172 271
124 223
41 140
75 174
188 287
4 103
169 268
84 183
51 150
194 293
86 185
22 121
171 270
92 191
133 232
93 192
110 209
136 235
160 259
104 203
140 239
50 149
126 225
88 187
25 124
85 184
145 244
40 139
99 198
144 243
51 150
66 165
134 233
49 148
34 133
113 212
97 196
180 279
96 195
165 264
50 149
20 119
156 255
79 178
52 151
70 169
141 240
125 224
119 218
164 263
175 274
34 133
142 241
193 292
87 186
76 175
11 110
152 251
92 191
22 121
36 135
101 200
15 114
19 118
192 291
90 189
97 196
38 137
33 132
14 113
138 237
38 137
163 262
91 190
47 146
172 271
72 171
38 137
36 135
194 293
110 209
176 275
158 257
5 104
50 149
40 139
28 127
122 221
80 179
79 178
55 154
50 149
178 277
28 127
144 243
122 221
15 114
154 253
136 235
158 257
146 245
52 151
74 173
76 175
114 213
21 120
33 132
169 268
135 234
63 162
116 215
144 243
170 269
101 200
140 239
69 168
108 207
183 282
183 282
37 136
88 187
77 176
15 114
30 129
59 158
143 242
106 205
179 278
163 262
6 105
150 249
184 283
148 247
69 168
59 158
76 175
4 103
45 144
33 132
23 122
46 145
94 193
2 101
89 188
139 238
164 263
39 138
74 173
153 252
112 211
151 250
193 292
179 278
9 108
45 144
7 106
161 260
77 176
41 140
70 169
26 125
62 161
16 115
96 195
114 213
141 240
163 262
107 206
54 153
66 165
128 227
120 219
54 153
154 253
60 159
175 274
84 183
107 206
27 126
96 195
120 219
27 126
154 253
169 268
4 103
169 268
20 119
64 163
89 188
75 174
112 211
9 108
141 240
52 151
51 150
184 283
87 186
155 254
15 114
173 272
21 120
59 158
96 195
12 111
156 255
94 193
105 204
85 184
49 148
78 177
40 139
17 116
27 126
150 249
98 197
66 165
132 231
82 181
103 202
57 156
145 244
184 283
32 131
48 147
156 255
190 289
192 291
154 253
166 265
70 169
31 130
35 134
77 176
50 149
196 295
167 266
84 183
114 213
101 200
83 182
149 248
0 99
82 181
161 260
33 132
119 218
145 244
16 115
125 224
100 199
54 153
184 283
73 172
104 203
38 137
53 152
132 231
188 287
175 274
144 243
88 187
150 249
104 203
23 122
88 187
18 117
174 273
109 208
28 127
185 284
125 224
180 279
125 224
62 161
185 284
118 217
142 241
140 239
177 276
117 216
110 209
35 134
147 246
91 190
197 296
70 169
159 258
29 128
54 153
63 162
190 289
86 185
0 99
68 167
159 258
131 230
170 269
33 132
176 275
14 113
181 280
163 262
26 125
76 175
17 116
69 168
111 210
38 137
43 142
158 257
93 192
93 192
92 191
152 251
33 132
113 212
37 136
0 99
197 296
93 192
187 286
141 240
118 217
95 194
163 262
131 230
53 152
178 277
4 103
169 268
82 181
171 270
86 185
64 163
158 257
168 267
60 159
28 127
19 118
89 188
73 172
36 135
108 207
185 284
70 169
76 175
90 189
60 159
43 142
17 116
71 170
126 225
72 171
98 197
90 189
58 157
68 167
141 240
116 215
158 257
15 114
78 177
184 283
22 121
128 227
178 277
161 260
135 234
155 254
183 282
23 122
197 296
175 274
65 164
112 211
6 105
118 217
29 128
66 165
180 279
42 141
139 238
105 204
197 296
29 128
187 286
21 120
147 246
145 244
178 277
27 126
32 131
50 149
99 198
141 240
172 271
14 113
142 241
156 255
123 222
78 177
158 257
192 291
63 162
75 174
165 264
127 226
48 147
158 257
80 179
79 178
136 235
81 180
162 261
158 257
25 124
26 125
60 159
103 202
58 157
113 212
57 156
167 266
48 147
19 118
77 176
87 186
177 276
19 118
95 194
112 211
11 110
2 101
33 132
106 205
160 259
3 102
39 138
67 166
91 190
142 241
4 103
174 273
84 183
108 207
151 250
91 190
105 204
181 280
54 153
95 194
97 196
173 272
18 117
109 208
42 141
130 229
60 159
87 186
95 194
24 123
127 226
77 176
172 271
154 253
113 212
103 202
180 279
147 246
27 126
42 141
56 155
124 223
69 168
16 115
72 171
68 167
42 141
147 246
56 155
74 173
23 122
18 117
97 196
159 258
65 164
178 277
127 226
27 126
161 260
176 275
102 201
174 273
42 141
48 147
174 273
68 167
130 229
148 247
108 207
12 111
43 142
162 261
165 264
14 113
11 110
190 289
195 294
197 296
72 171
79 178
34 133
161 260
25 124
67 166
92 191
110 209
84 183
135 234
187 286
166 265
10 109
54 153
141 240
94 193
128 227
146 245
156 255
161 260
33 132
21 120
35 134
85 184
100 199
59 158
131 230
128 227
197 296
64 163
17 116
113 212
195 294
71 170
146 245
100 199
105 204
124 223
13 112
172 271
191 290
52 151
39 138
53 152
34 133
25 124
180 279
65 164
102 201
162 261
190 289
4 103
59 158
87 186
128 227
185 284
51 150
5 104
19 118
136 235
86 185
67 166
3 102
191 290
45 144
29 128
181 280
11 110
37 136
141 240
128 227
172 271
4 103
86 185
34 133
72 171
172 271
47 146
19 118
137 236
159 258
17 116
40 139
84 183
107 206
45 144
59 158
19 118
56 155
101 200
123 222
3 102
81 180
90 189
11 110
158 257
43 142
103 202
10 109
171 270
105 204
135 234
151 250
60 159
120 219
168 267
71 170
189 288
4 103
9 108
114 213
173 272
21 120
136 235
178 277
180 279
17 116
47 146
162 261
110 209
146 245
29 128
57 156
62 161
75 174
118 217
44 143
116 215
126 225
71 170
170 269
107 206
14 113
58 157
129 228
64 163
93 192
0 99
152 251
13 112
6 105
197 296
189 288
33 132
25 124
175 274
136 235
10 109
19 118
145 244
20 119
132 231
169 268
88 187
160 259
141 240
95 194
44 143
1 100
15 114
86 185
122 221
154 253
70 169
2 101
54 153
41 140
97 196
157 256
27 126
162 261
130 229
35 134
64 163
57 156
168 267
74 173
84 183
50 149
48 147
94 193
95 194
175 274
76 175
90 189
45 144
183 282
26 125
124 223
128 227
91 190
4 103
188 287
162 261
176 275
158 257
196 295
168 267
90 189
25 124
95 194
40 139
182 281
181 280
30 129
108 207
196 295
106 205
96 195
128 227
80 179
195 294
84 183
103 202
13 112
66 165
165 264
40 139
55 154
29 128
32 131
22 121
101 200
19 118
61 160
105 204
50 149
68 167
62 161
94 193
115 214
108 207
127 226
21 120
33 132
63 162
41 140
79 178
31 130
172 271
83 182
153 252
81 180
166 265
26 125
13 112
23 122
16 115
187 286
143 242
78 177
107 206
133 232
103 202
111 210
25 124
60 159
96 195
110 209
136 235
152 251
53 152
59 158
190 289
125 224
100 199
130 229
47 146
117 216
47 146
63 162
45 144
161 260
169 268
135 234
12 111
9 108
170 269
18 117
105 204
158 257
180 279
18 117
31 130
26 125
174 273
32 131
63 162
27 126
112 211
23 122
74 173
98 197
194 293
11 110
4 103
105 204
21 120
63 162
172 271
88 187
47 146
84 183
32 131
113 212
43 142
25 124
107 206
49 148
51 150
186 285
10 109
158 257
133 232
118 217
86 185
6 105
22 121
7 106
135 234
186 285
125 224
137 236
168 267
74 173
175 274
98 197
135 234
0 99
191 290
187 286
136 235
157 256
124 223
119 218
106 205
195 294
130 229
51 150
90 189
158 257
7 106
169 268
93 192
174 273
132 231
35 134
2 101
167 266
92 191
32 131
54 153
24 123
14 113
152 251
15 114
89 188
87 186
6 105
157 256
47 146
19 118
58 157
115 214
5 104
186 285
93 192
31 130
63 162
64 163
158 257
35 134
21 120
45 144
169 268
114 213
152 251
45 144
46 145
51 150
174 273
189 288
37 136
76 175
63 162
102 201
21 120
14 113
95 194
38 137
89 188
175 274
161 260
170 269
94 193
82 181
55 154
55 154
108 207
105 204
153 252
62 161
98 197
169 268
160 259
10 109
64 163
12 111
98 197
187 286
136 235
67 166
103 202
70 169
134 233
24 123
111 210
67 166
92 191
189 288
57 156
168 267
163 262
82 181
10 109
79 178
192 291
143 242
8 107
120 219
136 235
60 159
28 127
99 198
57 156
93 192
171 270
90 189
133 232
72 171
57 156
188 287
49 148
124 223
33 132
55 154
63 162
128 227
190 289
21 120
156 255
105 204
88 187
159 258
104 203
145 244
36 135
180 279
159 258
66 165
28 127
149 248
176 275
107 206
54 153
122 221
69 168
114 213
123 222
193 292
177 276
13 112
127 226
77 176
5 104
139 238
54;156504
1 100
142 241
123 222
181 280
16 115
107 206
147 246
116 215
66 165
172 271
133 232
3 102
142 241
0 99
75 174
166 265
154 253
47 146
47 146
80 179
41 140
14 113
125 224
194 293
194 293
2 101
177 276
5 104
95 194
25 124
174 273
159 258
0 99
96 195
85 184
50 149
44 143
14 113
164 263
144 243
65 164
9 108
19 118
134 233
9 108
136 235
185 284
29 128
65 164
19 118
150 249
1 100
141 240
110 209
160 259
105 204
84 183
194 293
192 291
72 171
43 142
191 290
119 218
40 139
116 215
76 175
122 221
146 245
169 268
76 175
9 108
37 136
163 262
188 287
148 247
60 159
40 139
6 105
30 129
104 203
185 284
148 247
10 109
79 178
6 105
167 266
159 258
28 127
181 280
42 141
152 251
71 170
126 225
55 154
179 278
106 205
137 236
8 107
118 217
148 247
168 267
160 259
134 233
18 117
92 191
120 219
182 281
57 156
38 137
107 206
140 239
64 163
5 104
24 123
139 238
28 127
146 245
182 281
77 176
91 190
79 178
30 129
103 202
120 219
16 115
65 164
119 218
183 282
118 217
167 266
79 178
158 257
108 207
195 294
193 292
94 193
170 269
93 192
174 273
164 263
117 216
28 127
147 246
143 242
103 202
77 176
43 142
12 111
8 107
113 212
120 219
104 203
6 105
45 144
184 283
197 296
191 290
177 276
10 109
192 291
33 132
46 145
34 133
78 177
31 130
137 236
172 271
76 175
35 134
30 129
50 149
52 151
58 157
29 128
110 209
65 164
135 234
20 119
192 291
47 146
181 280
150 249
130 229
179 278
49 148
73 172
159 258
110 209
24 123
189 288
136 235
91 190
85 184
80 179
135 234
26 125
63 162
108 207
8 107
30 129
189 288
56 155
148 247
118 217
24 123
81 180
7 106
77 176
187 286
65 164
119 218
76 175
8 107
96 195
143 242
48 147
1 100
182 281
5 104
100 199
78 177
75 174
45 144
137 236
195 294
99 198
134 233
83 182
160 259
122 221
168 267
49 148
40 139
20 119
93 192
19 118
32 131
47 146
56 155
53 152
70 169
104 203
74 173
63 162
96 195
99 198
34 133
189 288
12 111
20 119
4 103
0 99
95 194
137 236
86 185
131 230
118 217
159 258
12 111
45 144
16 115
55 154
132 231
79 178
178 277
132 231
77 176
106 205
161 260
183 282
21 120
90 189
197 296
159 258
69 168
118 217
145 244
160 259
165 264
79 178
140 239
150 249
166 265
155 254
172 271
105 204
79 178
188 287
135 234
106 205
60 159
90 189
155 254
188 287
194 293
175 274
114 213
145 244
117 216
15 114
98 197
6 105
197 296
103 202
25 124
172 271
152 251
154 253
25 124
40 139
58 157
64 163
72 171
37 136
28 127
58 157
127 226
141 240
36 135
90 189
167 266
141 240
197 296
52 151
107 206
142 241
104 203
7 106
157 256
169 268
129 228
86 185
94 193
49 148
12 111
120 219
139 238
79 178
164 263
113 212
115 214
135 234
166 265
183 282
129 228
44 143
107 206
140 239
185 284
77 176
120 219
20 119
178 277
160 259
97 196
100 199
82 181
10 109
31 130
16 115
39 138
170 269
160 259
36 135
2 101
2 101
159 258
179 278
146 245
91 190
45 144
154 253
177 276
104 203
183 282
115 214
4 103
118 217
151 250
58 157
137 236
121 220
163 262
131 230
62 161
187 286
11 110
124 223
177 276
192 291
147 246
67 166
136 235
156 255
180 279
75 174
20 119
53 152
45 144
149 248
3 102
34 133
78 177
94 193
3 102
120 219
32 131
65 164
139 238
171 270
52 151
58 157
145 244
86 185
78 177
38 137
105 204
2 101
131 230
58 157
47 146
105 204
81 180
0 99
173 272
117 216
39 138
66 165
44 143
81 180
41 140
67 166
187 286
13 112
132 231
98 197
174 273
16 115
40 139
115 214
157 256
46 145
64 163
177 276
50 149
95 194
0 99
122 221
112 211
184 283
4 103
123 222
82 181
30 129
66 165
180 279
7 106
161 260
154 253
93 192
145 244
183 282
184 283
49 148
153 252
197 296
39 138
58 157
73 172
170 269
36 135
197 296
82 181
10 109
96 195
172 271
2 101
144 243
62 161
192 291
28 127
35 134
29 128
71 170
69 168
136 235
77 176
0 99
192 291
41 140
155 254
127 226
132 231
118 217
7 106
133 232
12 111
35 134
71 170
26 125
30 129
20 119
164 263
150 249
180 279
58 157
194 293
5 104
121 220
70 169
3 102
188 287
191 290
115 214
150 249
152 251
197 296
87 186
14 113
162 261
197 296
194 293
166 265
97 196
37 136
15 114
45 144
21 120
183 282
54 153
55 154
70 169
82 181
71 170
116 215
171 270
109 208
86 185
74 173
84 183
187 286
194 293
186 285
132 231
103 202
99 198
4 103
65 164
190 289
161 260
180 279
84 183
22 121
46 145
72 171
168 267
61 160
90 189
154 253
38 137
16 115
24 123
92 191
39 138
181 280
117 216
74 173
168 267
73 172
23 122
183 282
62 161
33 132
188 287
15 114
10 109
54 153
121 220
21 120
29 128
81 180
122 221
64 163
54 153
169 268
162 261
81 180
147 246
115 214
71 170
106 205
63 162
84 183
57 156
86 185
121 220
5 104
191 290
51 150
104 203
45 144
183 282
179 278
11 110
99 198
176 275
45 144
162 261
157 256
145 244
74 173
155 254
124 223
55 154
62 161
140 239
152 251
45 144
12 111
88 187
85 184
136 235
128 227
80 179
165 264
34 133
21 120
55 154
46 145
95 194
90 189
194 293
28 127
31 130
160 259
50 149
82 181
115 214
173 272
0 99
148 247
80 179
73 172
80 179
170 269
3 102
15 114
0 99
101 200
178 277
111 210
98 197
63 162
42 141
152 251
78 177
107 206
104 203
36 135
79 178
141 240
165 264
167 266
39 138
127 226
20 119
161 260
162 261
111 210
138 237
167 266
117 216
5 104
152 251
141 240
173 272
81 180
87 186
26 125
176 275
52 151
78 177
163 262
78 177
31 130
162 261
192 291
174 273
78 177
112 211
52 151
85 184
104 203
25 124
49 148
50 149
161 260
52 151
29 128
129 228
95 194
135 234
179 278
118 217
111 210
4 103
87 186
197 296
114 213
14 113
164 263
136 235
124 223
48 147
5 104
0 99
137 236
151 250
188 287
131 230
167 266
59 158
50 149
162 261
24 123
83 182
140 239
58 157
39 138
143 242
80 179
172 271
77 176
105 204
77 176
159 258
39 138
126 225
108 207
128 227
169 268
20 119
115 214
11 110
63 162
120 219
75 174
74 173
26 125
174 273
134 233
79 178
182 281
116 215
88 187
128 227
87 186
161 260
86 185
75 174
169 268
181 280
11 110
196 295
2 101
71 170
113 212
8 107
190 289
187 286
178 277
22 121
64 163
144 243
29 128
9 108
137 236
33 132
54 153
194 293
2 101
72 171
175 274
176 275
189 288
124 223
51 150
22 121
17 116
146 245
74 173
40 139
1 100
88 187
185 284
64 163
73 172
196 295
74 173
26 125
97 196
138 237
166 265
76 175
71 170
72 171
144 243
20 119
91 190
178 277
101 200
126 225
6 105
0 99
14 113
98 197
73 172
167 266
140 239
79 178
139 238
105 204
50 149
183 282
184 283
70 169
17 116
90 189
94 193
137 236
109 208
108 207
87 186
29 128
142 241
76 175
156 255
187 286
161 260
134 233
9 108
183 282
126 225
91 190
57 156
148 247
41 140
152 251
0 99
83 182
87 186
87 186
118 217
112 211
25 124
162 261
134 233
67 166
7 106
136 235
29 128
88 187
60 159
4 103
84 183
69 168
27 126
163 262
178 277
148 247
149 248
21 120
187 286
96 195
161 260
14 113
157 256
20 119
113 212
19 118
111 210
24 123
163 262
30 129
21 120
36 135
20 119
98 197
140 239
159 258
135 234
8 107
173 272
23 122
30 129
176 275
68 167
71 170
16 115
157 256
135 234
71 170
153 252
6 105
93 192
179 278
171 270
47 146
161 260
152 251
135 234
185 284
39 138
148 247
78 177
125 224
183 282
47 146
153 252
45 144
15 114
42 141
17 116
29 128
68 167
78 177
22 121
146 245
83 182
139 238
175 274
99 198
0 99
133 232
90 189
122 221
108 207
110 209
69 168
125 224
132 231
112 211
39 138
192 291
94 193
113 212
179 278
11 110
30 129
64 163
177 276
192 291
168 267
182 281
194 293
33 132
164 263
34 133
193 292
118 217
51 150
90 189
71 170
81 180
15 114
67 166
58 157
38 137
120 219
84 183
20 119
20 119
1 100
24 123
193 292
164 263
46 145
60 159
111 210
23 122
1 100
69 168
42 141
44 143
154 253
46 145
154 253
16 115
109 208
71 170
73 172
38 137
95 194
197 296
84 183
14 113
184 283
38 137
44 143
28 127
75 174
89 188
194 293
92 191
65 164
117 216
79 178
88 187
154 253
66 165
43 142
40 139
183 282
14 113
184 283
176 275
67 166
120 219
39 138
54 153
62 161
168 267
6 105
34 133
95 194
129 228
97 196
129 228
144 243
183 282
92 191
56 155
124 223
99 198
176 275
51 150
168 267
171 270
27 126
0 99
1 100
186 285
173 272
159 258
173 272
161 260
160 259
64 163
185 284
178 277
148 247
63 162
143 242
117 216
120 219
40 139
176 275
47 146
95 194
148 247
14 113
12 111
59 158
185 284
133 232
100 199
185 284
12 111
182 281
102 201
186 285
42 141
8 107
125 224
17 116
46 145
14 113
50 149
64 163
54 153
42 141
144 243
47 146
44 143
73 172
149 248
73 172
126 225
164 263
131 230
186 285
73 172
192 291
133 232
58 157
45 144
24 123
75 174
119 218
192 291
97 196
34 133
94 193
137 236
70 169
144 243
33 132
181 280
196 295
131 230
86 185
5 104
78 177
152 251
109 208
189 288
127 226
179 278
170 269
176 275
111 210
68 167
98 197
45 144
10 109
189 288
69 168
136 235
170 269
33 132
168 267
89 188
159 258
79 178
51 150
103 202
114 213
144 243
34 133
146 245
143 242
105 204
25 124
152 251
42 141
97 196
70 169
196 295
37 136
157 256
90 189
76 175
116 215
50 149
7 106
70 169
73 172
146 245
28 127
125 224
16 115
86 185
162 261
56 155
187 286
89 188
152 251
9 108
178 277
139 238
107 206
101 200
92 191
59 158
79 178
7 106
55 154
128 227
97 196
8 107
7 106
15 114
144 243
4 103
28 127
100 199
52 151
169 268
177 276
71 170
162 261
46 145
185 284
136 235
175 274
23 122
115 214
157 256
136 235
136 235
17 116
92 191
153 252
109 208
78 177
165 264
93 192
172 271
46 145
177 276
122 221
13 112
3 102
142 241
143 242
20 119
85 184
56 155
71 170
11 110
185 284
83 182
137 236
76 175
74 173
5 104
27 126
115 214
154 253
29 128
180 279
140 239
52 151
37 136
125 224
183 282
104 203
88 187
141 240
46 145
107 206
22 121
131 230
73 172
132 231
121 220
161 260
37 136
139 238
3 102
53 152
26 125
197 296
149 248
150 249
90 189
153 252
165 264
104 203
102 201
59 158
162 261
35 134
64 163
129 228
35 134
7 106
36 135
144 243
118 217
90 189
60 159
48 147
19 118
44 143
188 287
158 257
174 273
163 262
101 200
153 252
95 194
175 274
116 215
48 147
21 120
103 202
114 213
121 220
53 152
179 278
107 206
151 250
169 268
140 239
99 198
70 169
79 178
14 113
16 115
168 267
83 182
103 202
130 229
195 294
45 144
53 152
151 250
7 106
24 123
42 141
101 200
181 280
127 226
2 101
177 276
34 133
24 123
76 175
24 123
197 296
2 101
180 279
80 179
40 139
100 199
10 109
37 136
164 263
166 265
19 118
63 162
25 124
25 124
135 234
99 198
151 250
128 227
41 140
96 195
148 247
50 149
189 288
9 108
171 270
112 211
157 256
162 261
38 137
52 151
88 187
83 182
74 173
153 252
101 200
98 197
194 293
99 198
106 205
97 196
26 125
3 102
11 110
109 208
46 145
26 125
84 183
16 115
55 154
147 246
33 132
69 168
119 218
65 164
158 257
3 102
104 203
171 270
124 223
79 178
32 131
103 202
67 166
187 286
138 237
118 217
9 108
70 169
108 207
26 125
165 264
183 282
111 210
186 285
103 202
14 113
121 220
71 170
12 111
175 274
131 230
44 143
74 173
80 179
92 191
172 271
189 288
111 210
9 108
83 182
71 170
127 226
48 147
136 235
129 228
161 260
139 238
119 218
120 219
157 256
100 199
196 295
34 133
122 221
60 159
35 134
53 152
88 187
29 128
190 289
90 189
64 163
0 99
73 172
151 250
197 296
32 131
173 272
66 165
66 165
169 268
165 264
95 194
102 201
23 122
186 285
13 112
76 175
68 167
126 225
193 292
47 146
114 213
142 241
69 168
164 263
105 204
92 191
116 215
76 175
31 130
15 114
143 242
120 219
93 192
140 239
194 293
82 181
162 261
181 280
99 198
169 268
51 150
81 180
21 120
121 220
12 111
127 226
13 112
57 156
35 134
138 237
67 166
121 220
151 250
150 249
196 295
31 130
9 108
27 126
53 152
62 161
185 284
10 109
15 114
30 129
1 100
151 250
113 212
66 165
101 200
123 222
164 263
90 189
64 163
160 259
7 106
51 150
115 214
132 231
151 250
107 206
155 254
41 140
5 104
130 229
7 106
83 182
169 268
4 103
45 144
166 265
28 127
137 236
38 137
61 160
143 242
79 178
137 236
151 250
27 126
50 149
119 218
177 276
142 241
50 149
169 268
80 179
102 201
154 253
66 165
163 262
38 137
25 124
136 235
168 267
19 118
36 135
109 208
160 259
79 178
97 196
74 173
69 168
86 185
44 143
96 195
19 118
167 266
76 175
131 230
62 161
59 158
16 115
183 282
144 243
24 123
77 176
68 167
141 240
108 207
138 237
192 291
174 273
28 127
41 140
6 105
163 262
66 165
52 151
52 151
153 252
149 248
112 211
33 132
142 241
176 275
149 248
21 120
94 193
179 278
6 105
42 141
85 184
67 166
77 176
155 254
27 126
147 246
58 157
1 100
168 267
138 237
140 239
148 247
149 248
9 108
147 246
113 212
130 229
2 101
50 149
127 226
31 130
2 101
11 110
65 164
15 114
130 229
136 235
168 267
180 279
116 215
16 115
4 103
119 218
167 266
109 208
78 177
142 241
141 240
109 208
0 99
184 283
146 245
21 120
142 241
82 181
48 147
85 184
25 124
87 186
128 227
89 188
88 187
156 255
44 143
95 194
111 210
94 193
153 252
55 154
162 261
7 106
133 232
45 144
91 190
67 166
145 244
115 214
57 156
68 167
141 240
27 126
137 236
166 265
40 139
58 157
75 174
182 281
196 295
58 157
26 125
171 270
136 235
159 258
113 212
32 131
10 109
37 136
26 125
3 102
1 100
146 245
50 149
34 133
145 244
70 169
188 287
110 209
189 288
76 175
54 153
188 287
154 253
140 239
37 136
154 253
148 247
64 163
163 262
27 126
35 134
89 188
58 157
17 116
62 161
130 229
146 245
4 103
31 130
180 279
135 234
195 294
46 145
169 268
69 168
52 151
11 110
145 244
59 158
6 105
137 236
33 132
93 192
137 236
82 181
163 262
41 140
60 159
97 196
45 144
80 179
0 99
103 202
40 139
43 142
169 268
35 134
42 141
41 140
61 160
185 284
62 161
70 169
136 235
78 177
161 260
36 135
20 119
71 170
3 102
183 282
94 193
178 277
10 109
182 281
150 249
8 107
30 129
88 187
12 111
91 190
153 252
29 128
159 258
0 99
152 251
122 221
39 138
171 270
121 220
165 264
105 204
35 134
45 144
197 296
130 229
155 254
44 143
79 178
36 135
70 169
116 215
2 101
15 114
45 144
12 111
46 145
172 271
62 161
90 189
10 109
30 129
89 188
54 153
75 174
7 106
120 219
168 267
147 246
135 234
167 266
110 209
24 123
8 107
1 100
65 164
43 142
125 224
11 110
173 272
98 197
55 154
94 193
78 177
63 162
86 185
143 242
60 159
128 227
43 142
44 143
104 203
87 186
181 280
30 129
160 259
123 222
127 226
84 183
59 158
75 174
61 160
117 216
134 233
38 137
68 167
110 209
168 267
122 221
20 119
48 147
191 290
152 251
169 268
0 99
185 284
25 124
26 125
69 168
28 127
56 155
111 210
102 201
82 181
110 209
174 273
105 204
139 238
113 212
17 116
79 178
18 117
22 121
144 243
3 102
68 167
58 157
7 106
191 290
43 142
136 235
54 153
116 215
30 129
105 204
106 205
9 108
154 253
137 236
70 169
144 243
84 183
159 258
33 132
5 104
98 197
30 129
150 249
152 251
117 216
173 272
166 265
114 213
4 103
91 190
111 210
141 240
26 125
197 296
186 285
114 213
101 200
98 197
96 195
185 284
32 131
48 147
56 155
34 133
135 234
47 146
35 134
72 171
32 131
20 119
113 212
141 240
48 147
160 259
58 157
168 267
119 218
170 269
13 112
44 143
25 124
79 178
45 144
111 210
151 250
146 245
91 190
176 275
48 147
166 265
188 287
108 207
17 116
120 219
28 127
46 145
141 240
137 236
53 152
65 164
18 117
26 125
21 120
144 243
61 160
62 161
81 180
190 289
106 205
112 211
170 269
65 164
73 172
63 162
46 145
127 226
195 294
40 139
128 227
13 112
22 121
193 292
134 233
4 103
153 252
181 280
69 168
143 242
159 258
58 157
193 292
59 158
183 282
47 146
115 214
153 252
23 122
114 213
62 161
113 212
185 284
62 161
1 100
153 252
137 236
167 266
80 179
105 204
6 105
124 223
188 287
21 120
42 141
71 170
148 247
21 120
71 170
72 171
98 197
65 164
148 247
143 242
145 244
33 132
187 286
194 293
181 280
80 179
58 157
56 155
118 217
132 231
136 235
39 138
196 295
48 147
76 175
38 137
46 145
101 200
76 175
147 246
116 215
155 254
144 243
11 110
159 258
178 277
180 279
121 220
139 238
40 139
114 213
184 283
189 288
193 292
17 116
175 274
32 131
135 234
128 227
116 215
122 221
127 226
185 284
197 296
119 218
78 177
13 112
85 184
164 263
73 172
16 115
38 137
1 100
84 183
59 158
194 293
107 206
7 106
144 243
6 105
162 261
197 296
44 143
48 147
164 263
36 135
81 180
67 166
43 142
108 207
180 279
3 102
182 281
37 136
82 181
190 289
21 120
57 156
119 218
195 294
123 222
69 168
29 128
85 184
113 212
19 118
60 159
11 110
62 161
30 129
66 165
175 274
73 172
93 192
185 284
162 261
128 227
145 244
127 226
45 144
109 208
120 219
8 107
116 215
63 162
184 283
158 257
125 224
37 136
161 260
12 111
27 126
146 245
137 236
34 133
129 228
177 276
174 273
37 136
94 193
143 242
83 182
32 131
134 233
113 212
79 178
22 121
174 273
145 244
189 288
23 122
164 263
153 252
166 265
24 123
173 272
119 218
155 254
94 193
181 280
156 255
102 201
100 199
15 114
175 274
143 242
34 133
72 171
171 270
144 243
140 239
128 227
195 294
4 103
57 156
189 288
150 249
56 155
191 290
34 133
154 253
120 219
189 288
38 137
142 241
42 141
162 261
97 196
36 135
6 105
135 234
38 137
101 200
161 260
186 285
105 204
57 156
168 267
127 226
179 278
83 182
111 210
144 243
162 261
38 137
82 181
91 190
30 129
96 195
146 245
108 207
64 163
32 131
84 183
41 140
21 120
118 217
118 217
69 168
174 273
23 122
91 190
152 251
181 280
69 168
65 164
91 190
56 155
122 221
90 189
196 295
143 242
160 259
41 140
103 202
72 171
104 203
94 193
163 262
20 119
14 113
78 177
1 100
93 192
85 184
164 263
126 225
102 201
178 277
83 182
146 245
76 175
88 187
163 262
92 191
128 227
46 145
15 114
36 135
100 199
97 196
150 249
126 225
82 181
196 295
196 295
131 230
77 176
158 257
148 247
18 117
165 264
45 144
64 163
153 252
113 212
128 227
115 214
4 103
132 231
159 258
98 197
183 282
143 242
25 124
21 120
99 198
145 244
136 235
129 228
167 266
95 194
58 157
181 280
194 293
154 253
189 288
172 271
138 237
19 118
66 165
50 149
193 292
30 129
106 205
135 234
71 170
42 141
154 253
128 227
118 217
117 216
137 236
101 200
61 160
15 114
3 102
180 279
169 268
122 221
39 138
181 280
118 217
160 259
92 191
120 219
116 215
164 263
44 143
156 255
128 227
159 258
196 295
178 277
76 175
87 186
25 124
51 150
95 194
54 153
77 176
146 245
141 240
154 253
18 117
61 160
115 214
195 294
23 122
166 265
90 189
169 268
176 275
146 245
151 250
10 109
193 292
135 234
106 205
66 165
8 107
81 180
87 186
41 140
36 135
85 184
8 107
66 165
158 257
21 120
129 228
115 214
90 189
185 284
74 173
176 275
106 205
147 246
124 223
154 253
86 185
19 118
171 270
73 172
71 170
162 261
39 138
147 246
40 139
154 253
79 178
113 212
116 215
81 180
180 279
86 185
181 280
28 127
30 129
26 125
114 213
49 148
125 224
168 267
123 222
139 238
107 206
107 206
171 270
181 280
47 146
0 99
161 260
123 222
9 108
167 266
43 142
124 223
54 153
190 289
52 151
5 104
93 192
181 280
41 140
140 239
188 287
164 263
164 263
83 182
65 164
104 203
5 104
15 114
191 290
57 156
134 233
149 248
167 266
77 176
67 166
194 293
101 200
194 293
73 172
80 179
24 123
125 224
132 231
177 276
90 189
165 264
57 156
102 201
104 203
133 232
183 282
141 240
37 136
147 246
135 234
171 270
131 230
14 113
127 226
95 194
171 270
173 272
134 233
118 217
82 181
33 132
110 209
173 272
152 251
24 123
140 239
145 244
131 230
10 109
49 148
65 164
186 285
160 259
45 144
75 174
8 107
119 218
190 289
163 262
149 248
3 102
45 144
156 255
109 208
93 192
160 259
63 162
111 210
90 189
163 262
193 292
194 293
190 289
180 279
30 129
192 291
157 256
12 111
93 192
61 160
134 233
9 108
5 104
146 245
58 157
14 113
187 286
53 152
128 227
30 129
4 103
93 192
79 178
145 244
169 268
29 128
144 243
28 127
160 259
21 120
77 176
169 268
195 294
105 204
190 289
157 256
182 281
32 131
5 104
166 265
40 139
35 134
41 140
59 158
191 290
189 288
169 268
138 237
77 176
55 154
190 289
164 263
32 131
157 256
185 284
153 252
123 222
3 102
180 279
58 157
120 219
127 226
139 238
84 183
90 189
32 131
131 230
78 177
23 122
111 210
8 107
10 109
99 198
187 286
86 185
190 289
94 193
187 286
88 187
158 257
174 273
63 162
187 286
169 268
36 135
56 155
90 189
35 134
138 237
15 114
86 185
31 130
44 143
134 233
13 112
109 208
102 201
79 178
158 257
184 283
27 126
95 194
180 279
110 209
54 153
158 257
131 230
129 228
76 175
175 274
181 280
26 125
177 276
164 263
23 122
169 268
58 157
92 191
147 246
22 121
153 252
132 231
192 291
145 244
154 253
120 219
92 191
150 249
36 135
151 250
48 147
83 182
76 175
0 99
65 164
49 148
93 192
61 160
191 290
138 237
124 223
145 244
34 133
181 280
26 125
80 179
59 158
19 118
185 284
52 151
196 295
75 174
0 99
64 163
191 290
154 253
145 244
175 274
65 164
154 253
196 295
170 269
111 210
141 240
189 288
149 248
120 219
150 249
32 131
85 184
107 206
93 192
68 167
147 246
194 293
120 219
149 248
26 125
70 169
175 274
98 197
8 107
125 224
44 143
36 135
169 268
89 188
39 138
124 223
161 260
163 262
194 293
130 229
93 192
65 164
102 201
40 139
22 121
112 211
41 140
170 269
88 187
104 203
70 169
188 287
78 177
181 280
52 151
119 218
7 106
177 276
49 148
158 257
26 125
156 255
196 295
196 295
120 219
132 231
37 136
59 158
160 259
167 266
194 293
51 150
143 242
140 239
189 288
88 187
9 108
45 144
27 126
172 271
175 274
159 258
145 244
4 103
78 177
41 140
190 289
176 275
172 271
34 133
21 120
108 207
140 239
63 162
180 279
67 166
146 245
166 265
130 229
83 182
47 146
30 129
132 231
182 281
56 155
48 147
70 169
63 162
142 241
33 132
2 101
41 140
83 182
80 179
196 295
84 183
142 241
107 206
91 190
68 167
6 105
25 124
142 241
162 261
191 290
110 209
53 152
86 185
141 240
36 135
196 295
74 173
50 149
58 157
81 180
157 256
193 292
9 108
114 213
57 156
194 293
36 135
30 129
72 171
122 221
102 201
68 167
158 257
143 242
147 246
35 134
52 151
54 153
143 242
26 125
162 261
53 152
0 99
26 125
17 116
12 111
158 257
160 259
60 159
171 270
143 242
183 282
62 161
175 274
189 288
75 174
107 206
73 172
132 231
22 121
71 170
20 119
107 206
56 155
5 104
121 220
194 293
191 290
46 145
93 192
131 230
68 167
161 260
165 264
171 270
125 224
84 183
122 221
184 283
2 101
148 247
193 292
74 173
21 120
80 179
13 112
162 261
125 224
55 154
98 197
116 215
83 182
160 259
90 189
94 193
165 264
18 117
113 212
96 195
11 110
84 183
24 123
24 123
125 224
36 135
48 147
157 256
44 143
103 202
67 166
34 133
175 274
86 185
92 191
180 279
155 254
165 264
18 117
65 164
90 189
20 119
77 176
152 251
26 125
70 169
63 162
186 285
53 152
168 267
85 184
108 207
194 293
176 275
56 155
73 172
189 288
102 201
12 111
115 214
84 183
109 208
120 219
38 137
121 220
37 136
155 254
32 131
84 183
197 296
2 101
193 292
8 107
44 143
17 116
92 191
139 238
177 276
166 265
185 284
123 222
176 275
48 147
42 141
45 144
134 233
3 102
23 122
58 157
134 233
75 174
38 137
145 244
109 208
32 131
5 104
156 255
7 106
54 153
98 197
98 197
53 152
94 193
178 277
179 278
142 241
106 205
147 246
159 258
179 278
114 213
188 287
23 122
92 191
173 272
196 295
1 100
104 203
191 290
171 270
60 159
7 106
98 197
157 256
66 165
57 156
23 122
18 117
47 146
133 232
115 214
63 162
50 149
194 293
141 240
174 273
55 154
110 209
53 152
67 166
170 269
4 103
154 253
159 258
167 266
28 127
137 236
27 126
28 127
36 135
139 238
132 231
159 258
14 113
78 177
104 203
38 137
27 126
184 283
166 265
79 178
88 187
129 228
44 143
60 159
151 250
75 174
126 225
74 173
167 266
74 173
79 178
119 218
124 223
135 234
23 122
180 279
14 113
3 102
110 209
6 105
150 249
54 153
76 175
119 218
128 227
124 223
34 133
94 193
165 264
75 174
194 293
25 124
174 273
5 104
75 174
122 221
75 174
168 267
86 185
192 291
130 229
98 197
37 136
55 154
79 178
39 138
70 169
31 130
184 283
88 187
112 211
121 220
18 117
139 238
190 289
159 258
49 148
68 167
157 256
174 273
197 296
186 285
61 160
86 185
128 227
145 244
56 155
25 124
47 146
190 289
161 260
50 149
101 200
168 267
73 172
187 286
152 251
137 236
109 208
97 196
10 109
165 264
153 252
140 239
59 158
53 152
92 191
74 173
103 202
110 209
135 234
188 287
182 281
127 226
15 114
81 180
96 195
27 126
11 110
88 187
180 279
194 293
145 244
47 146
32 131
147 246
8 107
128 227
83 182
65 164
133 232
174 273
118 217
70 169
148 247
51 150
47 146
98 197
123 222
89 188
123 222
27 126
117 216
167 266
106 205
70 169
19 118
134 233
6 105
76 175
194 293
128 227
47 146
86 185
95 194
117 216
191 290
1 100
40 139
44 143
190 289
154 253
168 267
27 126
42 141
21 120
152 251
130 229
127 226
155 254
28 127
194 293
21 120
189 288
23 122
186 285
12 111
35 134
151 250
171 270
27 126
74 173
190 289
29 128
160 259
106 205
173 272
133 232
35 134
106 205
167 266
117 216
75 174
176 275
4 103
154 253
14 113
119 218
176 275
156 255
34 133
27 126
75 174
156 255
135 234
113 212
197 296
139 238
116 215
85 184
42 141
178 277
72 171
95 194
99 198
91 190
91 190
189 288
19 118
113 212
56 155
4 103
0 99
65 164
130 229
79 178
72 171
183 282
5 104
106 205
56 155
131 230
40 139
60 159
137 236
136 235
124 223
77 176
142 241
125 224
15 114
99 198
156 255
14 113
155 254
60 159
111 210
44 143
95 194
38 137
149 248
93 192
100 199
106 205
173 272
171 270
127 226
100 199
125 224
181 280
40 139
98 197
159 258
83 182
196 295
153 252
36 135
6 105
35 134
90 189
153 252
121 220
148 247
143 242
109 208
90 189
89 188
161 260
130 229
24 123
111 210
142 241
138 237
51 150
161 260
77 176
69 168
92 191
153 252
117 216
0 99
178 277
191 290
128 227
42 141
145 244
77 176
38 137
174 273
148 247
156 255
182 281
102 201
143 242
61 160
146 245
55 154
194 293
178 277
178 277
99 198
84 183
1 100
14 113
81 180
131 230
17 116
187 286
110 209
53 152
23 122
108 207
191 290
1 100
106 205
42 141
151 250
8 107
97 196
165 264
113 212
84 183
50 149
135 234
48 147
35 134
131 230
9 108
195 294
149 248
65 164
166 265
114 213
141 240
19 118
1 100
115 214
159 258
195 294
90 189
185 284
154 253
82 181
176 275
81 180
111 210
123 222
57 156
105 204
0 99
42 141
128 227
118 217
134 233
87 186
96 195
58 157
8 107
0 99
47 146
54 153
15 114
55 154
98 197
141 240
99 198
96 195
145 244
162 261
6 105
38 137
118 217
50 149
178 277
178 277
10 109
43 142
148 247
3 102
165 264
23 122
153 252
71 170
189 288
2 101
7 106
132 231
89 188
106 205
152 251
87 186
167 266
183 282
176 275
157 256
48 147
175 274
35 134
137 236
157 256
51 150
184 283
30 129
52 151
180 279
183 282
175 274
169 268
40 139
125 224
132 231
129 228
133 232
123 222
56 155
55 154
105 204
31 130
155 254
110 209
95 194
14 113
31 130
63 162
171 270
73 172
86 185
147 246
56 155
127 226
16 115
72 171
64 163
79 178
5 104
49 148
130 229
90 189
152 251
101 200
88 187
82 181
164 263
60 159
101 200
141 240
85 184
72 171
138 237
148 247
9 108
175 274
169 268
129 228
99 198
51 150
91 190
132 231
163 262
63 162
9 108
40 139
15 114
22 121
118 217
29 128
178 277
26 125
192 291
76 175
45 144
53 152
71 170
124 223
84 183
177 276
65 164
192 291
111 210
164 263
173 272
173 272
77 176
3 102
62 161
120 219
181 280
71 170
187 286
103 202
164 263
25 124
48 147
72 171
65 164
20 119
66 165
78 177
92 191
17 116
140 239
142 241
133 232
149 248
57 156
154 253
0 99
70 169
34 133
184 283
116 215
190 289
11 110
128 227
115 214
100 199
193 292
51 150
176 275
31 130
157 256
116 215
191 290
132 231
114 213
189 288
173 272
185 284
90 189
73 172
193 292
84 183
113 212
72 171
153 252
12 111
100 199
72 171
76 175
7 106
96 195
98 197
88 187
0 99
195 294
93 192
115 214
160 259
32 131
1 100
34 133
181 280
144 243
19 118
83 182
185 284
167 266
119 218
160 259
133 232
172 271
123 222
139 238
159 258
141 240
126 225
153 252
111 210
95 194
144 243
164 263
124 223
147 246
153 252
126 225
100 199
126 225
73 172
50 149
142 241
192 291
137 236
12 111
184 283
181 280
51 150
137 236
123 222
93 192
139 238
116 215
89 188
14 113
54 153
37 136
92 191
108 207
125 224
6 105
150 249
113 212
153 252
170 269
57 156
171 270
57 156
66 165
82 181
183 282
17 116
42 141
54 153
173 272
92 191
119 218
113 212
110 209
42 141
89 188
66 165
77 176
156 255
105 204
110 209
84 183
49 148
96 195
138 237
33 132
29 128
86 185
167 266
78 177
42 141
111 210
32 131
47 146
51 150
89 188
114 213
19 118
16 115
0 99
53 152
151 250
39 138
57 156
60 159
12 111
13 112
156 255
102 201
20 119
16 115
76 175
10 109
16 115
26 125
36 135
10 109
13 112
73 172
76 175
85 184
66 165
23 122
129 228
16 115
72 171
55 154
103 202
157 256
26 125
10 109
63 162
62 161
153 252
19 118
154 253
167 266
88 187
134 233
164 263
176 275
124 223
18 117
61 160
152 251
63 162
166 265
3 102
52 151
168 267
168 267
127 226
174 273
159 258
174 273
178 277
133 232
33 132
122 221
174 273
145 244
84 183
11 110
112 211
120 219
138 237
171 270
115 214
140 239
146 245
41 140
102 201
140 239
19 118
189 288
129 228
38 137
6 105
66 165
105 204
57 156
105 204
53 152
33 132
66 165
12 111
173 272
132 231
7 106
197 296
97 196
0 99
192 291
15 114
134 233
81 180
70 169
140 239
7 106
126 225
196 295
128 227
49 148
146 245
132 231
13 112
33 132
176 275
25 124
49 148
5 104
9 108
1 100
37 136
58 157
52 151
79 178
143 242
167 266
184 283
80 179
166 265
143 242
82 181
191 290
27 126
83 182
96 195
43 142
86 185
191 290
168 267
157 256
162 261
137 236
109 208
56 155
193 292
50 149
124 223
144 243
137 236
91 190
91 190
44 143
111 210
97 196
61 160
84 183
174 273
34 133
12 111
127 226
32 131
124 223
75 174
126 225
28 127
172 271
180 279
87 186
116 215
64 163
86 185
86 185
64 163
164 263
53 152
136 235
84 183
153 252
113 212
195 294
1 100
60 159
4 103
85 184
115 214
194 293
30 129
36 135
116 215
182 281
139 238
72 171
116 215
105 204
146 245
107 206
186 285
151 250
33 132
9 108
141 240
49 148
161 260
45 144
168 267
60 159
92 191
144 243
172 271
165 264
154 253
77 176
26 125
102 201
61 160
158 257
6 105
123 222
177 276
158 257
26 125
174 273
156 255
118 217
97 196
160 259
127 226
5 104
19 118
191 290
67 166
26 125
93 192
123 222
82 181
148 247
181 280
78 177
153 252
106 205
194 293
71 170
21 120
110 209
106 205
81 180
16 115
146 245
69 168
81 180
94 193
81 180
107 206
90 189
63 162
95 194
24 123
166 265
92 191
32 131
123 222
137 236
4 103
73 172
11 110
49 148
53 152
123 222
130 229
132 231
121 220
74 173
100 199
192 291
141 240
36 135
57 156
196 295
165 264
143 242
186 285
75 174
77 176
144 243
111 210
61 160
105 204
163 262
184 283
99 198
35 134
85 184
101 200
195 294
96 195
195 294
116 215
165 264
166 265
179 278
93 192
52 151
139 238
68 167
64 163
57 156
106 205
126 225
149 248
43 142
47 146
58 157
82 181
176 275
163 262
135 234
75 174
194 293
19 118
162 261
109 208
75 174
100 199
159 258
194 293
39 138
88 187
135 234
159 258
109 208
55 154
46 145
123 222
140 239
110 209
147 246
85 184
183 282
176 275
132 231
168 267
43 142
175 274
58 157
1 100
2 101
62 161
160 259
115 214
38 137
118 217
13 112
183 282
57 156
156 255
37 136
30 129
58 157
10 109
85 184
38 137
162 261
153 252
73 172
91 190
124 223
182 281
51 150
147 246
26 125
28 127
95 194
10 109
152 251
49 148
174 273
169 268
58 157
3 102
1 100
56 155
147 246
20 119
25 124
20 119
194 293
191 290
32 131
120 219
111 210
120 219
25 124
160 259
44 143
86 185
108 207
108 207
169 268
150 249
57 156
167 266
133 232
130 229
13 112
99 198
59 158
98 197
42 141
152 251
132 231
92 191
20 119
111 210
145 244
139 238
162 261
134 233
95 194
116 215
119 218
31 130
191 290
50 149
162 261
54 153
117 216
65 164
35 134
188 287
74 173
70 169
193 292
10 109
183 282
20 119
103 202
174 273
125 224
24 123
185 284
97 196
106 205
127 226
144 243
9 108
148 247
131 230
151 250
33 132
15 114
59 158
128 227
93 192
155 254
64 163
16 115
12 111
53 152
33 132
64 163
150 249
192 291
127 226
13 112
161 260
17 116
20 119
31 130
39 138
14 113
165 264
75 174
13 112
133 232
26 125
98 197
179 278
68 167
124 223
60 159
178 277
196 295
24 123
108 207
144 243
90 189
165 264
139 238
93 192
1 100
53 152
106 205
182 281
147 246
188 287
63 162
99 198
120 219
118 217
44 143
190 289
119 218
143 242
131 230
4 103
174 273
173 272
193 292
3 102
115 214
175 274
108 207
20 119
4 103
28 127
15 114
190 289
195 294
95 194
95 194
170 269
196 295
65 164
62 161
57 156
125 224
105 204
2 101
15 114
22 121
10 109
28 127
38 137
9 108
17 116
146 245
169 268
68 167
62 161
197 296
24 123
159 258
58 157
7 106
109 208
32 131
22 121
139 238
161 260
26 125
17 116
191 290
88 187
136 235
125 224
108 207
155 254
44 143
18 117
28 127
143 242
40 139
45 144
90 189
85 184
22 121
91 190
25 124
171 270
193 292
87 186
21 120
97 196
137 236
138 237
75 174
77 176
94 193
41 140
146 245
57 156
56 155
109 208
4 103
94 193
45 144
101 200
28 127
132 231
159 258
151 250
21 120
153 252
107 206
70 169
176 275
63 162
148 247
117 216
26 125
22 121
163 262
68 167
44 143
27 126
161 260
52 151
119 218
33 132
23 122
129 228
82 181
157 256
55 154
16 115
27 126
181 280
96 195
29 128
44 143
132 231
95 194
135 234
184 283
36 135
29 128
109 208
64 163
120 219
51 150
159 258
69 168
8 107
45 144
116 215
166 265
96 195
88 187
186 285
66 165
41 140
30 129
10 109
46 145
107 206
49 148
65 164
150 249
57 156
150 249
141 240
16 115
36 135
160 259
191 290
143 242
83 182
175 274
37 136
118 217
3 102
33 132
87 186
11 110
107 206
37 136
77 176
159 258
171 270
143 242
70 169
30 129
87 186
142 241
138 237
53 152
108 207
104 203
30 129
96 195
170 269
1 100
48 147
8 107
150 249
139 238
47 146
68 167
143 242
9 108
17 116
108 207
144 243
62 161
32 131
109 208
79 178
24 123
115 214
106 205
64 163
72 171
27 126
99 198
89 188
7 106
170 269
70 169
155 254
150 249
41 140
32 131
129 228
154 253
29 128
24 123
160 259
87 186
53 152
103 202
20 119
64 163
58 157
163 262
187 286
174 273
71 170
197 296
73 172
125 224
194 293
71 170
149 248
15 114
82 181
100 199
165 264
41 140
63 162
197 296
163 262
133 232
114 213
27 126
52 151
29 128
61 160
71 170
104 203
72 171
19 118
6 105
58 157
61 160
140 239
11 110
177 276
128 227
149 248
80 179
112 211
90 189
14 113
67 166
186 285
23 122
146 245
50 149
113 212
67 166
17 116
60 159
185 284
30 129
173 272
167 266
81 180
41 140
20 119
109 208
71 170
31 130
56 155
72 171
105 204
29 128
25 124
112 211
6 105
37 136
55 154
163 262
176 275
191 290
188 287
2 101
130 229
66 165
54 153
116 215
61 160
118 217
36 135
68 167
118 217
18 117
170 269
96 195
133 232
173 272
108 207
184 283
71 170
122 221
62 161
183 282
135 234
43 142
134 233
182 281
63 162
15 114
179 278
26 125
159 258
14 113
58 157
128 227
38 137
88 187
88 187
138 237
147 246
115 214
166 265
97 196
157 256
9 108
140 239
140 239
141 240
152 251
8 107
29 128
63 162
163 262
84 183
157 256
172 271
185 284
84 183
126 225
183 282
15 114
137 236
165 264
133 232
147 246
193 292
77 176
34 133
192 291
156 255
190 289
15 114
73 172
59 158
190 289
68 167
13 112
195 294
90 189
135 234
141 240
80 179
185 284
40 139
126 225
160 259
18 117
12 111
30 129
100 199
128 227
177 276
139 238
31 130
135 234
41 140
14 113
98 197
16 115
81 180
130 229
27 126
60 159
100 199
89 188
59 158
28 127
62 161
61 160
184 283
152 251
186 285
57 156
106 205
31 130
28 127
22 121
160 259
142 241
81 180
110 209
128 227
167 266
180 279
25 124
45 144
109 208
95 194
192 291
171 270
168 267
12 111
50 149
177 276
32 131
182 281
119 218
17 116
68 167
197 296
112 211
81 180
107 206
171 270
113 212
1 100
175 274
174 273
132 231
37 136
115 214
192 291
111 210
75 174
99 198
132 231
22 121
152 251
93 192
147 246
180 279
71 170
47 146
188 287
54 153
52 151
65 164
16 115
79 178
6 105
41 140
196 295
111 210
147 246
146 245
177 276
21 120
29 128
118 217
50 149
44 143
162 261
155 254
55 154
54 153
55 154
151 250
59 158
89 188
101 200
191 290
182 281
13 112
82 181
155 254
38 137
18 117
42 141
30 129
88 187
187 286
53 152
144 243
95 194
143 242
47 146
73 172
2 101
184 283
144 243
113 212
104 203
126 225
19 118
103 202
131 230
121 220
93 192
18 117
177 276
29 128
105 204
61 160
120 219
76 175
46 145
94 193
86 185
137 236
83 182
59 158
113 212
162 261
92 191
97 196
86 185
20 119
193 292
36 135
167 266
105 204
130 229
53 152
37 136
32 131
140 239
46 145
165 264
189 288
23 122
125 224
121 220
89 188
86 185
105 204
125 224
136 235
58 157
33 132
60 159
169 268
18 117
64 163
159 258
110 209
175 274
93 192
156 255
186 285
169 268
76 175
35 134
194 293
155 254
166 265
152 251
137 236
2 101
175 274
3 102
122 221
25 124
197 296
86 185
182 281
197 296
3 102
106 205
72 171
106 205
157 256
82 181
4 103
189 288
41 140
170 269
31 130
176 275
95 194
140 239
33 132
72 171
83 182
178 277
76 175
142 241
87 186
192 291
164 263
56 155
96 195
124 223
50 149
91 190
195 294
111 210
77 176
42 141
65 164
17 116
10 109
109 208
92 191
127 226
118 217
158 257
25 124
95 194
146 245
8 107
150 249
19 118
97 196
140 239
49 148
110 209
99 198
30 129
104 203
105 204
58 157
175 274
86 185
55 154
112 211
18 117
16 115
88 187
48 147
110 209
43 142
150 249
151 250
31 130
141 240
138 237
153 252
167 266
190 289
45 144
71 170
152 251
69 168
112 211
144 243
86 185
35 134
162 261
117 216
6 105
66 165
197 296
90 189
27 126
85 184
31 130
157 256
181 280
65 164
23 122
77 176
180 279
107 206
33 132
168 267
60 159
10 109
9 108
33 132
3 102
144 243
138 237
117 216
75 174
162 261
123 222
31 130
28 127
8 107
59 158
192 291
132 231
97 196
27 126
78 177
172 271
156 255
172 271
142 241
8 107
64 163
9 108
93 192
142 241
55 154
73 172
20 119
25 124
63 162
10 109
14 113
170 269
118 217
195 294
64 163
94 193
62 161
150 249
188 287
114 213
139 238
88 187
85 184
97 196
116 215
84 183
178 277
1 100
181 280
161 260
32 131
64 163
170 269
85 184
38 137
182 281
178 277
30 129
187 286
22 121
78 177
19 118
51 150
192 291
89 188
80 179
190 289
7 106
127 226
74 173
50 149
168 267
69 168
168 267
82 181
141 240
65 164
17 116
112 211
76 175
80 179
191 290
185 284
189 288
164 263
72 171
139 238
66 165
148 247
97 196
21 120
88 187
76 175
52 151
134 233
133 232
36 135
59 158
53 152
194 293
2 101
20 119
88 187
6 105
25 124
116 215
190 289
65 164
119 218
57 156
196 295
92 191
70 169
104 203
21 120
183 282
193 292
116 215
44 143
45 144
185 284
97 196
84 183
146 245
42 141
47 146
89 188
154 253
41 140
55 154
129 228
118 217
161 260
60 159
153 252
54 153
24 123
160 259
39 138
178 277
155 254
96 195
124 223
95 194
104 203
29 128
12 111
179 278
84 183
8 107
149 248
119 218
97 196
18 117
120 219
51 150
8 107
62 161
159 258
185 284
106 205
152 251
4 103
192 291
98 197
177 276
188 287
187 286
5 104
170 269
91 190
189 288
165 264
158 257
134 233
184 283
152 251
197 296
38 137
71 170
57 156
143 242
173 272
140 239
18 117
155 254
95 194
160 259
197 296
46 145
20 119
34 133
42 141
180 279
194 293
4 103
132 231
196 295
181 280
156 255
37 136
2 101
36 135
103 202
131 230
130 229
129 228
182 281
53 152
5 104
114 213
168 267
37 136
13 112
109 208
179 278
174 273
19 118
15 114
116 215
47 146
0 99
32 131
33 132
24 123
126 225
29 128
68 167
185 284
16 115
167 266
105 204
79 178
90 189
195 294
139 238
67 166
92 191
132 231
73 172
57 156
78 177
192 291
191 290
54 153
138 237
38 137
84 183
55 154
4 103
1 100
84 183
75 174
76 175
49 148
108 207
136 235
197 296
11 110
180 279
154 253
14 113
78 177
29 128
23 122
192 291
52 151
186 285
94 193
157 256
94 193
160 259
167 266
3 102
121 220
81 180
191 290
64 163
21 120
147 246
196 295
12 111
90 189
7 106
139 238
186 285
67 166
78 177
63 162
4 103
159 258
102 201
33 132
152 251
83 182
81 180
165 264
73 172
143 242
159 258
183 282
6 105
136 235
154 253
82 181
41 140
13 112
69 168
41 140
104 203
156 255
68 167
22 121
104 203
180 279
175 274
170 269
65 164
118 217
55 154
162 261
169 268
148 247
60 159
111 210
145 244
139 238
104 203
35 134
34 133
188 287
188 287
56 155
155 254
196 295
3 102
10 109
27 126
109 208
179 278
53 152
132 231
74 173
22 121
24 123
143 242
62 161
196 295
132 231
189 288
24 123
124 223
64 163
137 236
115 214
80 179
139 238
187 286
35 134
84 183
4 103
132 231
56 155
38 137
55 154
93 192
166 265
94 193
62 161
155 254
142 241
101 200
158 257
148 247
73 172
116 215
58 157
121 220
17 116
128 227
195 294
71 170
96 195
87 186
139 238
111 210
193 292
107 206
64 163
57 156
140 239
109 208
51 150
169 268
47 146
175 274
163 262
18 117
133 232
173 272
87 186
0 99
54 153
143 242
191 290
185 284
149 248
115 214
30 129
192 291
6 105
161 260
146 245
61 160
11 110
94 193
28 127
28 127
15 114
54 153
58 157
60 159
28 127
86 185
164 263
190 289
56 155
177 276
138 237
137 236
126 225
25 124
149 248
173 272
14 113
84 183
24 123
105 204
44 143
22 121
142 241
27 126
144 243
43 142
34 133
152 251
121 220
175 274
1 100
160 259
78 177
179 278
102 201
129 228
4 103
95 194
47 146
171 270
8 107
10 109
165 264
123 222
164 263
189 288
128 227
93 192
138 237
61 160
7 106
172 271
174 273
185 284
49 148
88 187
105 204
142 241
64 163
165 264
195 294
45 144
32 131
110 209
10 109
139 238
72 171
46 145
99 198
91 190
37 136
183 282
62 161
19 118
154 253
85 184
68 167
57 156
150 249
186 285
141 240
93 192
3 102
57 156
45 144
124 223
71 170
34 133
111 210
108 207
85 184
9 108
87 186
0 99
32 131
8 107
113 212
136 235
150 249
117 216
158 257
139 238
84 183
175 274
166 265
84 183
158 257
37 136
157 256
192 291
177 276
101 200
167 266
102 201
0 99
53 152
49 148
86 185
86 185
26 125
187 286
141 240
120 219
10 109
72 171
111 210
135 234
191 290
56 155
165 264
97 196
57 156
127 226
169 268
32 131
146 245
141 240
95 194
126 225
115 214
127 226
86 185
89 188
35 134
192 291
31 130
135 234
69 168
60 159
88 187
47 146
54 153
23 122
187 286
164 263
131 230
132 231
1 100
105 204
20 119
121 220
82 181
8 107
181 280
169 268
83 182
94 193
76 175
153 252
104 203
122 221
189 288
41 140
2 101
48 147
76 175
88 187
1 100
26 125
99 198
99 198
88 187
31 130
20 119
95 194
196 295
87 186
82 181
132 231
59 158
15 114
122 221
46 145
188 287
0 99
55 154
12 111
165 264
176 275
109 208
101 200
184 283
37 136
90 189
75 174
136 235
15 114
32 131
132 231
181 280
61 160
29 128
18 117
140 239
30 129
192 291
5 104
35 134
154 253
88 187
91 190
15 114
180 279
88 187
125 224
134 233
154 253
80 179
117 216
174 273
64 163
62 161
90 189
143 242
19 118
193 292
127 226
86 185
196 295
8 107
93 192
186 285
126 225
46 145
65 164
4 103
22 121
54 153
134 233
88 187
183 282
29 128
77 176
109 208
74 173
48 147
55 154
98 197
83 182
97 196
188 287
13 112
91 190
179 278
40 139
151 250
14 113
33 132
64 163
114 213
125 224
167 266
174 273
55 154
54 153
174 273
114 213
46 145
152 251
191 290
20 119
122 221
26 125
91 190
38 137
86 185
187 286
181 280
113 212
112 211
62 161
50 149
38 137
84 183
41 140
41 140
58 157
80 179
60 159
107 206
188 287
147 246
130 229
31 130
98 197
170 269
189 288
137 236
186 285
39 138
166 265
3 102
80 179
116 215
71 170
68 167
144 243
14 113
133 232
146 245
45 144
86 185
157 256
38 137
107 206
24 123
183 282
146 245
186 285
132 231
119 218
192 291
23 122
188 287
132 231
62 161
171 270
106 205
142 241
26 125
112 211
73 172
59 158
33 132
31 130
18 117
43 142
124 223
110 209
7 106
82 181
93 192
22 121
114 213
86 185
11 110
56 155
103 202
78 177
156 255
186 285
48 147
119 218
95 194
55 154
113 212
46 145
128 227
12 111
129 228
105 204
150 249
45 144
131 230
156 255
185 284
43 142
0 99
138 237
147 246
186 285
116 215
127 226
67 166
98 197
91 190
125 224
131 230
141 240
123 222
20 119
137 236
92 191
160 259
97 196
24 123
186 285
21 120
168 267
151 250
98 197
164 263
96 195
20 119
127 226
197 296
25 124
68 167
49 148
196 295
38 137
97 196
38 137
139 238
73 172
160 259
87 186
196 295
35 134
161 260
13 112
138 237
102 201
142 241
193 292
169 268
176 275
20 119
168 267
155 254
161 260
13 112
153 252
131 230
102 201
86 185
159 258
147 246
93 192
63 162
188 287
38 137
141 240
180 279
58 157
46 145
72 171
92 191
32 131
159 258
188 287
148 247
143 242
65 164
79 178
42 141
156 255
133 232
27 126
183 282
157 256
126 225
139 238
62 161
23 122
69 168
70 169
179 278
195 294
17 116
6 105
118 217
69 168
90 189
94 193
8 107
7 106
188 287
187 286
69 168
89 188
130 229
159 258
84 183
169 268
123 222
180 279
173 272
64 163
30 129
112 211
187 286
117 216
155 254
150 249
121 220
19 118
107 206
150 249
119 218
32 131
107 206
192 291
125 224
5 104
164 263
118 217
117 216
196 295
184 283
187 286
81 180
28 127
90 189
175 274
128 227
186 285
57 156
68 167
146 245
67 166
68 167
178 277
93 192
128 227
191 290
94 193
108 207
125 224
7 106
10 109
142 241
9 108
188 287
57 156
63 162
5 104
11 110
185 284
105 204
185 284
62 161
28 127
129 228
31 130
183 282
151 250
58 157
48 147
183 282
93 192
1 100
157 256
105 204
41 140
100 199
7 106
169 268
28 127
136 235
12 111
192 291
76 175
37 136
83 182
9 108
36 135
19 118
134 233
186 285
158 257
61 160
4 103
129 228
108 207
17 116
1 100
0 99
147 246
15 114
49 148
18 117
5 104
68 167
107 206
43 142
99 198
52 151
174 273
28 127
166 265
22 121
60 159
163 262
95 194
164 263
38 137
9 108
132 231
86 185
150 249
168 267
90 189
48 147
64 163
36 135
105 204
1 100
12 111
73 172
183 282
109 208
16 115
100 199
154 253
133 232
14 113
129 228
183 282
128 227
107 206
140 239
52 151
32 131
10 109
41 140
56 155
16 115
47 146
93 192
190 289
178 277
18 117
66 165
182 281
92 191
115 214
22 121
6 105
166 265
23 122
76 175
18 117
194 293
160 259
5 104
111 210
8 107
170 269
80 179
131 230
110 209
125 224
51 150
74 173
81 180
59 158
86 185
92 191
85 184
50 149
52 151
24 123
33 132
43 142
54 153
83 182
124 223
120 219
24 123
84 183
8 107
28 127
67 166
100 199
86 185
111 210
171 270
172 271
121 220
145 244
26 125
157 256
114 213
119 218
131 230
185 284
102 201
170 269
156 255
115 214
33 132
37 136
196 295
51 150
112 211
149 248
190 289
185 284
185 284
1 100
3 102
5 104
65 164
173 272
7 106
154 253
67 166
80 179
82 181
97 196
107 206
94 193
108 207
64 163
24 123
33 132
49 148
81 180
100 199
40 139
92 191
114 213
103 202
152 251
124 223
29 128
35 134
22 121
123 222
77 176
188 287
197 296
153 252
75 174
102 201
125 224
50 149
133 232
75 174
53 152
45 144
24 123
91 190
160 259
101 200
51 150
6 105
191 290
125 224
97 196
137 236
60 159
132 231
101 200
115 214
145 244
1 100
105 204
25 124
92 191
32 131
141 240
14 113
52 151
26 125
126 225
127 226
61 160
173 272
141 240
35 134
154 253
46 145
73 172
53 152
102 201
43 142
125 224
40 139
131 230
175 274
119 218
30 129
122 221
85 184
101 200
10 109
48 147
33 132
56 155
117 216
36 135
8 107
2 101
62 161
99 198
54 153
145 244
102 201
170 269
144 243
197 296
101 200
153 252
62 161
77 176
128 227
24 123
190 289
100 199
76 175
41 140
150 249
190 289
155 254
126 225
65 164
104 203
82 181
30 129
104 203
33 132
141 240
120 219
110 209
41 140
109 208
58 157
133 232
30 129
59 158
180 279
8 107
153 252
50 149
23 122
32 131
142 241
148 247
150 249
124 223
87 186
120 219
131 230
91 190
175 274
29 128
124 223
67 166
24 123
59 158
187 286
172 271
39 138
174 273
88 187
16 115
49 148
1 100
166 265
2 101
114 213
130 229
74 173
119 218
4 103
97 196
112 211
63 162
20 119
6 105
76 175
19 118
1 100
87 186
30 129
122 221
145 244
99 198
114 213
130 229
156 255
48 147
140 239
55 154
83 182
72 171
85 184
152 251
69 168
120 219
11 110
71 170
8 107
58 157
100 199
146 245
54 153
174 273
13 112
7 106
158 257
100 199
23 122
36 135
155 254
138 237
163 262
121 220
38 137
119 218
38 137
127 226
182 281
100 199
176 275
77 176
61 160
90 189
144 243
48 147
67 166
15 114
42 141
105 204
13 112
22 121
38 137
58 157
79 178
147 246
60 159
107 206
98 197
130 229
52 151
184 283
95 194
12 111
41 140
39 138
26 125
104 203
11 110
188 287
123 222
32 131
44 143
32 131
117 216
183 282
15 114
80 179
61 160
103 202
8 107
48 147
161 260
48 147
86 185
174 273
110 209
169 268
144 243
40 139
175 274
120 219
44 143
56 155
171 270
75 174
56 155
179 278
165 264
135 234
86 185
136 235
0 99
99 198
168 267
154 253
47 146
82 181
111 210
91 190
170 269
145 244
115 214
163 262
118 217
152 251
143 242
167 266
183 282
94 193
170 269
27 126
24 123
124 223
27 126
58 157
2 101
70 169
133 232
15 114
112 211
70 169
103 202
126 225
124 223
9 108
104 203
51 150
195 294
128 227
116 215
157 256
117 216
43 142
9 108
11 110
153 252
10 109
107 206
93 192
188 287
101 200
160 259
92 191
66 165
13 112
28 127
134 233
103 202
88 187
186 285
105 204
57 156
108 207
182 281
110 209
127 226
95 194
185 284
16 115
67 166
114 213
191 290
166 265
46 145
60 159
77 176
102 201
36 135
181 280
45 144
100 199
166 265
14 113
38 137
101 200
57 156
34 133
119 218
110 209
162 261
191 290
6 105
17 116
173 272
103 202
178 277
3 102
27 126
98 197
175 274
140 239
71 170
195 294
173 272
101 200
26 125
130 229
189 288
60 159
182 281
182 281
118 217
54 153
58 157
129 228
165 264
76 175
41 140
183 282
154 253
9 108
20 119
164 263
37 136
192 291
8 107
7 106
167 266
197 296
37 136
21 120
75 174
95 194
131 230
87 186
194 293
129 228
143 242
177 276
25 124
40 139
104 203
121 220
156 255
177 276
13 112
188 287
117 216
184 283
56 155
41 140
7 106
70 169
112 211
9 108
95 194
55 154
37 136
85 184
177 276
118 217
170 269
133 232
45 144
118 217
47 146
20 119
20 119
32 131
188 287
84 183
73 172
60 159
175 274
185 284
118 217
105 204
158 257
185 284
118 217
153 252
66 165
113 212
180 279
143 242
192 291
14 113
1 100
39 138
9 108
119 218
180 279
163 262
47 146
23 122
82 181
0 99
105 204
11 110
139 238
112 211
186 285
76 175
74 173
166 265
143 242
15 114
36 135
43 142
69 168
57 156
59 158
118 217
126 225
112 211
145 244
53 152
80 179
165 264
139 238
27 126
122 221
107 206
41 140
149 248
78 177
152 251
183 282
182 281
64 163
74 173
183 282
179 278
13 112
121 220
144 243
154 253
2 101
91 190
66 165
127 226
42 141
7 106
52 151
125 224
175 274
68 167
46 145
156 255
189 288
24 123
4 103
63 162
113 212
137 236
170 269
167 266
37 136
180 279
77 176
72 171
132 231
30 129
174 273
158 257
180 279
70 169
157 256
48 147
158 257
5 104
68 167
148 247
52 151
36 135
67 166
109 208
118 217
110 209
155 254
97 196
192 291
190 289
139 238
166 265
96 195
18 117
54 153
56 155
156 255
33 132
21 120
149 248
58 157
15 114
61 160
4 103
65 164
79 178
1 100
41 140
94 193
105 204
54 153
7 106
54 153
93 192
72 171
85 184
80 179
56 155
179 278
137 236
197 296
134 233
74 173
46 145
25 124
70 169
6 105
70 169
150 249
40 139
102 201
161 260
190 289
195 294
103 202
27 126
140 239
27 126
8 107
32 131
118 217
26 125
103 202
47 146
135 234
181 280
69 168
62 161
99 198
30 129
165 264
172 271
1 100
97 196
128 227
168 267
183 282
146 245
159 258
134 233
127 226
35 134
194 293
110 209
98 197
134 233
101 200
77 176
17 116
8 107
19 118
57 156
144 243
89 188
13 112
151 250
68 167
15 114
74 173
3 102
34 133
141 240
157 256
2 101
27 126
152 251
132 231
114 213
76 175
154 253
192 291
120 219
29 128
61 160
43 142
5 104
81 180
191 290
14 113
71 170
97 196
33 132
140 239
47 146
76 175
174 273
55 154
69 168
112 211
132 231
20 119
179 278
152 251
68 167
32 131
7 106
55 154
27 126
90 189
80 179
52 151
126 225
7 106
160 259
3 102
194 293
5 104
38 137
161 260
27 126
94 193
173 272
109 208
113 212
135 234
144 243
158 257
117 216
8 107
32 131
54 153
63 162
182 281
165 264
36 135
95 194
16 115
77 176
172 271
88 187
141 240
138 237
93 192
188 287
39 138
113 212
112 211
152 251
81 180
78 177
146 245
171 270
23 122
32 131
65 164
85 184
24 123
56 155
85 184
82 181
192 291
151 250
46 145
116 215
132 231
126 225
9 108
4 103
52 151
143 242
2 101
21 120
173 272
136 235
186 285
185 284
150 249
130 229
193 292
85 184
123 222
5 104
132 231
148 247
94 193
155 254
62 161
76 175
146 245
128 227
112 211
79 178
97 196
106 205
98 197
15 114
66 165
139 238
84 183
181 280
30 129
47 146
193 292
71 170
84 183
183 282
111 210
40 139
80 179
182 281
50 149
47 146
164 263
97 196
133 232
157 256
41 140
93 192
105 204
96 195
170 269
47 146
196 295
3 102
53 152
196 295
187 286
114 213
78 177
64 163
191 290
180 279
20 119
178 277
111 210
74 173
152 251
55 154
44 143
154 253
77 176
134 233
25 124
46 145
190 289
31 130
195 294
42 141
93 192
139 238
185 284
27 126
153 252
12 111
182 281
103 202
17 116
20 119
26 125
88 187
8 107
110 209
98 197
174 273
107 206
91 190
196 295
58 157
79 178
15 114
108 207
67 166
197 296
157 256
38 137
46 145
176 275
128 227
85 184
1 100
1 100
69 168
50 149
176 275
82 181
163 262
73 172
100 199
68 167
72 171
88 187
45 144
16 115
128 227
52 151
82 181
183 282
78 177
111 210
79 178
14 113
170 269
145 244
165 264
137 236
53 152
172 271
120 219
122 221
69 168
181 280
93 192
22 121
100 199
31 130
93 192
46 145
34 133
188 287
196 295
89 188
173 272
132 231
78 177
98 197
89 188
107 206
168 267
56 155
145 244
6 105
108 207
62 161
79 178
64 163
29 128
180 279
169 268
33 132
146 245
168 267
132 231
171 270
153 252
73 172
181 280
70 169
34 133
18 117
194 293
51 150
39 138
53 152
79 178
38 137
135 234
104 203
141 240
156 255
66 165
180 279
169 268
90 189
33 132
75 174
19 118
74 173
140 239
128 227
101 200
143 242
119 218
133 232
103 202
58 157
70 169
95 194
1 100
6 105
62 161
185 284
151 250
39 138
63 162
47 146
65 164
45 144
98 197
37 136
132 231
120 219
3 102
25 124
99 198
126 225
104 203
67 166
67 166
164 263
26 125
122 221
158 257
96 195
194 293
85 184
164 263
15 114
150 249
135 234
154 253
52 151
127 226
24 123
102 201
62 161
130 229
5 104
13 112
149 248
130 229
132 231
126 225
108 207
120 219
131 230
144 243
192 291
122 221
181 280
192 291
186 285
184 283
68 167
49 148
19 118
106 205
172 271
114 213
138 237
122 221
171 270
175 274
32 131
103 202
47 146
170 269
173 272
44 143
67 166
67 166
159 258
102 201
53 152
147 246
63 162
130 229
158 257
43 142
27 126
11 110
127 226
59 158
95 194
75 174
143 242
157 256
81 180
166 265
161 260
5 104
151 250
91 190
97 196
4 103
120 219
50 149
128 227
190 289
26 125
36 135
175 274
194 293
120 219
76 175
71 170
74 173
15 114
117 216
31 130
195 294
140 239
138 237
66 165
149 248
24 123
154 253
181 280
173 272
16 115
60 159
148 247
91 190
194 293
117 216
128 227
187 286
165 264
99 198
192 291
169 268
187 286
109 208
91 190
63 162
5 104
94 193
155 254
7 106
117 216
68 167
15 114
128 227
132 231
172 271
162 261
74 173
73 172
114 213
158 257
60 159
128 227
58 157
93 192
92 191
144 243
44 143
168 267
39 138
76 175
129 228
4 103
5 104
153 252
76 175
134 233
173 272
20 119
119 218
136 235
81 180
179 278
113 212
22 121
8 107
34 133
111 210
93 192
140 239
48 147
87 186
25 124
184 283
141 240
22 121
31 130
136 235
138 237
152 251
184 283
139 238
52 151
116 215
33 132
15 114
112 211
141 240
145 244
164 263
59 158
99 198
158 257
1 100
102 201
167 266
148 247
63 162
29 128
98 197
117 216
80 179
84 183
120 219
92 191
81 180
36 135
1 100
87 186
100 199
122 221
48 147
56 155
19 118
27 126
157 256
127 226
172 271
134 233
183 282
134 233
120 219
79 178
30 129
156 255
94 193
79 178
147 246
131 230
97 196
138 237
55 154
190 289
185 284
70 169
153 252
7 106
68 167
145 244
172 271
103 202
164 263
161 260
76 175
181 280
102 201
63 162
164 263
6 105
24 123
8 107
180 279
98 197
63 162
194 293
146 245
192 291
30 129
196 295
131 230
179 278
55 154
126 225
142 241
48 147
173 272
34 133
104 203
40 139
104 203
25 124
137 236
95 194
84 183
197 296
151 250
38 137
58 157
27 126
87 186
150 249
138 237
130 229
41 140
71 170
192 291
78 177
138 237
150 249
62 161
57 156
186 285
168 267
143 242
176 275
77 176
39 138
189 288
190 289
180 279
126 225
99 198
89 188
62 161
5 104
71 170
123 222
66 165
5 104
176 275
83 182
154 253
180 279
42 141
15 114
4 103
47 146
133 232
80 179
9 108
110 209
75 174
50 149
160 259
193 292
2 101
152 251
11 110
29 128
103 202
102 201
57 156
112 211
150 249
196 295
158 257
19 118
151 250
176 275
179 278
142 241
154 253
130 229
150 249
161 260
89 188
26 125
19 118
55 154
180 279
118 217
14 113
123 222
110 209
193 292
150 249
69 168
65 164
51 150
163 262
1 100
87 186
73 172
59 158
195 294
15 114
77 176
178 277
162 261
100 199
41 140
153 252
196 295
34 133
187 286
189 288
45 144
51 150
24 123
112 211
126 225
1 100
1 100
171 270
142 241
44 143
77 176
11 110
133 232
4 103
78 177
123 222
145 244
57 156
30 129
102 201
92 191
78 177
124 223
158 257
107 206
61 160
111 210
45 144
124 223
46 145
167 266
78 177
131 230
98 197
62 161
31 130
12 111
56 155
124 223
144 243
142 241
11 110
186 285
146 245
2 101
124 223
160 259
118 217
107 206
80 179
17 116
49 148
148 247
64 163
23 122
186 285
47 146
49 148
121 220
111 210
193 292
111 210
150 249
156 255
141 240
87 186
114 213
87 186
123 222
153 252
94 193
151 250
97 196
42 141
22 121
105 204
42 141
14 113
95 194
54 153
24 123
188 287
154 253
91 190
179 278
116 215
107 206
65 164
107 206
21 120
8 107
136 235
63 162
6 105
140 239
100 199
87 186
171 270
153 252
85 184
91 190
94 193
77 176
193 292
7 106
103 202
123 222
39 138
175 274
148 247
121 220
179 278
57 156
9 108
107 206
116 215
149 248
14 113
131 230
28 127
184 283
141 240
23 122
10 109
44 143
120 219
76 175
119 218
0 99
152 251
84 183
135 234
86 185
25 124
179 278
89 188
122 221
24 123
142 241
71 170
148 247
148 247
121 220
157 256
75 174
196 295
58 157
27 126
31 130
171 270
137 236
96 195
132 231
54 153
149 248
131 230
146 245
34 133
152 251
196 295
89 188
171 270
44 143
56 155
168 267
118 217
56 155
116 215
145 244
151 250
15 114
57 156
96 195
49 148
50 149
169 268
89 188
142 241
13 112
62 161
143 242
192 291
139 238
14 113
68 167
152 251
98 197
103 202
1 100
79 178
130 229
17 116
0 99
96 195
1 100
131 230
184 283
97 196
120 219
167 266
95 194
187 286
54 153
191 290
63 162
52 151
145 244
108 207
110 209
0 99
81 180
127 226
42 141
4 103
146 245
177 276
16 115
2 101
175 274
195 294
172 271
156 255
76 175
6 105
70 169
133 232
53 152
117 216
45 144
126 225
25 124
49 148
12 111
182 281
187 286
174 273
103 202
102 201
169 268
103 202
48 147
169 268
156 255
44 143
174 273
163 262
176 275
48 147
120 219
157 256
62 161
20 119
25 124
108 207
157 256
194 293
192 291
53 152
22 121
118 217
1 100
40 139
67 166
64 163
175 274
144 243
165 264
33 132
0 99
47 146
92 191
38 137
58 157
66 165
57 156
174 273
78 177
157 256
47 146
99 198
76 175
76 175
188 287
124 223
40 139
66 165
19 118
50 149
123 222
161 260
173 272
100 199
108 207
49 148
105 204
68 167
92 191
99 198
24 123
15 114
44 143
166 265
177 276
190 289
116 215
191 290
117 216
27 126
83 182
85 184
165 264
109 208
66 165
194 293
144 243
120 219
150 249
92 191
149 248
113 212
123 222
159 258
172 271
179 278
35 134
128 227
1 100
107 206
4 103
164 263
99 198
17 116
57 156
196 295
115 214
184 283
89 188
133 232
32 131
190 289
90 189
13 112
178 277
67 166
135 234
86 185
56 155
98 197
193 292
33 132
19 118
79 178
65 164
5 104
145 244
58 157
133 232
104 203
57 156
13 112
85 184
70 169
70 169
31 130
32 131
65 164
132 231
13 112
176 275
84 183
81 180
183 282
178 277
157 256
146 245
181 280
124 223
169 268
165 264
90 189
148 247
34 133
195 294
77 176
140 239
136 235
119 218
126 225
133 232
87 186
9 108
158 257
173 272
105 204
49 148
137 236
175 274
140 239
29 128
101 200
101 200
95 194
31 130
71 170
111 210
55;156504
96 195
17 116
134 233
19 118
161 260
193 292
28 127
180 279
120 219
1 100
14 113
52 151
27 126
188 287
77 176
70 169
189 288
56 155
82 181
75 174
158 257
175 274
46 145
4 103
139 238
172 271
132 231
1 100
23 122
2 101
1 100
70 169
142 241
20 119
149 248
92 191
118 217
62 161
26 125
137 236
157 256
22 121
179 278
129 228
18 117
100 199
86 185
107 206
75 174
127 226
16 115
150 249
46 145
35 134
30 129
153 252
161 260
161 260
45 144
19 118
44 143
147 246
92 191
188 287
195 294
94 193
112 211
54 153
72 171
0 99
42 141
139 238
69 168
139 238
91 190
14 113
120 219
51 150
136 235
170 269
31 130
48 147
119 218
16 115
32 131
171 270
182 281
92 191
140 239
76 175
88 187
144 243
157 256
172 271
99 198
15 114
130 229
33 132
65 164
185 284
149 248
176 275
70 169
102 201
132 231
36 135
57 156
92 191
80 179
27 126
121 220
152 251
110 209
58 157
93 192
23 122
63 162
189 288
46 145
106 205
66 165
61 160
145 244
53 152
65 164
140 239
142 241
115 214
146 245
176 275
45 144
64 163
107 206
56 155
136 235
166 265
149 248
88 187
1 100
17 116
68 167
68 167
81 180
154 253
59 158
31 130
176 275
60 159
113 212
29 128
106 205
164 263
143 242
165 264
87 186
92 191
101 200
176 275
180 279
20 119
15 114
103 202
183 282
13 112
54 153
192 291
139 238
49 148
148 247
194 293
141 240
2 101
189 288
29 128
70 169
145 244
71 170
124 223
171 270
16 115
83 182
155 254
190 289
24 123
87 186
75 174
168 267
33 132
64 163
177 276
124 223
80 179
31 130
157 256
94 193
3 102
47 146
171 270
96 195
156 255
175 274
33 132
6 105
8 107
44 143
40 139
146 245
104 203
91 190
154 253
86 185
25 124
51 150
105 204
104 203
124 223
105 204
47 146
34 133
95 194
130 229
96 195
74 173
132 231
138 237
133 232
33 132
73 172
162 261
113 212
136 235
153 252
14 113
131 230
194 293
152 251
137 236
26 125
96 195
69 168
181 280
142 241
101 200
51 150
75 174
62 161
55 154
61 160
115 214
147 246
94 193
100 199
183 282
124 223
117 216
23 122
148 247
111 210
14 113
104 203
193 292
27 126
145 244
87 186
94 193
120 219
39 138
145 244
100 199
131 230
138 237
66 165
181 280
150 249
164 263
148 247
81 180
130 229
118 217
1 100
177 276
119 218
8 107
82 181
164 263
136 235
173 272
4 103
102 201
122 221
109 208
140 239
150 249
168 267
180 279
148 247
85 184
0 99
28 127
55 154
117 216
79 178
180 279
76 175
148 247
140 239
44 143
31 130
30 129
116 215
161 260
61 160
191 290
72 171
62 161
190 289
76 175
52 151
166 265
32 131
86 185
162 261
41 140
12 111
74 173
77 176
192 291
53 152
81 180
110 209
60 159
20 119
140 239
160 259
44 143
2 101
118 217
107 206
28 127
38 137
68 167
35 134
109 208
57 156
64 163
184 283
136 235
44 143
45 144
65 164
197 296
112 211
190 289
91 190
90 189
38 137
34 133
100 199
122 221
163 262
111 210
29 128
169 268
30 129
108 207
181 280
151 250
80 179
63 162
190 289
150 249
126 225
14 113
5 104
70 169
195 294
21 120
41 140
133 232
30 129
14 113
31 130
30 129
143 242
45 144
149 248
49 148
109 208
175 274
168 267
181 280
15 114
137 236
74 173
93 192
102 201
20 119
79 178
168 267
195 294
75 174
59 158
79 178
165 264
114 213
160 259
137 236
15 114
73 172
30 129
175 274
54 153
193 292
179 278
16 115
108 207
128 227
80 179
47 146
76 175
167 266
25 124
128 227
10 109
112 211
55 154
119 218
184 283
179 278
22 121
175 274
43 142
79 178
58 157
117 216
89 188
85 184
167 266
135 234
163 262
107 206
4 103
127 226
11 110
5 104
1 100
34 133
153 252
96 195
130 229
38 137
136 235
141 240
42 141
192 291
59 158
166 265
173 272
54 153
122 221
143 242
68 167
145 244
25 124
65 164
187 286
73 172
154 253
126 225
17 116
69 168
47 146
93 192
56 155
17 116
126 225
7 106
114 213
188 287
119 218
191 290
183 282
144 243
90 189
189 288
163 262
102 201
76 175
73 172
155 254
53 152
29 128
181 280
45 144
195 294
28 127
2 101
164 263
82 181
61 160
90 189
126 225
103 202
189 288
119 218
68 167
195 294
87 186
90 189
164 263
89 188
3 102
84 183
85 184
18 117
183 282
191 290
31 130
173 272
193 292
187 286
23 122
5 104
182 281
179 278
145 244
181 280
156 255
149 248
122 221
140 239
177 276
56 155
39 138
119 218
41 140
156 255
34 133
70 169
169 268
30 129
72 171
20 119
103 202
91 190
146 245
86 185
12 111
122 221
10 109
191 290
71 170
74 173
142 241
40 139
159 258
127 226
178 277
14 113
128 227
177 276
69 168
71 170
20 119
38 137
37 136
43 142
139 238
173 272
159 258
174 273
52 151
74 173
81 180
113 212
155 254
169 268
22 121
97 196
128 227
187 286
93 192
61 160
118 217
59 158
126 225
160 259
40 139
22 121
142 241
1 100
37 136
68 167
148 247
17 116
101 200
175 274
45 144
158 257
155 254
31 130
4 103
106 205
37 136
0 99
46 145
19 118
110 209
6 105
166 265
140 239
184 283
11 110
129 228
63 162
72 171
61 160
96 195
87 186
70 169
95 194
187 286
77 176
163 262
154 253
135 234
56 155
177 276
56 155
97 196
63 162
111 210
135 234
150 249
168 267
33 132
180 279
112 211
104 203
34 133
134 233
87 186
135 234
26 125
7 106
114 213
157 256
101 200
162 261
99 198
51 150
60 159
15 114
125 224
13 112
54 153
125 224
142 241
140 239
128 227
81 180
185 284
36 135
90 189
193 292
71 170
94 193
144 243
2 101
75 174
85 184
56 155
64 163
156 255
177 276
165 264
152 251
38 137
138 237
176 275
2 101
72 171
80 179
181 280
183 282
152 251
176 275
16 115
80 179
172 271
73 172
91 190
49 148
34 133
179 278
126 225
133 232
106 205
125 224
65 164
38 137
37 136
124 223
82 181
195 294
194 293
147 246
74 173
151 250
155 254
28 127
95 194
34 133
163 262
99 198
157 256
138 237
9 108
86 185
193 292
23 122
11 110
152 251
10 109
160 259
167 266
4 103
61 160
122 221
152 251
193 292
147 246
179 278
115 214
10 109
110 209
59 158
16 115
71 170
177 276
182 281
14 113
118 217
129 228
81 180
50 149
12 111
87 186
140 239
64 163
107 206
196 295
18 117
172 271
172 271
68 167
135 234
121 220
129 228
91 190
176 275
23 122
36 135
191 290
24 123
124 223
47 146
51 150
24 123
175 274
54 153
112 211
2 101
142 241
103 202
131 230
168 267
32 131
117 216
71 170
54 153
50 149
14 113
112 211
131 230
109 208
148 247
58 157
181 280
47 146
170 269
149 248
103 202
47 146
128 227
32 131
195 294
43 142
153 252
146 245
49 148
162 261
192 291
129 228
15 114
161 260
186 285
64 163
3 102
97 196
79 178
15 114
99 198
28 127
27 126
182 281
36 135
164 263
32 131
19 118
182 281
114 213
46 145
141 240
184 283
145 244
151 250
141 240
29 128
138 237
78 177
37 136
25 124
193 292
74 173
90 189
3 102
150 249
187 286
123 222
32 131
128 227
166 265
164 263
38 137
172 271
24 123
59 158
76 175
22 121
193 292
145 244
144 243
147 246
70 169
150 249
120 219
74 173
196 295
122 221
147 246
8 107
144 243
22 121
35 134
83 182
80 179
67 166
154 253
131 230
83 182
171 270
74 173
161 260
116 215
183 282
168 267
75 174
46 145
126 225
57 156
194 293
91 190
152 251
40 139
151 250
154 253
192 291
63 162
80 179
87 186
178 277
49 148
16 115
6 105
78 177
148 247
11 110
128 227
18 117
138 237
11 110
113 212
77 176
170 269
141 240
145 244
180 279
48 147
76 175
68 167
126 225
39 138
55 154
90 189
8 107
26 125
55 154
85 184
171 270
87 186
151 250
139 238
81 180
4 103
104 203
143 242
42 141
35 134
86 185
54 153
138 237
156 255
141 240
4 103
133 232
76 175
26 125
28 127
140 239
86 185
1 100
147 246
60 159
192 291
43 142
26 125
168 267
3 102
188 287
116 215
185 284
172 271
138 237
111 210
166 265
177 276
182 281
139 238
133 232
33 132
169 268
109 208
4 103
41 140
108 207
46 145
13 112
8 107
183 282
62 161
51 150
56 155
178 277
125 224
183 282
62 161
97 196
134 233
33 132
139 238
75 174
133 232
145 244
61 160
20 119
125 224
44 143
153 252
149 248
133 232
5 104
80 179
194 293
179 278
17 116
109 208
140 239
5 104
172 271
178 277
178 277
12 111
12 111
61 160
166 265
73 172
156 255
73 172
112 211
59 158
10 109
125 224
106 205
117 216
151 250
192 291
144 243
96 195
22 121
135 234
164 263
195 294
32 131
45 144
104 203
42 141
173 272
146 245
180 279
23 122
160 259
49 148
159 258
126 225
119 218
84 183
121 220
126 225
197 296
51 150
121 220
43 142
81 180
34 133
66 165
193 292
134 233
4 103
145 244
195 294
113 212
123 222
65 164
78 177
189 288
46 145
63 162
126 225
175 274
61 160
3 102
163 262
76 175
53 152
19 118
60 159
6 105
141 240
38 137
113 212
49 148
129 228
72 171
80 179
9 108
49 148
159 258
163 262
96 195
54 153
80 179
53 152
38 137
179 278
110 209
14 113
96 195
89 188
168 267
142 241
158 257
94 193
184 283
153 252
196 295
178 277
6 105
53 152
62 161
67 166
164 263
107 206
135 234
84 183
109 208
22 121
46 145
138 237
175 274
126 225
10 109
167 266
65 164
188 287
119 218
134 233
170 269
63 162
190 289
64 163
76 175
125 224
19 118
105 204
142 241
66 165
193 292
108 207
112 211
152 251
152 251
52 151
73 172
159 258
21 120
63 162
56 155
33 132
116 215
140 239
52 151
160 259
164 263
89 188
6 105
127 226
50 149
48 147
135 234
71 170
129 228
153 252
83 182
107 206
157 256
142 241
154 253
144 243
163 262
170 269
94 193
182 281
165 264
0 99
41 140
133 232
162 261
32 131
10 109
104 203
86 185
194 293
20 119
16 115
195 294
135 234
56 155
154 253
140 239
40 139
110 209
144 243
134 233
139 238
99 198
95 194
5 104
79 178
9 108
174 273
142 241
85 184
119 218
36 135
83 182
129 228
121 220
172 271
38 137
23 122
117 216
37 136
162 261
7 106
16 115
104 203
23 122
126 225
83 182
13 112
136 235
193 292
66 165
80 179
95 194
168 267
171 270
72 171
62 161
1 100
161 260
119 218
21 120
106 205
175 274
105 204
159 258
106 205
41 140
40 139
178 277
95 194
35 134
55 154
131 230
63 162
140 239
188 287
147 246
55 154
10 109
88 187
92 191
32 131
64 163
52 151
152 251
175 274
42 141
60 159
74 173
182 281
180 279
141 240
171 270
43 142
184 283
163 262
89 188
193 292
84 183
7 106
148 247
65 164
7 106
40 139
55 154
28 127
197 296
60 159
24 123
190 289
108 207
146 245
66 165
88 187
101 200
157 256
41 140
167 266
49 148
189 288
184 283
184 283
139 238
152 251
62 161
98 197
166 265
1 100
49 148
172 271
121 220
153 252
139 238
81 180
89 188
100 199
77 176
70 169
91 190
90 189
60 159
131 230
180 279
57 156
19 118
45 144
43 142
167 266
71 170
85 184
129 228
149 248
90 189
54 153
110 209
171 270
142 241
156 255
71 170
96 195
14 113
58 157
78 177
190 289
22 121
7 106
197 296
47 146
98 197
84 183
67 166
29 128
42 141
23 122
82 181
52 151
44 143
157 256
78 177
135 234
23 122
1 100
61 160
120 219
100 199
58 157
32 131
108 207
14 113
62 161
15 114
8 107
59 158
0 99
14 113
148 247
84 183
195 294
26 125
117 216
14 113
147 246
178 277
195 294
174 273
168 267
0 99
76 175
26 125
115 214
117 216
10 109
119 218
115 214
121 220
8 107
136 235
192 291
74 173
134 233
192 291
82 181
190 289
165 264
178 277
75 174
115 214
26 125
103 202
73 172
185 284
93 192
21 120
82 181
124 223
37 136
47 146
134 233
111 210
116 215
178 277
149 248
90 189
165 264
157 256
77 176
31 130
81 180
121 220
20 119
45 144
43 142
36 135
177 276
45 144
164 263
15 114
115 214
97 196
163 262
46 145
20 119
11 110
42 141
165 264
185 284
74 173
20 119
33 132
193 292
98 197
142 241
71 170
158 257
97 196
108 207
111 210
117 216
74 173
90 189
116 215
64 163
32 131
39 138
65 164
92 191
107 206
29 128
155 254
133 232
103 202
53 152
163 262
55 154
8 107
123 222
8 107
151 250
36 135
56 155
161 260
85 184
119 218
67 166
19 118
19 118
79 178
195 294
125 224
72 171
101 200
152 251
14 113
102 201
27 126
38 137
37 136
155 254
31 130
27 126
23 122
84 183
129 228
128 227
4 103
112 211
75 174
90 189
40 139
142 241
104 203
191 290
70 169
80 179
44 143
10 109
177 276
186 285
139 238
6 105
176 275
49 148
50 149
145 244
11 110
43 142
158 257
119 218
131 230
196 295
54 153
164 263
100 199
176 275
189 288
179 278
32 131
93 192
153 252
100 199
118 217
23 122
86 185
123 222
49 148
39 138
139 238
36 135
59 158
139 238
24 123
187 286
187 286
170 269
82 181
48 147
122 221
157 256
66 165
92 191
149 248
139 238
173 272
107 206
80 179
15 114
31 130
179 278
130 229
159 258
6 105
63 162
163 262
130 229
56 155
99 198
66 165
171 270
139 238
98 197
97 196
64 163
106 205
53 152
40 139
36 135
78 177
141 240
150 249
44 143
173 272
190 289
106 205
194 293
53 152
181 280
179 278
177 276
169 268
64 163
166 265
189 288
110 209
190 289
48 147
66 165
53 152
51 150
86 185
114 213
12 111
45 144
17 116
172 271
76 175
12 111
170 269
170 269
46 145
37 136
90 189
68 167
42 141
58 157
48 147
139 238
25 124
178 277
173 272
88 187
61 160
52 151
112 211
13 112
135 234
56 155
20 119
18 117
194 293
125 224
11 110
50 149
49 148
0 99
160 259
116 215
133 232
133 232
24 123
135 234
109 208
195 294
157 256
134 233
34 133
139 238
187 286
52 151
8 107
50 149
26 125
24 123
104 203
56 155
174 273
127 226
9 108
42 141
125 224
195 294
87 186
96 195
137 236
76 175
80 179
195 294
72 171
75 174
94 193
120 219
66 165
43 142
160 259
194 293
54 153
29 128
12 111
137 236
110 209
94 193
47 146
110 209
110 209
76 175
169 268
119 218
65 164
165 264
100 199
62 161
68 167
97 196
78 177
35 134
196 295
73 172
10 109
14 113
2 101
60 159
22 121
191 290
135 234
131 230
188 287
166 265
132 231
11 110
20 119
16 115
107 206
52 151
160 259
34 133
187 286
92 191
150 249
32 131
104 203
151 250
37 136
9 108
170 269
154 253
194 293
169 268
83 182
132 231
114 213
131 230
79 178
78 177
117 216
12 111
94 193
27 126
171 270
179 278
7 106
184 283
32 131
173 272
140 239
177 276
129 228
167 266
123 222
71 170
103 202
58 157
11 110
78 177
36 135
111 210
84 183
101 200
133 232
115 214
145 244
84 183
135 234
109 208
27 126
170 269
36 135
22 121
36 135
36 135
38 137
164 263
43 142
68 167
7 106
22 121
101 200
88 187
19 118
76 175
128 227
142 241
116 215
102 201
33 132
1 100
156 255
26 125
86 185
78 177
122 221
172 271
67 166
167 266
184 283
97 196
50 149
5 104
27 126
22 121
155 254
121 220
12 111
96 195
27 126
103 202
26 125
17 116
191 290
131 230
126 225
151 250
143 242
24 123
52 151
109 208
105 204
178 277
89 188
113 212
138 237
16 115
105 204
21 120
173 272
56 155
108 207
140 239
103 202
72 171
53 152
12 111
50 149
114 213
111 210
105 204
81 180
187 286
3 102
174 273
191 290
101 200
77 176
148 247
55 154
17 116
54 153
27 126
28 127
97 196
125 224
140 239
152 251
175 274
59 158
28 127
101 200
163 262
8 107
182 281
42 141
16 115
169 268
126 225
191 290
134 233
32 131
166 265
11 110
47 146
174 273
119 218
22 121
23 122
30 129
25 124
36 135
53 152
128 227
183 282
57 156
57 156
69 168
109 208
93 192
124 223
158 257
56 155
174 273
114 213
41 140
4 103
101 200
38 137
62 161
169 268
80 179
29 128
176 275
43 142
111 210
155 254
141 240
159 258
183 282
113 212
36 135
163 262
83 182
52 151
119 218
157 256
140 239
100 199
116 215
98 197
121 220
120 219
35 134
143 242
156 255
21 120
112 211
49 148
139 238
58 157
121 220
38 137
41 140
165 264
63 162
100 199
137 236
141 240
181 280
14 113
66 165
133 232
160 259
30 129
58 157
33 132
150 249
185 284
27 126
130 229
146 245
139 238
53 152
25 124
25 124
154 253
24 123
158 257
65 164
170 269
6 105
27 126
13 112
1 100
92 191
101 200
122 221
18 117
197 296
79 178
51 150
41 140
103 202
52 151
38 137
36 135
162 261
129 228
124 223
153 252
3 102
56 155
106 205
40 139
36 135
163 262
33 132
113 212
181 280
180 279
131 230
133 232
39 138
0 99
13 112
127 226
150 249
74 173
159 258
95 194
88 187
28 127
47 146
41 140
155 254
50 149
5 104
33 132
101 200
152 251
139 238
23 122
181 280
132 231
152 251
61 160
30 129
55 154
124 223
106 205
184 283
50 149
82 181
76 175
56 155
51 150
8 107
52 151
88 187
157 256
82 181
57 156
112 211
171 270
121 220
126 225
186 285
107 206
51 150
51 150
158 257
79 178
144 243
50 149
14 113
77 176
1 100
28 127
91 190
32 131
118 217
23 122
170 269
61 160
104 203
1 100
150 249
141 240
6 105
135 234
2 101
114 213
18 117
162 261
189 288
159 258
142 241
62 161
167 266
16 115
66 165
162 261
63 162
165 264
14 113
43 142
93 192
19 118
173 272
144 243
73 172
41 140
154 253
140 239
5 104
146 245
102 201
57 156
90 189
139 238
59 158
110 209
193 292
107 206
131 230
1 100
133 232
2 101
74 173
190 289
96 195
138 237
172 271
45 144
148 247
28 127
73 172
29 128
88 187
153 252
179 278
4 103
67 166
148 247
104 203
143 242
68 167
165 264
191 290
56 155
172 271
25 124
140 239
51 150
19 118
79 178
134 233
156 255
169 268
140 239
45 144
72 171
13 112
95 194
169 268
177 276
98 197
75 174
49 148
177 276
101 200
90 189
151 250
25 124
8 107
59 158
87 186
116 215
159 258
141 240
175 274
117 216
161 260
82 181
70 169
141 240
166 265
6 105
5 104
188 287
122 221
141 240
91 190
123 222
141 240
176 275
153 252
36 135
91 190
43 142
57 156
192 291
53 152
123 222
168 267
137 236
74 173
140 239
178 277
57 156
12 111
68 167
184 283
84 183
37 136
57 156
19 118
42 141
126 225
132 231
89 188
49 148
176 275
14 113
92 191
143 242
0 99
117 216
180 279
149 248
172 271
119 218
175 274
185 284
134 233
83 182
121 220
58 157
91 190
100 199
65 164
174 273
51 150
188 287
186 285
1 100
153 252
147 246
121 220
158 257
10 109
28 127
113 212
182 281
63 162
32 131
144 243
25 124
183 282
90 189
177 276
26 125
111 210
185 284
110 209
39 138
24 123
15 114
114 213
38 137
181 280
13 112
52 151
0 99
137 236
38 137
49 148
93 192
6 105
3 102
130 229
191 290
90 189
87 186
123 222
178 277
133 232
183 282
35 134
19 118
74 173
171 270
2 101
123 222
128 227
2 101
154 253
169 268
114 213
60 159
57 156
124 223
40 139
98 197
181 280
174 273
140 239
117 216
70 169
142 241
140 239
93 192
176 275
191 290
146 245
6 105
115 214
69 168
21 120
140 239
76 175
176 275
18 117
119 218
58 157
161 260
128 227
20 119
95 194
14 113
185 284
20 119
183 282
152 251
34 133
94 193
62 161
153 252
14 113
45 144
129 228
197 296
42 141
127 226
97 196
194 293
155 254
155 254
40 139
162 261
147 246
1 100
126 225
181 280
140 239
156 255
82 181
191 290
127 226
3 102
8 107
178 277
187 286
60 159
116 215
168 267
104 203
119 218
50 149
63 162
41 140
72 171
112 211
14 113
70 169
111 210
192 291
194 293
177 276
83 182
133 232
53 152
4 103
25 124
108 207
3 102
89 188
108 207
112 211
1 100
43 142
193 292
40 139
1 100
32 131
53 152
188 287
26 125
50 149
7 106
57 156
184 283
85 184
116 215
82 181
79 178
184 283
46 145
61 160
164 263
54 153
152 251
54 153
27 126
125 224
15 114
150 249
187 286
51 150
98 197
14 113
79 178
11 110
159 258
45 144
70 169
95 194
134 233
142 241
169 268
193 292
142 241
158 257
2 101
189 288
63 162
106 205
172 271
147 246
35 134
84 183
144 243
91 190
25 124
18 117
31 130
137 236
175 274
188 287
175 274
16 115
172 271
70 169
160 259
6 105
64 163
93 192
68 167
48 147
185 284
20 119
190 289
152 251
139 238
44 143
161 260
47 146
43 142
167 266
48 147
115 214
114 213
93 192
138 237
161 260
24 123
103 202
13 112
180 279
52 151
53 152
2 101
191 290
188 287
191 290
195 294
47 146
67 166
171 270
39 138
106 205
75 174
56 155
32 131
6 105
82 181
125 224
142 241
120 219
70 169
139 238
77 176
83 182
3 102
21 120
25 124
100 199
116 215
87 186
183 282
26 125
21 120
69 168
23 122
161 260
68 167
68 167
92 191
95 194
157 256
136 235
34 133
195 294
102 201
1 100
130 229
132 231
100 199
95 194
74 173
145 244
131 230
62 161
69 168
7 106
51 150
51 150
127 226
59 158
151 250
178 277
35 134
50 149
119 218
121 220
184 283
74 173
146 245
172 271
174 273
154 253
99 198
139 238
169 268
50 149
179 278
39 138
176 275
21 120
166 265
5 104
190 289
99 198
83 182
43 142
100 199
129 228
30 129
22 121
119 218
120 219
57 156
89 188
182 281
121 220
130 229
148 247
114 213
55 154
32 131
168 267
23 122
100 199
77 176
154 253
121 220
190 289
183 282
154 253
29 128
175 274
178 277
98 197
15 114
69 168
52 151
75 174
4 103
102 201
136 235
70 169
99 198
92 191
159 258
135 234
8 107
138 237
105 204
176 275
122 221
173 272
118 217
105 204
36 135
10 109
121 220
179 278
7 106
167 266
116 215
152 251
6 105
178 277
56 155
30 129
146 245
61 160
107 206
138 237
51 150
156 255
90 189
132 231
22 121
104 203
26 125
25 124
33 132
139 238
109 208
137 236
117 216
0 99
109 208
163 262
3 102
93 192
27 126
121 220
32 131
166 265
129 228
56 155
184 283
143 242
3 102
22 121
116 215
50 149
54 153
42 141
52 151
178 277
167 266
126 225
16 115
53 152
33 132
30 129
45 144
35 134
11 110
192 291
107 206
164 263
97 196
77 176
29 128
115 214
71 170
192 291
134 233
67 166
142 241
88 187
2 101
177 276
60 159
82 181
151 250
161 260
44 143
135 234
180 279
105 204
125 224
26 125
54 153
185 284
168 267
194 293
120 219
33 132
124 223
184 283
55 154
3 102
174 273
188 287
14 113
129 228
16 115
119 218
77 176
47 146
8 107
23 122
7 106
95 194
110 209
85 184
118 217
186 285
11 110
137 236
124 223
84 183
104 203
111 210
167 266
91 190
148 247
46 145
68 167
53 152
166 265
86 185
121 220
168 267
52 151
131 230
151 250
43 142
34 133
0 99
35 134
114 213
196 295
141 240
32 131
153 252
115 214
26 125
122 221
196 295
173 272
174 273
182 281
107 206
189 288
159 258
94 193
115 214
136 235
30 129
170 269
8 107
123 222
28 127
157 256
147 246
134 233
104 203
100 199
161 260
181 280
101 200
82 181
79 178
58 157
19 118
124 223
56 155
45 144
13 112
48 147
190 289
123 222
147 246
130 229
90 189
77 176
86 185
173 272
48 147
181 280
6 105
101 200
86 185
133 232
18 117
188 287
75 174
170 269
28 127
95 194
166 265
2 101
85 184
163 262
81 180
187 286
160 259
101 200
110 209
72 171
121 220
81 180
176 275
24 123
176 275
133 232
69 168
169 268
16 115
192 291
59 158
35 134
162 261
67 166
90 189
120 219
146 245
131 230
133 232
10 109
175 274
18 117
176 275
86 185
67 166
195 294
105 204
5 104
30 129
66 165
156 255
168 267
196 295
175 274
142 241
146 245
107 206
97 196
5 104
141 240
126 225
155 254
120 219
105 204
43 142
62 161
94 193
166 265
147 246
137 236
161 260
37 136
119 218
27 126
92 191
23 122
64 163
168 267
40 139
23 122
156 255
98 197
112 211
21 120
33 132
7 106
87 186
3 102
15 114
189 288
181 280
26 125
17 116
70 169
32 131
161 260
117 216
142 241
31 130
163 262
134 233
32 131
178 277
64 163
75 174
94 193
188 287
60 159
17 116
31 130
151 250
114 213
4 103
89 188
28 127
20 119
113 212
109 208
133 232
86 185
169 268
11 110
23 122
101 200
119 218
185 284
54 153
34 133
175 274
72 171
191 290
105 204
133 232
30 129
112 211
55 154
2 101
10 109
69 168
73 172
97 196
162 261
163 262
59 158
35 134
94 193
168 267
99 198
151 250
185 284
2 101
120 219
190 289
2 101
158 257
18 117
38 137
1 100
112 211
142 241
26 125
10 109
181 280
48 147
152 251
144 243
90 189
10 109
39 138
159 258
184 283
156 255
147 246
28 127
95 194
125 224
109 208
46 145
30 129
93 192
131 230
56 155
179 278
181 280
32 131
142 241
161 260
68 167
195 294
192 291
135 234
188 287
146 245
124 223
109 208
117 216
66 165
197 296
134 233
172 271
109 208
5 104
112 211
2 101
75 174
96 195
196 295
140 239
52 151
99 198
84 183
10 109
112 211
107 206
67 166
19 118
167 266
185 284
26 125
171 270
39 138
71 170
86 185
167 266
45 144
23 122
128 227
4 103
187 286
5 104
121 220
47 146
126 225
11 110
63 162
175 274
144 243
63 162
39 138
180 279
14 113
171 270
122 221
99 198
12 111
148 247
3 102
103 202
96 195
62 161
77 176
151 250
10 109
55 154
12 111
108 207
16 115
16 115
165 264
29 128
178 277
55 154
147 246
166 265
28 127
63 162
137 236
149 248
23 122
44 143
9 108
101 200
121 220
3 102
192 291
117 216
174 273
82 181
21 120
153 252
94 193
57 156
40 139
82 181
0 99
96 195
33 132
21 120
99 198
118 217
166 265
185 284
87 186
66 165
170 269
34 133
56 155
44 143
96 195
145 244
0 99
98 197
115 214
88 187
178 277
168 267
120 219
191 290
116 215
47 146
160 259
40 139
132 231
144 243
112 211
100 199
83 182
16 115
53 152
114 213
192 291
1 100
9 108
112 211
92 191
61 160
10 109
3 102
88 187
47 146
48 147
82 181
183 282
58 157
74 173
48 147
113 212
147 246
64 163
134 233
155 254
48 147
176 275
20 119
88 187
180 279
30 129
106 205
86 185
76 175
137 236
77 176
60 159
180 279
18 117
103 202
159 258
93 192
37 136
75 174
105 204
65 164
136 235
9 108
157 256
65 164
143 242
38 137
197 296
94 193
100 199
104 203
86 185
46 145
87 186
109 208
147 246
16 115
194 293
158 257
169 268
125 224
156 255
128 227
82 181
188 287
187 286
37 136
160 259
197 296
186 285
107 206
17 116
94 193
44 143
51 150
195 294
4 103
78 177
170 269
71 170
24 123
160 259
69 168
15 114
83 182
35 134
29 128
113 212
135 234
36 135
77 176
189 288
41 140
175 274
125 224
143 242
114 213
127 226
195 294
75 174
80 179
41 140
109 208
31 130
135 234
151 250
99 198
122 221
126 225
127 226
75 174
142 241
163 262
163 262
171 270
11 110
121 220
154 253
110 209
76 175
122 221
48 147
135 234
173 272
190 289
188 287
149 248
10 109
153 252
15 114
13 112
100 199
181 280
179 278
53 152
144 243
125 224
29 128
85 184
191 290
66 165
193 292
169 268
53 152
126 225
155 254
2 101
12 111
92 191
61 160
167 266
171 270
64 163
67 166
11 110
85 184
47 146
113 212
37 136
14 113
194 293
28 127
9 108
29 128
146 245
61 160
164 263
173 272
160 259
100 199
6 105
16 115
13 112
108 207
162 261
34 133
131 230
63 162
12 111
99 198
69 168
30 129
145 244
50 149
188 287
132 231
56 155
111 210
75 174
104 203
76 175
141 240
77 176
15 114
177 276
123 222
108 207
83 182
146 245
181 280
176 275
13 112
181 280
147 246
7 106
126 225
8 107
92 191
138 237
131 230
150 249
76 175
23 122
55 154
143 242
79 178
154 253
191 290
118 217
95 194
142 241
193 292
34 133
119 218
132 231
80 179
52 151
109 208
61 160
137 236
112 211
26 125
130 229
17 116
192 291
165 264
161 260
50 149
134 233
98 197
95 194
48 147
37 136
97 196
79 178
108 207
85 184
31 130
112 211
21 120
90 189
0 99
147 246
191 290
196 295
12 111
59 158
71 170
46 145
132 231
182 281
173 272
27 126
178 277
161 260
111 210
42 141
22 121
154 253
5 104
84 183
186 285
59 158
172 271
119 218
151 250
3 102
75 174
84 183
2 101
76 175
155 254
14 113
116 215
99 198
86 185
96 195
163 262
118 217
78 177
173 272
119 218
44 143
169 268
127 226
125 224
83 182
147 246
73 172
74 173
195 294
103 202
158 257
10 109
26 125
152 251
53 152
184 283
20 119
101 200
141 240
31 130
142 241
52 151
83 182
195 294
36 135
23 122
174 273
144 243
110 209
4 103
69 168
104 203
145 244
131 230
123 222
30 129
155 254
141 240
127 226
193 292
84 183
149 248
107 206
171 270
197 296
138 237
28 127
26 125
59 158
191 290
183 282
103 202
2 101
142 241
88 187
75 174
178 277
98 197
194 293
46 145
189 288
126 225
166 265
184 283
65 164
150 249
153 252
173 272
55 154
56 155
34 133
155 254
87 186
66 165
26 125
2 101
125 224
185 284
31 130
10 109
65 164
128 227
159 258
196 295
54 153
93 192
169 268
133 232
90 189
75 174
38 137
89 188
78 177
186 285
197 296
43 142
50 149
193 292
184 283
45 144
43 142
149 248
158 257
94 193
2 101
141 240
105 204
137 236
187 286
115 214
95 194
195 294
33 132
37 136
19 118
22 121
188 287
126 225
129 228
21 120
25 124
46 145
49 148
58 157
131 230
140 239
176 275
45 144
15 114
69 168
29 128
36 135
172 271
144 243
149 248
173 272
157 256
182 281
122 221
99 198
178 277
60 159
92 191
167 266
119 218
139 238
159 258
38 137
79 178
177 276
195 294
114 213
163 262
48 147
189 288
102 201
73 172
79 178
28 127
131 230
141 240
73 172
24 123
163 262
136 235
100 199
0 99
165 264
194 293
55 154
1 100
49 148
154 253
137 236
123 222
29 128
150 249
89 188
164 263
42 141
58 157
41 140
171 270
151 250
127 226
0 99
118 217
104 203
184 283
139 238
187 286
178 277
136 235
97 196
165 264
0 99
105 204
45 144
69 168
155 254
36 135
141 240
83 182
187 286
20 119
5 104
158 257
55 154
38 137
184 283
156 255
115 214
65 164
169 268
33 132
20 119
178 277
181 280
162 261
190 289
22 121
93 192
5 104
125 224
111 210
10 109
23 122
17 116
65 164
55 154
145 244
112 211
134 233
108 207
94 193
82 181
151 250
133 232
9 108
119 218
49 148
183 282
82 181
104 203
74 173
72 171
89 188
14 113
2 101
88 187
46 145
134 233
147 246
4 103
160 259
125 224
86 185
172 271
155 254
45 144
115 214
179 278
172 271
121 220
100 199
45 144
144 243
193 292
179 278
57 156
72 171
3 102
142 241
11 110
126 225
70 169
112 211
62 161
141 240
148 247
48 147
44 143
129 228
97 196
181 280
141 240
5 104
47 146
59 158
74 173
122 221
16 115
94 193
153 252
8 107
134 233
132 231
124 223
80 179
194 293
57 156
79 178
140 239
183 282
16 115
11 110
94 193
161 260
142 241
94 193
133 232
192 291
65 164
188 287
156 255
44 143
87 186
83 182
60 159
192 291
127 226
130 229
87 186
148 247
154 253
16 115
58 157
80 179
143 242
31 130
36 135
7 106
80 179
129 228
156 255
138 237
174 273
158 257
120 219
70 169
86 185
173 272
90 189
16 115
18 117
9 108
115 214
19 118
60 159
50 149
58 157
27 126
151 250
153 252
94 193
121 220
121 220
160 259
46 145
35 134
51 150
68 167
73 172
47 146
149 248
120 219
139 238
43 142
82 181
152 251
0 99
14 113
74 173
89 188
25 124
75 174
84 183
47 146
87 186
136 235
23 122
170 269
130 229
66 165
42 141
122 221
58 157
3 102
160 259
155 254
86 185
152 251
132 231
164 263
188 287
41 140
38 137
152 251
163 262
66 165
111 210
184 283
112 211
174 273
22 121
159 258
179 278
0 99
50 149
12 111
147 246
73 172
23 122
13 112
148 247
59 158
173 272
48 147
20 119
149 248
71 170
65 164
64 163
155 254
119 218
174 273
194 293
9 108
141 240
125 224
5 104
56 155
166 265
113 212
182 281
58 157
27 126
170 269
170 269
185 284
78 177
171 270
78 177
117 216
99 198
146 245
195 294
192 291
177 276
82 181
89 188
60 159
81 180
127 226
162 261
143 242
145 244
130 229
74 173
5 104
99 198
91 190
194 293
122 221
168 267
65 164
93 192
82 181
52 151
67 166
127 226
55 154
95 194
166 265
8 107
65 164
73 172
167 266
22 121
171 270
126 225
124 223
158 257
43 142
14 113
101 200
197 296
80 179
106 205
95 194
172 271
29 128
43 142
87 186
53 152
188 287
44 143
124 223
107 206
106 205
44 143
112 211
82 181
143 242
111 210
64 163
17 116
21 120
156 255
135 234
24 123
129 228
93 192
49 148
178 277
102 201
33 132
194 293
197 296
26 125
109 208
123 222
61 160
73 172
110 209
63 162
8 107
39 138
74 173
89 188
114 213
168 267
75 174
65 164
19 118
4 103
128 227
153 252
75 174
23 122
168 267
107 206
183 282
128 227
93 192
158 257
5 104
82 181
111 210
88 187
113 212
173 272
72 171
170 269
3 102
28 127
115 214
101 200
68 167
39 138
123 222
129 228
64 163
127 226
98 197
183 282
182 281
162 261
24 123
133 232
96 195
74 173
191 290
74 173
159 258
87 186
156 255
183 282
160 259
88 187
184 283
21 120
194 293
73 172
185 284
74 173
42 141
114 213
103 202
152 251
178 277
36 135
116 215
116 215
151 250
127 226
87 186
53 152
75 174
126 225
196 295
78 177
183 282
12 111
74 173
173 272
3 102
105 204
7 106
192 291
145 244
1 100
43 142
172 271
75 174
65 164
8 107
12 111
176 275
24 123
154 253
131 230
7 106
0 99
83 182
26 125
82 181
188 287
25 124
134 233
140 239
17 116
94 193
156 255
151 250
191 290
147 246
47 146
109 208
138 237
138 237
59 158
77 176
47 146
2 101
15 114
107 206
187 286
18 117
24 123
133 232
28 127
32 131
92 191
2 101
83 182
91 190
195 294
69 168
60 159
105 204
40 139
177 276
182 281
91 190
185 284
5 104
32 131
5 104
144 243
191 290
22 121
109 208
9 108
184 283
157 256
34 133
158 257
107 206
178 277
68 167
140 239
23 122
133 232
5 104
99 198
56 155
88 187
120 219
170 269
162 261
53 152
23 122
51 150
76 175
142 241
80 179
181 280
53 152
36 135
110 209
35 134
136 235
43 142
70 169
169 268
8 107
14 113
160 259
159 258
185 284
194 293
159 258
163 262
171 270
160 259
158 257
62 161
190 289
142 241
169 268
136 235
79 178
161 260
173 272
142 241
141 240
65 164
152 251
78 177
116 215
159 258
140 239
80 179
192 291
168 267
168 267
101 200
67 166
108 207
179 278
168 267
152 251
37 136
28 127
153 252
164 263
81 180
165 264
144 243
81 180
193 292
175 274
130 229
2 101
197 296
195 294
4 103
172 271
19 118
90 189
102 201
92 191
128 227
191 290
62 161
21 120
157 256
162 261
183 282
132 231
152 251
141 240
67 166
101 200
24 123
167 266
108 207
86 185
86 185
146 245
178 277
166 265
119 218
27 126
57 156
176 275
98 197
45 144
167 266
170 269
109 208
30 129
52 151
30 129
71 170
191 290
39 138
102 201
65 164
11 110
172 271
135 234
158 257
61 160
27 126
158 257
43 142
17 116
184 283
168 267
150 249
77 176
94 193
82 181
167 266
168 267
53 152
92 191
32 131
58 157
87 186
90 189
163 262
185 284
22 121
77 176
99 198
180 279
192 291
8 107
133 232
39 138
108 207
43 142
181 280
51 150
86 185
8 107
31 130
125 224
36 135
45 144
177 276
104 203
18 117
180 279
197 296
57 156
92 191
117 216
124 223
108 207
153 252
194 293
52 151
8 107
79 178
59 158
175 274
120 219
143 242
129 228
27 126
137 236
37 136
41 140
82 181
94 193
80 179
16 115
145 244
178 277
54 153
11 110
63 162
137 236
188 287
68 167
64 163
191 290
8 107
58 157
83 182
70 169
116 215
26 125
32 131
14 113
182 281
8 107
140 239
148 247
26 125
23 122
114 213
140 239
16 115
46 145
102 201
72 171
30 129
194 293
5 104
195 294
180 279
193 292
133 232
183 282
49 148
55 154
158 257
39 138
117 216
45 144
154 253
176 275
163 262
134 233
120 219
118 217
15 114
123 222
96 195
107 206
130 229
109 208
22 121
23 122
110 209
107 206
67 166
167 266
92 191
20 119
136 235
67 166
163 262
149 248
105 204
106 205
114 213
100 199
165 264
79 178
133 232
33 132
111 210
149 248
162 261
107 206
117 216
73 172
124 223
67 166
165 264
90 189
51 150
64 163
92 191
10 109
114 213
124 223
35 134
135 234
197 296
125 224
39 138
168 267
66 165
93 192
82 181
49 148
188 287
118 217
1 100
183 282
167 266
1 100
186 285
41 140
153 252
139 238
81 180
160 259
81 180
146 245
84 183
58 157
29 128
12 111
161 260
10 109
60 159
115 214
118 217
7 106
149 248
6 105
68 167
60 159
13 112
74 173
48 147
36 135
87 186
139 238
144 243
27 126
27 126
135 234
2 101
138 237
181 280
69 168
147 246
156 255
125 224
84 183
69 168
134 233
195 294
39 138
93 192
83 182
58 157
196 295
18 117
149 248
65 164
127 226
8 107
24 123
50 149
1 100
31 130
143 242
102 201
48 147
44 143
194 293
94 193
56 155
12 111
60 159
131 230
14 113
33 132
20 119
61 160
102 201
109 208
23 122
132 231
45 144
151 250
195 294
67 166
108 207
140 239
119 218
76 175
184 283
170 269
25 124
110 209
21 120
34 133
171 270
170 269
66 165
25 124
32 131
37 136
1 100
124 223
48 147
154 253
97 196
132 231
167 266
60 159
120 219
70 169
100 199
143 242
166 265
167 266
29 128
127 226
49 148
148 247
188 287
192 291
21 120
25 124
142 241
146 245
158 257
160 259
161 260
38 137
55 154
47 146
32 131
1 100
32 131
32 131
144 243
136 235
138 237
29 128
127 226
43 142
128 227
168 267
99 198
144 243
33 132
6 105
52 151
25 124
0 99
178 277
122 221
146 245
155 254
112 211
45 144
149 248
65 164
119 218
195 294
135 234
22 121
62 161
138 237
87 186
149 248
108 207
24 123
182 281
8 107
186 285
100 199
86 185
3 102
27 126
188 287
128 227
101 200
1 100
107 206
170 269
98 197
197 296
143 242
183 282
193 292
140 239
188 287
151 250
23 122
139 238
95 194
22 121
196 295
178 277
160 259
115 214
76 175
28 127
166 265
146 245
37 136
111 210
175 274
83 182
33 132
14 113
94 193
141 240
105 204
104 203
98 197
53 152
29 128
26 125
162 261
186 285
188 287
140 239
17 116
168 267
123 222
80 179
68 167
21 120
109 208
44 143
133 232
88 187
179 278
21 120
33 132
103 202
93 192
44 143
183 282
21 120
45 144
10 109
178 277
139 238
166 265
13 112
123 222
193 292
185 284
57 156
125 224
147 246
70 169
76 175
59 158
46 145
190 289
114 213
79 178
176 275
167 266
162 261
107 206
48 147
45 144
116 215
189 288
76 175
24 123
192 291
87 186
118 217
134 233
26 125
69 168
15 114
137 236
25 124
54 153
170 269
77 176
78 177
176 275
176 275
47 146
167 266
110 209
8 107
144 243
70 169
140 239
46 145
72 171
34 133
85 184
47 146
155 254
114 213
193 292
17 116
22 121
39 138
170 269
117 216
158 257
134 233
140 239
150 249
103 202
171 270
124 223
83 182
126 225
74 173
89 188
143 242
101 200
15 114
137 236
196 295
60 159
188 287
164 263
111 210
43 142
81 180
122 221
60 159
52 151
54 153
146 245
99 198
8 107
128 227
94 193
127 226
85 184
185 284
11 110
138 237
48 147
17 116
181 280
190 289
123 222
13 112
54 153
166 265
174 273
107 206
25 124
28 127
54 153
109 208
54 153
71 170
184 283
68 167
32 131
31 130
17 116
81 180
139 238
85 184
184 283
143 242
115 214
149 248
1 100
5 104
36 135
20 119
180 279
6 105
117 216
68 167
130 229
179 278
132 231
166 265
105 204
6 105
139 238
123 222
127 226
196 295
177 276
120 219
100 199
77 176
182 281
194 293
19 118
105 204
160 259
174 273
9 108
117 216
116 215
140 239
37 136
167 266
35 134
68 167
194 293
69 168
170 269
185 284
106 205
7 106
104 203
156 255
58 157
100 199
95 194
21 120
188 287
27 126
2 101
174 273
129 228
114 213
20 119
179 278
8 107
27 126
171 270
160 259
94 193
37 136
68 167
61 160
185 284
165 264
88 187
181 280
130 229
31 130
64 163
74 173
1 100
143 242
195 294
58 157
118 217
85 184
8 107
195 294
39 138
31 130
168 267
14 113
173 272
106 205
49 148
188 287
56 155
167 266
144 243
168 267
181 280
128 227
185 284
41 140
192 291
8 107
31 130
84 183
99 198
89 188
84 183
94 193
143 242
184 283
169 268
27 126
36 135
38 137
177 276
151 250
67 166
142 241
16 115
51 150
189 288
71 170
171 270
145 244
73 172
65 164
176 275
27 126
29 128
13 112
6 105
100 199
94 193
105 204
30 129
124 223
159 258
11 110
10 109
118 217
85 184
61 160
83 182
44 143
29 128
152 251
70 169
93 192
86 185
130 229
133 232
67 166
123 222
108 207
117 216
66 165
149 248
124 223
143 242
50 149
47 146
135 234
46 145
63 162
186 285
34 133
59 158
45 144
124 223
129 228
99 198
162 261
10 109
122 221
163 262
137 236
104 203
7 106
141 240
128 227
36 135
49 148
17 116
174 273
59 158
96 195
65 164
176 275
139 238
76 175
94 193
18 117
99 198
40 139
145 244
78 177
189 288
148 247
150 249
134 233
33 132
110 209
144 243
116 215
61 160
172 271
110 209
107 206
26 125
122 221
132 231
22 121
193 292
103 202
89 188
64 163
111 210
153 252
160 259
91 190
73 172
135 234
64 163
130 229
114 213
195 294
60 159
39 138
46 145
63 162
33 132
6 105
86 185
75 174
17 116
69 168
29 128
40 139
2 101
21 120
123 222
16 115
158 257
4 103
92 191
55 154
7 106
104 203
168 267
169 268
91 190
51 150
34 133
180 279
158 257
188 287
80 179
185 284
36 135
80 179
166 265
15 114
50 149
23 122
162 261
181 280
188 287
138 237
185 284
109 208
144 243
188 287
108 207
100 199
114 213
27 126
150 249
82 181
171 270
126 225
10 109
125 224
29 128
145 244
5 104
129 228
187 286
136 235
79 178
165 264
119 218
139 238
130 229
2 101
58 157
3 102
25 124
36 135
1 100
149 248
77 176
193 292
140 239
93 192
126 225
8 107
178 277
28 127
48 147
185 284
89 188
81 180
188 287
14 113
42 141
10 109
23 122
32 131
182 281
105 204
175 274
38 137
99 198
126 225
10 109
162 261
168 267
130 229
68 167
15 114
190 289
92 191
14 113
79 178
133 232
12 111
114 213
10 109
195 294
179 278
185 284
177 276
189 288
71 170
153 252
92 191
87 186
83 182
6 105
62 161
56 155
188 287
113 212
7 106
113 212
172 271
37 136
192 291
60 159
78 177
113 212
2 101
100 199
141 240
54 153
119 218
68 167
154 253
195 294
16 115
25 124
72 171
19 118
147 246
74 173
47 146
25 124
178 277
138 237
177 276
17 116
61 160
21 120
128 227
78 177
74 173
59 158
46 145
131 230
120 219
147 246
136 235
109 208
134 233
62 161
115 214
101 200
11 110
64 163
112 211
89 188
189 288
35 134
34 133
79 178
160 259
157 256
18 117
170 269
172 271
141 240
130 229
163 262
120 219
20 119
116 215
117 216
93 192
106 205
52 151
66 165
74 173
56 155
77 176
16 115
67 166
163 262
179 278
12 111
51 150
144 243
81 180
6 105
177 276
144 243
72 171
186 285
168 267
167 266
116 215
22 121
179 278
121 220
62 161
84 183
133 232
52 151
104 203
26 125
182 281
195 294
132 231
32 131
129 228
133 232
20 119
121 220
109 208
181 280
0 99
119 218
69 168
124 223
148 247
133 232
91 190
26 125
179 278
191 290
96 195
183 282
153 252
144 243
154 253
38 137
75 174
95 194
129 228
84 183
138 237
194 293
4 103
101 200
98 197
30 129
147 246
124 223
179 278
150 249
13 112
60 159
135 234
0 99
71 170
87 186
87 186
75 174
169 268
60 159
55 154
111 210
57 156
114 213
117 216
119 218
68 167
38 137
192 291
85 184
87 186
127 226
126 225
45 144
38 137
150 249
9 108
141 240
28 127
35 134
25 124
173 272
83 182
71 170
34 133
121 220
173 272
65 164
87 186
176 275
82 181
92 191
103 202
98 197
186 285
182 281
170 269
14 113
17 116
75 174
143 242
3 102
143 242
153 252
39 138
101 200
97 196
23 122
124 223
116 215
32 131
96 195
45 144
31 130
167 266
37 136
188 287
66 165
62 161
163 262
38 137
126 225
22 121
48 147
186 285
171 270
177 276
73 172
83 182
78 177
132 231
132 231
50 149
77 176
115 214
22 121
158 257
98 197
143 242
109 208
182 281
21 120
48 147
77 176
93 192
10 109
28 127
55 154
173 272
79 178
41 140
164 263
16 115
196 295
117 216
32 131
3 102
158 257
96 195
189 288
25 124
147 246
193 292
75 174
151 250
161 260
94 193
186 285
165 264
174 273
160 259
49 148
156 255
27 126
81 180
91 190
97 196
67 166
85 184
1 100
64 163
129 228
101 200
194 293
113 212
36 135
109 208
142 241
194 293
64 163
22 121
171 270
2 101
107 206
118 217
24 123
50 149
135 234
37 136
168 267
23 122
15 114
60 159
115 214
16 115
50 149
160 259
67 166
17 116
58 157
43 142
70 169
108 207
90 189
17 116
192 291
47 146
63 162
59 158
193 292
141 240
106 205
136 235
132 231
131 230
94 193
181 280
22 121
78 177
164 263
162 261
129 228
65 164
133 232
48 147
128 227
91 190
152 251
19 118
192 291
173 272
104 203
2 101
49 148
4 103
163 262
26 125
157 256
175 274
87 186
45 144
116 215
47 146
77 176
21 120
123 222
79 178
106 205
74 173
17 116
82 181
148 247
141 240
123 222
194 293
145 244
30 129
24 123
58 157
122 221
169 268
8 107
173 272
113 212
158 257
98 197
62 161
150 249
129 228
150 249
83 182
79 178
33 132
69 168
12 111
142 241
171 270
41 140
197 296
22 121
144 243
142 241
105 204
64 163
99 198
77 176
52 151
120 219
143 242
140 239
180 279
88 187
108 207
151 250
33 132
114 213
17 116
148 247
60 159
188 287
42 141
38 137
169 268
82 181
156 255
66 165
165 264
141 240
104 203
132 231
119 218
108 207
44 143
153 252
82 181
26 125
190 289
164 263
36 135
46 145
88 187
153 252
42 141
81 180
61 160
167 266
9 108
67 166
35 134
188 287
127 226
74 173
60 159
133 232
53 152
71 170
157 256
57 156
155 254
118 217
25 124
182 281
77 176
146 245
5 104
6 105
39 138
167 266
40 139
3 102
61 160
139 238
101 200
127 226
184 283
194 293
58 157
89 188
111 210
59 158
114 213
53 152
24 123
169 268
121 220
62 161
81 180
43 142
8 107
86 185
65 164
165 264
160 259
21 120
30 129
192 291
134 233
176 275
102 201
75 174
115 214
64 163
6 105
49 148
191 290
145 244
91 190
98 197
24 123
76 175
160 259
36 135
130 229
187 286
155 254
126 225
26 125
156 255
175 274
50 149
133 232
39 138
172 271
9 108
73 172
32 131
144 243
38 137
17 116
37 136
157 256
66 165
76 175
171 270
107 206
98 197
107 206
87 186
174 273
124 223
179 278
121 220
71 170
100 199
171 270
14 113
147 246
186 285
48 147
32 131
152 251
150 249
51 150
181 280
180 279
117 216
197 296
168 267
5 104
127 226
62 161
142 241
137 236
96 195
116 215
17 116
142 241
77 176
20 119
106 205
7 106
29 128
1 100
40 139
20 119
125 224
84 183
173 272
181 280
34 133
155 254
125 224
137 236
134 233
147 246
72 171
13 112
189 288
105 204
100 199
178 277
20 119
27 126
186 285
46 145
28 127
66 165
139 238
15 114
50 149
75 174
0 99
164 263
86 185
35 134
120 219
60 159
44 143
163 262
195 294
109 208
52 151
33 132
74 173
52 151
134 233
107 206
49 148
148 247
119 218
31 130
131 230
142 241
175 274
117 216
38 137
59 158
119 218
70 169
87 186
153 252
186 285
190 289
77 176
45 144
10 109
67 166
163 262
158 257
156 255
169 268
2 101
122 221
165 264
117 216
98 197
110 209
180 279
106 205
143 242
67 166
3 102
84 183
107 206
38 137
116 215
63 162
169 268
11 110
193 292
91 190
114 213
197 296
85 184
50 149
98 197
3 102
53 152
162 261
152 251
117 216
86 185
108 207
141 240
3 102
8 107
127 226
197 296
40 139
95 194
164 263
158 257
182 281
107 206
81 180
89 188
26 125
163 262
154 253
96 195
99 198
109 208
100 199
87 186
167 266
157 256
23 122
159 258
64 163
56 155
140 239
91 190
18 117
116 215
170 269
152 251
71 170
118 217
73 172
145 244
136 235
183 282
107 206
119 218
23 122
60 159
25 124
86 185
159 258
53 152
56 155
138 237
20 119
85 184
138 237
112 211
193 292
112 211
40 139
106 205
154 253
133 232
96 195
49 148
79 178
80 179
167 266
9 108
193 292
22 121
83 182
5 104
14 113
42 141
8 107
51 150
55 154
25 124
177 276
175 274
169 268
49 148
148 247
185 284
92 191
157 256
186 285
164 263
196 295
195 294
145 244
18 117
70 169
36 135
54 153
107 206
178 277
119 218
126 225
125 224
72 171
57 156
121 220
97 196
45 144
110 209
176 275
155 254
2 101
169 268
81 180
148 247
154 253
29 128
27 126
126 225
130 229
86 185
35 134
81 180
180 279
191 290
117 216
45 144
164 263
93 192
116 215
124 223
122 221
192 291
174 273
11 110
53 152
38 137
184 283
182 281
53 152
156 255
150 249
12 111
90 189
188 287
126 225
117 216
170 269
126 225
39 138
189 288
37 136
52 151
43 142
13 112
0 99
49 148
67 166
7 106
79 178
123 222
75 174
103 202
53 152
84 183
29 128
24 123
57 156
102 201
170 269
41 140
81 180
87 186
93 192
17 116
21 120
42 141
124 223
28 127
7 106
119 218
14 113
130 229
132 231
43 142
104 203
56 155
24 123
118 217
89 188
152 251
21 120
127 226
47 146
181 280
178 277
48 147
63 162
48 147
37 136
138 237
70 169
87 186
97 196
191 290
147 246
181 280
133 232
151 250
84 183
88 187
126 225
142 241
56 155
155 254
176 275
29 128
58 157
23 122
4 103
87 186
27 126
166 265
55 154
62 161
196 295
166 265
22 121
60 159
47 146
125 224
173 272
97 196
146 245
62 161
163 262
153 252
90 189
190 289
168 267
104 203
123 222
152 251
175 274
192 291
71 170
78 177
135 234
36 135
15 114
71 170
196 295
23 122
87 186
32 131
175 274
51 150
38 137
70 169
141 240
124 223
69 168
57 156
42 141
83 182
66 165
135 234
61 160
80 179
34 133
111 210
11 110
162 261
40 139
7 106
68 167
15 114
66 165
169 268
14 113
41 140
107 206
19 118
180 279
170 269
177 276
120 219
38 137
58 157
112 211
191 290
187 286
136 235
135 234
187 286
96 195
116 215
100 199
178 277
77 176
99 198
191 290
157 256
163 262
56 155
175 274
191 290
6 105
145 244
102 201
20 119
32 131
36 135
89 188
132 231
89 188
81 180
39 138
168 267
5 104
169 268
125 224
80 179
133 232
40 139
175 274
126 225
142 241
165 264
97 196
80 179
93 192
73 172
101 200
185 284
147 246
59 158
151 250
75 174
34 133
126 225
34 133
103 202
62 161
140 239
4 103
12 111
103 202
33 132
190 289
174 273
33 132
185 284
179 278
26 125
70 169
17 116
173 272
18 117
10 109
20 119
40 139
87 186
93 192
167 266
52 151
186 285
10 109
12 111
138 237
47 146
59 158
119 218
47 146
1 100
138 237
30 129
152 251
155 254
129 228
90 189
193 292
105 204
114 213
156 255
72 171
80 179
175 274
65 164
136 235
114 213
12 111
49 148
148 247
174 273
131 230
126 225
89 188
63 162
174 273
7 106
111 210
149 248
95 194
119 218
92 191
36 135
1 100
59 158
124 223
38 137
3 102
10 109
41 140
175 274
12 111
23 122
26 125
170 269
116 215
70 169
33 132
137 236
104 203
196 295
26 125
90 189
147 246
3 102
79 178
67 166
190 289
173 272
2 101
142 241
44 143
154 253
83 182
64 163
8 107
4 103
68 167
125 224
106 205
189 288
156 255
136 235
42 141
39 138
53 152
95 194
146 245
161 260
14 113
121 220
5 104
118 217
151 250
122 221
150 249
129 228
176 275
121 220
110 209
26 125
48 147
31 130
30 129
183 282
4 103
85 184
47 146
31 130
28 127
104 203
71 170
7 106
74 173
172 271
143 242
19 118
123 222
180 279
142 241
96 195
154 253
158 257
69 168
98 197
106 205
24 123
193 292
172 271
169 268
43 142
7 106
107 206
52 151
35 134
119 218
54 153
76 175
62 161
49 148
97 196
60 159
77 176
59 158
63 162
179 278
148 247
160 259
127 226
119 218
17 116
93 192
24 123
30 129
72 171
94 193
37 136
97 196
7 106
13 112
156 255
129 228
63 162
75 174
119 218
49 148
168 267
37 136
18 117
161 260
75 174
86 185
179 278
108 207
151 250
83 182
121 220
20 119
95 194
10 109
172 271
147 246
51 150
97 196
85 184
160 259
11 110
34 133
141 240
20 119
195 294
94 193
23 122
17 116
186 285
163 262
72 171
56 155
105 204
92 191
180 279
150 249
32 131
11 110
147 246
71 170
95 194
145 244
101 200
84 183
89 188
179 278
182 281
7 106
139 238
123 222
66 165
109 208
30 129
102 201
135 234
106 205
135 234
171 270
175 274
113 212
103 202
188 287
120 219
24 123
196 295
74 173
175 274
137 236
82 181
0 99
73 172
2 101
70 169
50 149
9 108
65 164
21 120
95 194
3 102
32 131
65 164
188 287
102 201
45 144
129 228
107 206
183 282
145 244
55 154
139 238
137 236
17 116
189 288
117 216
152 251
58 157
157 256
104 203
32 131
58 157
133 232
182 281
140 239
128 227
104 203
22 121
99 198
72 171
178 277
19 118
82 181
53 152
194 293
166 265
151 250
175 274
62 161
186 285
62 161
190 289
122 221
141 240
93 192
172 271
32 131
42 141
123 222
190 289
173 272
112 211
41 140
14 113
185 284
75 174
90 189
21 120
36 135
68 167
128 227
191 290
191 290
57 156
66 165
93 192
161 260
141 240
15 114
95 194
7 106
87 186
88 187
193 292
34 133
162 261
21 120
185 284
5 104
24 123
33 132
129 228
69 168
112 211
48 147
145 244
81 180
148 247
37 136
149 248
96 195
143 242
56 155
14 113
186 285
116 215
122 221
56 155
77 176
79 178
69 168
162 261
59 158
99 198
96 195
85 184
17 116
64 163
83 182
19 118
6 105
185 284
168 267
99 198
111 210
43 142
76 175
197 296
165 264
136 235
38 137
77 176
159 258
175 274
74 173
23 122
188 287
84 183
92 191
137 236
163 262
38 137
138 237
35 134
84 183
89 188
93 192
88 187
86 185
65 164
172 271
131 230
58 157
161 260
192 291
193 292
25 124
154 253
87 186
5 104
105 204
118 217
25 124
193 292
100 199
158 257
113 212
157 256
174 273
97 196
55 154
15 114
19 118
91 190
192 291
86 185
167 266
173 272
19 118
92 191
71 170
49 148
44 143
121 220
57 156
109 208
96 195
133 232
128 227
26 125
121 220
150 249
56 155
88 187
6 105
31 130
73 172
95 194
108 207
185 284
59 158
195 294
109 208
14 113
16 115
190 289
126 225
158 257
130 229
81 180
58 157
24 123
197 296
74 173
180 279
190 289
64 163
33 132
51 150
28 127
18 117
58 157
190 289
171 270
43 142
35 134
106 205
52 151
158 257
170 269
25 124
130 229
109 208
25 124
99 198
172 271
101 200
90 189
27 126
60 159
74 173
78 177
36 135
10 109
80 179
149 248
68 167
135 234
9 108
11 110
197 296
35 134
94 193
74 173
170 269
92 191
146 245
14 113
134 233
3 102
117 216
116 215
87 186
23 122
125 224
167 266
22 121
178 277
145 244
53 152
136 235
120 219
171 270
21 120
72 171
154 253
40 139
48 147
6 105
104 203
18 117
162 261
134 233
63 162
138 237
140 239
99 198
179 278
168 267
66 165
6 105
196 295
90 189
147 246
151 250
185 284
118 217
67 166
79 178
49 148
141 240
39 138
55 154
99 198
29 128
181 280
16 115
44 143
9 108
118 217
147 246
19 118
35 134
42 141
11 110
151 250
33 132
61 160
75 174
176 275
48 147
159 258
143 242
122 221
121 220
28 127
7 106
39 138
32 131
84 183
170 269
69 168
136 235
133 232
106 205
148 247
129 228
88 187
126 225
5 104
130 229
89 188
161 260
148 247
184 283
63 162
177 276
118 217
169 268
153 252
2 101
50 149
65 164
163 262
20 119
131 230
194 293
158 257
145 244
189 288
58 157
170 269
1 100
117 216
88 187
9 108
167 266
75 174
80 179
34 133
40 139
156 255
134 233
64 163
122 221
195 294
161 260
135 234
124 223
108 207
169 268
116 215
70 169
23 122
141 240
56 155
11 110
188 287
39 138
167 266
125 224
164 263
83 182
70 169
157 256
122 221
68 167
137 236
98 197
181 280
56 155
112 211
180 279
92 191
164 263
60 159
9 108
142 241
175 274
187 286
131 230
38 137
52 151
188 287
180 279
25 124
66 165
190 289
102 201
82 181
37 136
145 244
66 165
24 123
131 230
108 207
110 209
56 155
87 186
17 116
170 269
59 158
40 139
179 278
18 117
71 170
45 144
124 223
141 240
70 169
87 186
188 287
66 165
129 228
57 156
132 231
67 166
85 184
66 165
48 147
46 145
42 141
58 157
180 279
0 99
159 258
116 215
108 207
47 146
102 201
47 146
85 184
28 127
73 172
179 278
39 138
154 253
81 180
103 202
80 179
13 112
87 186
169 268
144 243
78 177
118 217
166 265
165 264
105 204
76 175
81 180
81 180
157 256
154 253
142 241
185 284
192 291
83 182
65 164
92 191
79 178
144 243
8 107
9 108
129 228
183 282
115 214
187 286
87 186
141 240
163 262
69 168
133 232
150 249
103 202
146 245
147 246
85 184
144 243
152 251
32 131
35 134
171 270
111 210
4 103
192 291
114 213
191 290
164 263
23 122
8 107
179 278
178 277
169 268
150 249
26 125
73 172
194 293
171 270
45 144
111 210
105 204
151 250
167 266
119 218
120 219
136 235
142 241
99 198
80 179
122 221
170 269
76 175
165 264
119 218
117 216
58 157
24 123
163 262
91 190
96 195
151 250
6 105
43 142
144 243
79 178
29 128
54 153
59 158
1 100
64 163
178 277
50 149
194 293
21 120
118 217
80 179
169 268
75 174
31 130
33 132
3 102
184 283
153 252
168 267
179 278
119 218
170 269
152 251
122 221
62 161
149 248
125 224
99 198
136 235
191 290
183 282
6 105
104 203
95 194
81 180
103 202
107 206
165 264
88 187
38 137
165 264
6 105
150 249
55 154
97 196
137 236
79 178
172 271
83 182
121 220
159 258
15 114
90 189
171 270
69 168
89 188
89 188
190 289
186 285
26 125
0 99
176 275
164 263
71 170
0 99
6 105
141 240
34 133
101 200
168 267
195 294
112 211
90 189
17 116
121 220
169 268
186 285
78 177
29 128
31 130
37 136
60 159
96 195
62 161
4 103
113 212
74 173
57 156
133 232
124 223
177 276
83 182
32 131
56 155
30 129
82 181
179 278
25 124
110 209
131 230
165 264
28 127
74 173
126 225
167 266
52 151
131 230
112 211
9 108
114 213
71 170
14 113
162 261
165 264
154 253
69 168
95 194
91 190
32 131
49 148
32 131
61 160
108 207
103 202
192 291
112 211
194 293
9 108
57 156
155 254
168 267
170 269
60 159
164 263
15 114
64 163
75 174
177 276
161 260
12 111
22 121
58 157
129 228
61 160
109 208
163 262
50 149
100 199
26 125
143 242
188 287
6 105
175 274
129 228
29 128
11 110
78 177
59 158
54 153
131 230
132 231
19 118
16 115
35 134
173 272
52 151
26 125
16 115
131 230
152 251
148 247
36 135
155 254
49 148
165 264
141 240
149 248
10 109
17 116
128 227
58 157
22 121
0 99
164 263
22 121
180 279
179 278
62 161
172 271
23 122
90 189
8 107
51 150
172 271
78 177
59 158
69 168
160 259
27 126
135 234
104 203
20 119
93 192
59 158
8 107
51 150
42 141
58 157
122 221
64 163
194 293
173 272
119 218
3 102
65 164
159 258
116 215
71 170
172 271
145 244
71 170
36 135
161 260
162 261
18 117
133 232
120 219
11 110
46 145
78 177
64 163
69 168
197 296
66 165
178 277
187 286
150 249
47 146
92 191
67 166
105 204
43 142
125 224
143 242
162 261
134 233
12 111
97 196
84 183
190 289
98 197
179 278
30 129
161 260
191 290
158 257
62 161
57 156
123 222
5 104
59 158
179 278
25 124
126 225
112 211
190 289
98 197
111 210
81 180
43 142
195 294
124 223
153 252
161 260
53 152
70 169
18 117
33 132
40 139
179 278
88 187
87 186
151 250
144 243
107 206
106 205
144 243
50 149
73 172
62 161
59 158
81 180
186 285
23 122
31 130
95 194
87 186
154 253
64 163
193 292
56 155
193 292
34 133
162 261
167 266
115 214
183 282
17 116
53 152
108 207
25 124
173 272
86 185
43 142
157 256
75 174
44 143
63 162
41 140
59 158
1 100
97 196
107 206
175 274
193 292
5 104
120 219
112 211
94 193
189 288
178 277
4 103
147 246
17 116
85 184
182 281
73 172
151 250
134 233
34 133
38 137
67 166
22 121
131 230
130 229
25 124
149 248
147 246
112 211
192 291
136 235
86 185
6 105
2 101
20 119
7 106
109 208
84 183
114 213
178 277
113 212
137 236
2 101
141 240
197 296
35 134
116 215
176 275
37 136
1 100
61 160
5 104
120 219
74 173
166 265
42 141
15 114
30 129
177 276
99 198
140 239
8 107
31 130
109 208
91 190
16 115
92 191
80 179
137 236
136 235
95 194
168 267
42 141
175 274
131 230
189 288
124 223
87 186
152 251
80 179
8 107
104 203
180 279
138 237
101 200
175 274
58 157
65 164
161 260
91 190
103 202
82 181
85 184
95 194
87 186
2 101
129 228
41 140
82 181
19 118
44 143
46 145
114 213
128 227
118 217
153 252
107 206
45 144
80 179
172 271
108 207
195 294
110 209
62 161
164 263
176 275
10 109
186 285
62 161
150 249
68 167
176 275
64 163
53 152
93 192
135 234
66 165
142 241
125 224
97 196
164 263
127 226
26 125
184 283
27 126
69 168
37 136
35 134
94 193
156 255
71 170
62 161
108 207
181 280
169 268
74 173
185 284
37 136
110 209
147 246
66 165
58 157
128 227
13 112
21 120
3 102
138 237
132 231
176 275
108 207
141 240
31 130
35 134
123 222
14 113
160 259
60 159
128 227
112 211
76 175
173 272
65 164
100 199
136 235
124 223
70 169
101 200
160 259
185 284
126 225
28 127
113 212
77 176
2 101
155 254
40 139
123 222
183 282
134 233
8 107
106 205
48 147
24 123
7 106
85 184
98 197
47 146
137 236
183 282
155 254
15 114
38 137
136 235
134 233
18 117
38 137
90 189
126 225
143 242
158 257
84 183
69 168
164 263
188 287
170 269
145 244
61 160
170 269
130 229
61 160
80 179
114 213
183 282
20 119
30 129
51 150
195 294
192 291
51 150
8 107
177 276
72 171
66 165
183 282
28 127
70 169
137 236
194 293
159 258
192 291
191 290
7 106
178 277
54 153
174 273
156 255
143 242
194 293
192 291
177 276
50 149
143 242
118 217
61 160
48 147
150 249
174 273
160 259
98 197
97 196
160 259
145 244
40 139
180 279
41 140
147 246
14 113
101 200
97 196
175 274
116 215
70 169
81 180
163 262
20 119
69 168
150 249
48 147
96 195
155 254
103 202
38 137
116 215
73 172
32 131
107 206
165 264
89 188
157 256
176 275
153 252
117 216
83 182
77 176
57 156
89 188
123 222
57 156
170 269
125 224
73 172
91 190
163 262
20 119
185 284
53 152
31 130
181 280
14 113
165 264
36 135
46 145
94 193
183 282
39 138
94 193
146 245
110 209
170 269
142 241
95 194
83 182
66 165
84 183
106 205
148 247
4 103
190 289
9 108
64 163
79 178
54 153
53 152
51 150
182 281
38 137
111 210
151 250
50 149
151 250
151 250
54 153
182 281
57 156
13 112
101 200
140 239
27 126
131 230
140 239
125 224
176 275
119 218
59 158
88 187
128 227
183 282
49 148
160 259
181 280
123 222
49 148
17 116
53 152
159 258
139 238
106 205
14 113
25 124
90 189
183 282
135 234
107 206
148 247
101 200
116 215
55 154
71 170
90 189
192 291
91 190
82 181
195 294
2 101
113 212
53 152
52 151
83 182
166 265
60 159
7 106
84 183
117 216
73 172
171 270
170 269
33 132
100 199
165 264
101 200
141 240
156 255
48 147
147 246
114 213
107 206
78 177
20 119
86 185
2 101
122 221
107 206
166 265
159 258
165 264
12 111
197 296
169 268
111 210
124 223
79 178
108 207
43 142
5 104
162 261
73 172
114 213
143 242
192 291
43 142
156 255
36 135
40 139
124 223
185 284
40 139
119 218
97 196
25 124
90 189
42 141
29 128
57 156
15 114
19 118
49 148
68 167
166 265
64 163
155 254
95 194
42 141
41 140
91 190
175 274
5 104
185 284
34 133
102 201
173 272
67 166
126 225
131 230
29 128
121 220
161 260
148 247
79 178
76 175
11 110
103 202
40 139
23 122
55 154
54 153
183 282
175 274
51 150
43 142
19 118
12 111
70 169
93 192
184 283
0 99
8 107
118 217
117 216
76 175
125 224
150 249
164 263
152 251
64 163
134 233
60 159
27 126
88 187
167 266
106 205
174 273
40 139
24 123
17 116
65 164
100 199
154 253
140 239
0 99
81 180
66 165
170 269
134 233
13 112
194 293
19 118
134 233
34 133
90 189
2 101
82 181
106 205
130 229
167 266
165 264
102 201
135 234
79 178
93 192
144 243
170 269
87 186
99 198
8 107
97 196
10 109
82 181
195 294
113 212
123 222
112 211
49 148
79 178
121 220
141 240
124 223
126 225
10 109
149 248
187 286
82 181
59 158
6 105
185 284
104 203
94 193
197 296
58 157
48 147
135 234
19 118
102 201
105 204
88 187
142 241
70 169
148 247
24 123
4 103
171 270
142 241
57 156
111 210
10 109
154 253
56;156504
154 253
81 180
29 128
42 141
183 282
158 257
111 210
28 127
127 226
35 134
77 176
50 149
70 169
102 201
83 182
176 275
22 121
125 224
28 127
139 238
179 278
166 265
69 168
172 271
174 273
193 292
36 135
38 137
6 105
46 145
41 140
176 275
87 186
181 280
136 235
62 161
108 207
197 296
59 158
14 113
25 124
16 115
98 197
51 150
118 217
114 213
47 146
86 185
76 175
39 138
66 165
142 241
182 281
81 180
56 155
80 179
97 196
91 190
91 190
120 219
115 214
144 243
42 141
195 294
99 198
75 174
23 122
25 124
54 153
23 122
178 277
186 285
35 134
181 280
4 103
145 244
93 192
19 118
191 290
146 245
81 180
161 260
25 124
136 235
5 104
197 296
136 235
109 208
167 266
108 207
187 286
64 163
162 261
169 268
24 123
151 250
17 116
62 161
109 208
81 180
52 151
25 124
28 127
181 280
43 142
192 291
46 145
106 205
64 163
119 218
13 112
12 111
180 279
11 110
170 269
62 161
124 223
39 138
44 143
157 256
16 115
125 224
11 110
39 138
87 186
22 121
45 144
26 125
4 103
78 177
1 100
193 292
197 296
83 182
178 277
112 211
182 281
32 131
113 212
141 240
73 172
181 280
10 109
73 172
7 106
103 202
62 161
73 172
126 225
104 203
13 112
184 283
45 144
111 210
110 209
68 167
149 248
90 189
128 227
27 126
6 105
194 293
8 107
35 134
7 106
72 171
116 215
26 125
146 245
35 134
150 249
80 179
59 158
154 253
12 111
95 194
150 249
154 253
184 283
22 121
190 289
29 128
28 127
189 288
110 209
13 112
106 205
193 292
36 135
161 260
165 264
95 194
129 228
189 288
144 243
60 159
113 212
19 118
77 176
145 244
197 296
139 238
68 167
117 216
48 147
86 185
188 287
19 118
183 282
94 193
184 283
20 119
62 161
42 141
111 210
118 217
184 283
182 281
180 279
82 181
53 152
116 215
183 282
67 166
25 124
14 113
43 142
119 218
44 143
86 185
182 281
187 286
85 184
179 278
171 270
34 133
165 264
181 280
130 229
32 131
78 177
177 276
8 107
107 206
29 128
74 173
87 186
39 138
54 153
74 173
195 294
55 154
30 129
7 106
50 149
63 162
165 264
108 207
158 257
138 237
170 269
56 155
18 117
20 119
146 245
108 207
126 225
126 225
4 103
76 175
102 201
25 124
25 124
89 188
170 269
126 225
147 246
87 186
131 230
111 210
136 235
178 277
194 293
182 281
40 139
183 282
112 211
36 135
50 149
176 275
53 152
37 136
185 284
33 132
73 172
55 154
154 253
92 191
161 260
76 175
69 168
78 177
120 219
78 177
37 136
56 155
3 102
179 278
104 203
167 266
98 197
31 130
25 124
52 151
22 121
92 191
196 295
19 118
131 230
38 137
132 231
137 236
152 251
184 283
105 204
140 239
12 111
88 187
35 134
8 107
97 196
43 142
50 149
178 277
124 223
142 241
5 104
24 123
108 207
179 278
119 218
136 235
197 296
160 259
186 285
186 285
39 138
20 119
22 121
164 263
179 278
117 216
54 153
34 133
20 119
114 213
75 174
167 266
113 212
153 252
195 294
44 143
73 172
73 172
93 192
148 247
175 274
73 172
146 245
83 182
83 182
154 253
60 159
48 147
11 110
74 173
2 101
69 168
119 218
136 235
19 118
37 136
120 219
127 226
153 252
118 217
143 242
142 241
12 111
16 115
49 148
185 284
102 201
22 121
32 131
69 168
147 246
183 282
177 276
34 133
131 230
138 237
22 121
26 125
160 259
2 101
130 229
56 155
190 289
89 188
71 170
26 125
108 207
51 150
57 156
105 204
6 105
75 174
121 220
132 231
19 118
160 259
20 119
35 134
178 277
78 177
101 200
97 196
109 208
130 229
156 255
49 148
52 151
126 225
98 197
19 118
5 104
12 111
6 105
180 279
133 232
164 263
131 230
14 113
190 289
101 200
133 232
178 277
132 231
14 113
30 129
59 158
143 242
63 162
120 219
137 236
197 296
26 125
11 110
80 179
121 220
101 200
188 287
103 202
48 147
191 290
22 121
176 275
127 226
177 276
12 111
29 128
183 282
96 195
190 289
117 216
189 288
74 173
132 231
136 235
5 104
104 203
59 158
86 185
141 240
125 224
56 155
125 224
141 240
58 157
47 146
130 229
20 119
148 247
85 184
52 151
109 208
118 217
121 220
21 120
150 249
168 267
94 193
92 191
88 187
75 174
57 156
70 169
186 285
89 188
42 141
3 102
35 134
67 166
195 294
162 261
147 246
16 115
94 193
76 175
134 233
9 108
46 145
131 230
17 116
121 220
69 168
184 283
145 244
17 116
53 152
165 264
178 277
76 175
49 148
149 248
118 217
113 212
91 190
9 108
21 120
100 199
5 104
121 220
120 219
109 208
137 236
182 281
89 188
88 187
127 226
82 181
127 226
20 119
195 294
182 281
133 232
35 134
71 170
174 273
53 152
93 192
72 171
5 104
0 99
65 164
108 207
173 272
172 271
67 166
57 156
6 105
12 111
99 198
189 288
94 193
80 179
6 105
61 160
181 280
20 119
57 156
57 156
13 112
142 241
65 164
6 105
53 152
93 192
27 126
29 128
118 217
23 122
197 296
110 209
21 120
19 118
189 288
114 213
76 175
77 176
41 140
187 286
68 167
128 227
8 107
188 287
34 133
37 136
3 102
45 144
169 268
16 115
195 294
191 290
106 205
132 231
23 122
133 232
188 287
89 188
161 260
162 261
141 240
84 183
195 294
115 214
111 210
3 102
100 199
109 208
122 221
184 283
36 135
95 194
138 237
143 242
41 140
58 157
172 271
51 150
140 239
144 243
44 143
115 214
80 179
42 141
54 153
126 225
84 183
2 101
128 227
113 212
122 221
156 255
10 109
7 106
168 267
197 296
91 190
194 293
183 282
81 180
192 291
128 227
56 155
75 174
41 140
91 190
188 287
182 281
72 171
41 140
4 103
179 278
13 112
47 146
180 279
188 287
98 197
150 249
159 258
57 156
167 266
14 113
191 290
42 141
82 181
13 112
104 203
158 257
109 208
85 184
116 215
64 163
39 138
147 246
130 229
43 142
46 145
14 113
109 208
26 125
187 286
47 146
80 179
101 200
72 171
62 161
1 100
176 275
23 122
89 188
108 207
31 130
165 264
141 240
63 162
60 159
175 274
27 126
83 182
185 284
23 122
197 296
138 237
156 255
2 101
4 103
123 222
26 125
77 176
12 111
74 173
69 168
41 140
112 211
0 99
50 149
78 177
15 114
39 138
196 295
67 166
146 245
69 168
49 148
128 227
63 162
92 191
107 206
21 120
185 284
69 168
163 262
96 195
134 233
70 169
31 130
54 153
59 158
26 125
138 237
113 212
40 139
83 182
149 248
87 186
83 182
69 168
31 130
161 260
189 288
50 149
169 268
177 276
153 252
113 212
81 180
85 184
109 208
48 147
98 197
161 260
8 107
12 111
161 260
22 121
161 260
116 215
31 130
47 146
144 243
20 119
175 274
172 271
186 285
157 256
99 198
184 283
12 111
86 185
139 238
166 265
106 205
5 104
55 154
29 128
150 249
1 100
139 238
159 258
98 197
8 107
162 261
163 262
5 104
60 159
100 199
142 241
114 213
145 244
131 230
81 180
164 263
141 240
171 270
14 113
81 180
0 99
21 120
92 191
43 142
4 103
84 183
16 115
126 225
47 146
6 105
138 237
160 259
17 116
72 171
135 234
132 231
126 225
139 238
45 144
181 280
31 130
19 118
28 127
156 255
97 196
58 157
129 228
119 218
174 273
74 173
117 216
102 201
170 269
168 267
141 240
50 149
154 253
5 104
142 241
37 136
23 122
191 290
34 133
196 295
100 199
7 106
193 292
49 148
181 280
122 221
158 257
81 180
169 268
196 295
90 189
130 229
37 136
134 233
86 185
66 165
80 179
128 227
28 127
82 181
66 165
69 168
56 155
168 267
72 171
110 209
163 262
139 238
60 159
9 108
17 116
20 119
80 179
19 118
188 287
170 269
72 171
45 144
163 262
185 284
105 204
194 293
47 146
144 243
71 170
177 276
144 243
113 212
163 262
6 105
146 245
170 269
127 226
186 285
53 152
42 141
153 252
174 273
55 154
197 296
102 201
102 201
189 288
114 213
162 261
57 156
195 294
143 242
70 169
126 225
87 186
40 139
40 139
183 282
181 280
33 132
178 277
149 248
72 171
142 241
94 193
76 175
115 214
177 276
18 117
101 200
83 182
184 283
181 280
88 187
97 196
13 112
64 163
116 215
118 217
81 180
50 149
60 159
170 269
146 245
77 176
53 152
188 287
77 176
144 243
141 240
57 156
122 221
111 210
124 223
131 230
178 277
134 233
128 227
16 115
74 173
60 159
172 271
89 188
187 286
158 257
180 279
98 197
163 262
70 169
87 186
99 198
56 155
135 234
127 226
78 177
166 265
102 201
188 287
53 152
146 245
178 277
193 292
144 243
162 261
17 116
19 118
22 121
189 288
166 265
28 127
6 105
170 269
94 193
81 180
23 122
6 105
194 293
165 264
5 104
181 280
127 226
35 134
71 170
114 213
111 210
15 114
3 102
114 213
77 176
196 295
23 122
11 110
88 187
93 192
130 229
105 204
131 230
118 217
100 199
135 234
28 127
21 120
73 172
26 125
150 249
65 164
148 247
60 159
48 147
95 194
12 111
97 196
33 132
87 186
181 280
96 195
122 221
39 138
186 285
90 189
121 220
150 249
118 217
135 234
134 233
186 285
133 232
102 201
187 286
39 138
117 216
88 187
155 254
92 191
3 102
176 275
96 195
195 294
136 235
152 251
179 278
80 179
85 184
139 238
162 261
118 217
33 132
100 199
179 278
95 194
80 179
116 215
69 168
40 139
65 164
111 210
62 161
183 282
160 259
154 253
183 282
83 182
76 175
147 246
183 282
118 217
67 166
95 194
150 249
23 122
178 277
90 189
182 281
136 235
114 213
58 157
183 282
188 287
120 219
7 106
168 267
93 192
8 107
39 138
189 288
11 110
112 211
193 292
85 184
101 200
142 241
122 221
178 277
29 128
0 99
113 212
21 120
124 223
29 128
9 108
147 246
47 146
104 203
4 103
139 238
125 224
130 229
172 271
128 227
106 205
111 210
28 127
114 213
65 164
74 173
108 207
131 230
58 157
168 267
153 252
101 200
95 194
117 216
97 196
125 224
11 110
92 191
41 140
54 153
75 174
20 119
182 281
26 125
50 149
131 230
113 212
71 170
87 186
84 183
139 238
89 188
20 119
131 230
114 213
39 138
154 253
73 172
131 230
99 198
98 197
42 141
139 238
193 292
120 219
162 261
138 237
23 122
149 248
7 106
195 294
32 131
139 238
59 158
150 249
85 184
106 205
154 253
119 218
72 171
112 211
146 245
152 251
107 206
163 262
112 211
25 124
25 124
131 230
62 161
169 268
7 106
102 201
103 202
17 116
90 189
191 290
149 248
105 204
95 194
194 293
140 239
183 282
5 104
87 186
145 244
138 237
14 113
57 156
20 119
84 183
85 184
187 286
141 240
51 150
3 102
2 101
12 111
157 256
2 101
64 163
111 210
193 292
40 139
127 226
12 111
123 222
107 206
97 196
136 235
142 241
143 242
175 274
100 199
161 260
165 264
116 215
57 156
30 129
59 158
83 182
15 114
120 219
139 238
110 209
8 107
42 141
22 121
18 117
73 172
1 100
108 207
124 223
161 260
126 225
160 259
11 110
165 264
46 145
15 114
140 239
53 152
171 270
135 234
111 210
109 208
194 293
123 222
45 144
123 222
44 143
77 176
27 126
23 122
75 174
83 182
59 158
12 111
133 232
185 284
102 201
184 283
109 208
15 114
47 146
114 213
194 293
93 192
45 144
144 243
62 161
2 101
57 156
103 202
105 204
26 125
171 270
169 268
124 223
164 263
170 269
49 148
147 246
20 119
102 201
51 150
178 277
48 147
192 291
158 257
144 243
1 100
162 261
68 167
147 246
154 253
147 246
64 163
6 105
27 126
162 261
36 135
177 276
54 153
94 193
87 186
177 276
18 117
86 185
121 220
195 294
159 258
64 163
184 283
65 164
127 226
30 129
38 137
163 262
91 190
18 117
191 290
111 210
155 254
174 273
102 201
75 174
62 161
42 141
75 174
43 142
165 264
27 126
91 190
174 273
80 179
31 130
101 200
194 293
133 232
140 239
195 294
175 274
133 232
18 117
173 272
151 250
151 250
19 118
97 196
2 101
83 182
59 158
184 283
153 252
1 100
103 202
22 121
102 201
112 211
148 247
115 214
81 180
41 140
61 160
56 155
121 220
187 286
43 142
18 117
62 161
41 140
40 139
184 283
120 219
12 111
114 213
182 281
145 244
30 129
90 189
116 215
18 117
23 122
25 124
14 113
148 247
110 209
7 106
115 214
76 175
105 204
44 143
137 236
62 161
65 164
38 137
152 251
91 190
187 286
196 295
26 125
50 149
139 238
4 103
88 187
90 189
141 240
74 173
197 296
188 287
114 213
86 185
85 184
186 285
85 184
7 106
37 136
182 281
99 198
194 293
197 296
170 269
153 252
120 219
72 171
178 277
78 177
144 243
139 238
90 189
101 200
133 232
49 148
89 188
140 239
40 139
30 129
170 269
48 147
99 198
181 280
85 184
166 265
133 232
71 170
143 242
19 118
6 105
152 251
137 236
14 113
192 291
26 125
143 242
168 267
63 162
137 236
70 169
124 223
170 269
63 162
130 229
180 279
115 214
140 239
44 143
113 212
161 260
143 242
31 130
4 103
121 220
16 115
104 203
0 99
98 197
164 263
190 289
180 279
84 183
99 198
185 284
16 115
190 289
151 250
114 213
119 218
76 175
18 117
64 163
172 271
33 132
101 200
65 164
13 112
112 211
96 195
8 107
164 263
85 184
107 206
155 254
142 241
25 124
23 122
32 131
24 123
30 129
75 174
62 161
77 176
171 270
2 101
141 240
49 148
19 118
73 172
195 294
196 295
131 230
63 162
93 192
144 243
118 217
78 177
152 251
76 175
185 284
145 244
171 270
96 195
44 143
83 182
126 225
41 140
171 270
32 131
43 142
90 189
25 124
189 288
4 103
113 212
3 102
93 192
18 117
98 197
40 139
26 125
117 216
66 165
111 210
99 198
165 264
188 287
151 250
96 195
21 120
128 227
169 268
111 210
69 168
13 112
29 128
139 238
67 166
187 286
126 225
92 191
17 116
61 160
8 107
101 200
129 228
58 157
181 280
137 236
147 246
128 227
32 131
171 270
156 255
169 268
44 143
155 254
185 284
149 248
87 186
35 134
38 137
115 214
85 184
83 182
102 201
61 160
183 282
50 149
141 240
108 207
160 259
146 245
157 256
3 102
50 149
36 135
32 131
38 137
12 111
82 181
193 292
20 119
34 133
156 255
147 246
161 260
122 221
151 250
123 222
27 126
124 223
2 101
121 220
159 258
171 270
197 296
71 170
1 100
17 116
66 165
85 184
116 215
33 132
15 114
128 227
181 280
96 195
93 192
80 179
124 223
80 179
84 183
179 278
8 107
118 217
14 113
67 166
13 112
73 172
141 240
67 166
82 181
89 188
95 194
46 145
168 267
67 166
57 156
163 262
78 177
17 116
122 221
40 139
156 255
131 230
40 139
11 110
36 135
39 138
143 242
148 247
48 147
30 129
38 137
116 215
144 243
43 142
150 249
117 216
19 118
144 243
7 106
115 214
2 101
58 157
177 276
176 275
90 189
125 224
65 164
41 140
197 296
197 296
117 216
173 272
74 173
114 213
173 272
25 124
24 123
90 189
168 267
61 160
159 258
149 248
30 129
189 288
30 129
72 171
91 190
191 290
138 237
48 147
148 247
95 194
14 113
45 144
168 267
108 207
182 281
167 266
126 225
76 175
19 118
107 206
107 206
4 103
165 264
24 123
138 237
108 207
122 221
68 167
142 241
87 186
51 150
147 246
75 174
130 229
132 231
185 284
176 275
179 278
135 234
173 272
102 201
129 228
155 254
5 104
109 208
153 252
26 125
164 263
92 191
1 100
61 160
56 155
63 162
104 203
175 274
74 173
39 138
46 145
194 293
9 108
36 135
194 293
38 137
32 131
153 252
196 295
78 177
102 201
182 281
59 158
18 117
23 122
186 285
65 164
113 212
115 214
97 196
106 205
133 232
104 203
44 143
3 102
124 223
37 136
52 151
192 291
102 201
56 155
107 206
155 254
94 193
194 293
166 265
124 223
144 243
44 143
118 217
60 159
158 257
156 255
49 148
92 191
122 221
176 275
182 281
60 159
44 143
33 132
177 276
2 101
64 163
96 195
85 184
37 136
70 169
149 248
45 144
188 287
79 178
67 166
27 126
81 180
93 192
62 161
146 245
94 193
113 212
164 263
110 209
158 257
47 146
182 281
60 159
178 277
149 248
122 221
148 247
169 268
40 139
17 116
127 226
130 229
194 293
111 210
114 213
29 128
48 147
14 113
115 214
9 108
166 265
13 112
147 246
47 146
10 109
79 178
114 213
63 162
149 248
184 283
22 121
151 250
73 172
88 187
159 258
156 255
159 258
16 115
83 182
178 277
164 263
142 241
40 139
89 188
86 185
166 265
156 255
175 274
152 251
106 205
193 292
137 236
120 219
162 261
123 222
168 267
104 203
144 243
113 212
89 188
195 294
71 170
130 229
78 177
143 242
39 138
90 189
41 140
144 243
42 141
171 270
109 208
93 192
6 105
193 292
126 225
140 239
45 144
76 175
78 177
148 247
25 124
84 183
119 218
46 145
42 141
133 232
196 295
112 211
141 240
173 272
197 296
0 99
32 131
42 141
56 155
21 120
74 173
5 104
85 184
31 130
158 257
177 276
101 200
9 108
139 238
161 260
19 118
47 146
142 241
45 144
12 111
159 258
62 161
72 171
146 245
179 278
162 261
120 219
65 164
133 232
4 103
93 192
175 274
148 247
71 170
164 263
108 207
184 283
45 144
67 166
192 291
13 112
85 184
92 191
189 288
62 161
75 174
135 234
197 296
84 183
87 186
122 221
169 268
153 252
53 152
11 110
79 178
19 118
186 285
85 184
143 242
138 237
185 284
143 242
84 183
111 210
126 225
21 120
189 288
147 246
150 249
102 201
138 237
26 125
133 232
94 193
148 247
191 290
32 131
65 164
4 103
8 107
121 220
193 292
186 285
101 200
25 124
23 122
42 141
84 183
191 290
77 176
64 163
167 266
68 167
94 193
130 229
65 164
123 222
148 247
112 211
152 251
103 202
122 221
125 224
30 129
189 288
113 212
162 261
196 295
165 264
147 246
99 198
21 120
51 150
88 187
146 245
65 164
76 175
17 116
18 117
58 157
61 160
91 190
60 159
22 121
169 268
185 284
145 244
43 142
56 155
53 152
143 242
194 293
75 174
101 200
57 156
89 188
156 255
139 238
25 124
33 132
166 265
158 257
35 134
128 227
56 155
107 206
20 119
187 286
141 240
100 199
176 275
104 203
6 105
125 224
20 119
75 174
153 252
92 191
186 285
37 136
144 243
39 138
99 198
30 129
140 239
135 234
176 275
128 227
135 234
21 120
43 142
75 174
29 128
47 146
72 171
195 294
5 104
121 220
137 236
186 285
137 236
171 270
61 160
175 274
176 275
181 280
125 224
80 179
84 183
80 179
81 180
13 112
135 234
156 255
90 189
89 188
107 206
94 193
91 190
174 273
35 134
22 121
35 134
70 169
141 240
13 112
66 165
49 148
44 143
6 105
163 262
21 120
0 99
44 143
195 294
124 223
160 259
191 290
134 233
128 227
94 193
130 229
82 181
138 237
78 177
54 153
182 281
95 194
8 107
54 153
37 136
186 285
57 156
11 110
23 122
172 271
9 108
144 243
70 169
145 244
150 249
66 165
62 161
107 206
134 233
185 284
27 126
194 293
70 169
164 263
54 153
40 139
100 199
123 222
155 254
93 192
76 175
169 268
134 233
65 164
14 113
197 296
56 155
82 181
38 137
14 113
110 209
196 295
151 250
12 111
23 122
88 187
108 207
35 134
75 174
145 244
169 268
76 175
15 114
75 174
106 205
120 219
138 237
13 112
158 257
80 179
0 99
33 132
131 230
126 225
167 266
87 186
153 252
151 250
49 148
125 224
95 194
155 254
36 135
183 282
70 169
57 156
174 273
111 210
53 152
45 144
143 242
12 111
36 135
95 194
141 240
150 249
179 278
181 280
178 277
196 295
143 242
120 219
59 158
89 188
50 149
116 215
116 215
51 150
164 263
171 270
183 282
101 200
109 208
60 159
92 191
104 203
121 220
110 209
65 164
160 259
43 142
12 111
169 268
138 237
19 118
66 165
111 210
129 228
94 193
190 289
83 182
182 281
82 181
60 159
45 144
136 235
44 143
195 294
111 210
121 220
70 169
137 236
161 260
134 233
116 215
1 100
97 196
15 114
87 186
43 142
117 216
59 158
155 254
120 219
166 265
189 288
111 210
107 206
169 268
153 252
151 250
97 196
58 157
11 110
103 202
46 145
91 190
127 226
197 296
93 192
155 254
0 99
129 228
195 294
66 165
120 219
16 115
160 259
31 130
39 138
99 198
121 220
16 115
136 235
193 292
135 234
52 151
54 153
64 163
136 235
42 141
29 128
98 197
86 185
130 229
14 113
174 273
93 192
157 256
181 280
88 187
97 196
39 138
148 247
117 216
155 254
85 184
2 101
51 150
183 282
154 253
192 291
108 207
147 246
49 148
84 183
159 258
34 133
173 272
87 186
191 290
177 276
54 153
51 150
25 124
32 131
32 131
62 161
90 189
138 237
126 225
16 115
50 149
8 107
182 281
42 141
102 201
179 278
192 291
37 136
146 245
185 284
86 185
79 178
166 265
110 209
167 266
132 231
120 219
76 175
39 138
170 269
196 295
120 219
25 124
193 292
173 272
2 101
112 211
49 148
45 144
141 240
74 173
55 154
189 288
117 216
172 271
161 260
177 276
3 102
42 141
152 251
170 269
3 102
4 103
6 105
57 156
104 203
153 252
158 257
2 101
10 109
169 268
155 254
190 289
164 263
127 226
16 115
187 286
109 208
108 207
136 235
159 258
11 110
79 178
45 144
93 192
48 147
40 139
42 141
164 263
12 111
77 176
74 173
157 256
177 276
10 109
64 163
52 151
17 116
138 237
176 275
192 291
151 250
84 183
197 296
130 229
166 265
141 240
131 230
190 289
154 253
170 269
187 286
160 259
24 123
179 278
192 291
99 198
70 169
1 100
17 116
15 114
78 177
72 171
78 177
157 256
113 212
21 120
33 132
100 199
179 278
107 206
53 152
12 111
55 154
10 109
26 125
149 248
149 248
75 174
90 189
10 109
51 150
178 277
9 108
113 212
185 284
88 187
182 281
49 148
63 162
31 130
193 292
25 124
12 111
1 100
38 137
103 202
100 199
63 162
66 165
149 248
51 150
34 133
106 205
33 132
49 148
113 212
11 110
179 278
105 204
117 216
44 143
115 214
143 242
105 204
18 117
66 165
185 284
192 291
7 106
184 283
123 222
136 235
179 278
159 258
32 131
89 188
122 221
16 115
52 151
141 240
114 213
12 111
8 107
156 255
182 281
67 166
141 240
75 174
133 232
172 271
180 279
130 229
156 255
30 129
6 105
157 256
96 195
6 105
94 193
183 282
79 178
99 198
162 261
144 243
51 150
97 196
103 202
146 245
44 143
52 151
145 244
172 271
72 171
45 144
115 214
189 288
187 286
61 160
128 227
67 166
10 109
123 222
124 223
154 253
60 159
180 279
68 167
68 167
110 209
7 106
169 268
138 237
92 191
81 180
7 106
110 209
135 234
101 200
0 99
185 284
37 136
45 144
169 268
178 277
55 154
16 115
168 267
45 144
47 146
122 221
168 267
4 103
78 177
36 135
157 256
172 271
1 100
109 208
80 179
8 107
133 232
114 213
154 253
183 282
113 212
122 221
125 224
79 178
112 211
164 263
123 222
6 105
57 156
187 286
125 224
160 259
14 113
162 261
163 262
41 140
39 138
38 137
77 176
188 287
6 105
93 192
144 243
188 287
4 103
24 123
182 281
3 102
9 108
178 277
11 110
133 232
49 148
166 265
77 176
36 135
126 225
54 153
63 162
28 127
196 295
136 235
53 152
114 213
141 240
167 266
113 212
44 143
32 131
54 153
177 276
86 185
28 127
104 203
56 155
165 264
48 147
157 256
27 126
41 140
54 153
115 214
54 153
60 159
137 236
136 235
185 284
99 198
31 130
8 107
134 233
172 271
35 134
144 243
128 227
104 203
59 158
29 128
32 131
172 271
112 211
110 209
28 127
196 295
193 292
105 204
40 139
11 110
42 141
5 104
45 144
22 121
147 246
73 172
94 193
168 267
4 103
15 114
93 192
15 114
23 122
130 229
108 207
77 176
48 147
96 195
101 200
51 150
180 279
46 145
128 227
141 240
5 104
101 200
122 221
79 178
81 180
77 176
97 196
155 254
151 250
60 159
56 155
62 161
126 225
84 183
121 220
193 292
2 101
101 200
39 138
85 184
100 199
31 130
117 216
70 169
168 267
104 203
78 177
85 184
166 265
119 218
42 141
193 292
65 164
7 106
137 236
102 201
144 243
50 149
169 268
15 114
98 197
142 241
29 128
16 115
127 226
189 288
66 165
177 276
140 239
92 191
46 145
196 295
124 223
3 102
87 186
49 148
196 295
25 124
192 291
103 202
116 215
136 235
54 153
4 103
25 124
43 142
153 252
185 284
127 226
52 151
53 152
130 229
172 271
120 219
0 99
66 165
161 260
142 241
54 153
132 231
72 171
64 163
51 150
180 279
144 243
39 138
130 229
157 256
105 204
47 146
143 242
30 129
165 264
136 235
58 157
48 147
6 105
99 198
121 220
66 165
96 195
53 152
50 149
156 255
176 275
61 160
173 272
56 155
3 102
106 205
16 115
65 164
69 168
115 214
157 256
107 206
44 143
89 188
95 194
113 212
1 100
107 206
160 259
58 157
90 189
84 183
91 190
98 197
119 218
103 202
113 212
13 112
1 100
85 184
35 134
14 113
14 113
8 107
172 271
127 226
32 131
137 236
52 151
169 268
41 140
121 220
76 175
99 198
138 237
34 133
66 165
123 222
38 137
116 215
60 159
104 203
115 214
1 100
162 261
66 165
33 132
178 277
19 118
55 154
164 263
63 162
129 228
183 282
109 208
49 148
39 138
185 284
127 226
129 228
52 151
72 171
145 244
147 246
183 282
2 101
110 209
10 109
45 144
50 149
175 274
76 175
83 182
75 174
153 252
20 119
141 240
0 99
104 203
1 100
77 176
65 164
107 206
58 157
165 264
147 246
136 235
2 101
55 154
29 128
123 222
137 236
0 99
0 99
20 119
100 199
43 142
112 211
48 147
181 280
71 170
75 174
152 251
25 124
144 243
196 295
64 163
59 158
106 205
14 113
115 214
151 250
140 239
16 115
130 229
20 119
191 290
138 237
179 278
61 160
138 237
121 220
57 156
60 159
153 252
102 201
94 193
99 198
56 155
149 248
33 132
126 225
108 207
37 136
34 133
59 158
127 226
157 256
80 179
54 153
127 226
5 104
63 162
139 238
72 171
162 261
187 286
23 122
117 216
12 111
72 171
129 228
44 143
114 213
8 107
7 106
138 237
8 107
131 230
59 158
189 288
60 159
60 159
134 233
87 186
90 189
156 255
44 143
88 187
47 146
90 189
171 270
171 270
90 189
5 104
10 109
154 253
195 294
87 186
50 149
97 196
41 140
197 296
48 147
191 290
143 242
23 122
62 161
12 111
151 250
156 255
23 122
111 210
43 142
95 194
90 189
161 260
52 151
72 171
87 186
67 166
0 99
178 277
173 272
25 124
11 110
68 167
40 139
169 268
110 209
56 155
63 162
51 150
85 184
107 206
180 279
146 245
32 131
31 130
38 137
44 143
192 291
138 237
34 133
161 260
163 262
173 272
112 211
101 200
85 184
171 270
16 115
41 140
78 177
189 288
174 273
169 268
111 210
41 140
156 255
130 229
137 236
126 225
130 229
166 265
91 190
183 282
39 138
142 241
99 198
81 180
143 242
195 294
76 175
19 118
43 142
148 247
8 107
102 201
24 123
149 248
191 290
140 239
89 188
189 288
76 175
6 105
66 165
57 156
39 138
75 174
155 254
80 179
159 258
193 292
72 171
178 277
39 138
92 191
77 176
196 295
40 139
76 175
133 232
105 204
27 126
14 113
27 126
177 276
10 109
96 195
154 253
120 219
116 215
101 200
75 174
41 140
192 291
128 227
64 163
143 242
163 262
65 164
36 135
136 235
184 283
121 220
185 284
176 275
97 196
10 109
146 245
117 216
34 133
123 222
197 296
16 115
160 259
148 247
52 151
175 274
28 127
68 167
66 165
38 137
122 221
184 283
7 106
108 207
98 197
90 189
141 240
6 105
111 210
126 225
118 217
188 287
139 238
120 219
27 126
10 109
64 163
115 214
162 261
4 103
179 278
47 146
29 128
170 269
84 183
79 178
94 193
112 211
101 200
126 225
90 189
92 191
116 215
73 172
74 173
10 109
63 162
17 116
20 119
160 259
7 106
115 214
125 224
187 286
1 100
34 133
180 279
20 119
123 222
76 175
148 247
8 107
113 212
197 296
143 242
115 214
42 141
135 234
150 249
91 190
1 100
42 141
44 143
135 234
94 193
106 205
29 128
179 278
160 259
179 278
85 184
150 249
97 196
167 266
103 202
122 221
30 129
17 116
136 235
34 133
194 293
45 144
143 242
159 258
5 104
68 167
163 262
152 251
7 106
137 236
74 173
13 112
169 268
113 212
104 203
57 156
100 199
149 248
93 192
122 221
20 119
13 112
22 121
141 240
184 283
98 197
62 161
117 216
29 128
66 165
123 222
147 246
152 251
168 267
93 192
35 134
122 221
83 182
64 163
9 108
29 128
66 165
82 181
130 229
61 160
60 159
84 183
49 148
126 225
138 237
67 166
174 273
176 275
191 290
95 194
62 161
142 241
102 201
89 188
89 188
21 120
8 107
194 293
178 277
16 115
118 217
178 277
34 133
54 153
29 128
191 290
58 157
172 271
5 104
112 211
139 238
186 285
106 205
58 157
83 182
101 200
175 274
54 153
176 275
141 240
100 199
44 143
118 217
75 174
90 189
164 263
177 276
70 169
132 231
46 145
144 243
89 188
49 148
119 218
125 224
184 283
39 138
103 202
86 185
47 146
85 184
166 265
42 141
40 139
112 211
137 236
79 178
19 118
151 250
63 162
52 151
156 255
78 177
159 258
70 169
46 145
62 161
189 288
31 130
138 237
36 135
111 210
162 261
25 124
107 206
34 133
133 232
159 258
61 160
40 139
75 174
21 120
178 277
8 107
154 253
124 223
169 268
98 197
110 209
70 169
120 219
119 218
164 263
28 127
130 229
167 266
22 121
98 197
108 207
55 154
156 255
102 201
122 221
118 217
11 110
4 103
16 115
159 258
159 258
46 145
180 279
168 267
175 274
105 204
85 184
148 247
49 148
142 241
124 223
76 175
134 233
144 243
25 124
97 196
162 261
157 256
159 258
166 265
144 243
184 283
68 167
149 248
44 143
160 259
32 131
190 289
102 201
32 131
136 235
13 112
36 135
36 135
50 149
120 219
5 104
25 124
86 185
100 199
23 122
52 151
104 203
186 285
31 130
103 202
124 223
103 202
98 197
68 167
95 194
61 160
95 194
3 102
134 233
121 220
166 265
136 235
103 202
181 280
180 279
114 213
33 132
74 173
47 146
149 248
138 237
171 270
58 157
141 240
56 155
85 184
141 240
164 263
141 240
106 205
186 285
40 139
170 269
124 223
185 284
167 266
127 226
61 160
65 164
72 171
22 121
61 160
78 177
52 151
89 188
98 197
20 119
56 155
152 251
104 203
46 145
161 260
124 223
92 191
114 213
109 208
81 180
71 170
22 121
90 189
182 281
2 101
102 201
127 226
191 290
174 273
14 113
62 161
64 163
21 120
7 106
113 212
102 201
162 261
123 222
57 156
178 277
143 242
188 287
10 109
126 225
163 262
103 202
73 172
40 139
28 127
115 214
136 235
124 223
144 243
17 116
103 202
43 142
2 101
68 167
21 120
192 291
180 279
146 245
195 294
192 291
159 258
163 262
71 170
0 99
25 124
123 222
81 180
134 233
64 163
65 164
76 175
100 199
195 294
37 136
77 176
119 218
182 281
170 269
136 235
158 257
39 138
94 193
82 181
9 108
145 244
86 185
62 161
10 109
93 192
161 260
25 124
73 172
38 137
92 191
62 161
110 209
156 255
155 254
107 206
109 208
87 186
184 283
22 121
137 236
168 267
196 295
15 114
196 295
175 274
152 251
195 294
193 292
181 280
148 247
12 111
87 186
82 181
60 159
49 148
22 121
103 202
147 246
107 206
152 251
6 105
35 134
63 162
94 193
60 159
40 139
197 296
64 163
20 119
30 129
88 187
6 105
127 226
8 107
139 238
190 289
71 170
54 153
72 171
136 235
46 145
135 234
57 156
142 241
113 212
32 131
126 225
126 225
113 212
158 257
39 138
67 166
176 275
196 295
87 186
59 158
11 110
149 248
28 127
179 278
25 124
63 162
168 267
140 239
39 138
147 246
180 279
73 172
4 103
157 256
26 125
114 213
87 186
92 191
19 118
90 189
16 115
40 139
114 213
126 225
41 140
162 261
85 184
71 170
106 205
128 227
30 129
0 99
159 258
143 242
1 100
132 231
192 291
138 237
159 258
68 167
195 294
145 244
14 113
81 180
117 216
113 212
172 271
129 228
160 259
109 208
118 217
103 202
167 266
67 166
190 289
126 225
133 232
132 231
129 228
61 160
106 205
28 127
178 277
194 293
52 151
67 166
7 106
193 292
23 122
126 225
190 289
197 296
183 282
126 225
137 236
186 285
21 120
92 191
196 295
130 229
178 277
81 180
120 219
3 102
106 205
46 145
135 234
179 278
77 176
84 183
142 241
59 158
77 176
151 250
21 120
143 242
58 157
70 169
139 238
59 158
178 277
32 131
53 152
117 216
148 247
196 295
8 107
184 283
56 155
152 251
172 271
185 284
152 251
168 267
140 239
15 114
166 265
13 112
166 265
157 256
50 149
8 107
52 151
187 286
150 249
57 156
108 207
62 161
31 130
9 108
126 225
18 117
5 104
34 133
60 159
175 274
142 241
176 275
103 202
22 121
151 250
132 231
186 285
44 143
118 217
94 193
186 285
142 241
194 293
7 106
48 147
172 271
25 124
78 177
84 183
72 171
174 273
36 135
116 215
35 134
15 114
30 129
116 215
122 221
188 287
94 193
104 203
171 270
166 265
37 136
50 149
181 280
53 152
126 225
6 105
155 254
34 133
44 143
75 174
176 275
46 145
13 112
173 272
194 293
14 113
17 116
3 102
66 165
183 282
96 195
154 253
25 124
167 266
5 104
60 159
196 295
139 238
94 193
64 163
140 239
138 237
194 293
137 236
56 155
195 294
0 99
102 201
185 284
177 276
64 163
96 195
179 278
151 250
155 254
178 277
129 228
15 114
34 133
109 208
167 266
31 130
16 115
156 255
131 230
170 269
5 104
148 247
78 177
29 128
99 198
10 109
10 109
83 182
182 281
53 152
113 212
103 202
115 214
51 150
97 196
153 252
19 118
16 115
109 208
103 202
44 143
43 142
97 196
67 166
90 189
132 231
178 277
42 141
75 174
99 198
116 215
32 131
22 121
52 151
67 166
77 176
109 208
99 198
185 284
23 122
7 106
126 225
124 223
86 185
43 142
139 238
81 180
5 104
197 296
3 102
196 295
111 210
0 99
89 188
99 198
31 130
97 196
157 256
100 199
59 158
181 280
153 252
191 290
14 113
56 155
197 296
157 256
145 244
9 108
94 193
118 217
8 107
76 175
26 125
129 228
182 281
110 209
176 275
120 219
31 130
75 174
86 185
107 206
31 130
84 183
20 119
197 296
185 284
106 205
72 171
56 155
97 196
26 125
139 238
60 159
185 284
124 223
69 168
0 99
36 135
132 231
156 255
41 140
64 163
84 183
139 238
86 185
72 171
92 191
83 182
11 110
77 176
167 266
78 177
160 259
62 161
103 202
169 268
142 241
196 295
126 225
58 157
79 178
40 139
33 132
106 205
19 118
65 164
2 101
103 202
187 286
153 252
0 99
5 104
5 104
48 147
125 224
17 116
148 247
138 237
189 288
41 140
162 261
78 177
120 219
2 101
117 216
62 161
59 158
125 224
162 261
162 261
11 110
154 253
194 293
65 164
70 169
12 111
116 215
126 225
172 271
40 139
71 170
67 166
43 142
153 252
114 213
129 228
57 156
131 230
117 216
23 122
192 291
84 183
109 208
43 142
143 242
92 191
91 190
134 233
3 102
154 253
13 112
167 266
72 171
89 188
139 238
3 102
26 125
16 115
139 238
66 165
83 182
81 180
144 243
63 162
113 212
140 239
170 269
14 113
114 213
81 180
126 225
101 200
55 154
167 266
76 175
79 178
158 257
180 279
113 212
174 273
131 230
159 258
138 237
125 224
146 245
27 126
132 231
141 240
37 136
95 194
126 225
51 150
58 157
187 286
152 251
147 246
155 254
178 277
20 119
129 228
165 264
119 218
55 154
180 279
5 104
118 217
53 152
84 183
94 193
112 211
119 218
54 153
31 130
115 214
129 228
125 224
52 151
151 250
189 288
33 132
70 169
167 266
96 195
146 245
121 220
0 99
97 196
183 282
196 295
129 228
188 287
164 263
20 119
58 157
79 178
18 117
41 140
117 216
132 231
176 275
45 144
184 283
141 240
118 217
188 287
155 254
102 201
108 207
63 162
43 142
129 228
176 275
45 144
114 213
103 202
188 287
120 219
127 226
152 251
196 295
164 263
122 221
67 166
42 141
139 238
52 151
43 142
125 224
152 251
62 161
38 137
108 207
116 215
118 217
165 264
55 154
100 199
139 238
47 146
173 272
9 108
143 242
117 216
195 294
60 159
22 121
114 213
10 109
176 275
64 163
81 180
169 268
169 268
73 172
76 175
162 261
30 129
74 173
27 126
87 186
68 167
176 275
156 255
7 106
125 224
196 295
146 245
72 171
192 291
186 285
164 263
102 201
179 278
186 285
109 208
126 225
44 143
189 288
156 255
72 171
3 102
27 126
46 145
188 287
110 209
171 270
73 172
96 195
181 280
24 123
175 274
94 193
124 223
45 144
107 206
128 227
58 157
43 142
128 227
73 172
70 169
192 291
68 167
19 118
161 260
120 219
28 127
52 151
68 167
91 190
191 290
144 243
155 254
170 269
197 296
181 280
12 111
44 143
19 118
60 159
187 286
109 208
121 220
38 137
14 113
67 166
177 276
138 237
181 280
66 165
165 264
32 131
174 273
17 116
52 151
46 145
170 269
39 138
128 227
185 284
62 161
157 256
88 187
187 286
133 232
46 145
174 273
13 112
117 216
188 287
168 267
131 230
78 177
61 160
47 146
140 239
72 171
121 220
23 122
46 145
142 241
33 132
180 279
87 186
150 249
47 146
2 101
31 130
116 215
61 160
21 120
28 127
87 186
108 207
192 291
93 192
57 156
187 286
92 191
65 164
124 223
72 171
175 274
16 115
178 277
63 162
12 111
30 129
100 199
158 257
36 135
25 124
115 214
162 261
123 222
61 160
36 135
2 101
29 128
104 203
81 180
56 155
118 217
69 168
75 174
60 159
83 182
39 138
13 112
4 103
79 178
3 102
80 179
98 197
179 278
58 157
89 188
126 225
132 231
50 149
49 148
134 233
75 174
55 154
27 126
187 286
160 259
92 191
176 275
19 118
132 231
53 152
22 121
88 187
73 172
12 111
74 173
76 175
11 110
192 291
175 274
92 191
86 185
27 126
50 149
179 278
161 260
25 124
171 270
51 150
9 108
66 165
89 188
54 153
0 99
65 164
187 286
171 270
73 172
194 293
165 264
161 260
134 233
74 173
130 229
79 178
170 269
0 99
48 147
91 190
15 114
1 100
142 241
179 278
143 242
73 172
11 110
16 115
43 142
183 282
25 124
38 137
145 244
191 290
184 283
108 207
78 177
69 168
147 246
106 205
33 132
123 222
111 210
77 176
74 173
47 146
185 284
186 285
109 208
162 261
73 172
56 155
154 253
120 219
52 151
39 138
59 158
76 175
26 125
128 227
139 238
175 274
60 159
128 227
93 192
193 292
0 99
65 164
72 171
5 104
189 288
182 281
65 164
195 294
155 254
40 139
98 197
121 220
89 188
56 155
143 242
58 157
182 281
186 285
5 104
172 271
189 288
174 273
103 202
27 126
117 216
57 156
0 99
46 145
61 160
69 168
81 180
100 199
127 226
195 294
45 144
132 231
32 131
126 225
181 280
164 263
86 185
44 143
105 204
84 183
124 223
60 159
194 293
51 150
170 269
44 143
62 161
51 150
179 278
94 193
117 216
65 164
31 130
18 117
19 118
81 180
51 150
97 196
101 200
119 218
38 137
33 132
120 219
54 153
94 193
134 233
82 181
101 200
134 233
68 167
31 130
67 166
79 178
11 110
27 126
23 122
59 158
78 177
126 225
183 282
11 110
138 237
12 111
127 226
147 246
20 119
16 115
163 262
104 203
12 111
197 296
167 266
22 121
179 278
64 163
186 285
167 266
35 134
156 255
135 234
105 204
81 180
95 194
84 183
1 100
144 243
54 153
127 226
2 101
43 142
53 152
60 159
146 245
67 166
115 214
166 265
100 199
47 146
14 113
107 206
89 188
61 160
77 176
38 137
197 296
190 289
38 137
150 249
33 132
173 272
20 119
43 142
39 138
55 154
130 229
56 155
187 286
34 133
137 236
20 119
194 293
11 110
82 181
127 226
102 201
9 108
167 266
132 231
153 252
57 156
82 181
15 114
111 210
195 294
116 215
135 234
58 157
50 149
62 161
193 292
158 257
185 284
111 210
134 233
57 156
161 260
138 237
98 197
174 273
185 284
116 215
2 101
156 255
95 194
134 233
114 213
71 170
122 221
84 183
123 222
128 227
86 185
66 165
126 225
176 275
67 166
53 152
122 221
164 263
79 178
135 234
172 271
93 192
179 278
72 171
167 266
96 195
188 287
183 282
108 207
58 157
191 290
156 255
7 106
55 154
32 131
160 259
144 243
58 157
28 127
152 251
37 136
90 189
118 217
197 296
143 242
58 157
79 178
120 219
184 283
110 209
6 105
89 188
191 290
132 231
186 285
15 114
185 284
83 182
111 210
84 183
87 186
89 188
66 165
110 209
184 283
109 208
163 262
17 116
191 290
165 264
101 200
37 136
108 207
137 236
136 235
197 296
143 242
49 148
74 173
22 121
27 126
138 237
45 144
136 235
179 278
42 141
38 137
37 136
190 289
138 237
24 123
179 278
160 259
60 159
90 189
53 152
134 233
188 287
57 156
58 157
147 246
81 180
88 187
192 291
71 170
60 159
77 176
46 145
51 150
113 212
157 256
127 226
195 294
108 207
99 198
164 263
58 157
174 273
140 239
76 175
48 147
126 225
23 122
187 286
172 271
99 198
181 280
99 198
47 146
103 202
79 178
26 125
23 122
10 109
155 254
129 228
4 103
52 151
87 186
79 178
39 138
176 275
184 283
166 265
161 260
24 123
96 195
120 219
25 124
174 273
63 162
187 286
106 205
155 254
68 167
65 164
75 174
82 181
118 217
69 168
19 118
0 99
5 104
156 255
34 133
172 271
113 212
78 177
164 263
88 187
35 134
25 124
102 201
81 180
66 165
166 265
21 120
114 213
78 177
14 113
176 275
1 100
110 209
181 280
24 123
87 186
20 119
50 149
129 228
88 187
51 150
110 209
20 119
187 286
16 115
146 245
139 238
2 101
181 280
170 269
141 240
151 250
82 181
165 264
13 112
124 223
171 270
129 228
44 143
17 116
47 146
42 141
192 291
39 138
156 255
135 234
42 141
120 219
19 118
94 193
77 176
77 176
5 104
138 237
10 109
43 142
80 179
59 158
63 162
65 164
19 118
78 177
143 242
16 115
111 210
173 272
49 148
52 151
119 218
21 120
116 215
86 185
97 196
94 193
127 226
40 139
145 244
115 214
154 253
79 178
47 146
64 163
165 264
10 109
160 259
46 145
194 293
1 100
88 187
35 134
183 282
188 287
116 215
59 158
152 251
195 294
101 200
76 175
161 260
117 216
22 121
39 138
79 178
54 153
42 141
45 144
192 291
36 135
142 241
185 284
195 294
124 223
93 192
24 123
61 160
54 153
109 208
167 266
139 238
51 150
77 176
39 138
72 171
96 195
174 273
3 102
150 249
87 186
0 99
151 250
52 151
49 148
107 206
71 170
23 122
74 173
77 176
27 126
5 104
99 198
37 136
22 121
162 261
182 281
192 291
129 228
77 176
169 268
24 123
75 174
66 165
157 256
57 156
76 175
174 273
8 107
51 150
59 158
131 230
107 206
195 294
108 207
148 247
33 132
15 114
167 266
67 166
76 175
16 115
92 191
135 234
93 192
62 161
73 172
24 123
165 264
177 276
129 228
77 176
2 101
136 235
94 193
17 116
8 107
66 165
24 123
132 231
147 246
139 238
121 220
179 278
51 150
30 129
16 115
186 285
148 247
83 182
50 149
191 290
39 138
35 134
113 212
98 197
181 280
163 262
178 277
171 270
58 157
138 237
157 256
196 295
161 260
116 215
77 176
109 208
19 118
188 287
112 211
141 240
28 127
188 287
144 243
164 263
95 194
142 241
46 145
59 158
59 158
13 112
187 286
32 131
54 153
88 187
19 118
93 192
128 227
153 252
59 158
170 269
115 214
149 248
93 192
126 225
190 289
64 163
196 295
4 103
135 234
72 171
189 288
174 273
93 192
63 162
132 231
177 276
49 148
185 284
155 254
150 249
181 280
26 125
50 149
118 217
73 172
26 125
110 209
131 230
156 255
110 209
92 191
192 291
70 169
78 177
195 294
49 148
160 259
140 239
146 245
94 193
24 123
196 295
94 193
40 139
91 190
88 187
94 193
54 153
80 179
112 211
31 130
142 241
84 183
93 192
28 127
150 249
169 268
193 292
172 271
162 261
124 223
147 246
59 158
0 99
134 233
152 251
166 265
147 246
168 267
116 215
85 184
169 268
192 291
179 278
191 290
23 122
77 176
189 288
169 268
158 257
150 249
142 241
111 210
67 166
3 102
122 221
120 219
119 218
156 255
59 158
195 294
115 214
16 115
93 192
166 265
126 225
77 176
150 249
115 214
69 168
70 169
107 206
51 150
18 117
33 132
81 180
2 101
26 125
16 115
161 260
10 109
59 158
86 185
63 162
12 111
181 280
124 223
5 104
101 200
20 119
24 123
56 155
13 112
126 225
113 212
171 270
83 182
2 101
163 262
190 289
142 241
141 240
181 280
5 104
51 150
192 291
63 162
91 190
56 155
14 113
56 155
100 199
49 148
167 266
95 194
164 263
169 268
12 111
48 147
55 154
119 218
167 266
163 262
2 101
74 173
139 238
101 200
101 200
162 261
116 215
9 108
140 239
88 187
148 247
101 200
163 262
189 288
152 251
10 109
98 197
9 108
83 182
113 212
83 182
58 157
15 114
167 266
158 257
166 265
179 278
18 117
101 200
123 222
127 226
43 142
122 221
97 196
19 118
52 151
127 226
168 267
84 183
42 141
15 114
144 243
168 267
53 152
138 237
21 120
137 236
148 247
3 102
165 264
67 166
70 169
22 121
127 226
40 139
101 200
113 212
143 242
156 255
23 122
116 215
128 227
57 156
114 213
179 278
89 188
43 142
37 136
94 193
78 177
12 111
124 223
13 112
173 272
184 283
148 247
196 295
141 240
29 128
14 113
177 276
13 112
87 186
154 253
53 152
70 169
19 118
35 134
18 117
101 200
71 170
10 109
153 252
151 250
174 273
25 124
159 258
47 146
51 150
77 176
144 243
23 122
115 214
188 287
21 120
106 205
24 123
181 280
13 112
107 206
26 125
70 169
189 288
104 203
50 149
161 260
17 116
35 134
171 270
91 190
15 114
125 224
176 275
174 273
83 182
197 296
139 238
94 193
119 218
9 108
135 234
139 238
94 193
94 193
34 133
166 265
111 210
121 220
18 117
104 203
75 174
63 162
18 117
1 100
145 244
68 167
124 223
122 221
112 211
91 190
133 232
48 147
56 155
133 232
18 117
168 267
61 160
161 260
133 232
97 196
48 147
56 155
181 280
157 256
24 123
37 136
182 281
10 109
76 175
181 280
132 231
113 212
87 186
113 212
127 226
5 104
89 188
166 265
130 229
67 166
149 248
32 131
133 232
12 111
131 230
5 104
136 235
49 148
62 161
101 200
82 181
141 240
104 203
139 238
24 123
115 214
55 154
150 249
5 104
9 108
102 201
44 143
174 273
163 262
165 264
147 246
179 278
53 152
52 151
48 147
111 210
19 118
89 188
107 206
20 119
71 170
63 162
25 124
105 204
28 127
97 196
167 266
139 238
93 192
67 166
93 192
190 289
89 188
150 249
22 121
173 272
197 296
147 246
147 246
46 145
35 134
84 183
99 198
130 229
62 161
77 176
64 163
129 228
163 262
14 113
108 207
59 158
124 223
119 218
23 122
21 120
47 146
12 111
126 225
191 290
163 262
82 181
132 231
38 137
18 117
84 183
75 174
194 293
70 169
66 165
101 200
161 260
116 215
121 220
197 296
136 235
128 227
150 249
18 117
65 164
141 240
13 112
114 213
119 218
103 202
192 291
112 211
194 293
80 179
62 161
162 261
151 250
83 182
64 163
93 192
148 247
1 100
51 150
156 255
171 270
116 215
192 291
108 207
185 284
23 122
141 240
191 290
50 149
178 277
12 111
38 137
131 230
95 194
128 227
42 141
144 243
114 213
197 296
106 205
88 187
22 121
189 288
76 175
83 182
163 262
141 240
160 259
67 166
96 195
84 183
38 137
159 258
9 108
71 170
45 144
164 263
144 243
154 253
73 172
18 117
160 259
88 187
141 240
153 252
126 225
79 178
179 278
109 208
118 217
160 259
174 273
181 280
89 188
92 191
83 182
172 271
82 181
3 102
40 139
140 239
36 135
191 290
99 198
6 105
125 224
4 103
74 173
118 217
152 251
86 185
30 129
174 273
175 274
69 168
32 131
22 121
0 99
103 202
0 99
155 254
161 260
58 157
30 129
137 236
96 195
159 258
118 217
38 137
124 223
17 116
10 109
15 114
76 175
140 239
78 177
4 103
128 227
168 267
136 235
39 138
149 248
191 290
183 282
20 119
185 284
54 153
31 130
144 243
115 214
58 157
136 235
53 152
22 121
63 162
68 167
109 208
4 103
95 194
191 290
115 214
28 127
192 291
113 212
189 288
131 230
155 254
141 240
134 233
196 295
119 218
100 199
94 193
122 221
24 123
10 109
7 106
194 293
62 161
20 119
73 172
132 231
187 286
101 200
127 226
119 218
18 117
164 263
125 224
167 266
92 191
117 216
132 231
156 255
100 199
195 294
75 174
82 181
109 208
123 222
60 159
177 276
103 202
127 226
192 291
54 153
31 130
100 199
196 295
2 101
39 138
170 269
1 100
132 231
15 114
133 232
160 259
172 271
139 238
178 277
110 209
22 121
168 267
77 176
162 261
26 125
184 283
163 262
157 256
16 115
151 250
80 179
38 137
180 279
8 107
127 226
75 174
12 111
122 221
30 129
52 151
145 244
93 192
65 164
128 227
52 151
14 113
53 152
196 295
44 143
7 106
132 231
111 210
189 288
109 208
181 280
120 219
35 134
194 293
52 151
14 113
178 277
97 196
115 214
53 152
23 122
176 275
104 203
67 166
65 164
15 114
74 173
110 209
147 246
88 187
134 233
86 185
65 164
137 236
18 117
40 139
139 238
46 145
25 124
78 177
43 142
91 190
65 164
144 243
142 241
114 213
163 262
196 295
9 108
197 296
43 142
0 99
92 191
40 139
73 172
11 110
91 190
19 118
196 295
134 233
120 219
192 291
14 113
75 174
27 126
47 146
82 181
178 277
171 270
18 117
164 263
153 252
114 213
145 244
85 184
135 234
190 289
128 227
155 254
39 138
191 290
63 162
150 249
123 222
6 105
168 267
85 184
176 275
133 232
136 235
177 276
101 200
104 203
35 134
4 103
154 253
152 251
52 151
73 172
71 170
191 290
5 104
59 158
96 195
25 124
131 230
1 100
103 202
129 228
54 153
39 138
8 107
103 202
182 281
62 161
122 221
47 146
165 264
139 238
149 248
7 106
46 145
125 224
110 209
75 174
15 114
38 137
136 235
69 168
115 214
68 167
148 247
1 100
189 288
153 252
61 160
8 107
112 211
39 138
12 111
17 116
122 221
46 145
13 112
122 221
192 291
138 237
49 148
30 129
119 218
19 118
59 158
79 178
40 139
160 259
44 143
25 124
23 122
176 275
160 259
78 177
82 181
154 253
107 206
141 240
74 173
123 222
13 112
172 271
87 186
109 208
192 291
122 221
27 126
90 189
110 209
166 265
135 234
160 259
150 249
19 118
141 240
130 229
125 224
52 151
15 114
161 260
6 105
187 286
67 166
191 290
90 189
90 189
12 111
101 200
154 253
147 246
22 121
74 173
181 280
74 173
188 287
172 271
58 157
146 245
31 130
174 273
84 183
68 167
155 254
50 149
9 108
162 261
46 145
178 277
74 173
68 167
101 200
135 234
179 278
23 122
154 253
17 116
72 171
59 158
61 160
172 271
167 266
53 152
166 265
114 213
149 248
175 274
11 110
31 130
37 136
12 111
151 250
93 192
161 260
59 158
7 106
114 213
119 218
178 277
117 216
97 196
56 155
150 249
79 178
146 245
146 245
177 276
184 283
152 251
15 114
166 265
88 187
102 201
32 131
86 185
60 159
195 294
126 225
62 161
172 271
152 251
192 291
194 293
184 283
143 242
73 172
58 157
152 251
61 160
195 294
85 184
197 296
33 132
69 168
136 235
187 286
91 190
48 147
163 262
150 249
86 185
135 234
184 283
28 127
175 274
140 239
142 241
33 132
102 201
80 179
122 221
186 285
156 255
22 121
164 263
24 123
57 156
47 146
51 150
64 163
148 247
11 110
100 199
48 147
31 130
192 291
21 120
131 230
132 231
76 175
135 234
52 151
155 254
138 237
37 136
38 137
115 214
52 151
120 219
45 144
191 290
30 129
8 107
178 277
35 134
21 120
103 202
137 236
153 252
4 103
41 140
100 199
147 246
62 161
186 285
112 211
77 176
34 133
96 195
153 252
135 234
29 128
189 288
151 250
124 223
27 126
117 216
78 177
90 189
106 205
74 173
44 143
42 141
14 113
136 235
190 289
41 140
171 270
95 194
135 234
147 246
75 174
27 126
180 279
49 148
3 102
155 254
94 193
107 206
47 146
188 287
102 201
192 291
193 292
67 166
133 232
182 281
2 101
4 103
194 293
109 208
130 229
107 206
42 141
169 268
38 137
158 257
147 246
80 179
77 176
63 162
190 289
133 232
65 164
21 120
73 172
116 215
48 147
28 127
60 159
192 291
180 279
62 161
111 210
114 213
152 251
66 165
177 276
102 201
190 289
193 292
159 258
55 154
172 271
180 279
28 127
82 181
117 216
164 263
47 146
113 212
65 164
34 133
68 167
3 102
77 176
121 220
0 99
90 189
27 126
125 224
124 223
105 204
175 274
160 259
29 128
24 123
89 188
156 255
67 166
111 210
102 201
8 107
162 261
83 182
161 260
115 214
66 165
114 213
139 238
26 125
15 114
94 193
89 188
71 170
51 150
173 272
117 216
47 146
107 206
95 194
44 143
88 187
189 288
36 135
49 148
101 200
152 251
158 257
110 209
34 133
0 99
169 268
43 142
176 275
166 265
20 119
84 183
190 289
151 250
135 234
14 113
132 231
89 188
131 230
64 163
151 250
182 281
166 265
140 239
100 199
187 286
59 158
167 266
130 229
46 145
117 216
107 206
48 147
109 208
31 130
141 240
135 234
125 224
12 111
86 185
91 190
121 220
74 173
55 154
186 285
127 226
170 269
83 182
175 274
121 220
54 153
55 154
24 123
60 159
184 283
13 112
114 213
96 195
190 289
132 231
16 115
85 184
167 266
191 290
43 142
195 294
17 116
64 163
24 123
134 233
86 185
164 263
81 180
78 177
47 146
106 205
10 109
57 156
137 236
48 147
178 277
61 160
168 267
80 179
28 127
21 120
122 221
4 103
175 274
100 199
49 148
155 254
169 268
77 176
144 243
37 136
72 171
103 202
162 261
192 291
60 159
16 115
123 222
69 168
59 158
138 237
77 176
62 161
67 166
85 184
148 247
126 225
189 288
33 132
161 260
122 221
109 208
179 278
107 206
79 178
159 258
31 130
191 290
26 125
10 109
186 285
110 209
32 131
108 207
192 291
117 216
84 183
17 116
165 264
106 205
66 165
53 152
171 270
69 168
125 224
104 203
145 244
91 190
30 129
120 219
72 171
100 199
173 272
189 288
18 117
59 158
34 133
86 185
71 170
50 149
1 100
123 222
175 274
57 156
81 180
6 105
113 212
15 114
14 113
132 231
177 276
168 267
85 184
96 195
57 156
18 117
78 177
160 259
9 108
153 252
117 216
139 238
57 156
124 223
78 177
87 186
179 278
184 283
171 270
61 160
75 174
86 185
136 235
173 272
134 233
148 247
117 216
169 268
49 148
56 155
7 106
79 178
89 188
155 254
114 213
57 156
62 161
23 122
156 255
2 101
189 288
19 118
107 206
92 191
143 242
93 192
152 251
79 178
78 177
162 261
151 250
86 185
83 182
62 161
133 232
187 286
71 170
185 284
173 272
105 204
171 270
78 177
133 232
114 213
10 109
156 255
189 288
116 215
138 237
96 195
144 243
184 283
179 278
187 286
129 228
135 234
71 170
113 212
111 210
151 250
152 251
148 247
151 250
83 182
49 148
81 180
8 107
73 172
75 174
179 278
90 189
186 285
103 202
15 114
41 140
125 224
105 204
33 132
100 199
178 277
159 258
177 276
102 201
49 148
73 172
82 181
131 230
18 117
171 270
23 122
7 106
69 168
38 137
85 184
114 213
178 277
72 171
86 185
108 207
16 115
32 131
105 204
56 155
61 160
157 256
43 142
48 147
107 206
37 136
170 269
48 147
20 119
107 206
144 243
74 173
46 145
16 115
41 140
5 104
61 160
57 156
177 276
190 289
157 256
177 276
37 136
44 143
125 224
193 292
33 132
107 206
29 128
163 262
25 124
127 226
180 279
30 129
141 240
184 283
77 176
57 156
185 284
188 287
156 255
140 239
58 157
129 228
2 101
87 186
94 193
19 118
41 140
188 287
13 112
139 238
102 201
131 230
194 293
16 115
185 284
189 288
91 190
130 229
41 140
179 278
93 192
197 296
179 278
56 155
62 161
139 238
162 261
92 191
68 167
57 156
171 270
60 159
76 175
136 235
181 280
49 148
94 193
180 279
87 186
76 175
103 202
15 114
179 278
182 281
3 102
54 153
98 197
61 160
118 217
182 281
75 174
13 112
81 180
31 130
44 143
81 180
78 177
112 211
73 172
100 199
64 163
130 229
78 177
126 225
175 274
54 153
194 293
74 173
70 169
26 125
39 138
18 117
157 256
158 257
127 226
72 171
125 224
171 270
90 189
173 272
55 154
150 249
3 102
67 166
6 105
144 243
159 258
26 125
95 194
153 252
195 294
165 264
96 195
196 295
156 255
148 247
84 183
5 104
14 113
62 161
83 182
9 108
94 193
26 125
87 186
43 142
196 295
60 159
22 121
135 234
138 237
1 100
99 198
69 168
163 262
131 230
59 158
123 222
33 132
38 137
1 100
196 295
191 290
96 195
114 213
193 292
80 179
39 138
67 166
139 238
77 176
107 206
97 196
7 106
136 235
77 176
74 173
181 280
68 167
147 246
52 151
91 190
19 118
33 132
100 199
94 193
94 193
178 277
184 283
95 194
59 158
171 270
195 294
121 220
21 120
172 271
18 117
46 145
187 286
35 134
141 240
82 181
153 252
118 217
26 125
78 177
173 272
76 175
23 122
186 285
115 214
89 188
164 263
135 234
192 291
171 270
88 187
87 186
175 274
153 252
149 248
107 206
148 247
25 124
50 149
29 128
191 290
112 211
30 129
25 124
55 154
44 143
47 146
50 149
90 189
140 239
170 269
4 103
53 152
102 201
181 280
173 272
143 242
193 292
54 153
120 219
156 255
21 120
167 266
176 275
181 280
196 295
138 237
181 280
158 257
166 265
153 252
39 138
67 166
49 148
157 256
39 138
158 257
190 289
98 197
166 265
111 210
176 275
143 242
180 279
136 235
104 203
127 226
70 169
10 109
150 249
38 137
131 230
121 220
121 220
125 224
135 234
104 203
156 255
115 214
103 202
190 289
192 291
112 211
121 220
146 245
86 185
129 228
67 166
83 182
60 159
40 139
87 186
153 252
182 281
194 293
32 131
22 121
41 140
185 284
86 185
115 214
139 238
38 137
86 185
153 252
90 189
175 274
153 252
167 266
14 113
103 202
2 101
152 251
141 240
179 278
56 155
8 107
42 141
175 274
197 296
47 146
175 274
60 159
94 193
67 166
180 279
63 162
29 128
113 212
69 168
64 163
151 250
137 236
77 176
25 124
68 167
148 247
149 248
186 285
94 193
192 291
148 247
62 161
39 138
78 177
181 280
72 171
192 291
166 265
89 188
11 110
86 185
62 161
161 260
7 106
10 109
153 252
9 108
40 139
139 238
88 187
176 275
142 241
167 266
60 159
0 99
47 146
184 283
140 239
154 253
84 183
76 175
118 217
30 129
79 178
43 142
50 149
127 226
98 197
184 283
43 142
62 161
58 157
14 113
126 225
156 255
35 134
86 185
50 149
57 156
15 114
83 182
68 167
176 275
114 213
180 279
122 221
82 181
165 264
19 118
26 125
172 271
174 273
186 285
2 101
174 273
164 263
180 279
191 290
60 159
160 259
28 127
70 169
36 135
71 170
159 258
144 243
142 241
177 276
32 131
38 137
12 111
96 195
126 225
53 152
48 147
178 277
175 274
164 263
60 159
20 119
89 188
52 151
22 121
80 179
36 135
125 224
55 154
16 115
144 243
80 179
92 191
194 293
109 208
180 279
31 130
44 143
159 258
19 118
80 179
110 209
4 103
117 216
127 226
158 257
119 218
109 208
70 169
188 287
177 276
151 250
186 285
64 163
104 203
104 203
157 256
168 267
13 112
76 175
169 268
174 273
46 145
27 126
60 159
115 214
94 193
164 263
158 257
186 285
157 256
195 294
122 221
136 235
106 205
52 151
19 118
31 130
65 164
28 127
60 159
115 214
156 255
84 183
103 202
185 284
173 272
39 138
7 106
30 129
99 198
45 144
59 158
112 211
93 192
31 130
64 163
48 147
108 207
94 193
114 213
152 251
194 293
59 158
193 292
81 180
130 229
141 240
180 279
115 214
90 189
79 178
152 251
83 182
155 254
9 108
194 293
79 178
18 117
117 216
149 248
25 124
11 110
106 205
148 247
53 152
36 135
160 259
109 208
164 263
147 246
194 293
103 202
183 282
60 159
162 261
122 221
25 124
137 236
195 294
145 244
77 176
48 147
67 166
179 278
161 260
157 256
22 121
181 280
163 262
20 119
35 134
126 225
37 136
81 180
36 135
180 279
92 191
143 242
62 161
71 170
188 287
190 289
185 284
171 270
113 212
117 216
22 121
125 224
143 242
123 222
17 116
142 241
60 159
52 151
192 291
24 123
56 155
72 171
38 137
114 213
140 239
141 240
7 106
123 222
82 181
16 115
172 271
58 157
162 261
148 247
125 224
6 105
152 251
117 216
2 101
151 250
25 124
143 242
122 221
157 256
106 205
126 225
145 244
41 140
131 230
15 114
141 240
134 233
17 116
27 126
127 226
11 110
151 250
90 189
141 240
5 104
2 101
131 230
115 214
145 244
100 199
173 272
63 162
193 292
26 125
11 110
142 241
14 113
112 211
158 257
103 202
43 142
140 239
62 161
149 248
193 292
176 275
30 129
45 144
50 149
11 110
148 247
177 276
113 212
97 196
108 207
105 204
101 200
6 105
100 199
24 123
34 133
4 103
151 250
150 249
90 189
145 244
160 259
114 213
117 216
36 135
159 258
26 125
142 241
87 186
133 232
90 189
82 181
71 170
93 192
118 217
59 158
24 123
115 214
150 249
150 249
20 119
14 113
16 115
58 157
82 181
173 272
39 138
134 233
175 274
19 118
37 136
82 181
173 272
127 226
149 248
0 99
83 182
66 165
153 252
149 248
60 159
177 276
30 129
117 216
175 274
118 217
136 235
68 167
137 236
38 137
177 276
163 262
14 113
81 180
118 217
159 258
18 117
69 168
149 248
159 258
50 149
147 246
60 159
169 268
3 102
111 210
11 110
57 156
152 251
122 221
72 171
173 272
62 161
173 272
136 235
164 263
173 272
167 266
94 193
86 185
103 202
113 212
83 182
181 280
157 256
20 119
26 125
7 106
28 127
125 224
196 295
123 222
128 227
76 175
139 238
114 213
61 160
172 271
177 276
187 286
13 112
96 195
178 277
188 287
110 209
128 227
3 102
14 113
108 207
118 217
197 296
144 243
185 284
38 137
7 106
131 230
178 277
85 184
99 198
3 102
165 264
73 172
191 290
8 107
137 236
123 222
123 222
4 103
175 274
78 177
40 139
39 138
112 211
2 101
113 212
23 122
36 135
52 151
4 103
157 256
36 135
80 179
19 118
138 237
51 150
150 249
184 283
90 189
187 286
97 196
72 171
176 275
156 255
171 270
169 268
117 216
161 260
182 281
65 164
118 217
30 129
14 113
123 222
118 217
180 279
164 263
120 219
49 148
171 270
100 199
71 170
0 99
28 127
179 278
35 134
12 111
32 131
3 102
166 265
65 164
94 193
121 220
150 249
28 127
12 111
46 145
44 143
62 161
103 202
163 262
99 198
101 200
93 192
37 136
163 262
7 106
189 288
14 113
179 278
28 127
25 124
165 264
9 108
173 272
93 192
165 264
150 249
112 211
188 287
146 245
35 134
62 161
74 173
42 141
126 225
139 238
83 182
143 242
191 290
191 290
184 283
101 200
38 137
166 265
133 232
25 124
80 179
183 282
168 267
3 102
61 160
123 222
139 238
7 106
5 104
158 257
81 180
122 221
60 159
131 230
110 209
184 283
22 121
73 172
54 153
72 171
49 148
125 224
110 209
71 170
188 287
140 239
75 174
171 270
68 167
72 171
99 198
63 162
119 218
46 145
124 223
18 117
147 246
94 193
161 260
92 191
151 250
126 225
96 195
140 239
61 160
33 132
190 289
29 128
191 290
79 178
101 200
50 149
180 279
65 164
45 144
135 234
146 245
87 186
141 240
183 282
138 237
171 270
111 210
124 223
163 262
169 268
7 106
189 288
166 265
72 171
183 282
46 145
112 211
27 126
38 137
99 198
102 201
136 235
149 248
39 138
141 240
132 231
191 290
79 178
69 168
85 184
74 173
118 217
113 212
120 219
151 250
15 114
78 177
149 248
131 230
120 219
95 194
1 100
49 148
105 204
90 189
135 234
122 221
64 163
40 139
122 221
19 118
174 273
48 147
136 235
29 128
68 167
120 219
141 240
14 113
75 174
155 254
76 175
6 105
25 124
29 128
90 189
65 164
132 231
81 180
92 191
129 228
188 287
171 270
148 247
100 199
48 147
27 126
166 265
191 290
136 235
136 235
123 222
194 293
47 146
162 261
115 214
8 107
172 271
13 112
82 181
181 280
188 287
142 241
180 279
72 171
0 99
121 220
61 160
68 167
45 144
164 263
78 177
36 135
64 163
149 248
127 226
112 211
46 145
171 270
154 253
149 248
192 291
144 243
42 141
194 293
95 194
95 194
9 108
42 141
94 193
66 165
86 185
137 236
46 145
66 165
143 242
164 263
186 285
64 163
93 192
130 229
163 262
45 144
43 142
57 156
146 245
30 129
40 139
172 271
39 138
80 179
175 274
107 206
159 258
53 152
9 108
137 236
144 243
120 219
26 125
169 268
6 105
120 219
165 264
39 138
129 228
44 143
139 238
172 271
168 267
33 132
136 235
191 290
55 154
22 121
150 249
54 153
123 222
172 271
135 234
31 130
104 203
84 183
143 242
46 145
82 181
67 166
34 133
183 282
87 186
84 183
12 111
61 160
92 191
43 142
6 105
31 130
61 160
59 158
103 202
22 121
24 123
124 223
79 178
151 250
124 223
196 295
122 221
158 257
150 249
23 122
113 212
176 275
163 262
62 161
143 242
150 249
180 279
116 215
44 143
168 267
178 277
117 216
195 294
60 159
44 143
41 140
30 129
75 174
77 176
120 219
76 175
83 182
160 259
103 202
102 201
192 291
98 197
165 264
132 231
21 120
119 218
78 177
76 175
98 197
121 220
164 263
2 101
77 176
8 107
11 110
116 215
43 142
97 196
76 175
83 182
164 263
163 262
133 232
129 228
157 256
140 239
18 117
27 126
103 202
36 135
196 295
44 143
165 264
116 215
119 218
26 125
93 192
64 163
109 208
121 220
84 183
106 205
90 189
141 240
53 152
126 225
78 177
138 237
4 103
163 262
89 188
13 112
142 241
24 123
34 133
31 130
92 191
98 197
63 162
157 256
132 231
97 196
151 250
33 132
164 263
109 208
76 175
127 226
67 166
30 129
53 152
179 278
126 225
135 234
55 154
165 264
141 240
22 121
50 149
164 263
2 101
65 164
39 138
108 207
164 263
155 254
72 171
90 189
2 101
102 201
70 169
32 131
63 162
57;156504
151 250
91 190
39 138
138 237
0 99
36 135
173 272
7 106
119 218
20 119
12 111
192 291
65 164
170 269
154 253
189 288
119 218
98 197
39 138
81 180
99 198
119 218
196 295
104 203
166 265
30 129
195 294
133 232
169 268
192 291
90 189
27 126
81 180
78 177
157 256
102 201
49 148
197 296
122 221
147 246
32 131
13 112
15 114
105 204
120 219
169 268
136 235
16 115
190 289
57 156
42 141
74 173
160 259
62 161
192 291
34 133
148 247
13 112
154 253
112 211
71 170
130 229
78 177
113 212
74 173
99 198
9 108
22 121
103 202
93 192
72 171
15 114
2 101
92 191
142 241
103 202
189 288
52 151
1 100
194 293
80 179
142 241
10 109
187 286
14 113
4 103
75 174
13 112
125 224
24 123
57 156
72 171
151 250
124 223
122 221
63 162
180 279
158 257
79 178
119 218
58 157
58 157
41 140
191 290
44 143
45 144
82 181
96 195
84 183
2 101
40 139
8 107
154 253
32 131
151 250
21 120
0 99
9 108
126 225
163 262
197 296
20 119
25 124
134 233
26 125
105 204
88 187
195 294
7 106
71 170
168 267
17 116
28 127
130 229
33 132
75 174
162 261
30 129
3 102
9 108
38 137
3 102
113 212
140 239
156 255
68 167
95 194
43 142
194 293
33 132
130 229
25 124
125 224
99 198
16 115
124 223
13 112
31 130
165 264
97 196
179 278
175 274
159 258
89 188
48 147
70 169
52 151
122 221
62 161
129 228
53 152
166 265
134 233
162 261
60 159
161 260
83 182
146 245
191 290
20 119
71 170
93 192
26 125
179 278
93 192
115 214
163 262
179 278
152 251
142 241
106 205
92 191
195 294
58 157
121 220
21 120
67 166
173 272
98 197
132 231
169 268
60 159
170 269
125 224
163 262
85 184
41 140
121 220
178 277
37 136
95 194
30 129
150 249
155 254
24 123
115 214
81 180
151 250
45 144
63 162
99 198
49 148
171 270
126 225
33 132
71 170
153 252
180 279
94 193
59 158
136 235
173 272
70 169
76 175
150 249
43 142
162 261
182 281
35 134
168 267
6 105
129 228
162 261
138 237
61 160
57 156
3 102
81 180
120 219
91 190
62 161
135 234
72 171
34 133
57 156
190 289
106 205
172 271
153 252
61 160
5 104
190 289
156 255
122 221
11 110
79 178
92 191
181 280
17 116
139 238
0 99
67 166
48 147
64 163
9 108
134 233
38 137
149 248
125 224
179 278
130 229
85 184
148 247
157 256
86 185
111 210
186 285
139 238
157 256
20 119
123 222
129 228
156 255
42 141
70 169
39 138
59 158
68 167
8 107
118 217
52 151
147 246
23 122
185 284
27 126
138 237
176 275
16 115
105 204
34 133
9 108
76 175
30 129
0 99
164 263
197 296
185 284
3 102
93 192
172 271
156 255
33 132
47 146
47 146
164 263
176 275
131 230
194 293
32 131
18 117
86 185
50 149
22 121
117 216
79 178
149 248
133 232
27 126
4 103
155 254
20 119
24 123
192 291
110 209
143 242
145 244
166 265
58 157
161 260
44 143
106 205
177 276
155 254
70 169
85 184
69 168
146 245
178 277
130 229
112 211
59 158
67 166
99 198
170 269
154 253
87 186
94 193
42 141
173 272
80 179
34 133
117 216
0 99
22 121
17 116
106 205
108 207
10 109
162 261
101 200
116 215
17 116
39 138
108 207
196 295
24 123
75 174
93 192
171 270
131 230
5 104
110 209
194 293
77 176
21 120
157 256
102 201
1 100
69 168
149 248
59 158
103 202
15 114
11 110
18 117
29 128
71 170
77 176
197 296
5 104
16 115
183 282
87 186
141 240
84 183
40 139
107 206
48 147
174 273
30 129
101 200
123 222
7 106
33 132
165 264
161 260
94 193
78 177
150 249
34 133
184 283
37 136
18 117
26 125
144 243
17 116
151 250
55 154
190 289
127 226
159 258
42 141
72 171
8 107
65 164
190 289
59 158
53 152
99 198
51 150
144 243
186 285
134 233
113 212
90 189
156 255
114 213
66 165
110 209
186 285
120 219
109 208
115 214
148 247
145 244
25 124
105 204
108 207
17 116
96 195
192 291
169 268
89 188
192 291
131 230
26 125
79 178
127 226
63 162
156 255
187 286
133 232
67 166
104 203
149 248
129 228
168 267
83 182
12 111
44 143
188 287
88 187
177 276
89 188
35 134
3 102
195 294
95 194
123 222
145 244
178 277
79 178
160 259
185 284
151 250
109 208
65 164
51 150
94 193
177 276
6 105
197 296
39 138
103 202
80 179
117 216
100 199
7 106
18 117
10 109
115 214
61 160
162 261
193 292
50 149
125 224
171 270
118 217
182 281
92 191
89 188
40 139
153 252
45 144
101 200
189 288
73 172
134 233
135 234
90 189
196 295
125 224
87 186
10 109
136 235
11 110
12 111
138 237
101 200
117 216
69 168
166 265
102 201
141 240
24 123
120 219
84 183
43 142
82 181
63 162
88 187
118 217
174 273
187 286
131 230
70 169
127 226
87 186
72 171
125 224
141 240
146 245
106 205
195 294
142 241
23 122
94 193
196 295
159 258
173 272
70 169
28 127
44 143
29 128
103 202
171 270
103 202
133 232
116 215
185 284
140 239
105 204
167 266
15 114
43 142
91 190
172 271
16 115
81 180
170 269
71 170
59 158
70 169
145 244
100 199
35 134
137 236
145 244
128 227
60 159
76 175
159 258
5 104
89 188
107 206
121 220
185 284
169 268
189 288
190 289
147 246
49 148
24 123
58 157
65 164
66 165
29 128
186 285
3 102
109 208
65 164
23 122
108 207
73 172
165 264
73 172
120 219
166 265
7 106
116 215
2 101
45 144
196 295
0 99
162 261
59 158
23 122
48 147
138 237
74 173
30 129
40 139
1 100
12 111
29 128
179 278
90 189
60 159
5 104
5 104
186 285
92 191
17 116
167 266
40 139
119 218
150 249
168 267
82 181
191 290
150 249
183 282
172 271
98 197
125 224
197 296
75 174
0 99
178 277
16 115
49 148
36 135
107 206
38 137
183 282
52 151
76 175
161 260
46 145
29 128
65 164
186 285
23 122
151 250
152 251
138 237
78 177
122 221
94 193
138 237
111 210
31 130
122 221
143 242
20 119
187 286
16 115
140 239
103 202
83 182
186 285
128 227
142 241
65 164
112 211
12 111
87 186
68 167
111 210
86 185
76 175
36 135
114 213
8 107
175 274
111 210
60 159
115 214
98 197
54 153
25 124
193 292
60 159
39 138
171 270
48 147
180 279
94 193
78 177
70 169
78 177
152 251
70 169
92 191
37 136
166 265
155 254
38 137
57 156
13 112
183 282
126 225
59 158
64 163
14 113
148 247
5 104
102 201
185 284
54 153
163 262
113 212
9 108
166 265
66 165
180 279
51 150
25 124
74 173
123 222
51 150
156 255
171 270
91 190
124 223
7 106
25 124
62 161
11 110
162 261
62 161
166 265
40 139
14 113
197 296
140 239
0 99
161 260
128 227
166 265
9 108
99 198
129 228
63 162
138 237
67 166
79 178
152 251
47 146
64 163
39 138
157 256
29 128
26 125
145 244
153 252
52 151
84 183
6 105
119 218
91 190
99 198
111 210
111 210
19 118
134 233
50 149
42 141
149 248
148 247
46 145
101 200
196 295
50 149
119 218
46 145
185 284
64 163
91 190
10 109
35 134
37 136
44 143
170 269
135 234
134 233
24 123
27 126
93 192
92 191
106 205
116 215
185 284
116 215
50 149
110 209
170 269
14 113
81 180
157 256
194 293
43 142
61 160
73 172
67 166
20 119
93 192
110 209
170 269
95 194
153 252
92 191
153 252
38 137
180 279
80 179
101 200
149 248
85 184
85 184
166 265
47 146
28 127
189 288
116 215
35 134
147 246
156 255
191 290
13 112
19 118
85 184
185 284
6 105
194 293
147 246
175 274
96 195
26 125
69 168
53 152
20 119
99 198
188 287
33 132
66 165
160 259
190 289
168 267
46 145
44 143
188 287
23 122
146 245
73 172
97 196
91 190
54 153
82 181
120 219
127 226
133 232
41 140
57 156
185 284
44 143
35 134
86 185
69 168
190 289
172 271
135 234
89 188
65 164
51 150
113 212
150 249
28 127
82 181
82 181
112 211
91 190
177 276
9 108
178 277
184 283
105 204
111 210
164 263
109 208
15 114
178 277
195 294
56 155
170 269
102 201
27 126
100 199
98 197
156 255
139 238
29 128
102 201
0 99
184 283
31 130
37 136
110 209
55 154
10 109
36 135
29 128
129 228
110 209
77 176
83 182
0 99
7 106
130 229
195 294
182 281
173 272
170 269
182 281
160 259
144 243
8 107
39 138
129 228
108 207
92 191
5 104
164 263
167 266
186 285
180 279
40 139
98 197
189 288
191 290
149 248
77 176
3 102
25 124
46 145
124 223
41 140
122 221
54 153
54 153
12 111
176 275
197 296
92 191
120 219
192 291
138 237
4 103
126 225
72 171
144 243
143 242
25 124
147 246
84 183
142 241
44 143
130 229
3 102
197 296
56 155
163 262
176 275
99 198
162 261
49 148
197 296
13 112
120 219
51 150
20 119
6 105
63 162
36 135
40 139
51 150
149 248
64 163
66 165
188 287
147 246
59 158
93 192
173 272
184 283
197 296
164 263
109 208
24 123
184 283
158 257
189 288
25 124
6 105
13 112
68 167
140 239
178 277
120 219
139 238
92 191
67 166
21 120
165 264
135 234
101 200
63 162
46 145
193 292
106 205
52 151
152 251
117 216
60 159
166 265
28 127
98 197
92 191
59 158
181 280
121 220
124 223
48 147
36 135
172 271
152 251
128 227
21 120
134 233
21 120
187 286
178 277
91 190
154 253
183 282
45 144
106 205
141 240
191 290
159 258
49 148
72 171
29 128
13 112
56 155
120 219
164 263
53 152
52 151
73 172
183 282
28 127
126 225
129 228
116 215
56 155
54 153
86 185
105 204
157 256
20 119
89 188
100 199
142 241
6 105
166 265
164 263
89 188
191 290
36 135
32 131
183 282
114 213
27 126
76 175
19 118
109 208
176 275
163 262
116 215
5 104
100 199
90 189
109 208
193 292
73 172
70 169
40 139
64 163
73 172
94 193
154 253
146 245
158 257
158 257
31 130
105 204
125 224
98 197
177 276
140 239
94 193
50 149
191 290
32 131
176 275
102 201
104 203
38 137
138 237
127 226
157 256
154 253
156 255
135 234
112 211
170 269
5 104
1 100
56 155
186 285
181 280
118 217
111 210
133 232
146 245
165 264
21 120
26 125
178 277
25 124
116 215
107 206
173 272
50 149
162 261
180 279
62 161
161 260
61 160
76 175
10 109
19 118
49 148
44 143
1 100
5 104
104 203
103 202
2 101
173 272
118 217
47 146
39 138
89 188
105 204
22 121
54 153
61 160
43 142
131 230
17 116
70 169
119 218
163 262
171 270
142 241
99 198
71 170
186 285
162 261
85 184
127 226
135 234
77 176
141 240
58 157
176 275
116 215
188 287
144 243
28 127
97 196
172 271
21 120
123 222
70 169
75 174
26 125
71 170
20 119
111 210
144 243
174 273
151 250
7 106
187 286
187 286
187 286
51 150
53 152
149 248
111 210
173 272
37 136
37 136
63 162
106 205
156 255
148 247
44 143
104 203
57 156
22 121
23 122
40 139
18 117
2 101
85 184
188 287
151 250
79 178
69 168
14 113
81 180
188 287
41 140
16 115
76 175
52 151
181 280
116 215
159 258
193 292
190 289
43 142
54 153
77 176
193 292
69 168
64 163
127 226
70 169
151 250
129 228
163 262
125 224
124 223
113 212
97 196
169 268
191 290
0 99
151 250
6 105
160 259
121 220
47 146
154 253
99 198
71 170
114 213
104 203
39 138
122 221
183 282
65 164
100 199
62 161
84 183
106 205
150 249
83 182
26 125
110 209
87 186
189 288
191 290
31 130
194 293
104 203
84 183
146 245
9 108
185 284
166 265
6 105
7 106
100 199
190 289
52 151
140 239
79 178
158 257
97 196
34 133
176 275
14 113
187 286
47 146
27 126
176 275
75 174
48 147
54 153
71 170
178 277
61 160
5 104
35 134
24 123
118 217
83 182
0 99
45 144
46 145
124 223
54 153
98 197
4 103
74 173
64 163
159 258
152 251
14 113
183 282
143 242
5 104
50 149
139 238
124 223
182 281
106 205
42 141
75 174
72 171
170 269
157 256
54 153
173 272
84 183
140 239
109 208
161 260
192 291
129 228
140 239
46 145
36 135
5 104
61 160
126 225
41 140
181 280
102 201
23 122
56 155
195 294
138 237
0 99
15 114
90 189
67 166
139 238
79 178
50 149
181 280
11 110
142 241
170 269
102 201
197 296
40 139
80 179
28 127
115 214
92 191
77 176
144 243
110 209
159 258
109 208
193 292
187 286
33 132
169 268
156 255
191 290
124 223
160 259
167 266
47 146
0 99
141 240
20 119
155 254
135 234
157 256
164 263
67 166
87 186
83 182
168 267
96 195
91 190
17 116
95 194
150 249
131 230
13 112
131 230
80 179
191 290
190 289
76 175
103 202
195 294
63 162
15 114
18 117
192 291
108 207
57 156
121 220
2 101
123 222
84 183
107 206
83 182
176 275
36 135
65 164
151 250
169 268
54 153
150 249
64 163
22 121
30 129
16 115
35 134
131 230
23 122
88 187
167 266
79 178
139 238
184 283
53 152
167 266
191 290
194 293
51 150
76 175
134 233
54 153
17 116
189 288
188 287
192 291
125 224
23 122
0 99
5 104
6 105
88 187
74 173
107 206
148 247
82 181
185 284
136 235
89 188
41 140
59 158
197 296
117 216
85 184
13 112
35 134
191 290
119 218
163 262
52 151
156 255
121 220
98 197
188 287
2 101
67 166
49 148
139 238
156 255
33 132
181 280
192 291
21 120
34 133
141 240
175 274
195 294
141 240
9 108
8 107
162 261
132 231
89 188
124 223
157 256
61 160
49 148
114 213
42 141
22 121
123 222
37 136
23 122
127 226
102 201
29 128
18 117
71 170
149 248
174 273
81 180
144 243
186 285
149 248
73 172
18 117
195 294
11 110
19 118
192 291
94 193
187 286
152 251
51 150
28 127
80 179
187 286
91 190
65 164
152 251
88 187
185 284
84 183
29 128
58 157
189 288
22 121
63 162
181 280
117 216
15 114
128 227
99 198
74 173
180 279
115 214
159 258
154 253
124 223
18 117
30 129
161 260
193 292
17 116
14 113
139 238
26 125
115 214
141 240
165 264
188 287
14 113
105 204
137 236
77 176
106 205
64 163
47 146
119 218
13 112
29 128
56 155
11 110
175 274
55 154
71 170
56 155
55 154
9 108
33 132
122 221
59 158
59 158
23 122
183 282
84 183
111 210
17 116
166 265
161 260
178 277
111 210
173 272
38 137
54 153
93 192
171 270
35 134
132 231
82 181
153 252
107 206
182 281
175 274
109 208
171 270
24 123
112 211
92 191
41 140
99 198
74 173
38 137
142 241
128 227
99 198
66 165
152 251
87 186
82 181
158 257
193 292
52 151
30 129
194 293
62 161
197 296
106 205
40 139
197 296
149 248
44 143
40 139
190 289
32 131
39 138
87 186
186 285
70 169
2 101
24 123
41 140
28 127
138 237
103 202
129 228
20 119
181 280
4 103
131 230
91 190
81 180
108 207
57 156
22 121
90 189
44 143
152 251
134 233
23 122
113 212
78 177
170 269
170 269
191 290
174 273
127 226
162 261
156 255
160 259
120 219
72 171
54 153
141 240
61 160
37 136
119 218
17 116
75 174
103 202
6 105
89 188
70 169
157 256
112 211
10 109
116 215
180 279
59 158
27 126
10 109
97 196
21 120
88 187
155 254
143 242
166 265
28 127
78 177
113 212
73 172
95 194
189 288
64 163
72 171
71 170
193 292
163 262
56 155
178 277
13 112
125 224
105 204
48 147
104 203
55 154
60 159
182 281
92 191
109 208
83 182
61 160
166 265
146 245
10 109
34 133
16 115
17 116
119 218
42 141
157 256
49 148
109 208
184 283
8 107
100 199
121 220
86 185
111 210
171 270
24 123
27 126
150 249
97 196
145 244
46 145
65 164
16 115
192 291
133 232
32 131
155 254
43 142
74 173
20 119
64 163
34 133
29 128
164 263
180 279
101 200
99 198
91 190
160 259
115 214
190 289
74 173
148 247
186 285
7 106
137 236
45 144
110 209
46 145
185 284
94 193
118 217
64 163
45 144
140 239
4 103
152 251
16 115
122 221
193 292
177 276
133 232
33 132
5 104
66 165
83 182
6 105
26 125
57 156
138 237
197 296
109 208
143 242
166 265
60 159
0 99
98 197
125 224
83 182
86 185
152 251
89 188
16 115
119 218
143 242
76 175
141 240
151 250
125 224
63 162
16 115
143 242
24 123
179 278
63 162
20 119
114 213
8 107
106 205
51 150
67 166
24 123
179 278
48 147
164 263
145 244
10 109
46 145
108 207
96 195
54 153
197 296
62 161
122 221
40 139
154 253
133 232
79 178
146 245
44 143
54 153
79 178
139 238
172 271
143 242
40 139
75 174
46 145
83 182
64 163
179 278
92 191
144 243
3 102
184 283
17 116
66 165
192 291
11 110
57 156
32 131
76 175
163 262
173 272
147 246
73 172
66 165
126 225
156 255
129 228
84 183
106 205
117 216
136 235
176 275
175 274
37 136
44 143
66 165
57 156
169 268
171 270
186 285
74 173
163 262
111 210
95 194
144 243
133 232
14 113
14 113
3 102
4 103
40 139
90 189
100 199
153 252
41 140
183 282
148 247
138 237
180 279
6 105
100 199
14 113
182 281
29 128
83 182
97 196
120 219
42 141
161 260
161 260
115 214
84 183
161 260
71 170
94 193
77 176
13 112
25 124
117 216
175 274
43 142
189 288
115 214
129 228
120 219
34 133
104 203
61 160
107 206
68 167
118 217
164 263
15 114
133 232
176 275
8 107
18 117
105 204
48 147
63 162
168 267
47 146
197 296
139 238
170 269
25 124
93 192
102 201
35 134
27 126
186 285
3 102
132 231
88 187
183 282
6 105
38 137
61 160
79 178
99 198
99 198
168 267
137 236
92 191
64 163
110 209
37 136
112 211
126 225
142 241
40 139
125 224
53 152
91 190
177 276
130 229
65 164
154 253
191 290
71 170
100 199
152 251
36 135
109 208
151 250
187 286
162 261
114 213
71 170
178 277
75 174
142 241
39 138
77 176
175 274
141 240
20 119
10 109
77 176
127 226
113 212
69 168
164 263
7 106
81 180
87 186
133 232
116 215
48 147
184 283
44 143
22 121
89 188
194 293
70 169
59 158
75 174
54 153
2 101
193 292
85 184
149 248
191 290
181 280
104 203
166 265
124 223
52 151
79 178
137 236
175 274
102 201
38 137
68 167
92 191
69 168
81 180
56 155
20 119
38 137
141 240
12 111
176 275
190 289
51 150
141 240
191 290
98 197
58 157
158 257
61 160
152 251
77 176
190 289
174 273
124 223
135 234
99 198
96 195
159 258
121 220
164 263
187 286
80 179
162 261
197 296
151 250
149 248
13 112
121 220
152 251
115 214
32 131
92 191
20 119
117 216
103 202
12 111
56 155
105 204
52 151
95 194
51 150
53 152
35 134
177 276
17 116
113 212
29 128
118 217
196 295
0 99
197 296
191 290
5 104
55 154
151 250
102 201
78 177
187 286
56 155
164 263
44 143
137 236
68 167
42 141
149 248
195 294
39 138
178 277
197 296
116 215
108 207
11 110
84 183
154 253
176 275
126 225
189 288
171 270
103 202
66 165
114 213
141 240
131 230
24 123
94 193
87 186
128 227
83 182
172 271
77 176
191 290
75 174
66 165
181 280
160 259
37 136
185 284
81 180
115 214
184 283
101 200
57 156
31 130
125 224
105 204
148 247
141 240
120 219
144 243
144 243
167 266
53 152
168 267
24 123
120 219
6 105
30 129
62 161
176 275
155 254
79 178
75 174
183 282
170 269
15 114
79 178
126 225
143 242
29 128
73 172
181 280
11 110
53 152
65 164
151 250
162 261
126 225
117 216
173 272
66 165
6 105
3 102
51 150
176 275
160 259
79 178
117 216
178 277
9 108
118 217
177 276
67 166
112 211
182 281
86 185
105 204
164 263
10 109
9 108
85 184
40 139
165 264
111 210
35 134
23 122
64 163
69 168
192 291
116 215
68 167
103 202
39 138
92 191
24 123
46 145
143 242
68 167
65 164
50 149
119 218
15 114
110 209
117 216
76 175
137 236
134 233
149 248
51 150
49 148
16 115
183 282
133 232
10 109
31 130
175 274
159 258
64 163
142 241
77 176
138 237
6 105
26 125
49 148
131 230
101 200
3 102
52 151
16 115
127 226
89 188
166 265
66 165
21 120
64 163
52 151
49 148
121 220
156 255
158 257
154 253
19 118
46 145
121 220
87 186
115 214
166 265
103 202
159 258
37 136
18 117
37 136
197 296
160 259
53 152
60 159
191 290
92 191
111 210
92 191
143 242
192 291
51 150
42 141
98 197
142 241
196 295
52 151
127 226
120 219
131 230
143 242
145 244
36 135
83 182
97 196
121 220
6 105
36 135
17 116
184 283
4 103
171 270
68 167
64 163
116 215
137 236
39 138
121 220
84 183
13 112
5 104
98 197
169 268
61 160
32 131
195 294
143 242
189 288
43 142
20 119
78 177
128 227
177 276
152 251
90 189
88 187
37 136
114 213
103 202
183 282
73 172
90 189
190 289
179 278
148 247
183 282
189 288
189 288
163 262
188 287
41 140
135 234
21 120
131 230
10 109
96 195
130 229
121 220
51 150
89 188
185 284
46 145
81 180
24 123
148 247
68 167
61 160
13 112
186 285
158 257
10 109
0 99
147 246
30 129
160 259
44 143
140 239
183 282
64 163
161 260
12 111
109 208
93 192
15 114
175 274
13 112
49 148
113 212
103 202
146 245
83 182
194 293
115 214
152 251
127 226
172 271
145 244
91 190
58 157
102 201
98 197
160 259
63 162
181 280
51 150
134 233
65 164
53 152
67 166
115 214
35 134
24 123
150 249
83 182
159 258
38 137
123 222
123 222
141 240
24 123
120 219
152 251
114 213
169 268
32 131
15 114
98 197
41 140
142 241
50 149
47 146
43 142
101 200
72 171
42 141
71 170
77 176
163 262
95 194
131 230
69 168
16 115
154 253
194 293
57 156
116 215
91 190
133 232
5 104
39 138
73 172
36 135
86 185
118 217
76 175
64 163
73 172
89 188
88 187
46 145
130 229
134 233
154 253
23 122
68 167
30 129
159 258
134 233
80 179
123 222
121 220
181 280
112 211
83 182
68 167
47 146
1 100
56 155
14 113
80 179
154 253
69 168
184 283
171 270
108 207
75 174
100 199
130 229
18 117
142 241
111 210
39 138
34 133
197 296
130 229
117 216
129 228
119 218
155 254
55 154
104 203
93 192
58 157
149 248
11 110
62 161
146 245
43 142
155 254
90 189
84 183
192 291
56 155
84 183
48 147
79 178
88 187
131 230
197 296
103 202
76 175
83 182
83 182
153 252
49 148
92 191
151 250
103 202
45 144
152 251
16 115
94 193
10 109
121 220
131 230
101 200
99 198
42 141
103 202
2 101
173 272
72 171
114 213
56 155
50 149
67 166
188 287
184 283
98 197
154 253
23 122
109 208
166 265
192 291
125 224
65 164
193 292
43 142
89 188
128 227
139 238
3 102
61 160
138 237
120 219
28 127
143 242
44 143
189 288
12 111
196 295
105 204
188 287
13 112
55 154
148 247
90 189
146 245
100 199
45 144
44 143
166 265
0 99
44 143
174 273
120 219
173 272
165 264
16 115
146 245
40 139
124 223
28 127
179 278
133 232
13 112
4 103
173 272
94 193
143 242
43 142
187 286
20 119
39 138
93 192
100 199
129 228
61 160
83 182
105 204
57 156
142 241
63 162
39 138
78 177
48 147
140 239
62 161
93 192
86 185
71 170
20 119
128 227
188 287
84 183
45 144
59 158
188 287
102 201
87 186
195 294
140 239
64 163
21 120
24 123
20 119
22 121
159 258
110 209
3 102
101 200
77 176
191 290
176 275
74 173
112 211
164 263
2 101
18 117
71 170
185 284
57 156
164 263
163 262
78 177
159 258
108 207
79 178
157 256
95 194
29 128
51 150
142 241
182 281
157 256
61 160
127 226
30 129
128 227
54 153
177 276
152 251
190 289
144 243
20 119
9 108
10 109
101 200
130 229
158 257
169 268
50 149
50 149
194 293
178 277
31 130
189 288
173 272
56 155
22 121
34 133
153 252
138 237
178 277
6 105
11 110
80 179
131 230
164 263
88 187
178 277
157 256
124 223
102 201
152 251
136 235
4 103
21 120
0 99
186 285
46 145
136 235
126 225
182 281
36 135
74 173
120 219
144 243
60 159
51 150
187 286
25 124
73 172
11 110
33 132
189 288
148 247
91 190
187 286
83 182
120 219
121 220
87 186
77 176
168 267
57 156
126 225
97 196
0 99
40 139
194 293
137 236
161 260
65 164
183 282
129 228
102 201
102 201
194 293
122 221
153 252
76 175
112 211
61 160
87 186
156 255
154 253
173 272
145 244
42 141
112 211
17 116
189 288
173 272
90 189
114 213
11 110
61 160
186 285
67 166
86 185
34 133
65 164
140 239
87 186
136 235
19 118
2 101
126 225
2 101
18 117
188 287
17 116
97 196
155 254
90 189
44 143
91 190
52 151
197 296
157 256
178 277
111 210
104 203
147 246
197 296
89 188
194 293
135 234
44 143
85 184
94 193
78 177
115 214
118 217
4 103
39 138
30 129
159 258
4 103
58 157
128 227
4 103
177 276
192 291
26 125
182 281
45 144
99 198
174 273
12 111
132 231
17 116
101 200
110 209
113 212
83 182
94 193
41 140
44 143
30 129
138 237
178 277
196 295
147 246
57 156
77 176
2 101
149 248
47 146
161 260
93 192
70 169
87 186
176 275
183 282
134 233
183 282
27 126
45 144
109 208
105 204
79 178
92 191
70 169
193 292
36 135
38 137
115 214
61 160
184 283
92 191
183 282
101 200
58 157
106 205
107 206
120 219
169 268
189 288
56 155
6 105
146 245
55 154
80 179
21 120
81 180
41 140
62 161
35 134
56 155
113 212
71 170
70 169
97 196
7 106
145 244
31 130
84 183
119 218
188 287
103 202
35 134
138 237
127 226
37 136
101 200
160 259
55 154
172 271
20 119
182 281
90 189
84 183
12 111
2 101
64 163
136 235
16 115
73 172
3 102
111 210
79 178
176 275
130 229
25 124
46 145
146 245
178 277
186 285
160 259
105 204
187 286
0 99
179 278
195 294
186 285
160 259
149 248
50 149
125 224
113 212
100 199
61 160
152 251
40 139
80 179
50 149
161 260
100 199
62 161
75 174
141 240
33 132
156 255
62 161
30 129
29 128
54 153
0 99
5 104
71 170
172 271
182 281
86 185
97 196
191 290
171 270
31 130
35 134
123 222
53 152
188 287
49 148
120 219
2 101
153 252
104 203
173 272
128 227
128 227
93 192
125 224
151 250
143 242
35 134
127 226
62 161
46 145
150 249
128 227
195 294
192 291
11 110
46 145
8 107
150 249
152 251
91 190
6 105
51 150
97 196
47 146
176 275
59 158
51 150
192 291
57 156
134 233
175 274
33 132
56 155
94 193
49 148
109 208
135 234
90 189
25 124
152 251
56 155
100 199
176 275
134 233
75 174
59 158
175 274
148 247
101 200
8 107
78 177
77 176
89 188
92 191
99 198
89 188
4 103
10 109
21 120
150 249
185 284
27 126
197 296
50 149
49 148
120 219
138 237
98 197
104 203
93 192
54 153
96 195
112 211
95 194
100 199
115 214
161 260
32 131
104 203
124 223
105 204
53 152
1 100
178 277
166 265
102 201
71 170
124 223
197 296
144 243
81 180
68 167
153 252
92 191
27 126
68 167
103 202
105 204
19 118
77 176
67 166
85 184
193 292
139 238
6 105
55 154
192 291
40 139
65 164
70 169
96 195
184 283
178 277
45 144
12 111
181 280
89 188
1 100
160 259
28 127
127 226
75 174
87 186
68 167
31 130
146 245
99 198
114 213
193 292
11 110
47 146
166 265
7 106
6 105
138 237
148 247
147 246
18 117
57 156
170 269
143 242
166 265
137 236
50 149
145 244
114 213
79 178
57 156
28 127
61 160
58 157
8 107
164 263
101 200
49 148
53 152
183 282
118 217
73 172
174 273
4 103
132 231
19 118
196 295
133 232
47 146
95 194
172 271
73 172
45 144
45 144
152 251
95 194
159 258
73 172
17 116
96 195
46 145
71 170
120 219
197 296
101 200
176 275
129 228
108 207
94 193
154 253
113 212
135 234
68 167
128 227
186 285
153 252
135 234
127 226
154 253
93 192
125 224
192 291
39 138
3 102
100 199
3 102
67 166
117 216
78 177
45 144
33 132
103 202
136 235
108 207
18 117
36 135
82 181
113 212
77 176
58 157
168 267
0 99
160 259
130 229
19 118
24 123
179 278
154 253
140 239
110 209
71 170
151 250
47 146
151 250
159 258
173 272
56 155
91 190
40 139
41 140
140 239
146 245
30 129
179 278
113 212
4 103
123 222
80 179
192 291
188 287
112 211
60 159
68 167
2 101
37 136
144 243
0 99
8 107
165 264
97 196
46 145
147 246
33 132
7 106
166 265
49 148
192 291
126 225
86 185
50 149
30 129
149 248
159 258
44 143
146 245
113 212
194 293
29 128
12 111
133 232
59 158
42 141
16 115
140 239
159 258
190 289
147 246
27 126
84 183
33 132
71 170
164 263
40 139
53 152
63 162
93 192
75 174
127 226
101 200
196 295
111 210
0 99
121 220
35 134
5 104
62 161
0 99
66 165
171 270
143 242
185 284
148 247
112 211
114 213
160 259
64 163
18 117
130 229
25 124
134 233
109 208
97 196
165 264
183 282
156 255
36 135
7 106
65 164
127 226
63 162
47 146
196 295
165 264
140 239
138 237
86 185
107 206
173 272
119 218
101 200
102 201
80 179
59 158
197 296
56 155
63 162
161 260
142 241
190 289
82 181
108 207
81 180
160 259
109 208
119 218
86 185
101 200
120 219
72 171
123 222
120 219
19 118
32 131
191 290
2 101
122 221
171 270
62 161
195 294
144 243
65 164
93 192
175 274
86 185
123 222
55 154
63 162
156 255
134 233
61 160
49 148
15 114
187 286
20 119
58 157
55 154
84 183
195 294
183 282
28 127
193 292
81 180
18 117
153 252
8 107
136 235
108 207
39 138
35 134
76 175
97 196
110 209
129 228
16 115
126 225
167 266
117 216
83 182
195 294
30 129
112 211
146 245
156 255
3 102
79 178
137 236
102 201
135 234
158 257
126 225
143 242
107 206
165 264
131 230
69 168
128 227
96 195
23 122
70 169
120 219
9 108
42 141
103 202
128 227
172 271
111 210
35 134
185 284
112 211
85 184
44 143
3 102
136 235
186 285
159 258
15 114
37 136
190 289
71 170
70 169
178 277
144 243
89 188
82 181
191 290
194 293
72 171
87 186
76 175
21 120
32 131
195 294
86 185
56 155
1 100
94 193
133 232
173 272
162 261
50 149
168 267
87 186
113 212
8 107
171 270
22 121
63 162
68 167
146 245
35 134
167 266
143 242
2 101
182 281
186 285
80 179
168 267
111 210
139 238
5 104
90 189
18 117
38 137
183 282
23 122
53 152
136 235
187 286
80 179
12 111
44 143
153 252
182 281
74 173
186 285
69 168
134 233
26 125
116 215
104 203
98 197
78 177
84 183
64 163
92 191
44 143
18 117
100 199
25 124
167 266
143 242
195 294
55 154
25 124
188 287
104 203
160 259
151 250
26 125
37 136
102 201
81 180
124 223
4 103
28 127
187 286
93 192
186 285
96 195
79 178
61 160
67 166
54 153
35 134
63 162
165 264
139 238
164 263
85 184
167 266
66 165
8 107
55 154
48 147
56 155
103 202
57 156
138 237
155 254
193 292
136 235
0 99
82 181
98 197
105 204
17 116
152 251
172 271
74 173
173 272
193 292
19 118
165 264
46 145
192 291
144 243
48 147
77 176
127 226
125 224
166 265
151 250
97 196
23 122
3 102
180 279
56 155
4 103
154 253
191 290
87 186
117 216
152 251
99 198
101 200
52 151
91 190
70 169
125 224
116 215
6 105
17 116
99 198
156 255
6 105
116 215
9 108
185 284
72 171
17 116
1 100
32 131
170 269
130 229
78 177
87 186
12 111
120 219
104 203
109 208
138 237
88 187
174 273
191 290
19 118
128 227
106 205
157 256
44 143
33 132
0 99
29 128
12 111
145 244
72 171
62 161
177 276
191 290
114 213
148 247
137 236
104 203
188 287
132 231
165 264
30 129
23 122
110 209
192 291
160 259
21 120
62 161
159 258
50 149
92 191
185 284
65 164
39 138
53 152
157 256
160 259
31 130
23 122
92 191
87 186
73 172
7 106
83 182
88 187
0 99
179 278
38 137
28 127
94 193
112 211
12 111
6 105
34 133
190 289
120 219
59 158
81 180
71 170
95 194
18 117
83 182
145 244
119 218
185 284
146 245
111 210
13 112
70 169
3 102
93 192
40 139
88 187
124 223
151 250
118 217
171 270
78 177
156 255
141 240
15 114
121 220
138 237
164 263
79 178
80 179
181 280
127 226
23 122
194 293
18 117
22 121
95 194
114 213
5 104
188 287
28 127
141 240
26 125
32 131
56 155
35 134
100 199
47 146
30 129
48 147
128 227
57 156
41 140
153 252
121 220
148 247
54 153
80 179
80 179
102 201
81 180
34 133
55 154
137 236
172 271
159 258
188 287
26 125
149 248
4 103
106 205
87 186
196 295
151 250
78 177
190 289
127 226
173 272
126 225
115 214
84 183
138 237
167 266
168 267
85 184
183 282
61 160
7 106
12 111
153 252
112 211
87 186
144 243
107 206
42 141
22 121
35 134
45 144
35 134
24 123
98 197
178 277
169 268
160 259
16 115
123 222
40 139
36 135
110 209
118 217
67 166
44 143
119 218
123 222
159 258
49 148
96 195
111 210
150 249
17 116
82 181
142 241
61 160
81 180
191 290
87 186
85 184
191 290
31 130
9 108
61 160
55 154
88 187
10 109
51 150
102 201
147 246
186 285
13 112
30 129
3 102
33 132
173 272
115 214
67 166
57 156
125 224
54 153
48 147
103 202
70 169
102 201
177 276
78 177
189 288
182 281
121 220
182 281
22 121
86 185
46 145
126 225
143 242
134 233
5 104
64 163
61 160
52 151
97 196
160 259
131 230
61 160
5 104
147 246
112 211
47 146
55 154
100 199
81 180
82 181
53 152
123 222
37 136
172 271
120 219
116 215
189 288
8 107
20 119
107 206
7 106
121 220
140 239
92 191
55 154
146 245
14 113
39 138
67 166
126 225
108 207
21 120
137 236
29 128
53 152
176 275
136 235
94 193
187 286
145 244
154 253
34 133
71 170
31 130
196 295
108 207
57 156
135 234
25 124
181 280
66 165
136 235
38 137
34 133
138 237
86 185
64 163
162 261
131 230
151 250
81 180
119 218
79 178
158 257
192 291
44 143
73 172
17 116
11 110
110 209
45 144
21 120
1 100
192 291
119 218
2 101
181 280
11 110
0 99
111 210
152 251
60 159
70 169
191 290
175 274
116 215
184 283
113 212
193 292
113 212
141 240
119 218
138 237
29 128
162 261
69 168
49 148
99 198
162 261
13 112
189 288
90 189
103 202
143 242
1 100
182 281
39 138
119 218
70 169
64 163
168 267
55 154
50 149
31 130
14 113
53 152
39 138
62 161
163 262
142 241
48 147
100 199
81 180
188 287
133 232
97 196
123 222
136 235
91 190
37 136
100 199
91 190
145 244
25 124
147 246
66 165
112 211
19 118
93 192
112 211
31 130
33 132
98 197
104 203
176 275
131 230
47 146
129 228
139 238
163 262
74 173
56 155
154 253
52 151
59 158
8 107
68 167
178 277
167 266
131 230
115 214
92 191
165 264
75 174
108 207
85 184
133 232
125 224
0 99
160 259
22 121
110 209
130 229
68 167
191 290
44 143
77 176
65 164
103 202
192 291
184 283
157 256
159 258
184 283
175 274
160 259
104 203
188 287
104 203
76 175
26 125
159 258
27 126
95 194
22 121
29 128
69 168
184 283
146 245
111 210
196 295
164 263
73 172
172 271
19 118
124 223
53 152
136 235
41 140
116 215
123 222
48 147
177 276
14 113
95 194
97 196
182 281
83 182
0 99
49 148
160 259
79 178
29 128
93 192
78 177
159 258
140 239
85 184
136 235
101 200
39 138
99 198
189 288
0 99
106 205
25 124
189 288
170 269
97 196
63 162
162 261
44 143
0 99
28 127
162 261
95 194
8 107
94 193
100 199
143 242
102 201
190 289
75 174
16 115
3 102
24 123
165 264
170 269
61 160
154 253
33 132
8 107
148 247
8 107
128 227
125 224
14 113
185 284
77 176
99 198
156 255
150 249
24 123
25 124
110 209
83 182
69 168
0 99
95 194
160 259
187 286
58 157
173 272
192 291
11 110
103 202
120 219
178 277
5 104
58 157
6 105
105 204
135 234
163 262
190 289
52 151
143 242
137 236
83 182
17 116
10 109
86 185
9 108
140 239
95 194
105 204
196 295
56 155
139 238
72 171
129 228
136 235
66 165
193 292
132 231
108 207
3 102
101 200
188 287
136 235
77 176
117 216
42 141
77 176
27 126
78 177
54 153
171 270
0 99
138 237
146 245
110 209
148 247
171 270
78 177
182 281
44 143
77 176
99 198
129 228
159 258
74 173
187 286
26 125
100 199
177 276
18 117
160 259
115 214
98 197
152 251
99 198
20 119
106 205
6 105
158 257
178 277
60 159
97 196
1 100
55 154
101 200
181 280
35 134
168 267
187 286
155 254
167 266
30 129
41 140
11 110
53 152
33 132
156 255
160 259
162 261
2 101
192 291
53 152
194 293
95 194
143 242
104 203
95 194
132 231
107 206
80 179
102 201
45 144
113 212
137 236
112 211
12 111
143 242
164 263
11 110
104 203
137 236
178 277
152 251
10 109
69 168
155 254
119 218
22 121
168 267
28 127
64 163
139 238
173 272
133 232
158 257
140 239
129 228
76 175
184 283
64 163
1 100
132 231
65 164
98 197
179 278
173 272
140 239
148 247
190 289
52 151
139 238
42 141
22 121
46 145
192 291
80 179
24 123
66 165
39 138
19 118
166 265
27 126
77 176
22 121
79 178
134 233
16 115
137 236
80 179
134 233
183 282
186 285
86 185
5 104
63 162
82 181
131 230
116 215
106 205
94 193
156 255
135 234
67 166
161 260
8 107
72 171
157 256
95 194
95 194
32 131
144 243
155 254
158 257
5 104
20 119
22 121
110 209
83 182
140 239
7 106
6 105
62 161
184 283
66 165
190 289
127 226
88 187
28 127
175 274
41 140
190 289
58 157
119 218
172 271
118 217
136 235
185 284
102 201
0 99
168 267
22 121
114 213
86 185
184 283
185 284
193 292
120 219
146 245
84 183
20 119
194 293
143 242
106 205
151 250
143 242
79 178
172 271
24 123
160 259
144 243
8 107
185 284
70 169
192 291
69 168
191 290
41 140
152 251
127 226
36 135
187 286
87 186
22 121
102 201
67 166
109 208
118 217
93 192
186 285
153 252
164 263
116 215
141 240
160 259
85 184
50 149
139 238
9 108
122 221
97 196
71 170
129 228
133 232
101 200
70 169
20 119
36 135
99 198
106 205
169 268
51 150
145 244
112 211
17 116
110 209
132 231
147 246
13 112
65 164
178 277
109 208
27 126
177 276
130 229
148 247
67 166
129 228
197 296
95 194
41 140
127 226
68 167
111 210
55 154
84 183
157 256
52 151
196 295
144 243
116 215
135 234
95 194
36 135
150 249
181 280
5 104
49 148
15 114
134 233
52 151
87 186
28 127
35 134
136 235
69 168
29 128
111 210
39 138
190 289
88 187
183 282
178 277
36 135
151 250
144 243
44 143
82 181
105 204
194 293
111 210
79 178
9 108
127 226
194 293
4 103
87 186
47 146
161 260
24 123
104 203
150 249
189 288
146 245
161 260
169 268
87 186
108 207
34 133
38 137
77 176
69 168
66 165
13 112
65 164
123 222
109 208
22 121
104 203
96 195
43 142
57 156
7 106
105 204
147 246
185 284
167 266
61 160
33 132
17 116
98 197
31 130
78 177
104 203
86 185
19 118
127 226
170 269
13 112
55 154
114 213
52 151
166 265
38 137
131 230
77 176
111 210
131 230
59 158
131 230
75 174
183 282
12 111
85 184
196 295
108 207
92 191
22 121
7 106
166 265
29 128
156 255
16 115
141 240
137 236
179 278
20 119
42 141
74 173
140 239
187 286
127 226
159 258
55 154
183 282
28 127
145 244
112 211
125 224
90 189
7 106
156 255
94 193
106 205
149 248
160 259
142 241
71 170
134 233
90 189
46 145
19 118
101 200
67 166
178 277
117 216
108 207
170 269
60 159
163 262
50 149
174 273
30 129
109 208
142 241
46 145
171 270
154 253
151 250
66 165
123 222
136 235
123 222
153 252
182 281
112 211
51 150
197 296
124 223
48 147
127 226
94 193
18 117
10 109
43 142
18 117
156 255
35 134
44 143
12 111
195 294
154 253
80 179
151 250
84 183
19 118
112 211
190 289
3 102
13 112
185 284
47 146
169 268
132 231
78 177
154 253
152 251
120 219
159 258
190 289
98 197
79 178
196 295
54 153
145 244
11 110
194 293
142 241
99 198
97 196
19 118
59 158
8 107
84 183
58 157
166 265
189 288
92 191
174 273
8 107
156 255
193 292
34 133
126 225
166 265
180 279
4 103
106 205
149 248
40 139
12 111
96 195
32 131
105 204
106 205
126 225
67 166
30 129
123 222
51 150
155 254
79 178
173 272
89 188
100 199
89 188
13 112
3 102
16 115
163 262
80 179
174 273
22 121
94 193
48 147
21 120
84 183
71 170
66 165
17 116
2 101
6 105
179 278
79 178
32 131
149 248
35 134
105 204
105 204
14 113
51 150
94 193
54 153
73 172
144 243
53 152
22 121
45 144
21 120
173 272
192 291
133 232
102 201
25 124
78 177
10 109
15 114
167 266
138 237
105 204
39 138
163 262
156 255
56 155
128 227
25 124
139 238
130 229
175 274
23 122
61 160
120 219
98 197
32 131
55 154
126 225
158 257
85 184
3 102
26 125
37 136
171 270
90 189
156 255
162 261
188 287
49 148
182 281
16 115
179 278
54 153
94 193
122 221
169 268
192 291
117 216
101 200
147 246
29 128
35 134
174 273
112 211
96 195
136 235
84 183
40 139
32 131
31 130
125 224
85 184
88 187
91 190
139 238
144 243
18 117
148 247
193 292
7 106
55 154
12 111
149 248
67 166
8 107
37 136
72 171
82 181
22 121
192 291
136 235
196 295
115 214
24 123
105 204
96 195
114 213
7 106
138 237
62 161
129 228
74 173
176 275
156 255
147 246
28 127
141 240
119 218
33 132
71 170
0 99
161 260
5 104
172 271
83 182
22 121
48 147
7 106
162 261
96 195
160 259
143 242
174 273
130 229
168 267
164 263
185 284
97 196
40 139
107 206
53 152
102 201
119 218
72 171
9 108
98 197
174 273
101 200
57 156
172 271
41 140
49 148
15 114
180 279
4 103
93 192
121 220
33 132
35 134
115 214
5 104
191 290
127 226
144 243
175 274
45 144
171 270
7 106
190 289
76 175
192 291
179 278
191 290
110 209
108 207
166 265
86 185
122 221
69 168
42 141
101 200
166 265
63 162
112 211
15 114
53 152
7 106
4 103
117 216
72 171
36 135
50 149
7 106
99 198
52 151
120 219
63 162
82 181
150 249
153 252
154 253
13 112
149 248
125 224
177 276
130 229
139 238
186 285
164 263
35 134
54 153
52 151
55 154
66 165
185 284
10 109
49 148
75 174
49 148
42 141
46 145
6 105
45 144
179 278
99 198
147 246
171 270
162 261
55 154
68 167
169 268
175 274
117 216
194 293
90 189
29 128
125 224
27 126
167 266
169 268
166 265
60 159
43 142
125 224
175 274
9 108
181 280
97 196
73 172
150 249
39 138
43 142
99 198
174 273
95 194
84 183
96 195
42 141
79 178
172 271
126 225
132 231
196 295
22 121
107 206
141 240
36 135
5 104
52 151
61 160
164 263
10 109
192 291
123 222
23 122
64 163
5 104
49 148
57 156
67 166
166 265
129 228
130 229
162 261
43 142
116 215
105 204
71 170
128 227
128 227
32 131
29 128
100 199
96 195
132 231
193 292
104 203
142 241
165 264
17 116
62 161
158 257
144 243
194 293
17 116
145 244
114 213
96 195
85 184
51 150
87 186
155 254
81 180
99 198
7 106
197 296
129 228
142 241
79 178
98 197
11 110
126 225
103 202
55 154
77 176
170 269
72 171
34 133
22 121
68 167
155 254
49 148
169 268
181 280
112 211
51 150
131 230
173 272
132 231
167 266
115 214
111 210
188 287
158 257
51 150
38 137
55 154
58 157
160 259
45 144
168 267
99 198
15 114
58 157
73 172
162 261
29 128
129 228
81 180
136 235
135 234
84 183
142 241
12 111
11 110
183 282
122 221
164 263
32 131
52 151
23 122
197 296
156 255
16 115
109 208
17 116
2 101
82 181
135 234
180 279
73 172
51 150
58 157
42 141
60 159
119 218
105 204
125 224
182 281
195 294
135 234
84 183
12 111
42 141
97 196
88 187
12 111
29 128
54 153
49 148
55 154
123 222
96 195
27 126
164 263
179 278
110 209
197 296
47 146
54 153
157 256
110 209
36 135
138 237
189 288
36 135
151 250
40 139
183 282
178 277
121 220
80 179
107 206
67 166
154 253
54 153
114 213
112 211
111 210
187 286
32 131
10 109
161 260
60 159
95 194
120 219
93 192
30 129
192 291
100 199
145 244
168 267
167 266
129 228
85 184
61 160
159 258
159 258
71 170
116 215
23 122
140 239
107 206
158 257
53 152
130 229
91 190
5 104
48 147
67 166
39 138
148 247
128 227
45 144
156 255
68 167
0 99
122 221
53 152
129 228
180 279
167 266
190 289
11 110
161 260
99 198
106 205
99 198
69 168
129 228
197 296
111 210
99 198
33 132
15 114
76 175
142 241
175 274
13 112
133 232
34 133
179 278
142 241
32 131
99 198
160 259
116 215
79 178
177 276
130 229
128 227
15 114
85 184
154 253
52 151
183 282
150 249
189 288
132 231
7 106
20 119
74 173
26 125
20 119
193 292
152 251
167 266
139 238
163 262
96 195
176 275
22 121
40 139
8 107
6 105
9 108
103 202
169 268
194 293
130 229
177 276
128 227
18 117
81 180
65 164
109 208
99 198
140 239
5 104
33 132
161 260
148 247
130 229
163 262
169 268
88 187
103 202
88 187
72 171
98 197
132 231
20 119
158 257
106 205
131 230
126 225
85 184
10 109
112 211
108 207
144 243
164 263
47 146
149 248
35 134
166 265
195 294
83 182
134 233
132 231
121 220
193 292
65 164
61 160
178 277
171 270
194 293
179 278
19 118
196 295
72 171
105 204
102 201
170 269
48 147
189 288
113 212
158 257
148 247
18 117
69 168
11 110
126 225
47 146
196 295
85 184
130 229
107 206
74 173
126 225
48 147
46 145
36 135
60 159
0 99
144 243
126 225
183 282
91 190
56 155
23 122
148 247
70 169
51 150
101 200
110 209
11 110
77 176
42 141
98 197
69 168
48 147
144 243
120 219
82 181
61 160
82 181
106 205
50 149
60 159
156 255
57 156
147 246
153 252
89 188
57 156
42 141
16 115
97 196
55 154
61 160
37 136
185 284
36 135
35 134
8 107
195 294
113 212
69 168
4 103
97 196
189 288
158 257
59 158
172 271
101 200
171 270
176 275
71 170
126 225
17 116
74 173
158 257
138 237
125 224
57 156
174 273
21 120
64 163
96 195
149 248
178 277
128 227
148 247
98 197
2 101
120 219
176 275
17 116
148 247
73 172
33 132
175 274
160 259
104 203
45 144
104 203
158 257
19 118
50 149
19 118
2 101
38 137
59 158
55 154
186 285
64 163
150 249
186 285
127 226
3 102
172 271
191 290
178 277
14 113
87 186
97 196
194 293
36 135
50 149
149 248
63 162
44 143
37 136
145 244
21 120
191 290
11 110
169 268
19 118
147 246
41 140
7 106
49 148
139 238
116 215
145 244
13 112
167 266
137 236
43 142
66 165
64 163
68 167
112 211
141 240
197 296
170 269
50 149
120 219
185 284
145 244
138 237
113 212
187 286
100 199
194 293
140 239
124 223
133 232
16 115
10 109
100 199
93 192
146 245
126 225
173 272
115 214
149 248
85 184
78 177
142 241
32 131
168 267
123 222
3 102
154 253
142 241
84 183
174 273
23 122
52 151
188 287
51 150
145 244
168 267
2 101
176 275
89 188
19 118
10 109
110 209
83 182
72 171
189 288
147 246
38 137
74 173
46 145
133 232
147 246
60 159
78 177
136 235
17 116
118 217
99 198
75 174
32 131
156 255
170 269
38 137
81 180
52 151
16 115
195 294
138 237
190 289
44 143
75 174
193 292
152 251
131 230
45 144
148 247
157 256
114 213
56 155
74 173
11 110
182 281
183 282
36 135
113 212
169 268
44 143
73 172
168 267
25 124
140 239
172 271
47 146
66 165
166 265
43 142
91 190
165 264
119 218
79 178
3 102
47 146
99 198
176 275
61 160
150 249
15 114
59 158
73 172
146 245
30 129
81 180
10 109
113 212
117 216
73 172
84 183
74 173
100 199
63 162
138 237
26 125
108 207
101 200
194 293
93 192
8 107
12 111
69 168
44 143
49 148
132 231
68 167
108 207
8 107
160 259
14 113
161 260
59 158
37 136
45 144
188 287
125 224
188 287
50 149
142 241
189 288
181 280
89 188
30 129
4 103
150 249
54 153
74 173
144 243
173 272
29 128
175 274
115 214
87 186
166 265
178 277
166 265
178 277
79 178
103 202
25 124
103 202
79 178
133 232
114 213
55 154
103 202
14 113
86 185
41 140
34 133
75 174
165 264
112 211
119 218
17 116
76 175
165 264
56 155
119 218
124 223
1 100
89 188
74 173
119 218
93 192
155 254
56 155
172 271
120 219
34 133
102 201
118 217
37 136
17 116
33 132
31 130
80 179
72 171
53 152
179 278
126 225
132 231
164 263
126 225
93 192
40 139
129 228
187 286
92 191
1 100
184 283
32 131
71 170
68 167
37 136
5 104
94 193
32 131
186 285
63 162
13 112
99 198
143 242
99 198
98 197
15 114
189 288
139 238
193 292
121 220
170 269
40 139
27 126
102 201
101 200
125 224
14 113
4 103
102 201
146 245
108 207
165 264
54 153
82 181
119 218
39 138
127 226
103 202
15 114
141 240
174 273
123 222
110 209
91 190
74 173
72 171
177 276
158 257
72 171
81 180
10 109
89 188
127 226
178 277
69 168
40 139
11 110
99 198
151 250
101 200
132 231
59 158
96 195
74 173
60 159
85 184
160 259
80 179
140 239
177 276
82 181
123 222
0 99
100 199
44 143
42 141
8 107
123 222
170 269
4 103
68 167
25 124
10 109
100 199
47 146
18 117
185 284
35 134
61 160
59 158
10 109
79 178
148 247
32 131
33 132
182 281
88 187
128 227
4 103
138 237
21 120
41 140
106 205
71 170
16 115
158 257
160 259
121 220
188 287
64 163
161 260
23 122
129 228
145 244
70 169
151 250
109 208
191 290
48 147
30 129
103 202
188 287
135 234
100 199
177 276
33 132
37 136
114 213
100 199
99 198
186 285
57 156
143 242
66 165
135 234
82 181
143 242
26 125
94 193
41 140
172 271
37 136
152 251
38 137
141 240
12 111
9 108
155 254
35 134
54 153
115 214
36 135
89 188
160 259
22 121
148 247
195 294
103 202
184 283
30 129
167 266
116 215
136 235
143 242
153 252
67 166
179 278
24 123
58 157
40 139
166 265
150 249
155 254
109 208
53 152
127 226
79 178
75 174
16 115
129 228
130 229
32 131
70 169
18 117
154 253
57 156
162 261
76 175
71 170
91 190
63 162
42 141
165 264
115 214
173 272
31 130
90 189
81 180
99 198
132 231
72 171
68 167
73 172
158 257
88 187
128 227
148 247
72 171
169 268
128 227
171 270
51 150
14 113
158 257
147 246
50 149
186 285
177 276
87 186
111 210
18 117
114 213
76 175
181 280
122 221
133 232
196 295
135 234
3 102
194 293
101 200
43 142
92 191
90 189
83 182
34 133
122 221
23 122
158 257
32 131
139 238
186 285
64 163
7 106
9 108
77 176
89 188
188 287
108 207
34 133
26 125
195 294
112 211
39 138
61 160
138 237
58 157
140 239
26 125
101 200
103 202
193 292
164 263
156 255
51 150
170 269
96 195
40 139
169 268
25 124
40 139
159 258
156 255
150 249
39 138
6 105
37 136
163 262
149 248
194 293
152 251
93 192
137 236
88 187
92 191
65 164
96 195
54 153
159 258
32 131
7 106
190 289
151 250
34 133
69 168
48 147
91 190
167 266
125 224
24 123
187 286
179 278
2 101
34 133
137 236
35 134
126 225
43 142
135 234
102 201
25 124
143 242
157 256
197 296
35 134
95 194
136 235
163 262
56 155
17 116
29 128
112 211
135 234
56 155
51 150
176 275
2 101
51 150
26 125
41 140
191 290
112 211
14 113
138 237
43 142
157 256
106 205
133 232
49 148
187 286
33 132
59 158
16 115
63 162
87 186
47 146
55 154
160 259
190 289
171 270
34 133
133 232
82 181
19 118
195 294
145 244
14 113
168 267
4 103
32 131
71 170
56 155
104 203
145 244
114 213
6 105
40 139
179 278
68 167
180 279
50 149
52 151
87 186
26 125
189 288
63 162
2 101
118 217
144 243
84 183
117 216
195 294
178 277
124 223
133 232
108 207
97 196
194 293
42 141
158 257
112 211
9 108
141 240
112 211
133 232
104 203
76 175
4 103
89 188
71 170
193 292
114 213
113 212
162 261
123 222
49 148
190 289
140 239
53 152
8 107
195 294
110 209
139 238
46 145
93 192
17 116
94 193
5 104
21 120
132 231
148 247
197 296
56 155
168 267
44 143
142 241
195 294
155 254
138 237
145 244
95 194
11 110
91 190
170 269
97 196
92 191
74 173
42 141
161 260
153 252
8 107
19 118
31 130
92 191
135 234
187 286
55 154
93 192
69 168
59 158
25 124
46 145
51 150
173 272
20 119
33 132
138 237
22 121
50 149
149 248
168 267
4 103
53 152
127 226
117 216
68 167
95 194
137 236
151 250
123 222
6 105
125 224
122 221
168 267
11 110
51 150
166 265
187 286
142 241
75 174
141 240
44 143
101 200
133 232
102 201
53 152
20 119
182 281
52 151
15 114
132 231
47 146
161 260
1 100
47 146
48 147
190 289
78 177
92 191
92 191
82 181
61 160
106 205
85 184
102 201
82 181
42 141
112 211
165 264
59 158
145 244
130 229
7 106
179 278
58 157
121 220
176 275
136 235
187 286
179 278
20 119
46 145
22 121
42 141
107 206
42 141
187 286
118 217
174 273
188 287
143 242
3 102
102 201
59 158
178 277
59 158
92 191
16 115
143 242
75 174
67 166
119 218
147 246
137 236
152 251
154 253
20 119
56 155
137 236
118 217
86 185
79 178
66 165
90 189
164 263
57 156
53 152
157 256
100 199
25 124
160 259
151 250
30 129
193 292
177 276
187 286
18 117
107 206
120 219
183 282
54 153
164 263
179 278
105 204
50 149
135 234
166 265
95 194
12 111
170 269
132 231
181 280
0 99
195 294
110 209
95 194
57 156
194 293
146 245
145 244
32 131
57 156
152 251
164 263
132 231
5 104
80 179
80 179
56 155
152 251
141 240
147 246
14 113
94 193
131 230
106 205
176 275
82 181
178 277
100 199
72 171
95 194
33 132
166 265
148 247
71 170
179 278
44 143
193 292
133 232
89 188
38 137
115 214
73 172
142 241
18 117
6 105
48 147
92 191
50 149
91 190
96 195
168 267
16 115
75 174
155 254
19 118
182 281
179 278
101 200
49 148
121 220
52 151
96 195
130 229
43 142
17 116
108 207
25 124
42 141
145 244
142 241
85 184
128 227
92 191
6 105
197 296
10 109
178 277
93 192
20 119
3 102
72 171
111 210
112 211
166 265
83 182
45 144
129 228
148 247
56 155
40 139
24 123
36 135
177 276
8 107
131 230
28 127
142 241
15 114
143 242
122 221
81 180
60 159
3 102
126 225
77 176
38 137
4 103
61 160
113 212
169 268
0 99
196 295
121 220
13 112
89 188
65 164
173 272
70 169
184 283
189 288
125 224
69 168
183 282
136 235
47 146
137 236
39 138
147 246
128 227
106 205
69 168
191 290
145 244
151 250
31 130
123 222
112 211
61 160
60 159
104 203
123 222
71 170
79 178
85 184
55 154
108 207
175 274
191 290
19 118
70 169
15 114
114 213
190 289
49 148
129 228
33 132
83 182
44 143
61 160
113 212
61 160
86 185
99 198
39 138
94 193
4 103
101 200
134 233
189 288
113 212
44 143
44 143
185 284
111 210
45 144
50 149
31 130
140 239
99 198
77 176
8 107
148 247
45 144
139 238
64 163
111 210
182 281
111 210
16 115
40 139
173 272
98 197
98 197
185 284
189 288
60 159
42 141
43 142
73 172
16 115
81 180
184 283
118 217
183 282
61 160
182 281
93 192
73 172
184 283
118 217
24 123
117 216
79 178
3 102
35 134
156 255
94 193
8 107
70 169
72 171
182 281
69 168
99 198
20 119
121 220
45 144
23 122
91 190
115 214
174 273
140 239
172 271
165 264
148 247
33 132
112 211
92 191
76 175
17 116
158 257
12 111
147 246
111 210
149 248
63 162
79 178
95 194
136 235
5 104
135 234
104 203
147 246
191 290
40 139
142 241
52 151
100 199
136 235
115 214
125 224
6 105
129 228
153 252
0 99
110 209
118 217
171 270
102 201
130 229
37 136
50 149
109 208
106 205
55 154
63 162
70 169
148 247
195 294
19 118
17 116
33 132
91 190
73 172
108 207
96 195
38 137
51 150
179 278
37 136
172 271
137 236
119 218
95 194
114 213
191 290
104 203
178 277
13 112
120 219
26 125
134 233
78 177
178 277
63 162
20 119
108 207
36 135
32 131
93 192
93 192
29 128
144 243
109 208
176 275
76 175
188 287
97 196
91 190
17 116
158 257
61 160
129 228
192 291
58 157
195 294
125 224
77 176
98 197
1 100
64 163
75 174
60 159
119 218
180 279
120 219
86 185
49 148
137 236
33 132
148 247
16 115
193 292
96 195
188 287
140 239
178 277
33 132
157 256
50 149
130 229
82 181
160 259
29 128
48 147
163 262
147 246
56 155
189 288
102 201
70 169
99 198
124 223
61 160
151 250
63 162
178 277
145 244
125 224
72 171
54 153
126 225
156 255
186 285
29 128
23 122
23 122
18 117
71 170
145 244
57 156
0 99
98 197
85 184
182 281
34 133
197 296
165 264
86 185
164 263
153 252
105 204
32 131
55 154
28 127
146 245
51 150
31 130
155 254
115 214
115 214
11 110
11 110
167 266
182 281
187 286
124 223
27 126
107 206
81 180
171 270
110 209
49 148
39 138
42 141
181 280
186 285
186 285
146 245
75 174
65 164
24 123
196 295
122 221
93 192
57 156
72 171
148 247
29 128
31 130
116 215
102 201
132 231
41 140
132 231
90 189
35 134
48 147
56 155
8 107
162 261
100 199
180 279
124 223
96 195
183 282
92 191
65 164
42 141
43 142
155 254
48 147
127 226
47 146
173 272
5 104
120 219
194 293
100 199
27 126
148 247
141 240
150 249
165 264
129 228
7 106
27 126
186 285
197 296
127 226
61 160
139 238
128 227
189 288
27 126
140 239
29 128
141 240
107 206
16 115
18 117
158 257
86 185
30 129
40 139
78 177
35 134
148 247
69 168
164 263
143 242
178 277
50 149
183 282
19 118
35 134
194 293
177 276
136 235
89 188
72 171
8 107
93 192
120 219
166 265
26 125
117 216
10 109
64 163
99 198
137 236
35 134
197 296
106 205
167 266
155 254
162 261
112 211
92 191
193 292
6 105
197 296
144 243
47 146
13 112
161 260
73 172
105 204
51 150
78 177
68 167
161 260
92 191
90 189
20 119
169 268
59 158
71 170
186 285
197 296
84 183
51 150
134 233
22 121
145 244
184 283
137 236
3 102
22 121
75 174
122 221
159 258
27 126
28 127
44 143
97 196
155 254
56 155
9 108
78 177
82 181
29 128
184 283
140 239
88 187
32 131
136 235
11 110
127 226
43 142
194 293
34 133
26 125
42 141
63 162
81 180
129 228
79 178
31 130
172 271
115 214
61 160
35 134
33 132
163 262
36 135
78 177
71 170
81 180
31 130
130 229
122 221
53 152
24 123
128 227
174 273
171 270
47 146
130 229
172 271
89 188
174 273
161 260
131 230
66 165
18 117
87 186
191 290
77 176
11 110
32 131
30 129
188 287
52 151
102 201
48 147
137 236
171 270
135 234
170 269
10 109
28 127
57 156
59 158
150 249
81 180
185 284
193 292
87 186
82 181
91 190
67 166
28 127
24 123
111 210
14 113
29 128
166 265
68 167
120 219
78 177
34 133
70 169
85 184
123 222
191 290
57 156
144 243
138 237
6 105
90 189
40 139
118 217
39 138
65 164
72 171
104 203
123 222
184 283
13 112
35 134
127 226
179 278
121 220
179 278
36 135
159 258
134 233
153 252
22 121
62 161
86 185
171 270
24 123
61 160
3 102
41 140
85 184
144 243
155 254
22 121
5 104
136 235
65 164
96 195
68 167
123 222
69 168
68 167
190 289
147 246
48 147
104 203
173 272
187 286
81 180
154 253
18 117
142 241
103 202
145 244
45 144
87 186
178 277
121 220
186 285
120 219
107 206
26 125
104 203
172 271
69 168
39 138
146 245
110 209
85 184
87 186
16 115
11 110
120 219
126 225
15 114
21 120
134 233
171 270
55 154
2 101
67 166
111 210
23 122
13 112
43 142
190 289
93 192
175 274
76 175
28 127
113 212
131 230
93 192
165 264
184 283
96 195
132 231
12 111
30 129
124 223
188 287
197 296
170 269
49 148
11 110
168 267
150 249
33 132
100 199
47 146
24 123
129 228
127 226
4 103
46 145
27 126
176 275
157 256
42 141
23 122
91 190
43 142
61 160
14 113
141 240
63 162
53 152
172 271
140 239
141 240
142 241
70 169
109 208
69 168
86 185
11 110
22 121
4 103
125 224
19 118
129 228
99 198
34 133
196 295
58 157
114 213
147 246
185 284
127 226
150 249
171 270
109 208
43 142
2 101
13 112
86 185
83 182
117 216
183 282
39 138
41 140
15 114
147 246
98 197
93 192
48 147
111 210
65 164
103 202
145 244
61 160
70 169
40 139
184 283
73 172
26 125
85 184
72 171
19 118
130 229
51 150
64 163
1 100
134 233
191 290
58 157
58 157
59 158
179 278
9 108
24 123
178 277
21 120
54 153
25 124
51 150
63 162
5 104
16 115
174 273
124 223
92 191
110 209
55 154
152 251
172 271
98 197
93 192
11 110
82 181
90 189
155 254
107 206
0 99
145 244
111 210
37 136
194 293
10 109
37 136
141 240
103 202
143 242
74 173
54 153
69 168
0 99
146 245
31 130
53 152
47 146
12 111
124 223
150 249
190 289
55 154
77 176
186 285
90 189
78 177
161 260
174 273
108 207
55 154
175 274
179 278
151 250
128 227
42 141
38 137
75 174
116 215
158 257
177 276
2 101
149 248
41 140
16 115
194 293
22 121
28 127
178 277
8 107
18 117
126 225
148 247
99 198
175 274
109 208
163 262
16 115
52 151
27 126
130 229
130 229
62 161
24 123
84 183
72 171
162 261
63 162
103 202
132 231
57 156
83 182
57 156
158 257
48 147
173 272
173 272
109 208
66 165
134 233
34 133
126 225
81 180
90 189
83 182
16 115
72 171
147 246
83 182
138 237
80 179
100 199
8 107
24 123
63 162
197 296
28 127
181 280
137 236
94 193
159 258
91 190
178 277
92 191
1 100
116 215
183 282
89 188
176 275
69 168
149 248
160 259
56 155
55 154
17 116
178 277
135 234
161 260
105 204
98 197
112 211
2 101
58 157
12 111
28 127
65 164
168 267
38 137
23 122
122 221
160 259
56 155
86 185
60 159
191 290
176 275
100 199
190 289
167 266
27 126
123 222
142 241
24 123
57 156
0 99
149 248
73 172
77 176
9 108
165 264
161 260
14 113
182 281
112 211
79 178
5 104
175 274
0 99
55 154
169 268
4 103
152 251
78 177
44 143
51 150
181 280
186 285
89 188
49 148
157 256
9 108
92 191
23 122
139 238
19 118
37 136
124 223
128 227
52 151
53 152
180 279
51 150
187 286
149 248
155 254
1 100
71 170
2 101
27 126
0 99
122 221
48 147
85 184
133 232
75 174
14 113
105 204
63 162
189 288
188 287
102 201
127 226
153 252
79 178
150 249
152 251
186 285
146 245
148 247
112 211
167 266
108 207
90 189
14 113
152 251
58 157
123 222
158 257
186 285
179 278
65 164
159 258
20 119
196 295
150 249
128 227
141 240
121 220
11 110
180 279
158 257
150 249
44 143
156 255
80 179
192 291
139 238
56 155
100 199
42 141
23 122
34 133
128 227
41 140
49 148
182 281
93 192
141 240
82 181
97 196
102 201
4 103
184 283
25 124
30 129
171 270
159 258
55 154
19 118
82 181
134 233
179 278
117 216
90 189
104 203
152 251
190 289
66 165
128 227
43 142
138 237
182 281
38 137
151 250
155 254
12 111
131 230
58 157
121 220
175 274
5 104
170 269
78 177
136 235
102 201
56 155
18 117
186 285
176 275
123 222
134 233
119 218
35 134
104 203
188 287
2 101
157 256
47 146
148 247
189 288
71 170
186 285
150 249
10 109
130 229
98 197
190 289
193 292
44 143
97 196
13 112
92 191
45 144
182 281
175 274
171 270
90 189
18 117
177 276
25 124
118 217
66 165
53 152
79 178
105 204
112 211
167 266
108 207
62 161
184 283
1 100
179 278
181 280
148 247
57 156
37 136
101 200
174 273
3 102
154 253
97 196
26 125
167 266
117 216
90 189
66 165
148 247
15 114
20 119
39 138
95 194
20 119
31 130
82 181
172 271
167 266
88 187
52 151
62 161
168 267
196 295
192 291
133 232
152 251
159 258
131 230
128 227
128 227
15 114
74 173
36 135
185 284
196 295
78 177
109 208
64 163
55 154
93 192
74 173
185 284
168 267
27 126
19 118
49 148
137 236
76 175
131 230
107 206
67 166
15 114
161 260
64 163
26 125
137 236
7 106
73 172
145 244
75 174
104 203
52 151
67 166
184 283
112 211
59 158
134 233
137 236
145 244
180 279
15 114
115 214
103 202
43 142
127 226
58 157
52 151
24 123
39 138
56 155
34 133
124 223
155 254
17 116
177 276
194 293
63 162
53 152
136 235
13 112
97 196
127 226
95 194
128 227
76 175
103 202
73 172
190 289
21 120
78 177
4 103
97 196
81 180
193 292
185 284
71 170
133 232
43 142
171 270
107 206
159 258
64 163
90 189
80 179
84 183
163 262
34 133
24 123
52 151
30 129
101 200
97 196
178 277
60 159
10 109
151 250
179 278
24 123
42 141
5 104
169 268
154 253
67 166
156 255
16 115
172 271
167 266
50 149
52 151
125 224
149 248
2 101
19 118
136 235
99 198
181 280
140 239
33 132
187 286
38 137
11 110
81 180
154 253
93 192
161 260
78 177
39 138
183 282
75 174
40 139
119 218
28 127
184 283
69 168
11 110
113 212
164 263
140 239
181 280
179 278
136 235
167 266
8 107
97 196
62 161
175 274
78 177
14 113
157 256
70 169
150 249
68 167
32 131
20 119
19 118
50 149
62 161
181 280
190 289
63 162
165 264
52 151
93 192
106 205
20 119
75 174
91 190
54 153
80 179
73 172
1 100
38 137
148 247
6 105
127 226
145 244
121 220
100 199
130 229
85 184
46 145
175 274
159 258
58 157
162 261
181 280
3 102
155 254
43 142
55 154
62 161
173 272
184 283
137 236
51 150
6 105
178 277
30 129
21 120
56 155
41 140
105 204
57 156
178 277
70 169
43 142
121 220
139 238
16 115
183 282
147 246
12 111
185 284
95 194
31 130
151 250
139 238
31 130
135 234
134 233
143 242
62 161
110 209
0 99
168 267
191 290
29 128
46 145
32 131
90 189
55 154
65 164
118 217
102 201
174 273
6 105
164 263
30 129
165 264
145 244
175 274
197 296
53 152
102 201
90 189
173 272
10 109
195 294
88 187
123 222
4 103
13 112
7 106
19 118
95 194
90 189
140 239
160 259
79 178
23 122
53 152
165 264
99 198
5 104
50 149
35 134
109 208
129 228
192 291
125 224
127 226
5 104
31 130
113 212
164 263
162 261
177 276
69 168
131 230
60 159
101 200
51 150
126 225
173 272
171 270
153 252
51 150
127 226
123 222
103 202
117 216
16 115
108 207
6 105
113 212
146 245
46 145
181 280
112 211
166 265
125 224
136 235
20 119
104 203
32 131
20 119
154 253
72 171
98 197
84 183
42 141
65 164
157 256
152 251
40 139
87 186
62 161
168 267
97 196
183 282
123 222
105 204
113 212
165 264
80 179
144 243
125 224
16 115
28 127
63 162
56 155
170 269
59 158
49 148
120 219
141 240
192 291
38 137
52 151
45 144
17 116
169 268
54 153
162 261
177 276
190 289
135 234
102 201
118 217
80 179
99 198
114 213
54 153
65 164
45 144
66 165
153 252
57 156
123 222
171 270
173 272
165 264
184 283
116 215
65 164
108 207
79 178
112 211
58;156504
31 130
53 152
139 238
109 208
114 213
179 278
116 215
120 219
97 196
4 103
163 262
65 164
66 165
130 229
186 285
37 136
171 270
13 112
105 204
164 263
162 261
147 246
145 244
20 119
162 261
96 195
176 275
144 243
26 125
79 178
53 152
191 290
56 155
33 132
0 99
164 263
40 139
3 102
158 257
30 129
180 279
179 278
59 158
107 206
59 158
63 162
136 235
32 131
73 172
79 178
61 160
72 171
61 160
38 137
33 132
92 191
16 115
4 103
49 148
26 125
84 183
135 234
35 134
1 100
73 172
168 267
30 129
197 296
49 148
19 118
14 113
42 141
161 260
50 149
13 112
87 186
83 182
70 169
2 101
11 110
176 275
90 189
14 113
9 108
70 169
27 126
135 234
103 202
8 107
78 177
94 193
184 283
186 285
6 105
190 289
3 102
10 109
178 277
68 167
27 126
21 120
80 179
82 181
186 285
167 266
125 224
165 264
170 269
58 157
31 130
45 144
189 288
17 116
51 150
89 188
94 193
196 295
68 167
120 219
152 251
173 272
126 225
121 220
78 177
86 185
133 232
131 230
131 230
49 148
116 215
59 158
22 121
7 106
39 138
43 142
88 187
108 207
124 223
194 293
175 274
35 134
179 278
22 121
68 167
44 143
188 287
0 99
66 165
110 209
181 280
142 241
187 286
72 171
116 215
22 121
51 150
197 296
119 218
119 218
38 137
69 168
48 147
79 178
60 159
193 292
74 173
105 204
159 258
41 140
168 267
186 285
133 232
32 131
81 180
122 221
147 246
129 228
190 289
137 236
172 271
119 218
2 101
95 194
23 122
56 155
195 294
20 119
162 261
78 177
160 259
80 179
67 166
92 191
161 260
3 102
129 228
9 108
164 263
106 205
77 176
111 210
37 136
21 120
99 198
147 246
193 292
105 204
63 162
182 281
35 134
65 164
153 252
122 221
182 281
191 290
101 200
70 169
108 207
154 253
170 269
109 208
174 273
12 111
121 220
196 295
181 280
113 212
52 151
187 286
111 210
151 250
70 169
30 129
1 100
128 227
20 119
132 231
57 156
81 180
175 274
54 153
125 224
143 242
143 242
47 146
4 103
71 170
114 213
62 161
3 102
105 204
113 212
157 256
163 262
89 188
194 293
114 213
42 141
31 130
173 272
16 115
181 280
117 216
131 230
151 250
64 163
54 153
72 171
99 198
26 125
133 232
138 237
191 290
87 186
103 202
145 244
48 147
193 292
183 282
45 144
103 202
187 286
71 170
54 153
3 102
63 162
10 109
78 177
66 165
88 187
9 108
190 289
173 272
190 289
29 128
185 284
17 116
0 99
28 127
125 224
61 160
87 186
84 183
51 150
2 101
2 101
85 184
173 272
72 171
56 155
97 196
128 227
130 229
98 197
107 206
187 286
165 264
122 221
197 296
4 103
123 222
49 148
15 114
169 268
28 127
55 154
134 233
169 268
41 140
62 161
128 227
64 163
77 176
82 181
66 165
152 251
190 289
123 222
101 200
196 295
142 241
189 288
170 269
35 134
16 115
120 219
50 149
79 178
96 195
32 131
116 215
161 260
11 110
111 210
89 188
82 181
81 180
29 128
21 120
124 223
183 282
119 218
120 219
47 146
183 282
128 227
71 170
68 167
170 269
106 205
166 265
25 124
40 139
108 207
103 202
183 282
88 187
197 296
40 139
196 295
58 157
28 127
192 291
100 199
114 213
28 127
37 136
37 136
53 152
75 174
20 119
115 214
78 177
169 268
195 294
158 257
192 291
78 177
81 180
171 270
62 161
53 152
192 291
150 249
0 99
188 287
139 238
179 278
134 233
178 277
62 161
180 279
172 271
105 204
79 178
176 275
133 232
102 201
169 268
80 179
33 132
133 232
96 195
74 173
134 233
62 161
54 153
98 197
107 206
14 113
12 111
21 120
110 209
126 225
44 143
143 242
78 177
13 112
137 236
142 241
26 125
111 210
74 173
128 227
168 267
104 203
126 225
195 294
111 210
157 256
73 172
157 256
85 184
13 112
79 178
84 183
14 113
99 198
145 244
130 229
6 105
49 148
154 253
39 138
196 295
178 277
156 255
180 279
58 157
16 115
66 165
162 261
137 236
83 182
178 277
164 263
91 190
134 233
119 218
102 201
18 117
12 111
144 243
60 159
84 183
40 139
60 159
33 132
139 238
14 113
7 106
172 271
117 216
120 219
71 170
96 195
123 222
156 255
162 261
70 169
111 210
47 146
185 284
1 100
165 264
29 128
68 167
18 117
31 130
1 100
9 108
56 155
191 290
29 128
98 197
64 163
118 217
185 284
78 177
11 110
39 138
80 179
6 105
145 244
108 207
38 137
22 121
105 204
43 142
93 192
74 173
162 261
148 247
101 200
81 180
109 208
86 185
156 255
39 138
115 214
94 193
51 150
133 232
136 235
143 242
47 146
171 270
1 100
194 293
148 247
152 251
14 113
186 285
171 270
23 122
49 148
2 101
16 115
32 131
37 136
148 247
127 226
138 237
75 174
3 102
19 118
11 110
10 109
85 184
30 129
70 169
164 263
88 187
27 126
36 135
145 244
193 292
174 273
115 214
104 203
190 289
5 104
38 137
85 184
162 261
59 158
19 118
14 113
31 130
32 131
16 115
139 238
188 287
133 232
70 169
1 100
100 199
147 246
84 183
195 294
57 156
72 171
191 290
128 227
68 167
9 108
68 167
21 120
4 103
166 265
167 266
2 101
131 230
188 287
9 108
114 213
133 232
156 255
191 290
28 127
24 123
157 256
15 114
65 164
124 223
85 184
192 291
88 187
190 289
174 273
93 192
42 141
45 144
148 247
139 238
101 200
143 242
114 213
187 286
2 101
111 210
0 99
94 193
9 108
66 165
68 167
50 149
31 130
193 292
105 204
2 101
96 195
82 181
122 221
38 137
153 252
64 163
191 290
167 266
196 295
90 189
65 164
152 251
65 164
24 123
125 224
100 199
16 115
65 164
60 159
189 288
40 139
129 228
164 263
149 248
63 162
177 276
46 145
159 258
36 135
183 282
55 154
77 176
130 229
36 135
152 251
189 288
124 223
23 122
93 192
86 185
50 149
188 287
11 110
155 254
117 216
3 102
95 194
165 264
32 131
106 205
86 185
134 233
8 107
141 240
86 185
195 294
24 123
125 224
58 157
151 250
120 219
133 232
105 204
118 217
181 280
20 119
170 269
46 145
135 234
83 182
166 265
101 200
9 108
73 172
13 112
115 214
43 142
177 276
89 188
108 207
155 254
179 278
176 275
42 141
163 262
43 142
196 295
136 235
165 264
13 112
22 121
103 202
43 142
120 219
133 232
145 244
51 150
177 276
110 209
112 211
42 141
194 293
144 243
90 189
98 197
119 218
194 293
7 106
151 250
35 134
130 229
105 204
56 155
46 145
100 199
172 271
50 149
5 104
140 239
162 261
111 210
193 292
179 278
133 232
155 254
139 238
71 170
73 172
175 274
44 143
74 173
99 198
38 137
59 158
36 135
172 271
181 280
39 138
96 195
60 159
197 296
190 289
0 99
115 214
42 141
99 198
180 279
138 237
104 203
167 266
156 255
58 157
101 200
118 217
182 281
50 149
157 256
93 192
87 186
111 210
34 133
171 270
150 249
140 239
58 157
34 133
139 238
32 131
155 254
170 269
130 229
154 253
124 223
101 200
157 256
29 128
179 278
120 219
128 227
113 212
15 114
65 164
165 264
139 238
14 113
92 191
158 257
179 278
87 186
166 265
36 135
103 202
80 179
151 250
183 282
149 248
19 118
69 168
44 143
53 152
186 285
43 142
81 180
170 269
137 236
179 278
51 150
66 165
118 217
25 124
89 188
1 100
29 128
188 287
95 194
2 101
150 249
145 244
194 293
114 213
44 143
189 288
137 236
63 162
173 272
56 155
187 286
37 136
60 159
134 233
30 129
84 183
6 105
168 267
105 204
77 176
155 254
113 212
35 134
175 274
3 102
140 239
167 266
62 161
123 222
179 278
111 210
172 271
189 288
119 218
191 290
66 165
16 115
17 116
3 102
84 183
164 263
27 126
169 268
96 195
43 142
130 229
165 264
37 136
35 134
103 202
35 134
93 192
88 187
196 295
46 145
99 198
193 292
85 184
176 275
129 228
42 141
168 267
165 264
55 154
3 102
29 128
27 126
105 204
103 202
27 126
54 153
69 168
193 292
38 137
147 246
53 152
73 172
124 223
77 176
64 163
166 265
89 188
107 206
107 206
44 143
98 197
14 113
101 200
49 148
158 257
175 274
88 187
63 162
140 239
6 105
146 245
46 145
173 272
122 221
179 278
186 285
168 267
119 218
61 160
113 212
83 182
67 166
180 279
119 218
104 203
149 248
190 289
119 218
88 187
1 100
39 138
83 182
145 244
196 295
38 137
24 123
105 204
46 145
5 104
151 250
135 234
158 257
143 242
50 149
138 237
0 99
28 127
139 238
42 141
133 232
12 111
177 276
17 116
51 150
52 151
48 147
13 112
155 254
105 204
102 201
67 166
179 278
127 226
128 227
38 137
149 248
112 211
111 210
176 275
15 114
193 292
159 258
44 143
140 239
16 115
7 106
135 234
18 117
70 169
86 185
98 197
172 271
126 225
139 238
15 114
133 232
0 99
164 263
141 240
36 135
120 219
95 194
190 289
156 255
62 161
83 182
77 176
185 284
49 148
62 161
28 127
169 268
168 267
13 112
191 290
61 160
17 116
73 172
30 129
136 235
181 280
37 136
169 268
112 211
82 181
122 221
113 212
146 245
73 172
136 235
182 281
22 121
158 257
148 247
46 145
5 104
67 166
96 195
164 263
22 121
30 129
94 193
30 129
98 197
62 161
143 242
37 136
101 200
163 262
143 242
90 189
42 141
172 271
127 226
40 139
8 107
146 245
20 119
133 232
16 115
82 181
148 247
133 232
34 133
79 178
4 103
18 117
88 187
177 276
96 195
113 212
42 141
144 243
170 269
169 268
40 139
179 278
167 266
152 251
8 107
91 190
114 213
57 156
15 114
33 132
76 175
123 222
13 112
171 270
188 287
46 145
159 258
92 191
126 225
138 237
152 251
131 230
52 151
23 122
181 280
38 137
155 254
186 285
15 114
114 213
30 129
179 278
49 148
10 109
84 183
122 221
90 189
151 250
191 290
66 165
151 250
191 290
139 238
40 139
169 268
191 290
118 217
160 259
8 107
166 265
194 293
147 246
149 248
52 151
24 123
168 267
13 112
112 211
93 192
183 282
130 229
98 197
156 255
172 271
35 134
154 253
8 107
6 105
166 265
161 260
1 100
17 116
168 267
7 106
45 144
177 276
166 265
196 295
107 206
20 119
82 181
194 293
115 214
130 229
11 110
79 178
122 221
182 281
163 262
91 190
29 128
89 188
121 220
49 148
5 104
112 211
76 175
127 226
120 219
118 217
115 214
95 194
93 192
23 122
166 265
97 196
133 232
100 199
171 270
156 255
146 245
46 145
184 283
105 204
188 287
41 140
61 160
53 152
11 110
133 232
149 248
55 154
164 263
15 114
53 152
93 192
186 285
189 288
15 114
60 159
120 219
180 279
50 149
94 193
164 263
118 217
144 243
11 110
189 288
86 185
173 272
194 293
143 242
119 218
181 280
99 198
77 176
103 202
132 231
2 101
128 227
54 153
18 117
191 290
136 235
194 293
31 130
98 197
194 293
160 259
25 124
193 292
62 161
44 143
69 168
93 192
10 109
197 296
173 272
141 240
122 221
168 267
44 143
98 197
48 147
60 159
136 235
64 163
87 186
5 104
62 161
106 205
42 141
26 125
71 170
16 115
21 120
23 122
110 209
83 182
107 206
119 218
75 174
47 146
20 119
186 285
189 288
132 231
10 109
31 130
22 121
112 211
43 142
20 119
25 124
183 282
14 113
155 254
75 174
137 236
81 180
131 230
192 291
194 293
16 115
172 271
124 223
92 191
75 174
65 164
96 195
44 143
189 288
35 134
74 173
80 179
139 238
155 254
156 255
133 232
43 142
34 133
37 136
89 188
24 123
171 270
126 225
177 276
71 170
43 142
20 119
76 175
90 189
109 208
89 188
59 158
59 158
22 121
124 223
113 212
135 234
36 135
65 164
147 246
162 261
35 134
41 140
36 135
106 205
72 171
116 215
24 123
63 162
36 135
178 277
154 253
85 184
169 268
110 209
109 208
76 175
163 262
189 288
183 282
68 167
81 180
99 198
26 125
12 111
153 252
9 108
36 135
50 149
21 120
116 215
121 220
66 165
190 289
66 165
65 164
1 100
12 111
43 142
149 248
13 112
187 286
126 225
80 179
118 217
137 236
5 104
142 241
126 225
38 137
106 205
68 167
187 286
154 253
108 207
122 221
44 143
104 203
180 279
60 159
78 177
65 164
172 271
174 273
172 271
94 193
157 256
143 242
193 292
19 118
53 152
115 214
195 294
25 124
50 149
33 132
39 138
39 138
147 246
39 138
181 280
93 192
168 267
110 209
56 155
75 174
119 218
193 292
1 100
188 287
120 219
66 165
47 146
121 220
13 112
15 114
151 250
76 175
142 241
39 138
81 180
26 125
50 149
151 250
25 124
4 103
67 166
19 118
122 221
196 295
132 231
180 279
65 164
114 213
193 292
183 282
159 258
80 179
175 274
59 158
104 203
52 151
10 109
54 153
79 178
183 282
197 296
74 173
192 291
4 103
184 283
185 284
162 261
123 222
150 249
168 267
129 228
63 162
70 169
143 242
74 173
24 123
73 172
106 205
100 199
49 148
88 187
89 188
87 186
57 156
53 152
50 149
105 204
73 172
63 162
90 189
129 228
121 220
69 168
61 160
8 107
185 284
24 123
97 196
143 242
182 281
40 139
31 130
66 165
125 224
5 104
78 177
187 286
79 178
191 290
161 260
181 280
190 289
19 118
53 152
20 119
28 127
143 242
71 170
79 178
109 208
179 278
29 128
57 156
28 127
7 106
94 193
197 296
30 129
183 282
142 241
172 271
87 186
90 189
176 275
143 242
102 201
13 112
54 153
14 113
119 218
66 165
166 265
75 174
62 161
107 206
152 251
180 279
57 156
91 190
91 190
115 214
195 294
66 165
57 156
82 181
110 209
55 154
49 148
90 189
22 121
104 203
4 103
13 112
123 222
49 148
83 182
119 218
123 222
121 220
16 115
72 171
9 108
18 117
119 218
129 228
135 234
54 153
6 105
107 206
170 269
149 248
28 127
117 216
171 270
121 220
74 173
153 252
120 219
94 193
11 110
77 176
42 141
21 120
119 218
130 229
142 241
196 295
185 284
170 269
102 201
165 264
130 229
110 209
149 248
167 266
134 233
115 214
169 268
145 244
0 99
125 224
108 207
160 259
99 198
31 130
1 100
89 188
144 243
124 223
66 165
161 260
157 256
158 257
109 208
72 171
167 266
81 180
166 265
87 186
47 146
119 218
178 277
129 228
114 213
62 161
4 103
42 141
93 192
67 166
178 277
69 168
103 202
100 199
1 100
166 265
18 117
117 216
13 112
50 149
57 156
132 231
190 289
163 262
15 114
96 195
160 259
28 127
50 149
144 243
173 272
193 292
10 109
52 151
187 286
105 204
75 174
33 132
152 251
35 134
110 209
141 240
6 105
187 286
184 283
157 256
1 100
71 170
18 117
91 190
112 211
131 230
192 291
153 252
169 268
32 131
94 193
4 103
164 263
179 278
18 117
33 132
106 205
61 160
133 232
77 176
13 112
169 268
186 285
162 261
181 280
17 116
55 154
180 279
153 252
95 194
74 173
158 257
83 182
192 291
159 258
14 113
59 158
106 205
85 184
54 153
10 109
144 243
76 175
134 233
143 242
83 182
191 290
9 108
101 200
49 148
65 164
114 213
38 137
82 181
182 281
113 212
131 230
143 242
96 195
35 134
110 209
113 212
137 236
59 158
60 159
139 238
121 220
193 292
160 259
35 134
125 224
24 123
97 196
164 263
45 144
196 295
135 234
14 113
191 290
54 153
149 248
185 284
24 123
148 247
69 168
74 173
2 101
24 123
89 188
97 196
140 239
193 292
189 288
85 184
144 243
138 237
74 173
25 124
114 213
72 171
38 137
113 212
25 124
76 175
174 273
122 221
37 136
108 207
157 256
43 142
79 178
123 222
72 171
66 165
66 165
49 148
72 171
197 296
76 175
78 177
68 167
37 136
166 265
36 135
137 236
97 196
122 221
84 183
171 270
93 192
125 224
124 223
144 243
185 284
53 152
19 118
145 244
18 117
82 181
150 249
53 152
52 151
193 292
107 206
166 265
66 165
190 289
82 181
88 187
90 189
109 208
48 147
53 152
160 259
8 107
61 160
189 288
7 106
186 285
151 250
167 266
76 175
99 198
24 123
66 165
134 233
127 226
153 252
35 134
187 286
153 252
94 193
125 224
77 176
135 234
185 284
128 227
81 180
110 209
52 151
119 218
162 261
16 115
45 144
100 199
125 224
161 260
4 103
185 284
159 258
150 249
137 236
1 100
164 263
50 149
67 166
131 230
162 261
149 248
81 180
88 187
41 140
129 228
10 109
29 128
28 127
176 275
12 111
1 100
13 112
70 169
37 136
186 285
140 239
38 137
28 127
46 145
45 144
53 152
79 178
25 124
68 167
6 105
20 119
154 253
102 201
24 123
136 235
3 102
53 152
47 146
21 120
132 231
115 214
2 101
73 172
85 184
22 121
99 198
108 207
23 122
152 251
125 224
65 164
48 147
183 282
0 99
67 166
24 123
168 267
175 274
151 250
141 240
115 214
14 113
124 223
164 263
86 185
98 197
44 143
147 246
168 267
153 252
12 111
194 293
131 230
50 149
29 128
41 140
10 109
38 137
43 142
76 175
34 133
108 207
116 215
170 269
51 150
141 240
144 243
172 271
58 157
135 234
84 183
118 217
13 112
186 285
96 195
32 131
88 187
54 153
73 172
130 229
11 110
10 109
76 175
189 288
46 145
127 226
111 210
27 126
130 229
9 108
127 226
52 151
38 137
194 293
0 99
47 146
122 221
168 267
190 289
175 274
167 266
62 161
185 284
32 131
107 206
120 219
49 148
35 134
68 167
77 176
82 181
51 150
148 247
2 101
1 100
34 133
147 246
107 206
175 274
185 284
168 267
99 198
6 105
45 144
163 262
18 117
133 232
96 195
96 195
148 247
124 223
134 233
118 217
70 169
164 263
107 206
39 138
113 212
5 104
129 228
126 225
23 122
47 146
84 183
16 115
121 220
93 192
121 220
46 145
79 178
98 197
60 159
87 186
134 233
35 134
186 285
44 143
27 126
100 199
174 273
160 259
181 280
76 175
160 259
135 234
9 108
195 294
79 178
77 176
125 224
17 116
90 189
40 139
113 212
150 249
0 99
69 168
170 269
41 140
68 167
3 102
195 294
118 217
25 124
102 201
197 296
183 282
132 231
164 263
56 155
21 120
54 153
127 226
189 288
22 121
40 139
192 291
94 193
40 139
54 153
191 290
100 199
20 119
110 209
83 182
127 226
158 257
83 182
33 132
46 145
44 143
122 221
8 107
81 180
124 223
97 196
45 144
90 189
96 195
137 236
148 247
49 148
170 269
147 246
77 176
128 227
140 239
77 176
143 242
171 270
120 219
3 102
13 112
128 227
1 100
112 211
28 127
15 114
180 279
63 162
94 193
188 287
54 153
90 189
26 125
169 268
145 244
49 148
36 135
121 220
10 109
39 138
32 131
159 258
66 165
157 256
140 239
157 256
118 217
142 241
19 118
103 202
155 254
126 225
136 235
30 129
49 148
93 192
32 131
109 208
2 101
4 103
119 218
130 229
81 180
39 138
91 190
148 247
136 235
4 103
177 276
32 131
173 272
33 132
83 182
115 214
8 107
116 215
181 280
116 215
171 270
99 198
140 239
11 110
131 230
117 216
123 222
45 144
103 202
160 259
133 232
75 174
83 182
86 185
89 188
94 193
34 133
97 196
133 232
99 198
119 218
61 160
99 198
45 144
107 206
197 296
21 120
172 271
178 277
101 200
179 278
197 296
37 136
75 174
79 178
101 200
122 221
138 237
79 178
27 126
79 178
118 217
119 218
114 213
38 137
129 228
28 127
37 136
24 123
148 247
103 202
163 262
186 285
100 199
52 151
68 167
62 161
17 116
56 155
185 284
47 146
22 121
4 103
58 157
42 141
92 191
117 216
91 190
0 99
172 271
119 218
150 249
169 268
65 164
140 239
171 270
152 251
127 226
126 225
155 254
172 271
95 194
159 258
101 200
51 150
95 194
159 258
4 103
108 207
74 173
160 259
117 216
45 144
104 203
130 229
79 178
7 106
78 177
78 177
154 253
130 229
159 258
128 227
137 236
102 201
84 183
183 282
113 212
135 234
41 140
16 115
29 128
142 241
30 129
121 220
68 167
197 296
73 172
21 120
160 259
66 165
36 135
125 224
83 182
95 194
193 292
20 119
95 194
83 182
155 254
63 162
71 170
192 291
72 171
88 187
34 133
106 205
143 242
122 221
146 245
36 135
153 252
180 279
113 212
187 286
81 180
84 183
31 130
51 150
125 224
188 287
145 244
20 119
189 288
74 173
55 154
46 145
92 191
117 216
46 145
130 229
169 268
90 189
16 115
173 272
16 115
35 134
23 122
132 231
57 156
47 146
157 256
3 102
34 133
74 173
178 277
191 290
139 238
144 243
196 295
179 278
117 216
111 210
46 145
147 246
85 184
10 109
7 106
138 237
134 233
43 142
152 251
148 247
41 140
26 125
159 258
151 250
127 226
59 158
190 289
60 159
76 175
179 278
13 112
39 138
52 151
58 157
78 177
90 189
15 114
191 290
138 237
30 129
42 141
57 156
116 215
64 163
54 153
110 209
154 253
25 124
167 266
44 143
68 167
137 236
132 231
72 171
9 108
87 186
134 233
14 113
176 275
75 174
107 206
71 170
77 176
14 113
183 282
29 128
160 259
10 109
64 163
106 205
142 241
96 195
164 263
175 274
94 193
82 181
20 119
141 240
31 130
107 206
115 214
32 131
82 181
103 202
188 287
106 205
49 148
157 256
14 113
92 191
50 149
173 272
3 102
197 296
18 117
109 208
181 280
82 181
111 210
55 154
88 187
52 151
129 228
79 178
175 274
135 234
85 184
100 199
97 196
171 270
42 141
2 101
121 220
186 285
146 245
4 103
136 235
0 99
83 182
148 247
187 286
7 106
55 154
161 260
70 169
0 99
3 102
91 190
22 121
61 160
56 155
21 120
45 144
45 144
169 268
85 184
194 293
87 186
98 197
167 266
22 121
105 204
160 259
0 99
126 225
92 191
139 238
70 169
41 140
31 130
129 228
84 183
50 149
77 176
133 232
65 164
161 260
182 281
12 111
49 148
50 149
23 122
179 278
2 101
140 239
0 99
141 240
53 152
69 168
40 139
94 193
63 162
3 102
89 188
177 276
148 247
102 201
1 100
162 261
49 148
93 192
189 288
94 193
189 288
164 263
31 130
16 115
189 288
152 251
131 230
32 131
95 194
9 108
46 145
157 256
118 217
165 264
150 249
3 102
27 126
175 274
128 227
40 139
85 184
100 199
182 281
22 121
54 153
48 147
131 230
15 114
193 292
195 294
73 172
186 285
177 276
66 165
137 236
24 123
62 161
122 221
195 294
180 279
76 175
135 234
46 145
36 135
173 272
125 224
132 231
184 283
14 113
190 289
160 259
89 188
47 146
34 133
99 198
1 100
21 120
152 251
61 160
104 203
165 264
159 258
30 129
99 198
9 108
184 283
55 154
48 147
50 149
119 218
31 130
139 238
127 226
178 277
21 120
8 107
68 167
17 116
156 255
59 158
53 152
139 238
119 218
149 248
167 266
116 215
113 212
110 209
162 261
164 263
95 194
60 159
12 111
3 102
56 155
78 177
78 177
85 184
46 145
151 250
8 107
56 155
59 158
89 188
188 287
16 115
6 105
173 272
172 271
48 147
181 280
137 236
156 255
99 198
77 176
1 100
132 231
51 150
76 175
99 198
166 265
36 135
91 190
143 242
67 166
75 174
77 176
66 165
52 151
23 122
170 269
101 200
62 161
100 199
84 183
186 285
141 240
15 114
120 219
63 162
67 166
106 205
178 277
43 142
42 141
108 207
70 169
128 227
107 206
153 252
45 144
180 279
60 159
177 276
107 206
78 177
35 134
126 225
188 287
7 106
190 289
180 279
135 234
66 165
42 141
102 201
189 288
35 134
194 293
102 201
100 199
4 103
127 226
31 130
98 197
159 258
92 191
171 270
53 152
110 209
181 280
37 136
105 204
122 221
177 276
181 280
142 241
35 134
85 184
119 218
96 195
156 255
183 282
43 142
193 292
69 168
68 167
183 282
111 210
75 174
135 234
165 264
60 159
95 194
146 245
194 293
184 283
101 200
111 210
118 217
140 239
173 272
105 204
187 286
191 290
102 201
44 143
28 127
153 252
13 112
148 247
119 218
59 158
20 119
98 197
24 123
154 253
108 207
11 110
94 193
44 143
26 125
125 224
127 226
101 200
172 271
188 287
133 232
151 250
10 109
121 220
177 276
141 240
179 278
143 242
128 227
132 231
0 99
72 171
134 233
106 205
178 277
12 111
152 251
143 242
139 238
73 172
55 154
178 277
33 132
71 170
133 232
192 291
75 174
103 202
155 254
39 138
151 250
95 194
114 213
185 284
38 137
29 128
159 258
12 111
28 127
136 235
127 226
173 272
11 110
61 160
140 239
106 205
51 150
73 172
119 218
181 280
163 262
5 104
129 228
92 191
92 191
159 258
82 181
13 112
14 113
75 174
102 201
105 204
34 133
119 218
65 164
64 163
172 271
14 113
88 187
97 196
133 232
166 265
107 206
66 165
4 103
72 171
150 249
9 108
137 236
22 121
3 102
13 112
64 163
117 216
90 189
36 135
38 137
111 210
187 286
99 198
94 193
136 235
8 107
16 115
186 285
43 142
143 242
44 143
145 244
144 243
10 109
105 204
175 274
92 191
78 177
33 132
85 184
132 231
69 168
85 184
42 141
164 263
24 123
158 257
138 237
55 154
8 107
43 142
98 197
166 265
43 142
185 284
167 266
138 237
72 171
117 216
130 229
146 245
83 182
74 173
92 191
70 169
42 141
39 138
149 248
39 138
0 99
114 213
75 174
130 229
66 165
36 135
190 289
45 144
166 265
53 152
90 189
102 201
45 144
145 244
72 171
52 151
114 213
80 179
60 159
146 245
5 104
92 191
43 142
69 168
180 279
92 191
171 270
46 145
11 110
68 167
26 125
134 233
114 213
75 174
76 175
8 107
197 296
126 225
158 257
98 197
158 257
16 115
84 183
186 285
80 179
75 174
41 140
150 249
187 286
32 131
59 158
174 273
92 191
28 127
154 253
37 136
107 206
157 256
117 216
1 100
115 214
114 213
146 245
30 129
125 224
125 224
180 279
51 150
56 155
27 126
130 229
155 254
143 242
7 106
36 135
175 274
126 225
2 101
78 177
30 129
152 251
81 180
171 270
156 255
147 246
35 134
171 270
10 109
0 99
195 294
55 154
58 157
66 165
21 120
184 283
112 211
41 140
132 231
162 261
105 204
68 167
9 108
9 108
54 153
125 224
60 159
175 274
187 286
182 281
178 277
93 192
142 241
79 178
69 168
179 278
38 137
196 295
11 110
1 100
95 194
66 165
104 203
95 194
56 155
20 119
180 279
184 283
175 274
180 279
143 242
49 148
159 258
44 143
124 223
129 228
50 149
20 119
87 186
158 257
184 283
187 286
195 294
196 295
188 287
146 245
57 156
177 276
175 274
80 179
51 150
68 167
153 252
136 235
190 289
189 288
102 201
32 131
4 103
118 217
186 285
192 291
144 243
19 118
186 285
75 174
70 169
124 223
43 142
130 229
30 129
27 126
39 138
67 166
41 140
115 214
158 257
183 282
165 264
172 271
197 296
64 163
36 135
132 231
13 112
48 147
129 228
33 132
130 229
139 238
40 139
0 99
126 225
186 285
137 236
21 120
41 140
36 135
72 171
110 209
128 227
125 224
73 172
29 128
64 163
72 171
122 221
91 190
49 148
98 197
109 208
149 248
161 260
177 276
6 105
91 190
190 289
77 176
145 244
167 266
68 167
30 129
42 141
115 214
65 164
96 195
45 144
185 284
175 274
21 120
178 277
28 127
139 238
75 174
153 252
39 138
66 165
103 202
149 248
161 260
27 126
122 221
143 242
71 170
197 296
95 194
69 168
92 191
120 219
80 179
181 280
133 232
102 201
28 127
0 99
129 228
161 260
65 164
50 149
192 291
109 208
92 191
38 137
20 119
65 164
27 126
172 271
95 194
189 288
64 163
126 225
47 146
85 184
155 254
143 242
98 197
85 184
124 223
86 185
158 257
62 161
159 258
192 291
158 257
11 110
155 254
152 251
10 109
194 293
170 269
21 120
20 119
100 199
97 196
177 276
112 211
185 284
13 112
93 192
39 138
195 294
78 177
14 113
155 254
98 197
183 282
77 176
170 269
146 245
141 240
161 260
171 270
33 132
80 179
55 154
60 159
59 158
67 166
100 199
81 180
166 265
91 190
90 189
85 184
116 215
171 270
186 285
54 153
184 283
190 289
24 123
118 217
76 175
181 280
39 138
110 209
51 150
100 199
120 219
89 188
7 106
28 127
60 159
184 283
167 266
144 243
93 192
78 177
178 277
177 276
1 100
189 288
106 205
24 123
54 153
10 109
19 118
147 246
155 254
56 155
157 256
16 115
99 198
145 244
45 144
3 102
51 150
11 110
111 210
119 218
113 212
95 194
49 148
182 281
69 168
109 208
187 286
124 223
187 286
158 257
155 254
55 154
0 99
70 169
188 287
63 162
3 102
194 293
9 108
159 258
178 277
96 195
82 181
57 156
42 141
138 237
171 270
141 240
81 180
147 246
179 278
74 173
157 256
192 291
158 257
128 227
107 206
47 146
160 259
50 149
181 280
179 278
110 209
183 282
143 242
127 226
59 158
145 244
194 293
130 229
169 268
183 282
124 223
162 261
151 250
18 117
79 178
64 163
77 176
106 205
114 213
102 201
38 137
37 136
136 235
153 252
89 188
56 155
55 154
189 288
173 272
20 119
161 260
159 258
186 285
57 156
158 257
88 187
191 290
150 249
89 188
82 181
183 282
74 173
28 127
44 143
39 138
118 217
2 101
29 128
191 290
134 233
145 244
51 150
95 194
123 222
25 124
64 163
2 101
31 130
137 236
78 177
111 210
82 181
78 177
4 103
42 141
19 118
81 180
186 285
77 176
77 176
131 230
16 115
44 143
148 247
73 172
52 151
23 122
171 270
147 246
109 208
109 208
84 183
132 231
75 174
186 285
140 239
152 251
85 184
36 135
30 129
161 260
75 174
28 127
78 177
173 272
105 204
19 118
131 230
192 291
108 207
25 124
15 114
113 212
65 164
168 267
13 112
21 120
43 142
54 153
150 249
39 138
102 201
94 193
123 222
52 151
15 114
127 226
108 207
84 183
78 177
128 227
70 169
179 278
163 262
156 255
174 273
85 184
7 106
135 234
79 178
172 271
126 225
102 201
160 259
13 112
75 174
136 235
98 197
29 128
43 142
37 136
53 152
128 227
175 274
97 196
78 177
120 219
108 207
193 292
126 225
179 278
64 163
66 165
31 130
151 250
42 141
58 157
104 203
29 128
175 274
43 142
33 132
61 160
109 208
169 268
120 219
42 141
57 156
74 173
72 171
150 249
128 227
93 192
15 114
36 135
54 153
83 182
65 164
186 285
31 130
20 119
141 240
68 167
121 220
87 186
135 234
10 109
41 140
24 123
101 200
26 125
144 243
155 254
92 191
88 187
169 268
172 271
79 178
124 223
183 282
24 123
24 123
67 166
50 149
45 144
102 201
108 207
197 296
170 269
21 120
79 178
41 140
74 173
32 131
60 159
130 229
93 192
159 258
24 123
116 215
131 230
136 235
145 244
56 155
18 117
6 105
184 283
38 137
22 121
54 153
73 172
77 176
103 202
58 157
101 200
30 129
53 152
93 192
135 234
134 233
85 184
147 246
134 233
175 274
69 168
144 243
5 104
185 284
16 115
149 248
86 185
195 294
8 107
10 109
66 165
117 216
25 124
84 183
188 287
39 138
78 177
31 130
96 195
80 179
148 247
60 159
27 126
181 280
15 114
91 190
189 288
157 256
179 278
147 246
115 214
152 251
13 112
1 100
111 210
56 155
87 186
54 153
28 127
53 152
89 188
122 221
90 189
44 143
157 256
61 160
163 262
59 158
165 264
65 164
89 188
22 121
98 197
56 155
190 289
153 252
124 223
32 131
138 237
94 193
98 197
56 155
99 198
58 157
107 206
178 277
92 191
5 104
194 293
105 204
20 119
91 190
98 197
182 281
137 236
89 188
91 190
32 131
26 125
116 215
192 291
147 246
7 106
184 283
60 159
49 148
196 295
16 115
61 160
99 198
138 237
132 231
132 231
137 236
92 191
43 142
146 245
71 170
54 153
165 264
153 252
36 135
184 283
97 196
10 109
117 216
190 289
55 154
13 112
177 276
17 116
38 137
90 189
97 196
25 124
29 128
131 230
72 171
37 136
32 131
23 122
192 291
143 242
159 258
8 107
51 150
2 101
94 193
92 191
191 290
195 294
173 272
143 242
195 294
85 184
40 139
71 170
129 228
137 236
131 230
35 134
133 232
102 201
110 209
129 228
146 245
105 204
194 293
58 157
57 156
80 179
53 152
192 291
12 111
78 177
90 189
137 236
158 257
115 214
17 116
85 184
148 247
107 206
105 204
81 180
73 172
96 195
158 257
155 254
161 260
138 237
96 195
196 295
167 266
118 217
102 201
108 207
3 102
1 100
2 101
81 180
81 180
160 259
8 107
60 159
30 129
136 235
80 179
184 283
27 126
137 236
93 192
8 107
62 161
168 267
146 245
17 116
36 135
179 278
140 239
177 276
66 165
76 175
135 234
61 160
97 196
144 243
197 296
75 174
89 188
177 276
25 124
195 294
51 150
54 153
9 108
21 120
152 251
58 157
76 175
3 102
3 102
197 296
96 195
24 123
17 116
103 202
132 231
15 114
161 260
17 116
69 168
60 159
157 256
197 296
51 150
17 116
187 286
178 277
141 240
97 196
83 182
97 196
37 136
129 228
44 143
125 224
187 286
149 248
20 119
76 175
183 282
106 205
27 126
185 284
10 109
160 259
103 202
26 125
44 143
143 242
156 255
131 230
46 145
150 249
108 207
157 256
193 292
162 261
35 134
108 207
8 107
0 99
104 203
167 266
48 147
113 212
189 288
50 149
46 145
72 171
42 141
90 189
81 180
134 233
41 140
98 197
56 155
139 238
132 231
61 160
63 162
79 178
66 165
140 239
137 236
71 170
75 174
89 188
145 244
114 213
176 275
37 136
152 251
178 277
109 208
161 260
20 119
0 99
79 178
107 206
195 294
32 131
129 228
109 208
107 206
10 109
55 154
133 232
91 190
100 199
179 278
72 171
171 270
174 273
8 107
166 265
166 265
116 215
107 206
31 130
13 112
194 293
60 159
160 259
175 274
101 200
77 176
116 215
59 158
130 229
80 179
158 257
120 219
12 111
10 109
186 285
141 240
63 162
101 200
142 241
189 288
151 250
175 274
149 248
42 141
122 221
0 99
30 129
92 191
10 109
130 229
142 241
180 279
193 292
155 254
38 137
60 159
89 188
192 291
107 206
111 210
189 288
9 108
104 203
108 207
154 253
48 147
15 114
59 158
38 137
54 153
173 272
123 222
171 270
117 216
66 165
153 252
60 159
113 212
164 263
112 211
186 285
173 272
175 274
8 107
54 153
153 252
125 224
100 199
185 284
141 240
157 256
33 132
163 262
103 202
108 207
160 259
197 296
75 174
107 206
110 209
94 193
21 120
70 169
20 119
44 143
97 196
9 108
3 102
174 273
78 177
28 127
62 161
171 270
140 239
66 165
116 215
176 275
188 287
39 138
87 186
63 162
8 107
15 114
58 157
178 277
128 227
114 213
65 164
193 292
118 217
163 262
147 246
58 157
44 143
63 162
97 196
166 265
168 267
42 141
192 291
171 270
174 273
52 151
88 187
63 162
133 232
106 205
184 283
14 113
81 180
105 204
10 109
4 103
74 173
47 146
68 167
167 266
15 114
153 252
91 190
151 250
28 127
179 278
75 174
79 178
39 138
63 162
164 263
93 192
195 294
86 185
60 159
89 188
28 127
196 295
18 117
89 188
37 136
195 294
124 223
151 250
46 145
54 153
179 278
102 201
196 295
58 157
134 233
192 291
64 163
71 170
84 183
152 251
28 127
144 243
127 226
144 243
147 246
153 252
176 275
90 189
24 123
10 109
107 206
6 105
51 150
16 115
172 271
155 254
78 177
76 175
31 130
156 255
88 187
146 245
68 167
120 219
87 186
48 147
100 199
31 130
15 114
104 203
148 247
56 155
45 144
151 250
17 116
82 181
178 277
36 135
114 213
180 279
142 241
185 284
115 214
21 120
14 113
87 186
164 263
151 250
110 209
94 193
121 220
61 160
32 131
21 120
149 248
40 139
169 268
115 214
95 194
131 230
78 177
51 150
19 118
168 267
137 236
25 124
108 207
86 185
56 155
58 157
79 178
49 148
156 255
144 243
98 197
84 183
147 246
38 137
74 173
54 153
27 126
75 174
105 204
15 114
142 241
6 105
184 283
137 236
165 264
68 167
112 211
123 222
79 178
38 137
138 237
39 138
172 271
19 118
122 221
193 292
111 210
81 180
66 165
124 223
188 287
174 273
77 176
108 207
2 101
126 225
9 108
107 206
171 270
23 122
190 289
15 114
80 179
94 193
93 192
23 122
93 192
20 119
187 286
59 158
12 111
66 165
44 143
107 206
102 201
151 250
151 250
88 187
179 278
183 282
16 115
10 109
56 155
87 186
140 239
163 262
95 194
90 189
187 286
151 250
7 106
27 126
107 206
130 229
28 127
10 109
67 166
58 157
100 199
71 170
15 114
141 240
194 293
59 158
143 242
95 194
102 201
1 100
169 268
177 276
14 113
126 225
169 268
159 258
131 230
103 202
18 117
3 102
86 185
97 196
159 258
174 273
82 181
188 287
143 242
44 143
128 227
75 174
158 257
64 163
125 224
118 217
9 108
18 117
69 168
119 218
109 208
121 220
18 117
97 196
77 176
193 292
107 206
22 121
19 118
171 270
184 283
67 166
53 152
94 193
196 295
187 286
183 282
145 244
176 275
33 132
112 211
126 225
196 295
196 295
157 256
186 285
111 210
118 217
5 104
166 265
90 189
58 157
150 249
126 225
53 152
84 183
162 261
82 181
167 266
77 176
16 115
94 193
112 211
14 113
146 245
143 242
97 196
197 296
111 210
78 177
158 257
140 239
132 231
118 217
31 130
146 245
157 256
191 290
161 260
117 216
85 184
123 222
26 125
95 194
57 156
150 249
69 168
30 129
9 108
91 190
95 194
56 155
56 155
43 142
7 106
135 234
150 249
149 248
52 151
175 274
72 171
28 127
59 158
113 212
17 116
123 222
43 142
178 277
153 252
162 261
27 126
166 265
148 247
11 110
4 103
142 241
29 128
59 158
110 209
100 199
25 124
80 179
14 113
180 279
67 166
186 285
73 172
96 195
15 114
10 109
90 189
66 165
85 184
43 142
78 177
176 275
126 225
108 207
97 196
123 222
70 169
31 130
104 203
66 165
81 180
142 241
159 258
165 264
70 169
140 239
20 119
157 256
121 220
16 115
92 191
113 212
155 254
195 294
193 292
7 106
157 256
70 169
190 289
161 260
153 252
145 244
63 162
63 162
41 140
128 227
12 111
63 162
48 147
146 245
1 100
49 148
150 249
124 223
92 191
195 294
29 128
74 173
196 295
5 104
177 276
181 280
9 108
49 148
82 181
60 159
159 258
191 290
182 281
17 116
139 238
31 130
55 154
163 262
143 242
89 188
100 199
28 127
140 239
79 178
2 101
172 271
68 167
1 100
54 153
138 237
1 100
166 265
186 285
164 263
172 271
180 279
48 147
124 223
188 287
185 284
51 150
58 157
177 276
76 175
175 274
186 285
144 243
153 252
11 110
156 255
46 145
16 115
66 165
192 291
185 284
86 185
161 260
85 184
142 241
149 248
34 133
195 294
120 219
2 101
106 205
99 198
190 289
78 177
197 296
106 205
112 211
111 210
132 231
154 253
121 220
20 119
68 167
118 217
191 290
81 180
119 218
191 290
194 293
8 107
134 233
107 206
73 172
89 188
192 291
152 251
86 185
7 106
155 254
154 253
55 154
39 138
145 244
94 193
130 229
190 289
140 239
30 129
148 247
112 211
87 186
71 170
8 107
57 156
153 252
151 250
49 148
139 238
109 208
94 193
92 191
32 131
179 278
166 265
167 266
51 150
116 215
110 209
104 203
59 158
136 235
196 295
36 135
79 178
184 283
79 178
116 215
28 127
107 206
66 165
102 201
37 136
66 165
121 220
178 277
57 156
154 253
68 167
23 122
85 184
153 252
133 232
76 175
187 286
72 171
5 104
62 161
18 117
174 273
34 133
159 258
69 168
182 281
70 169
31 130
166 265
189 288
55 154
37 136
18 117
177 276
146 245
156 255
42 141
104 203
17 116
41 140
88 187
197 296
116 215
191 290
192 291
169 268
32 131
40 139
178 277
31 130
118 217
78 177
47 146
189 288
171 270
33 132
112 211
148 247
166 265
139 238
191 290
74 173
82 181
4 103
164 263
102 201
30 129
53 152
167 266
26 125
32 131
99 198
52 151
62 161
99 198
85 184
63 162
132 231
78 177
53 152
100 199
59 158
175 274
32 131
57 156
65 164
171 270
68 167
117 216
28 127
4 103
96 195
54 153
190 289
178 277
107 206
67 166
46 145
110 209
40 139
97 196
144 243
141 240
133 232
190 289
88 187
173 272
167 266
104 203
152 251
55 154
153 252
20 119
140 239
59 158
108 207
43 142
37 136
178 277
28 127
81 180
127 226
0 99
58 157
7 106
186 285
112 211
191 290
56 155
175 274
46 145
109 208
148 247
174 273
177 276
39 138
94 193
45 144
29 128
138 237
180 279
163 262
153 252
159 258
13 112
129 228
151 250
89 188
165 264
11 110
185 284
156 255
91 190
180 279
78 177
195 294
113 212
159 258
163 262
189 288
160 259
169 268
62 161
111 210
189 288
128 227
39 138
0 99
172 271
191 290
161 260
74 173
85 184
72 171
65 164
104 203
153 252
165 264
185 284
71 170
116 215
101 200
142 241
29 128
142 241
49 148
93 192
140 239
75 174
152 251
79 178
73 172
69 168
189 288
155 254
30 129
127 226
145 244
104 203
87 186
157 256
81 180
13 112
120 219
120 219
155 254
45 144
145 244
187 286
192 291
145 244
85 184
168 267
82 181
172 271
11 110
20 119
66 165
45 144
176 275
120 219
153 252
89 188
61 160
185 284
163 262
142 241
123 222
173 272
166 265
170 269
26 125
146 245
12 111
130 229
68 167
10 109
141 240
42 141
30 129
55 154
18 117
117 216
157 256
170 269
59 158
179 278
170 269
98 197
72 171
54 153
103 202
16 115
130 229
13 112
113 212
161 260
62 161
34 133
40 139
29 128
137 236
86 185
1 100
103 202
6 105
179 278
56 155
31 130
35 134
85 184
79 178
134 233
6 105
128 227
112 211
28 127
55 154
35 134
100 199
17 116
33 132
177 276
14 113
135 234
117 216
21 120
130 229
21 120
151 250
47 146
26 125
195 294
134 233
150 249
80 179
22 121
138 237
82 181
132 231
79 178
158 257
166 265
1 100
130 229
22 121
2 101
158 257
72 171
170 269
189 288
88 187
129 228
163 262
88 187
72 171
171 270
40 139
131 230
170 269
96 195
6 105
6 105
69 168
133 232
139 238
164 263
108 207
54 153
65 164
110 209
118 217
158 257
184 283
56 155
26 125
167 266
94 193
49 148
7 106
71 170
74 173
59 158
129 228
97 196
83 182
83 182
57 156
73 172
155 254
15 114
152 251
177 276
112 211
146 245
159 258
42 141
109 208
175 274
195 294
47 146
87 186
10 109
100 199
103 202
81 180
11 110
54 153
14 113
8 107
38 137
140 239
65 164
31 130
77 176
132 231
120 219
196 295
79 178
10 109
99 198
128 227
95 194
43 142
14 113
92 191
111 210
152 251
75 174
83 182
140 239
7 106
98 197
46 145
107 206
30 129
59 158
36 135
195 294
112 211
34 133
52 151
131 230
186 285
114 213
197 296
8 107
170 269
25 124
143 242
28 127
83 182
118 217
116 215
60 159
196 295
34 133
23 122
50 149
62 161
50 149
47 146
160 259
194 293
14 113
27 126
179 278
195 294
67 166
189 288
31 130
131 230
141 240
73 172
165 264
175 274
93 192
149 248
48 147
100 199
134 233
19 118
3 102
50 149
29 128
21 120
1 100
115 214
104 203
20 119
93 192
105 204
123 222
113 212
58 157
112 211
112 211
157 256
143 242
15 114
63 162
99 198
160 259
53 152
12 111
185 284
45 144
97 196
196 295
109 208
87 186
84 183
110 209
47 146
137 236
189 288
27 126
192 291
112 211
110 209
79 178
92 191
188 287
182 281
55 154
82 181
164 263
159 258
135 234
1 100
100 199
13 112
25 124
170 269
129 228
108 207
85 184
5 104
135 234
108 207
101 200
96 195
89 188
89 188
177 276
127 226
191 290
91 190
108 207
107 206
155 254
151 250
59 158
75 174
129 228
81 180
108 207
37 136
153 252
181 280
105 204
170 269
145 244
54 153
61 160
54 153
97 196
114 213
99 198
11 110
149 248
193 292
150 249
153 252
65 164
101 200
21 120
30 129
137 236
187 286
68 167
3 102
2 101
103 202
146 245
173 272
77 176
145 244
107 206
102 201
129 228
34 133
91 190
40 139
1 100
110 209
36 135
3 102
171 270
42 141
145 244
115 214
37 136
93 192
104 203
178 277
38 137
185 284
32 131
130 229
10 109
104 203
79 178
56 155
26 125
69 168
145 244
155 254
165 264
95 194
177 276
98 197
113 212
18 117
177 276
60 159
37 136
63 162
152 251
71 170
48 147
49 148
102 201
43 142
54 153
96 195
46 145
124 223
8 107
73 172
189 288
94 193
175 274
159 258
188 287
4 103
52 151
166 265
73 172
194 293
136 235
167 266
175 274
143 242
56 155
115 214
159 258
193 292
188 287
37 136
152 251
109 208
79 178
24 123
2 101
113 212
36 135
92 191
80 179
164 263
27 126
88 187
29 128
0 99
70 169
102 201
158 257
16 115
76 175
71 170
18 117
47 146
59 158
29 128
134 233
53 152
111 210
9 108
24 123
67 166
145 244
44 143
84 183
172 271
86 185
36 135
188 287
72 171
145 244
89 188
111 210
197 296
149 248
62 161
148 247
69 168
65 164
33 132
82 181
26 125
197 296
186 285
84 183
81 180
138 237
131 230
57 156
88 187
103 202
146 245
160 259
136 235
30 129
109 208
48 147
39 138
104 203
187 286
112 211
183 282
30 129
153 252
5 104
191 290
95 194
65 164
7 106
177 276
129 228
76 175
28 127
86 185
131 230
50 149
3 102
110 209
40 139
68 167
140 239
72 171
74 173
81 180
184 283
104 203
88 187
88 187
105 204
185 284
76 175
17 116
87 186
94 193
94 193
13 112
146 245
41 140
105 204
97 196
92 191
108 207
197 296
189 288
29 128
48 147
156 255
48 147
170 269
6 105
120 219
159 258
32 131
192 291
21 120
97 196
73 172
33 132
164 263
130 229
2 101
3 102
141 240
125 224
165 264
49 148
7 106
139 238
185 284
47 146
49 148
11 110
164 263
76 175
61 160
21 120
159 258
22 121
77 176
94 193
70 169
55 154
99 198
169 268
145 244
179 278
176 275
21 120
189 288
123 222
165 264
37 136
160 259
109 208
85 184
134 233
131 230
23 122
66 165
183 282
57 156
50 149
59 158
115 214
92 191
0 99
151 250
153 252
114 213
24 123
20 119
0 99
21 120
162 261
59 158
164 263
135 234
164 263
20 119
51 150
151 250
32 131
65 164
93 192
25 124
40 139
175 274
44 143
113 212
8 107
99 198
52 151
33 132
172 271
44 143
140 239
57 156
120 219
189 288
96 195
98 197
173 272
170 269
151 250
189 288
7 106
157 256
171 270
163 262
105 204
84 183
119 218
43 142
104 203
19 118
93 192
14 113
119 218
180 279
86 185
135 234
188 287
19 118
116 215
27 126
141 240
36 135
49 148
109 208
44 143
181 280
142 241
72 171
147 246
166 265
55 154
163 262
101 200
114 213
187 286
63 162
176 275
140 239
71 170
46 145
110 209
112 211
120 219
160 259
188 287
90 189
111 210
161 260
49 148
140 239
28 127
148 247
91 190
73 172
38 137
89 188
160 259
37 136
77 176
4 103
144 243
149 248
173 272
185 284
160 259
156 255
49 148
30 129
65 164
145 244
70 169
189 288
129 228
3 102
87 186
143 242
125 224
166 265
76 175
109 208
142 241
54 153
178 277
4 103
135 234
34 133
32 131
36 135
95 194
44 143
111 210
146 245
11 110
148 247
130 229
189 288
129 228
141 240
4 103
155 254
193 292
57 156
21 120
181 280
27 126
44 143
171 270
190 289
143 242
170 269
173 272
197 296
8 107
166 265
158 257
106 205
23 122
64 163
57 156
138 237
6 105
116 215
36 135
154 253
86 185
94 193
156 255
192 291
143 242
167 266
98 197
127 226
178 277
104 203
122 221
135 234
62 161
194 293
152 251
93 192
117 216
163 262
112 211
132 231
58 157
188 287
46 145
85 184
65 164
39 138
177 276
138 237
86 185
94 193
51 150
189 288
154 253
135 234
57 156
87 186
72 171
141 240
179 278
55 154
182 281
6 105
152 251
147 246
34 133
168 267
194 293
9 108
149 248
47 146
194 293
61 160
60 159
107 206
86 185
47 146
141 240
187 286
53 152
181 280
123 222
130 229
90 189
107 206
20 119
81 180
170 269
132 231
24 123
44 143
156 255
43 142
82 181
23 122
6 105
129 228
21 120
87 186
121 220
53 152
41 140
197 296
117 216
160 259
180 279
24 123
77 176
57 156
38 137
10 109
35 134
21 120
182 281
82 181
183 282
70 169
55 154
75 174
125 224
101 200
44 143
154 253
174 273
188 287
114 213
133 232
174 273
161 260
137 236
9 108
7 106
80 179
120 219
51 150
176 275
51 150
121 220
113 212
107 206
88 187
20 119
186 285
85 184
143 242
157 256
123 222
182 281
176 275
4 103
69 168
34 133
133 232
133 232
123 222
157 256
17 116
128 227
42 141
103 202
171 270
124 223
144 243
179 278
62 161
163 262
49 148
69 168
151 250
193 292
75 174
180 279
113 212
113 212
116 215
2 101
66 165
35 134
117 216
181 280
146 245
2 101
139 238
10 109
9 108
72 171
81 180
153 252
96 195
59 158
50 149
99 198
126 225
67 166
136 235
53 152
115 214
35 134
0 99
40 139
41 140
179 278
15 114
64 163
163 262
99 198
135 234
145 244
93 192
118 217
51 150
105 204
131 230
115 214
173 272
174 273
16 115
124 223
31 130
195 294
173 272
4 103
80 179
124 223
102 201
102 201
116 215
39 138
187 286
17 116
133 232
195 294
174 273
152 251
47 146
165 264
189 288
16 115
165 264
74 173
175 274
140 239
29 128
90 189
20 119
103 202
115 214
50 149
60 159
33 132
78 177
151 250
184 283
147 246
167 266
171 270
60 159
105 204
104 203
143 242
188 287
42 141
41 140
190 289
105 204
23 122
26 125
90 189
19 118
134 233
93 192
141 240
48 147
73 172
13 112
34 133
144 243
128 227
62 161
114 213
145 244
103 202
11 110
15 114
73 172
188 287
163 262
15 114
94 193
115 214
88 187
117 216
75 174
178 277
17 116
67 166
80 179
67 166
73 172
123 222
147 246
63 162
123 222
85 184
177 276
186 285
152 251
182 281
162 261
116 215
157 256
178 277
147 246
9 108
93 192
30 129
64 163
70 169
149 248
87 186
177 276
170 269
106 205
10 109
144 243
140 239
163 262
154 253
157 256
14 113
41 140
161 260
20 119
54 153
135 234
25 124
124 223
169 268
48 147
38 137
67 166
170 269
29 128
122 221
36 135
26 125
152 251
44 143
100 199
61 160
82 181
145 244
97 196
39 138
166 265
32 131
141 240
57 156
184 283
18 117
21 120
187 286
174 273
91 190
185 284
85 184
186 285
148 247
179 278
160 259
138 237
36 135
124 223
11 110
188 287
174 273
68 167
176 275
151 250
172 271
167 266
52 151
70 169
174 273
92 191
18 117
30 129
182 281
127 226
192 291
169 268
54 153
163 262
107 206
172 271
113 212
53 152
79 178
145 244
125 224
137 236
178 277
47 146
176 275
194 293
44 143
104 203
57 156
151 250
23 122
88 187
32 131
153 252
97 196
20 119
12 111
128 227
94 193
148 247
40 139
12 111
53 152
158 257
29 128
19 118
75 174
61 160
51 150
182 281
189 288
88 187
7 106
180 279
164 263
170 269
47 146
170 269
188 287
129 228
155 254
5 104
193 292
132 231
178 277
132 231
25 124
146 245
106 205
3 102
63 162
168 267
150 249
106 205
11 110
110 209
184 283
92 191
94 193
3 102
118 217
162 261
135 234
62 161
185 284
155 254
75 174
145 244
29 128
20 119
21 120
136 235
101 200
91 190
107 206
127 226
33 132
15 114
133 232
33 132
177 276
114 213
197 296
80 179
44 143
22 121
104 203
109 208
79 178
157 256
106 205
145 244
56 155
160 259
86 185
108 207
100 199
28 127
68 167
114 213
88 187
115 214
22 121
72 171
15 114
146 245
184 283
140 239
138 237
156 255
170 269
145 244
103 202
6 105
20 119
182 281
47 146
79 178
35 134
16 115
144 243
115 214
12 111
67 166
21 120
192 291
194 293
177 276
21 120
160 259
70 169
141 240
140 239
193 292
32 131
25 124
179 278
194 293
106 205
63 162
64 163
4 103
60 159
119 218
16 115
40 139
86 185
53 152
3 102
137 236
80 179
33 132
124 223
41 140
122 221
83 182
69 168
58 157
168 267
102 201
27 126
93 192
143 242
66 165
196 295
68 167
75 174
145 244
99 198
14 113
88 187
140 239
105 204
109 208
17 116
124 223
54 153
59 158
148 247
171 270
54 153
154 253
13 112
28 127
56 155
9 108
94 193
65 164
192 291
159 258
49 148
49 148
32 131
138 237
159 258
36 135
9 108
67 166
104 203
96 195
167 266
153 252
109 208
71 170
189 288
94 193
91 190
176 275
192 291
48 147
49 148
65 164
11 110
157 256
12 111
182 281
47 146
187 286
55 154
156 255
25 124
132 231
172 271
8 107
34 133
178 277
150 249
74 173
70 169
83 182
13 112
146 245
72 171
148 247
91 190
127 226
30 129
106 205
111 210
115 214
91 190
160 259
184 283
131 230
28 127
9 108
60 159
46 145
104 203
189 288
31 130
46 145
1 100
181 280
124 223
7 106
148 247
101 200
70 169
197 296
91 190
121 220
68 167
182 281
190 289
25 124
68 167
174 273
193 292
47 146
67 166
84 183
106 205
153 252
94 193
125 224
152 251
137 236
61 160
160 259
109 208
93 192
78 177
77 176
41 140
84 183
175 274
61 160
93 192
28 127
101 200
99 198
183 282
45 144
15 114
188 287
17 116
47 146
100 199
78 177
11 110
170 269
149 248
117 216
35 134
101 200
128 227
107 206
151 250
41 140
40 139
195 294
194 293
46 145
27 126
144 243
157 256
17 116
106 205
7 106
18 117
158 257
74 173
136 235
196 295
120 219
183 282
188 287
15 114
117 216
137 236
102 201
162 261
160 259
155 254
161 260
59 158
5 104
8 107
64 163
186 285
4 103
157 256
72 171
8 107
95 194
112 211
125 224
21 120
137 236
39 138
77 176
21 120
29 128
23 122
45 144
42 141
105 204
76 175
14 113
76 175
118 217
133 232
45 144
124 223
72 171
177 276
168 267
3 102
4 103
108 207
73 172
24 123
165 264
48 147
136 235
127 226
196 295
196 295
155 254
144 243
160 259
190 289
47 146
153 252
5 104
186 285
151 250
176 275
53 152
51 150
17 116
181 280
53 152
90 189
75 174
62 161
48 147
1 100
87 186
114 213
99 198
59 158
126 225
70 169
191 290
8 107
31 130
74 173
12 111
134 233
133 232
185 284
76 175
139 238
124 223
46 145
179 278
192 291
128 227
94 193
31 130
133 232
60 159
148 247
167 266
189 288
86 185
26 125
121 220
105 204
117 216
29 128
65 164
71 170
96 195
124 223
103 202
118 217
186 285
63 162
168 267
163 262
172 271
39 138
12 111
187 286
44 143
101 200
44 143
169 268
176 275
127 226
166 265
95 194
172 271
144 243
70 169
28 127
119 218
116 215
176 275
29 128
16 115
127 226
0 99
5 104
140 239
101 200
21 120
139 238
142 241
36 135
133 232
185 284
193 292
140 239
15 114
13 112
49 148
184 283
62 161
31 130
113 212
95 194
95 194
42 141
103 202
102 201
72 171
58 157
107 206
147 246
140 239
26 125
37 136
28 127
163 262
30 129
188 287
181 280
14 113
18 117
99 198
194 293
180 279
47 146
108 207
111 210
183 282
186 285
48 147
135 234
154 253
181 280
71 170
64 163
7 106
195 294
173 272
64 163
196 295
180 279
105 204
179 278
153 252
148 247
64 163
105 204
105 204
21 120
132 231
111 210
139 238
153 252
122 221
41 140
54 153
168 267
33 132
149 248
179 278
31 130
19 118
129 228
27 126
120 219
138 237
51 150
108 207
18 117
110 209
95 194
98 197
83 182
83 182
100 199
10 109
147 246
100 199
94 193
55 154
50 149
50 149
35 134
128 227
14 113
97 196
51 150
47 146
102 201
13 112
183 282
123 222
55 154
174 273
186 285
167 266
79 178
118 217
98 197
21 120
161 260
123 222
160 259
22 121
94 193
188 287
148 247
151 250
114 213
1 100
114 213
1 100
143 242
7 106
83 182
19 118
136 235
118 217
65 164
141 240
28 127
97 196
13 112
23 122
115 214
34 133
29 128
54 153
135 234
124 223
96 195
197 296
17 116
111 210
120 219
177 276
192 291
75 174
125 224
96 195
107 206
25 124
100 199
175 274
169 268
107 206
68 167
20 119
16 115
117 216
63 162
35 134
22 121
12 111
85 184
136 235
29 128
144 243
49 148
79 178
153 252
132 231
144 243
35 134
141 240
22 121
192 291
35 134
68 167
160 259
8 107
156 255
6 105
58 157
87 186
22 121
96 195
11 110
106 205
142 241
64 163
167 266
116 215
82 181
55 154
85 184
6 105
118 217
94 193
149 248
32 131
111 210
3 102
124 223
125 224
194 293
166 265
158 257
72 171
127 226
22 121
181 280
48 147
163 262
123 222
63 162
44 143
4 103
4 103
124 223
110 209
64 163
100 199
93 192
48 147
147 246
111 210
104 203
19 118
196 295
18 117
74 173
27 126
125 224
176 275
116 215
49 148
74 173
18 117
97 196
95 194
146 245
138 237
196 295
133 232
42 141
163 262
11 110
188 287
53 152
169 268
39 138
69 168
121 220
191 290
173 272
108 207
70 169
87 186
195 294
37 136
42 141
183 282
88 187
56 155
16 115
170 269
125 224
79 178
189 288
110 209
179 278
116 215
63 162
112 211
164 263
27 126
177 276
141 240
96 195
143 242
141 240
19 118
124 223
8 107
21 120
17 116
12 111
118 217
77 176
54 153
134 233
94 193
36 135
174 273
80 179
47 146
82 181
53 152
72 171
37 136
87 186
139 238
120 219
104 203
88 187
193 292
196 295
98 197
3 102
76 175
11 110
74 173
188 287
57 156
109 208
118 217
83 182
109 208
48 147
17 116
130 229
81 180
164 263
53 152
79 178
137 236
7 106
37 136
62 161
147 246
34 133
181 280
136 235
42 141
95 194
65 164
111 210
117 216
72 171
145 244
75 174
32 131
110 209
78 177
97 196
193 292
40 139
129 228
154 253
180 279
125 224
196 295
155 254
13 112
133 232
0 99
154 253
111 210
16 115
49 148
23 122
108 207
31 130
120 219
195 294
117 216
134 233
82 181
151 250
125 224
157 256
14 113
195 294
176 275
137 236
41 140
52 151
181 280
160 259
183 282
190 289
187 286
186 285
14 113
41 140
165 264
142 241
79 178
71 170
133 232
78 177
193 292
83 182
108 207
166 265
103 202
54 153
8 107
55 154
197 296
76 175
181 280
115 214
75 174
117 216
164 263
162 261
53 152
5 104
3 102
120 219
129 228
45 144
156 255
192 291
72 171
75 174
71 170
125 224
58 157
45 144
70 169
41 140
57 156
41 140
133 232
26 125
88 187
75 174
151 250
118 217
123 222
118 217
73 172
127 226
114 213
161 260
184 283
193 292
108 207
14 113
180 279
53 152
109 208
25 124
45 144
165 264
78 177
45 144
89 188
70 169
90 189
168 267
62 161
138 237
137 236
142 241
116 215
186 285
166 265
67 166
144 243
148 247
102 201
46 145
196 295
171 270
197 296
91 190
45 144
153 252
7 106
156 255
100 199
153 252
177 276
86 185
0 99
150 249
12 111
48 147
97 196
173 272
97 196
48 147
23 122
148 247
66 165
140 239
80 179
51 150
110 209
116 215
43 142
35 134
175 274
37 136
34 133
20 119
77 176
20 119
184 283
114 213
117 216
57 156
58 157
82 181
153 252
164 263
147 246
145 244
65 164
9 108
163 262
61 160
43 142
45 144
184 283
102 201
46 145
40 139
147 246
162 261
68 167
173 272
38 137
54 153
122 221
121 220
4 103
77 176
118 217
114 213
11 110
184 283
185 284
150 249
56 155
120 219
91 190
31 130
129 228
36 135
123 222
28 127
163 262
111 210
185 284
100 199
95 194
40 139
100 199
193 292
153 252
144 243
123 222
21 120
68 167
192 291
51 150
29 128
137 236
161 260
129 228
111 210
164 263
150 249
49 148
68 167
173 272
94 193
167 266
48 147
46 145
36 135
174 273
36 135
115 214
40 139
40 139
135 234
23 122
170 269
187 286
169 268
24 123
100 199
41 140
51 150
101 200
159 258
5 104
190 289
52 151
93 192
17 116
177 276
163 262
181 280
61 160
99 198
34 133
46 145
129 228
114 213
144 243
43 142
124 223
21 120
126 225
139 238
18 117
2 101
35 134
147 246
121 220
95 194
77 176
145 244
122 221
162 261
75 174
139 238
51 150
5 104
65 164
129 228
160 259
197 296
156 255
158 257
149 248
0 99
35 134
190 289
92 191
148 247
52 151
135 234
160 259
6 105
87 186
104 203
65 164
159 258
157 256
175 274
137 236
107 206
101 200
24 123
63 162
153 252
19 118
89 188
44 143
156 255
112 211
64 163
115 214
111 210
1 100
175 274
190 289
40 139
44 143
181 280
189 288
96 195
98 197
34 133
75 174
156 255
197 296
171 270
29 128
45 144
81 180
23 122
58 157
70 169
119 218
50 149
20 119
158 257
12 111
115 214
139 238
7 106
37 136
12 111
134 233
22 121
17 116
120 219
5 104
31 130
104 203
48 147
118 217
165 264
81 180
53 152
103 202
162 261
17 116
85 184
34 133
116 215
64 163
169 268
183 282
178 277
78 177
114 213
124 223
40 139
46 145
129 228
189 288
126 225
10 109
41 140
23 122
14 113
97 196
63 162
34 133
75 174
144 243
61 160
137 236
65 164
74 173
141 240
192 291
63 162
110 209
14 113
138 237
40 139
110 209
127 226
140 239
47 146
12 111
19 118
181 280
133 232
145 244
136 235
44 143
158 257
77 176
41 140
86 185
188 287
113 212
28 127
95 194
140 239
22 121
103 202
93 192
51 150
128 227
115 214
152 251
55 154
48 147
106 205
64 163
46 145
16 115
187 286
5 104
74 173
148 247
14 113
26 125
136 235
56 155
151 250
39 138
124 223
130 229
137 236
148 247
12 111
111 210
185 284
113 212
193 292
36 135
117 216
148 247
60 159
138 237
160 259
135 234
121 220
98 197
67 166
161 260
17 116
127 226
161 260
68 167
95 194
187 286
184 283
19 118
191 290
62 161
164 263
130 229
21 120
154 253
110 209
127 226
29 128
76 175
180 279
193 292
197 296
55 154
85 184
150 249
7 106
50 149
187 286
57 156
16 115
2 101
35 134
1 100
129 228
87 186
105 204
122 221
171 270
160 259
56 155
168 267
67 166
168 267
118 217
44 143
186 285
71 170
192 291
184 283
55 154
98 197
136 235
112 211
46 145
97 196
105 204
158 257
160 259
140 239
107 206
156 255
60 159
20 119
28 127
142 241
169 268
155 254
177 276
76 175
116 215
25 124
166 265
189 288
43 142
63 162
96 195
34 133
30 129
171 270
29 128
105 204
23 122
157 256
7 106
137 236
188 287
183 282
94 193
160 259
146 245
180 279
48 147
4 103
112 211
14 113
175 274
183 282
107 206
108 207
109 208
98 197
112 211
158 257
149 248
179 278
162 261
77 176
91 190
143 242
133 232
163 262
195 294
55 154
97 196
137 236
35 134
121 220
41 140
86 185
97 196
84 183
131 230
122 221
62 161
86 185
0 99
99 198
59 158
149 248
25 124
105 204
83 182
197 296
29 128
115 214
10 109
168 267
197 296
8 107
194 293
127 226
181 280
69 168
111 210
194 293
155 254
14 113
125 224
106 205
183 282
76 175
18 117
34 133
32 131
78 177
4 103
141 240
155 254
58 157
29 128
73 172
113 212
173 272
195 294
46 145
108 207
123 222
150 249
1 100
155 254
158 257
78 177
133 232
87 186
132 231
145 244
153 252
134 233
112 211
172 271
99 198
18 117
10 109
19 118
126 225
44 143
13 112
66 165
150 249
147 246
153 252
50 149
126 225
53 152
46 145
61 160
39 138
99 198
30 129
162 261
104 203
79 178
192 291
196 295
173 272
5 104
59 158
31 130
39 138
17 116
87 186
56 155
5 104
186 285
93 192
18 117
68 167
105 204
167 266
151 250
10 109
4 103
121 220
147 246
115 214
70 169
49 148
18 117
179 278
58 157
160 259
44 143
86 185
22 121
174 273
65 164
141 240
137 236
187 286
43 142
128 227
183 282
118 217
45 144
18 117
161 260
93 192
112 211
161 260
163 262
135 234
2 101
99 198
48 147
58 157
65 164
156 255
120 219
150 249
84 183
144 243
51 150
139 238
16 115
21 120
80 179
103 202
176 275
122 221
22 121
123 222
39 138
98 197
23 122
185 284
127 226
129 228
197 296
15 114
28 127
194 293
99 198
130 229
101 200
68 167
151 250
49 148
25 124
143 242
20 119
10 109
65 164
148 247
70 169
133 232
137 236
177 276
78 177
143 242
37 136
15 114
35 134
150 249
91 190
91 190
76 175
90 189
170 269
25 124
163 262
20 119
136 235
151 250
26 125
176 275
0 99
135 234
76 175
116 215
141 240
80 179
130 229
9 108
182 281
183 282
190 289
17 116
59 158
79 178
11 110
116 215
112 211
25 124
20 119
133 232
144 243
117 216
93 192
54 153
95 194
68 167
14 113
70 169
24 123
19 118
152 251
173 272
17 116
45 144
37 136
56 155
104 203
43 142
188 287
74 173
1 100
44 143
157 256
37 136
86 185
10 109
133 232
0 99
70 169
50 149
137 236
127 226
148 247
104 203
150 249
169 268
141 240
112 211
105 204
44 143
119 218
123 222
188 287
3 102
67 166
107 206
125 224
15 114
184 283
153 252
91 190
155 254
162 261
19 118
110 209
166 265
121 220
40 139
9 108
6 105
114 213
58 157
195 294
154 253
16 115
157 256
9 108
126 225
187 286
39 138
21 120
0 99
122 221
192 291
67 166
69 168
2 101
171 270
17 116
162 261
8 107
124 223
69 168
150 249
22 121
174 273
79 178
195 294
38 137
23 122
94 193
106 205
40 139
137 236
19 118
2 101
172 271
36 135
142 241
176 275
91 190
195 294
81 180
37 136
194 293
19 118
29 128
190 289
176 275
127 226
128 227
65 164
9 108
48 147
122 221
99 198
141 240
146 245
138 237
153 252
71 170
25 124
45 144
184 283
196 295
12 111
5 104
116 215
170 269
66 165
98 197
151 250
124 223
16 115
49 148
31 130
161 260
129 228
73 172
146 245
138 237
139 238
65 164
67 166
136 235
67 166
115 214
113 212
131 230
193 292
30 129
116 215
98 197
54 153
124 223
9 108
186 285
107 206
169 268
70 169
188 287
190 289
90 189
89 188
191 290
45 144
40 139
123 222
81 180
197 296
0 99
190 289
90 189
178 277
14 113
130 229
38 137
141 240
72 171
135 234
3 102
117 216
40 139
0 99
87 186
106 205
55 154
163 262
166 265
155 254
21 120
131 230
127 226
129 228
123 222
184 283
48 147
34 133
76 175
179 278
176 275
152 251
89 188
81 180
183 282
12 111
63 162
55 154
1 100
168 267
63 162
53 152
180 279
131 230
18 117
128 227
105 204
43 142
16 115
35 134
28 127
37 136
101 200
126 225
45 144
141 240
5 104
137 236
138 237
10 109
91 190
38 137
85 184
6 105
44 143
105 204
144 243
32 131
143 242
132 231
59 158
50 149
120 219
108 207
14 113
68 167
151 250
67 166
68 167
3 102
114 213
42 141
190 289
195 294
79 178
91 190
78 177
162 261
129 228
39 138
124 223
48 147
138 237
148 247
161 260
18 117
48 147
5 104
105 204
168 267
150 249
45 144
82 181
110 209
11 110
57 156
102 201
51 150
163 262
99 198
152 251
54 153
154 253
162 261
89 188
102 201
165 264
104 203
130 229
193 292
39 138
49 148
175 274
35 134
75 174
185 284
156 255
174 273
93 192
194 293
114 213
129 228
45 144
41 140
118 217
190 289
72 171
150 249
61 160
122 221
153 252
163 262
4 103
107 206
12 111
18 117
178 277
38 137
33 132
158 257
140 239
102 201
92 191
52 151
88 187
197 296
16 115
188 287
10 109
193 292
103 202
125 224
62 161
134 233
131 230
176 275
24 123
112 211
175 274
41 140
48 147
124 223
122 221
132 231
132 231
54 153
168 267
49 148
120 219
114 213
150 249
121 220
144 243
187 286
101 200
92 191
161 260
62 161
138 237
111 210
197 296
155 254
78 177
18 117
145 244
137 236
37 136
120 219
24 123
116 215
75 174
16 115
13 112
115 214
155 254
166 265
41 140
147 246
120 219
175 274
0 99
59;156504
28 127
159 258
142 241
196 295
51 150
33 132
98 197
145 244
63 162
184 283
61 160
31 130
100 199
139 238
85 184
34 133
102 201
182 281
196 295
142 241
172 271
68 167
191 290
163 262
191 290
115 214
192 291
151 250
183 282
171 270
116 215
193 292
101 200
5 104
172 271
115 214
116 215
164 263
183 282
29 128
18 117
9 108
29 128
131 230
1 100
63 162
19 118
181 280
39 138
182 281
171 270
145 244
74 173
119 218
108 207
40 139
138 237
169 268
85 184
167 266
92 191
79 178
181 280
85 184
194 293
119 218
39 138
5 104
193 292
154 253
136 235
58 157
141 240
182 281
56 155
124 223
48 147
16 115
80 179
173 272
94 193
82 181
142 241
160 259
171 270
179 278
15 114
110 209
164 263
28 127
3 102
82 181
96 195
172 271
8 107
157 256
153 252
127 226
158 257
42 141
150 249
88 187
2 101
108 207
8 107
8 107
7 106
69 168
26 125
19 118
21 120
153 252
79 178
91 190
71 170
31 130
13 112
195 294
57 156
159 258
32 131
177 276
81 180
84 183
91 190
180 279
136 235
182 281
172 271
22 121
162 261
25 124
20 119
36 135
185 284
31 130
8 107
64 163
101 200
108 207
103 202
131 230
137 236
6 105
56 155
169 268
100 199
53 152
56 155
119 218
190 289
125 224
149 248
50 149
147 246
107 206
85 184
61 160
91 190
138 237
6 105
93 192
115 214
32 131
107 206
80 179
70 169
34 133
136 235
52 151
49 148
169 268
50 149
70 169
124 223
33 132
68 167
0 99
93 192
47 146
171 270
56 155
56 155
47 146
111 210
172 271
131 230
48 147
99 198
28 127
194 293
154 253
26 125
165 264
141 240
107 206
76 175
9 108
184 283
184 283
62 161
185 284
63 162
108 207
87 186
91 190
111 210
138 237
14 113
4 103
174 273
87 186
181 280
187 286
65 164
15 114
170 269
80 179
74 173
46 145
23 122
75 174
31 130
26 125
164 263
147 246
184 283
78 177
124 223
20 119
30 129
172 271
86 185
61 160
16 115
33 132
28 127
152 251
90 189
144 243
0 99
66 165
160 259
33 132
81 180
15 114
152 251
97 196
159 258
58 157
18 117
68 167
3 102
33 132
153 252
171 270
12 111
139 238
96 195
52 151
112 211
28 127
165 264
67 166
87 186
129 228
86 185
109 208
168 267
126 225
130 229
18 117
28 127
93 192
31 130
7 106
159 258
174 273
178 277
17 116
3 102
96 195
181 280
88 187
190 289
3 102
29 128
0 99
116 215
92 191
128 227
66 165
5 104
69 168
168 267
85 184
186 285
102 201
114 213
172 271
88 187
182 281
13 112
11 110
5 104
188 287
29 128
69 168
175 274
93 192
114 213
60 159
17 116
178 277
123 222
11 110
18 117
79 178
116 215
177 276
101 200
103 202
153 252
197 296
62 161
9 108
137 236
65 164
63 162
13 112
75 174
179 278
132 231
146 245
103 202
71 170
76 175
144 243
73 172
86 185
19 118
164 263
190 289
158 257
105 204
143 242
187 286
26 125
170 269
7 106
153 252
7 106
125 224
33 132
66 165
156 255
88 187
30 129
166 265
81 180
115 214
176 275
58 157
99 198
36 135
2 101
34 133
63 162
46 145
75 174
10 109
38 137
46 145
42 141
147 246
25 124
49 148
71 170
100 199
117 216
86 185
40 139
184 283
103 202
36 135
162 261
5 104
30 129
29 128
45 144
118 217
36 135
76 175
79 178
38 137
30 129
74 173
155 254
150 249
55 154
47 146
179 278
7 106
155 254
168 267
168 267
67 166
159 258
18 117
156 255
121 220
69 168
72 171
141 240
128 227
137 236
41 140
86 185
65 164
161 260
87 186
182 281
76 175
62 161
90 189
55 154
64 163
0 99
182 281
157 256
153 252
45 144
166 265
49 148
182 281
78 177
97 196
187 286
19 118
59 158
67 166
172 271
73 172
185 284
120 219
194 293
58 157
137 236
52 151
94 193
145 244
2 101
77 176
33 132
165 264
47 146
34 133
94 193
4 103
31 130
105 204
134 233
13 112
134 233
63 162
68 167
105 204
86 185
147 246
161 260
86 185
139 238
105 204
175 274
67 166
20 119
184 283
154 253
117 216
113 212
98 197
189 288
160 259
76 175
82 181
82 181
96 195
172 271
36 135
186 285
70 169
135 234
32 131
170 269
109 208
126 225
28 127
167 266
189 288
141 240
6 105
30 129
84 183
108 207
21 120
96 195
0 99
195 294
17 116
155 254
109 208
43 142
67 166
193 292
14 113
176 275
166 265
160 259
47 146
170 269
116 215
50 149
166 265
169 268
142 241
167 266
95 194
91 190
132 231
184 283
129 228
148 247
51 150
131 230
194 293
176 275
196 295
17 116
75 174
107 206
95 194
140 239
155 254
171 270
26 125
84 183
193 292
42 141
136 235
4 103
34 133
48 147
136 235
45 144
56 155
101 200
100 199
164 263
82 181
136 235
156 255
22 121
12 111
129 228
142 241
115 214
132 231
193 292
132 231
196 295
159 258
104 203
166 265
154 253
105 204
14 113
37 136
80 179
54 153
3 102
92 191
20 119
63 162
176 275
157 256
48 147
27 126
149 248
54 153
75 174
162 261
32 131
108 207
197 296
109 208
93 192
179 278
161 260
55 154
28 127
58 157
30 129
181 280
51 150
105 204
112 211
93 192
61 160
132 231
66 165
18 117
139 238
185 284
156 255
94 193
107 206
109 208
165 264
140 239
159 258
153 252
101 200
171 270
60 159
177 276
74 173
113 212
36 135
174 273
12 111
116 215
63 162
143 242
43 142
106 205
135 234
16 115
96 195
127 226
85 184
141 240
81 180
45 144
105 204
130 229
22 121
86 185
8 107
141 240
125 224
62 161
43 142
160 259
50 149
108 207
104 203
45 144
99 198
157 256
40 139
112 211
67 166
109 208
105 204
112 211
185 284
176 275
176 275
109 208
70 169
167 266
51 150
16 115
100 199
96 195
44 143
175 274
10 109
181 280
77 176
118 217
53 152
147 246
188 287
23 122
86 185
69 168
87 186
182 281
185 284
92 191
27 126
21 120
142 241
25 124
72 171
154 253
93 192
121 220
193 292
50 149
85 184
119 218
144 243
17 116
138 237
146 245
69 168
36 135
52 151
132 231
72 171
97 196
113 212
93 192
166 265
69 168
19 118
132 231
134 233
57 156
162 261
137 236
83 182
139 238
54 153
35 134
48 147
77 176
163 262
156 255
95 194
136 235
135 234
178 277
164 263
96 195
17 116
164 263
46 145
5 104
48 147
183 282
152 251
71 170
58 157
156 255
161 260
57 156
8 107
160 259
26 125
27 126
147 246
106 205
74 173
165 264
135 234
80 179
130 229
164 263
143 242
71 170
141 240
193 292
148 247
78 177
130 229
59 158
122 221
15 114
66 165
36 135
197 296
135 234
44 143
186 285
35 134
124 223
156 255
36 135
140 239
187 286
193 292
139 238
89 188
58 157
164 263
162 261
62 161
125 224
163 262
44 143
114 213
22 121
84 183
47 146
140 239
105 204
84 183
143 242
112 211
18 117
116 215
60 159
49 148
166 265
51 150
179 278
32 131
196 295
90 189
106 205
6 105
31 130
38 137
97 196
73 172
50 149
50 149
171 270
87 186
165 264
159 258
33 132
163 262
94 193
30 129
178 277
16 115
83 182
35 134
136 235
15 114
184 283
120 219
159 258
1 100
3 102
192 291
36 135
145 244
158 257
126 225
22 121
12 111
112 211
176 275
34 133
93 192
80 179
39 138
168 267
144 243
116 215
134 233
14 113
70 169
176 275
178 277
11 110
138 237
49 148
65 164
108 207
83 182
21 120
58 157
107 206
39 138
171 270
59 158
56 155
142 241
114 213
93 192
0 99
58 157
38 137
77 176
26 125
91 190
27 126
55 154
132 231
32 131
22 121
157 256
157 256
76 175
168 267
154 253
94 193
157 256
63 162
105 204
15 114
196 295
175 274
179 278
1 100
144 243
174 273
129 228
114 213
44 143
87 186
102 201
197 296
106 205
108 207
51 150
117 216
8 107
80 179
45 144
163 262
193 292
190 289
47 146
80 179
65 164
132 231
148 247
59 158
155 254
129 228
142 241
115 214
39 138
133 232
31 130
92 191
104 203
186 285
35 134
96 195
182 281
11 110
71 170
139 238
36 135
186 285
55 154
100 199
79 178
90 189
155 254
96 195
173 272
98 197
141 240
177 276
2 101
68 167
152 251
151 250
135 234
169 268
132 231
90 189
115 214
24 123
19 118
57 156
124 223
183 282
68 167
59 158
30 129
36 135
148 247
155 254
45 144
23 122
76 175
14 113
23 122
117 216
138 237
102 201
136 235
11 110
132 231
133 232
54 153
21 120
73 172
163 262
4 103
65 164
6 105
16 115
62 161
81 180
195 294
123 222
24 123
25 124
188 287
35 134
91 190
162 261
166 265
114 213
174 273
71 170
165 264
48 147
172 271
104 203
112 211
34 133
154 253
10 109
126 225
196 295
79 178
46 145
182 281
153 252
27 126
140 239
157 256
129 228
160 259
66 165
114 213
55 154
55 154
54 153
69 168
111 210
71 170
54 153
193 292
176 275
22 121
117 216
3 102
78 177
30 129
1 100
113 212
177 276
108 207
187 286
154 253
21 120
30 129
126 225
191 290
191 290
142 241
42 141
17 116
125 224
74 173
2 101
108 207
7 106
38 137
3 102
193 292
22 121
52 151
116 215
20 119
167 266
163 262
2 101
29 128
165 264
30 129
26 125
107 206
76 175
18 117
116 215
31 130
155 254
78 177
190 289
78 177
126 225
13 112
148 247
152 251
83 182
113 212
130 229
27 126
16 115
71 170
163 262
128 227
92 191
182 281
195 294
35 134
27 126
70 169
194 293
92 191
0 99
166 265
25 124
46 145
166 265
139 238
3 102
33 132
68 167
171 270
70 169
172 271
50 149
3 102
192 291
127 226
163 262
191 290
123 222
31 130
123 222
90 189
138 237
67 166
165 264
31 130
118 217
150 249
113 212
100 199
60 159
82 181
39 138
189 288
146 245
170 269
83 182
76 175
28 127
88 187
108 207
75 174
123 222
37 136
86 185
197 296
137 236
23 122
113 212
64 163
140 239
35 134
86 185
186 285
168 267
186 285
7 106
184 283
48 147
17 116
13 112
80 179
191 290
24 123
96 195
116 215
67 166
80 179
54 153
195 294
79 178
45 144
1 100
35 134
31 130
36 135
2 101
69 168
110 209
67 166
92 191
58 157
156 255
34 133
189 288
129 228
5 104
191 290
153 252
62 161
6 105
17 116
109 208
41 140
182 281
195 294
196 295
28 127
135 234
101 200
195 294
98 197
48 147
18 117
149 248
88 187
158 257
177 276
85 184
178 277
195 294
173 272
31 130
59 158
86 185
20 119
98 197
64 163
24 123
41 140
111 210
146 245
173 272
8 107
29 128
141 240
116 215
139 238
129 228
102 201
3 102
88 187
7 106
86 185
186 285
11 110
174 273
194 293
174 273
13 112
42 141
138 237
180 279
144 243
42 141
57 156
30 129
80 179
94 193
70 169
152 251
121 220
96 195
145 244
128 227
167 266
29 128
121 220
171 270
48 147
88 187
6 105
51 150
165 264
166 265
20 119
50 149
110 209
170 269
123 222
146 245
5 104
185 284
75 174
4 103
173 272
20 119
82 181
46 145
82 181
8 107
168 267
131 230
23 122
86 185
61 160
185 284
118 217
135 234
145 244
7 106
72 171
157 256
89 188
56 155
2 101
151 250
4 103
166 265
186 285
6 105
74 173
166 265
184 283
22 121
42 141
160 259
186 285
49 148
143 242
75 174
170 269
25 124
177 276
44 143
142 241
33 132
194 293
28 127
11 110
30 129
72 171
3 102
91 190
119 218
97 196
3 102
98 197
102 201
170 269
162 261
172 271
88 187
39 138
115 214
34 133
88 187
75 174
18 117
108 207
124 223
142 241
77 176
90 189
157 256
16 115
73 172
145 244
33 132
166 265
186 285
4 103
26 125
189 288
131 230
67 166
10 109
135 234
124 223
181 280
128 227
124 223
82 181
95 194
186 285
97 196
187 286
32 131
123 222
23 122
85 184
141 240
139 238
78 177
48 147
30 129
142 241
130 229
1 100
21 120
118 217
85 184
150 249
79 178
140 239
103 202
92 191
92 191
80 179
134 233
77 176
123 222
29 128
98 197
94 193
68 167
147 246
119 218
129 228
32 131
178 277
26 125
57 156
55 154
190 289
111 210
66 165
131 230
70 169
113 212
5 104
26 125
22 121
133 232
35 134
83 182
83 182
79 178
78 177
97 196
134 233
182 281
174 273
111 210
115 214
107 206
165 264
20 119
150 249
156 255
36 135
111 210
136 235
21 120
38 137
144 243
180 279
59 158
131 230
64 163
188 287
154 253
176 275
4 103
88 187
22 121
95 194
76 175
165 264
21 120
18 117
6 105
75 174
196 295
162 261
7 106
123 222
156 255
129 228
35 134
183 282
150 249
109 208
47 146
163 262
129 228
11 110
82 181
1 100
180 279
159 258
24 123
12 111
60 159
160 259
16 115
89 188
111 210
52 151
128 227
5 104
147 246
143 242
175 274
73 172
46 145
118 217
8 107
59 158
53 152
77 176
172 271
82 181
110 209
141 240
114 213
114 213
116 215
179 278
178 277
7 106
61 160
120 219
52 151
5 104
120 219
197 296
173 272
6 105
171 270
57 156
183 282
107 206
170 269
55 154
56 155
33 132
14 113
178 277
24 123
67 166
165 264
126 225
36 135
120 219
37 136
151 250
110 209
107 206
100 199
75 174
144 243
114 213
165 264
139 238
142 241
58 157
53 152
44 143
171 270
76 175
29 128
168 267
59 158
20 119
79 178
35 134
91 190
145 244
172 271
100 199
39 138
143 242
108 207
171 270
95 194
176 275
151 250
75 174
141 240
119 218
48 147
166 265
17 116
142 241
40 139
105 204
6 105
134 233
82 181
34 133
36 135
120 219
5 104
8 107
134 233
149 248
70 169
186 285
128 227
88 187
84 183
142 241
124 223
64 163
127 226
27 126
96 195
26 125
17 116
154 253
80 179
154 253
14 113
12 111
55 154
42 141
144 243
194 293
34 133
48 147
114 213
156 255
192 291
191 290
154 253
157 256
113 212
142 241
51 150
104 203
89 188
158 257
105 204
31 130
175 274
63 162
88 187
190 289
0 99
187 286
113 212
196 295
47 146
37 136
69 168
5 104
14 113
161 260
150 249
72 171
193 292
59 158
36 135
53 152
193 292
75 174
137 236
161 260
145 244
163 262
170 269
93 192
160 259
42 141
104 203
74 173
125 224
170 269
162 261
175 274
17 116
137 236
157 256
132 231
97 196
131 230
49 148
60 159
164 263
117 216
78 177
148 247
105 204
134 233
143 242
168 267
159 258
173 272
101 200
128 227
10 109
68 167
98 197
145 244
91 190
41 140
61 160
34 133
176 275
9 108
54 153
170 269
197 296
107 206
163 262
170 269
23 122
184 283
78 177
90 189
99 198
173 272
112 211
77 176
17 116
67 166
90 189
152 251
1 100
166 265
170 269
165 264
173 272
149 248
103 202
160 259
33 132
165 264
63 162
154 253
124 223
178 277
197 296
164 263
0 99
101 200
91 190
65 164
115 214
128 227
91 190
183 282
75 174
191 290
54 153
4 103
167 266
143 242
139 238
20 119
184 283
45 144
154 253
90 189
15 114
74 173
174 273
193 292
134 233
116 215
155 254
11 110
107 206
80 179
86 185
175 274
168 267
49 148
71 170
28 127
137 236
169 268
5 104
16 115
2 101
120 219
64 163
103 202
185 284
50 149
6 105
59 158
43 142
34 133
19 118
114 213
145 244
159 258
186 285
168 267
155 254
151 250
13 112
190 289
98 197
186 285
171 270
190 289
67 166
39 138
197 296
130 229
147 246
196 295
64 163
85 184
25 124
75 174
102 201
20 119
167 266
33 132
23 122
169 268
151 250
94 193
143 242
35 134
109 208
162 261
62 161
124 223
6 105
191 290
149 248
121 220
27 126
151 250
90 189
161 260
3 102
169 268
43 142
45 144
36 135
49 148
57 156
159 258
114 213
40 139
175 274
134 233
151 250
152 251
127 226
87 186
165 264
20 119
91 190
21 120
109 208
125 224
140 239
139 238
56 155
146 245
106 205
138 237
46 145
3 102
140 239
160 259
101 200
116 215
159 258
30 129
71 170
26 125
48 147
4 103
10 109
133 232
51 150
163 262
171 270
89 188
150 249
71 170
118 217
135 234
87 186
136 235
49 148
16 115
33 132
10 109
139 238
61 160
187 286
52 151
57 156
64 163
146 245
195 294
122 221
137 236
19 118
93 192
70 169
16 115
54 153
164 263
76 175
13 112
187 286
170 269
152 251
195 294
154 253
112 211
75 174
81 180
186 285
56 155
27 126
55 154
101 200
159 258
197 296
97 196
182 281
81 180
72 171
104 203
187 286
123 222
55 154
73 172
120 219
78 177
149 248
117 216
143 242
189 288
82 181
47 146
192 291
90 189
186 285
52 151
3 102
44 143
49 148
42 141
170 269
92 191
128 227
183 282
61 160
4 103
183 282
84 183
101 200
71 170
58 157
65 164
131 230
73 172
14 113
175 274
31 130
50 149
194 293
36 135
185 284
117 216
66 165
67 166
14 113
119 218
164 263
80 179
186 285
27 126
76 175
190 289
129 228
50 149
43 142
46 145
9 108
37 136
135 234
183 282
149 248
192 291
181 280
169 268
18 117
38 137
184 283
53 152
161 260
148 247
175 274
36 135
68 167
165 264
165 264
161 260
81 180
120 219
41 140
106 205
120 219
54 153
43 142
66 165
116 215
42 141
17 116
196 295
47 146
100 199
7 106
146 245
98 197
40 139
17 116
120 219
71 170
80 179
102 201
29 128
135 234
43 142
7 106
99 198
65 164
27 126
196 295
38 137
127 226
161 260
157 256
179 278
151 250
189 288
107 206
43 142
99 198
114 213
30 129
90 189
108 207
102 201
96 195
21 120
72 171
42 141
80 179
181 280
96 195
93 192
44 143
100 199
95 194
42 141
89 188
139 238
36 135
177 276
27 126
48 147
135 234
119 218
38 137
68 167
37 136
117 216
157 256
176 275
21 120
163 262
107 206
51 150
76 175
126 225
170 269
159 258
91 190
25 124
4 103
104 203
150 249
38 137
16 115
9 108
87 186
157 256
180 279
40 139
25 124
163 262
115 214
84 183
7 106
192 291
191 290
79 178
190 289
23 122
99 198
107 206
40 139
141 240
142 241
150 249
17 116
124 223
156 255
11 110
97 196
165 264
169 268
62 161
172 271
104 203
35 134
178 277
40 139
91 190
69 168
154 253
23 122
97 196
113 212
20 119
28 127
16 115
98 197
57 156
157 256
160 259
126 225
46 145
56 155
48 147
105 204
184 283
127 226
166 265
10 109
138 237
43 142
108 207
13 112
37 136
143 242
143 242
60 159
6 105
87 186
93 192
90 189
94 193
117 216
133 232
109 208
142 241
48 147
177 276
155 254
53 152
181 280
137 236
10 109
137 236
15 114
124 223
21 120
10 109
192 291
7 106
127 226
153 252
51 150
6 105
120 219
70 169
94 193
166 265
196 295
190 289
180 279
45 144
192 291
175 274
52 151
137 236
31 130
46 145
99 198
23 122
149 248
12 111
106 205
182 281
83 182
41 140
152 251
124 223
113 212
73 172
112 211
40 139
162 261
21 120
141 240
60 159
12 111
15 114
60 159
53 152
147 246
132 231
190 289
115 214
96 195
56 155
141 240
99 198
45 144
57 156
107 206
109 208
88 187
63 162
12 111
86 185
166 265
115 214
166 265
155 254
56 155
67 166
46 145
133 232
89 188
196 295
128 227
6 105
119 218
133 232
141 240
5 104
3 102
83 182
119 218
56 155
116 215
10 109
103 202
135 234
137 236
183 282
89 188
147 246
152 251
194 293
178 277
29 128
3 102
104 203
34 133
62 161
188 287
81 180
23 122
173 272
145 244
77 176
87 186
63 162
191 290
134 233
183 282
29 128
0 99
190 289
145 244
82 181
43 142
102 201
171 270
117 216
167 266
165 264
159 258
137 236
128 227
107 206
134 233
13 112
146 245
161 260
11 110
185 284
176 275
102 201
143 242
114 213
26 125
171 270
64 163
107 206
32 131
157 256
10 109
70 169
97 196
30 129
83 182
24 123
151 250
90 189
61 160
160 259
117 216
160 259
48 147
10 109
17 116
85 184
165 264
117 216
127 226
165 264
161 260
103 202
23 122
99 198
149 248
58 157
11 110
136 235
4 103
74 173
72 171
106 205
138 237
125 224
193 292
83 182
90 189
19 118
57 156
185 284
119 218
91 190
4 103
31 130
35 134
128 227
20 119
14 113
128 227
48 147
196 295
110 209
179 278
54 153
169 268
6 105
12 111
26 125
32 131
75 174
88 187
79 178
153 252
20 119
185 284
52 151
39 138
45 144
67 166
165 264
196 295
57 156
110 209
152 251
177 276
26 125
191 290
60 159
131 230
25 124
17 116
163 262
14 113
23 122
95 194
16 115
184 283
124 223
35 134
34 133
157 256
185 284
178 277
173 272
89 188
179 278
181 280
60 159
182 281
178 277
28 127
70 169
112 211
170 269
130 229
12 111
135 234
119 218
164 263
173 272
174 273
166 265
74 173
68 167
128 227
62 161
122 221
186 285
74 173
30 129
144 243
105 204
90 189
148 247
23 122
149 248
147 246
69 168
81 180
139 238
14 113
113 212
71 170
179 278
81 180
48 147
16 115
52 151
108 207
54 153
17 116
191 290
72 171
91 190
188 287
46 145
194 293
110 209
177 276
24 123
40 139
130 229
1 100
189 288
171 270
65 164
131 230
66 165
167 266
34 133
117 216
137 236
130 229
147 246
138 237
101 200
180 279
153 252
99 198
192 291
174 273
159 258
123 222
97 196
146 245
10 109
18 117
124 223
141 240
151 250
129 228
129 228
159 258
9 108
19 118
46 145
108 207
167 266
60 159
22 121
17 116
139 238
168 267
174 273
39 138
82 181
191 290
77 176
57 156
127 226
149 248
182 281
146 245
158 257
64 163
150 249
178 277
57 156
38 137
137 236
168 267
136 235
57 156
10 109
173 272
39 138
62 161
160 259
112 211
128 227
82 181
94 193
192 291
91 190
14 113
184 283
93 192
69 168
85 184
121 220
138 237
32 131
69 168
44 143
8 107
68 167
197 296
190 289
30 129
92 191
14 113
153 252
169 268
19 118
117 216
132 231
134 233
68 167
166 265
128 227
118 217
108 207
15 114
128 227
18 117
57 156
1 100
84 183
60 159
92 191
71 170
185 284
192 291
16 115
80 179
196 295
0 99
188 287
189 288
17 116
197 296
63 162
164 263
114 213
63 162
127 226
54 153
34 133
107 206
127 226
145 244
168 267
113 212
134 233
41 140
125 224
45 144
151 250
56 155
122 221
55 154
163 262
166 265
36 135
35 134
197 296
23 122
82 181
137 236
41 140
155 254
183 282
166 265
65 164
113 212
53 152
195 294
172 271
168 267
187 286
61 160
106 205
80 179
84 183
182 281
143 242
76 175
68 167
6 105
56 155
119 218
49 148
187 286
185 284
131 230
134 233
173 272
99 198
129 228
18 117
102 201
183 282
119 218
89 188
93 192
125 224
7 106
59 158
76 175
143 242
18 117
161 260
36 135
14 113
22 121
150 249
12 111
191 290
76 175
61 160
129 228
63 162
152 251
38 137
53 152
161 260
167 266
69 168
39 138
3 102
172 271
156 255
158 257
10 109
140 239
106 205
189 288
28 127
176 275
17 116
35 134
37 136
197 296
189 288
18 117
142 241
192 291
24 123
158 257
125 224
29 128
165 264
164 263
5 104
17 116
175 274
62 161
77 176
178 277
29 128
51 150
101 200
19 118
191 290
197 296
146 245
126 225
30 129
55 154
135 234
197 296
60 159
125 224
13 112
98 197
45 144
108 207
4 103
76 175
160 259
26 125
105 204
145 244
196 295
21 120
7 106
33 132
133 232
137 236
73 172
12 111
92 191
15 114
31 130
141 240
42 141
102 201
26 125
187 286
186 285
65 164
156 255
147 246
96 195
112 211
15 114
175 274
15 114
109 208
106 205
55 154
74 173
19 118
41 140
195 294
10 109
22 121
56 155
44 143
58 157
66 165
157 256
117 216
42 141
197 296
32 131
82 181
4 103
50 149
157 256
151 250
118 217
105 204
87 186
180 279
51 150
189 288
3 102
169 268
165 264
2 101
47 146
108 207
181 280
98 197
83 182
149 248
123 222
49 148
193 292
154 253
127 226
48 147
156 255
192 291
24 123
161 260
64 163
42 141
15 114
107 206
16 115
89 188
26 125
82 181
161 260
88 187
182 281
3 102
122 221
165 264
8 107
117 216
192 291
151 250
76 175
124 223
117 216
108 207
26 125
169 268
85 184
139 238
65 164
61 160
67 166
183 282
73 172
135 234
87 186
187 286
8 107
28 127
94 193
60 159
148 247
21 120
122 221
84 183
103 202
161 260
170 269
124 223
105 204
143 242
189 288
86 185
148 247
149 248
102 201
107 206
85 184
80 179
8 107
25 124
2 101
116 215
163 262
191 290
96 195
37 136
0 99
128 227
126 225
155 254
59 158
96 195
192 291
140 239
115 214
124 223
44 143
190 289
120 219
100 199
84 183
33 132
168 267
165 264
138 237
41 140
50 149
23 122
131 230
89 188
180 279
22 121
143 242
124 223
157 256
136 235
41 140
165 264
92 191
176 275
40 139
42 141
107 206
77 176
195 294
119 218
190 289
6 105
56 155
64 163
11 110
174 273
145 244
94 193
181 280
25 124
103 202
53 152
132 231
187 286
17 116
85 184
126 225
102 201
31 130
149 248
71 170
174 273
189 288
116 215
112 211
117 216
190 289
88 187
169 268
181 280
93 192
77 176
93 192
45 144
97 196
188 287
127 226
89 188
110 209
178 277
22 121
192 291
44 143
99 198
89 188
173 272
0 99
70 169
102 201
8 107
14 113
195 294
7 106
130 229
28 127
27 126
26 125
27 126
14 113
149 248
116 215
107 206
43 142
63 162
56 155
195 294
154 253
154 253
142 241
16 115
98 197
172 271
187 286
80 179
11 110
192 291
144 243
178 277
73 172
184 283
67 166
188 287
126 225
119 218
167 266
100 199
139 238
15 114
49 148
64 163
38 137
114 213
120 219
148 247
37 136
109 208
122 221
43 142
131 230
103 202
18 117
6 105
40 139
131 230
2 101
6 105
196 295
97 196
1 100
121 220
184 283
161 260
146 245
55 154
41 140
147 246
83 182
189 288
26 125
94 193
108 207
161 260
166 265
147 246
53 152
5 104
141 240
10 109
23 122
24 123
41 140
190 289
73 172
90 189
30 129
96 195
69 168
173 272
135 234
90 189
109 208
152 251
14 113
63 162
143 242
174 273
195 294
21 120
197 296
99 198
109 208
192 291
139 238
31 130
175 274
7 106
109 208
26 125
139 238
196 295
10 109
118 217
175 274
181 280
134 233
160 259
38 137
190 289
133 232
46 145
195 294
157 256
13 112
39 138
156 255
8 107
192 291
144 243
120 219
112 211
60 159
129 228
117 216
23 122
181 280
104 203
10 109
77 176
12 111
85 184
190 289
182 281
23 122
68 167
188 287
149 248
164 263
121 220
109 208
82 181
106 205
43 142
150 249
95 194
196 295
33 132
103 202
67 166
181 280
181 280
86 185
133 232
92 191
21 120
75 174
136 235
100 199
156 255
141 240
40 139
102 201
181 280
24 123
126 225
73 172
66 165
196 295
48 147
106 205
171 270
92 191
83 182
191 290
109 208
33 132
97 196
46 145
12 111
136 235
141 240
80 179
102 201
143 242
69 168
30 129
146 245
27 126
173 272
27 126
197 296
171 270
31 130
174 273
109 208
192 291
186 285
6 105
44 143
139 238
136 235
25 124
101 200
195 294
136 235
141 240
77 176
8 107
27 126
50 149
53 152
77 176
96 195
108 207
81 180
160 259
171 270
96 195
132 231
56 155
171 270
162 261
20 119
152 251
193 292
0 99
88 187
173 272
77 176
136 235
120 219
2 101
192 291
65 164
40 139
45 144
94 193
174 273
171 270
83 182
86 185
188 287
104 203
143 242
124 223
74 173
111 210
21 120
71 170
192 291
126 225
16 115
168 267
128 227
144 243
163 262
183 282
172 271
120 219
78 177
43 142
111 210
150 249
21 120
66 165
151 250
123 222
163 262
90 189
140 239
9 108
32 131
71 170
21 120
155 254
182 281
35 134
174 273
126 225
88 187
136 235
117 216
19 118
178 277
94 193
108 207
51 150
94 193
160 259
80 179
32 131
68 167
108 207
170 269
171 270
122 221
196 295
11 110
107 206
171 270
3 102
75 174
134 233
9 108
107 206
93 192
130 229
184 283
88 187
24 123
127 226
88 187
98 197
53 152
155 254
34 133
106 205
11 110
183 282
124 223
140 239
186 285
45 144
21 120
30 129
178 277
84 183
143 242
0 99
8 107
187 286
161 260
191 290
93 192
101 200
162 261
40 139
62 161
140 239
23 122
148 247
25 124
197 296
116 215
30 129
104 203
16 115
67 166
28 127
84 183
3 102
55 154
195 294
83 182
133 232
86 185
0 99
104 203
40 139
144 243
125 224
117 216
107 206
67 166
189 288
164 263
16 115
37 136
143 242
23 122
76 175
20 119
194 293
39 138
80 179
148 247
106 205
64 163
56 155
56 155
104 203
196 295
117 216
53 152
5 104
10 109
57 156
20 119
189 288
83 182
128 227
1 100
192 291
129 228
103 202
179 278
31 130
83 182
90 189
101 200
88 187
95 194
196 295
88 187
181 280
189 288
4 103
100 199
32 131
174 273
156 255
60 159
85 184
12 111
12 111
134 233
177 276
24 123
127 226
143 242
186 285
144 243
36 135
186 285
87 186
191 290
140 239
101 200
116 215
55 154
37 136
100 199
122 221
113 212
91 190
116 215
70 169
84 183
189 288
163 262
147 246
119 218
5 104
115 214
130 229
5 104
127 226
142 241
32 131
88 187
97 196
182 281
49 148
111 210
16 115
15 114
29 128
97 196
71 170
180 279
139 238
67 166
163 262
49 148
61 160
31 130
118 217
176 275
90 189
48 147
33 132
56 155
68 167
116 215
92 191
104 203
93 192
99 198
68 167
77 176
47 146
27 126
116 215
80 179
52 151
175 274
163 262
148 247
130 229
170 269
130 229
144 243
114 213
143 242
10 109
49 148
111 210
40 139
140 239
62 161
43 142
162 261
87 186
61 160
167 266
111 210
84 183
168 267
88 187
149 248
50 149
195 294
84 183
191 290
100 199
86 185
195 294
149 248
28 127
113 212
144 243
72 171
98 197
116 215
160 259
58 157
151 250
55 154
107 206
5 104
106 205
17 116
114 213
196 295
159 258
127 226
155 254
180 279
106 205
94 193
18 117
116 215
8 107
87 186
33 132
98 197
0 99
74 173
106 205
187 286
133 232
149 248
196 295
87 186
104 203
192 291
77 176
66 165
119 218
93 192
37 136
34 133
58 157
121 220
180 279
176 275
26 125
79 178
27 126
108 207
69 168
79 178
86 185
12 111
181 280
50 149
86 185
85 184
27 126
135 234
73 172
131 230
116 215
108 207
23 122
120 219
79 178
28 127
13 112
164 263
63 162
40 139
69 168
12 111
83 182
170 269
58 157
136 235
25 124
34 133
26 125
193 292
103 202
64 163
49 148
147 246
115 214
178 277
133 232
149 248
69 168
32 131
167 266
132 231
44 143
178 277
90 189
3 102
170 269
185 284
166 265
67 166
163 262
27 126
68 167
66 165
91 190
123 222
108 207
165 264
25 124
94 193
72 171
16 115
164 263
68 167
30 129
45 144
90 189
151 250
12 111
96 195
154 253
114 213
182 281
76 175
32 131
46 145
171 270
26 125
119 218
19 118
61 160
9 108
33 132
153 252
28 127
69 168
46 145
121 220
0 99
188 287
91 190
6 105
50 149
150 249
154 253
138 237
73 172
86 185
13 112
110 209
123 222
109 208
46 145
174 273
66 165
114 213
115 214
120 219
30 129
140 239
22 121
161 260
119 218
5 104
45 144
140 239
158 257
63 162
155 254
67 166
143 242
186 285
13 112
30 129
120 219
108 207
55 154
87 186
103 202
187 286
75 174
6 105
179 278
72 171
134 233
89 188
58 157
101 200
63 162
174 273
93 192
68 167
120 219
117 216
140 239
22 121
6 105
43 142
112 211
76 175
46 145
172 271
145 244
192 291
117 216
87 186
100 199
31 130
135 234
60 159
187 286
146 245
95 194
187 286
66 165
183 282
83 182
43 142
145 244
98 197
6 105
103 202
0 99
69 168
172 271
144 243
146 245
48 147
109 208
48 147
86 185
112 211
114 213
63 162
96 195
5 104
105 204
49 148
14 113
84 183
2 101
149 248
117 216
112 211
16 115
30 129
68 167
102 201
100 199
35 134
38 137
64 163
177 276
26 125
58 157
188 287
147 246
85 184
159 258
155 254
88 187
80 179
139 238
169 268
137 236
41 140
150 249
78 177
3 102
58 157
11 110
76 175
98 197
27 126
176 275
27 126
167 266
184 283
24 123
10 109
35 134
45 144
152 251
88 187
51 150
14 113
100 199
40 139
177 276
125 224
133 232
191 290
153 252
106 205
179 278
23 122
180 279
44 143
49 148
110 209
102 201
51 150
178 277
53 152
74 173
41 140
87 186
184 283
182 281
107 206
149 248
179 278
139 238
97 196
39 138
141 240
154 253
163 262
109 208
124 223
43 142
22 121
124 223
16 115
167 266
191 290
110 209
143 242
187 286
71 170
134 233
185 284
148 247
79 178
28 127
59 158
145 244
115 214
23 122
179 278
54 153
24 123
80 179
186 285
73 172
142 241
117 216
141 240
162 261
14 113
177 276
65 164
191 290
115 214
69 168
67 166
99 198
116 215
112 211
175 274
54 153
134 233
41 140
77 176
190 289
175 274
10 109
171 270
78 177
188 287
3 102
161 260
76 175
109 208
10 109
83 182
143 242
33 132
82 181
175 274
37 136
51 150
107 206
122 221
193 292
63 162
60 159
155 254
21 120
74 173
97 196
18 117
190 289
191 290
131 230
29 128
43 142
146 245
65 164
183 282
136 235
101 200
48 147
172 271
161 260
58 157
126 225
42 141
106 205
26 125
45 144
168 267
63 162
127 226
152 251
188 287
114 213
96 195
91 190
76 175
102 201
7 106
142 241
182 281
41 140
141 240
140 239
133 232
169 268
134 233
133 232
93 192
36 135
33 132
141 240
20 119
191 290
127 226
152 251
44 143
37 136
58 157
120 219
144 243
76 175
135 234
38 137
1 100
62 161
183 282
73 172
14 113
89 188
34 133
58 157
106 205
138 237
27 126
186 285
79 178
183 282
31 130
104 203
9 108
25 124
112 211
174 273
62 161
197 296
157 256
96 195
115 214
111 210
119 218
96 195
38 137
191 290
136 235
17 116
0 99
175 274
76 175
83 182
25 124
138 237
130 229
88 187
156 255
197 296
131 230
65 164
8 107
124 223
72 171
121 220
159 258
143 242
4 103
13 112
15 114
125 224
181 280
185 284
152 251
113 212
76 175
185 284
118 217
166 265
40 139
9 108
95 194
188 287
151 250
176 275
189 288
180 279
162 261
152 251
28 127
152 251
119 218
149 248
111 210
121 220
48 147
30 129
189 288
121 220
40 139
5 104
115 214
155 254
61 160
81 180
140 239
86 185
40 139
197 296
29 128
104 203
137 236
136 235
52 151
165 264
126 225
9 108
83 182
98 197
53 152
173 272
9 108
121 220
133 232
163 262
19 118
119 218
27 126
102 201
151 250
59 158
118 217
121 220
53 152
51 150
29 128
129 228
151 250
34 133
15 114
130 229
128 227
50 149
159 258
186 285
139 238
149 248
89 188
130 229
66 165
152 251
23 122
125 224
162 261
39 138
123 222
102 201
158 257
85 184
190 289
14 113
18 117
113 212
109 208
76 175
100 199
78 177
165 264
47 146
182 281
147 246
23 122
114 213
110 209
18 117
161 260
109 208
120 219
197 296
144 243
97 196
20 119
65 164
61 160
29 128
105 204
130 229
155 254
0 99
160 259
55 154
98 197
24 123
26 125
178 277
75 174
192 291
130 229
69 168
155 254
57 156
96 195
114 213
124 223
80 179
112 211
103 202
114 213
163 262
12 111
9 108
192 291
89 188
64 163
109 208
169 268
27 126
184 283
86 185
136 235
127 226
81 180
125 224
157 256
66 165
167 266
158 257
156 255
54 153
84 183
36 135
70 169
185 284
196 295
184 283
66 165
62 161
153 252
47 146
71 170
26 125
59 158
42 141
50 149
74 173
72 171
173 272
10 109
126 225
38 137
116 215
97 196
160 259
109 208
103 202
95 194
30 129
128 227
120 219
39 138
36 135
125 224
149 248
36 135
96 195
38 137
19 118
88 187
143 242
103 202
189 288
39 138
24 123
196 295
18 117
0 99
197 296
103 202
188 287
14 113
81 180
191 290
195 294
8 107
177 276
138 237
148 247
98 197
115 214
10 109
91 190
136 235
196 295
98 197
133 232
180 279
2 101
125 224
132 231
35 134
94 193
77 176
55 154
45 144
94 193
56 155
64 163
127 226
179 278
30 129
137 236
47 146
46 145
33 132
161 260
79 178
134 233
173 272
153 252
170 269
162 261
34 133
75 174
129 228
81 180
104 203
70 169
159 258
109 208
177 276
107 206
7 106
165 264
166 265
15 114
162 261
128 227
6 105
19 118
143 242
159 258
191 290
91 190
170 269
132 231
32 131
123 222
12 111
96 195
28 127
78 177
53 152
8 107
167 266
55 154
68 167
196 295
118 217
155 254
93 192
0 99
39 138
163 262
113 212
33 132
125 224
132 231
145 244
81 180
24 123
163 262
167 266
127 226
163 262
76 175
23 122
161 260
5 104
91 190
133 232
56 155
143 242
80 179
49 148
3 102
101 200
4 103
68 167
83 182
134 233
92 191
76 175
87 186
120 219
114 213
186 285
138 237
81 180
46 145
18 117
196 295
58 157
118 217
129 228
109 208
32 131
82 181
22 121
126 225
76 175
40 139
32 131
164 263
12 111
41 140
154 253
20 119
102 201
30 129
189 288
9 108
171 270
193 292
195 294
84 183
69 168
151 250
35 134
109 208
187 286
121 220
186 285
156 255
6 105
40 139
171 270
6 105
191 290
106 205
151 250
191 290
120 219
106 205
150 249
25 124
164 263
106 205
74 173
107 206
74 173
13 112
59 158
31 130
175 274
165 264
161 260
74 173
186 285
169 268
152 251
187 286
176 275
36 135
2 101
14 113
52 151
192 291
114 213
136 235
39 138
91 190
47 146
19 118
24 123
95 194
49 148
164 263
52 151
93 192
191 290
8 107
189 288
155 254
64 163
141 240
107 206
69 168
94 193
80 179
132 231
120 219
54 153
75 174
100 199
43 142
167 266
171 270
88 187
172 271
72 171
80 179
113 212
135 234
133 232
127 226
178 277
49 148
14 113
187 286
93 192
27 126
159 258
190 289
5 104
167 266
181 280
26 125
150 249
7 106
185 284
68 167
8 107
27 126
133 232
12 111
58 157
59 158
98 197
159 258
194 293
152 251
66 165
41 140
187 286
184 283
91 190
61 160
90 189
91 190
147 246
177 276
130 229
147 246
117 216
129 228
172 271
169 268
48 147
68 167
194 293
26 125
188 287
21 120
90 189
140 239
76 175
28 127
110 209
79 178
110 209
173 272
146 245
93 192
20 119
84 183
187 286
48 147
153 252
88 187
102 201
106 205
79 178
4 103
44 143
26 125
31 130
10 109
54 153
113 212
65 164
7 106
176 275
143 242
21 120
186 285
136 235
197 296
138 237
118 217
174 273
109 208
149 248
81 180
17 116
24 123
107 206
66 165
71 170
171 270
189 288
6 105
190 289
74 173
74 173
47 146
68 167
3 102
115 214
135 234
171 270
188 287
33 132
76 175
93 192
128 227
192 291
194 293
14 113
133 232
141 240
141 240
63 162
173 272
160 259
134 233
165 264
89 188
3 102
107 206
39 138
42 141
108 207
72 171
102 201
122 221
189 288
115 214
79 178
159 258
20 119
103 202
12 111
9 108
161 260
135 234
136 235
105 204
111 210
131 230
110 209
171 270
153 252
120 219
65 164
156 255
17 116
120 219
70 169
22 121
184 283
130 229
168 267
48 147
154 253
188 287
36 135
68 167
38 137
124 223
9 108
52 151
54 153
68 167
139 238
73 172
193 292
40 139
8 107
151 250
42 141
145 244
123 222
42 141
11 110
134 233
76 175
47 146
161 260
104 203
141 240
186 285
65 164
194 293
133 232
138 237
4 103
186 285
31 130
140 239
40 139
34 133
84 183
172 271
23 122
193 292
172 271
136 235
138 237
80 179
193 292
174 273
25 124
66 165
146 245
136 235
142 241
64 163
73 172
22 121
172 271
15 114
123 222
104 203
141 240
103 202
142 241
48 147
111 210
112 211
197 296
60 159
175 274
13 112
102 201
188 287
45 144
54 153
88 187
154 253
184 283
119 218
101 200
109 208
0 99
75 174
131 230
176 275
125 224
162 261
82 181
119 218
171 270
185 284
93 192
187 286
37 136
13 112
126 225
123 222
104 203
125 224
176 275
140 239
147 246
178 277
31 130
191 290
161 260
65 164
145 244
108 207
153 252
101 200
162 261
158 257
58 157
87 186
192 291
196 295
197 296
73 172
159 258
47 146
124 223
134 233
152 251
47 146
180 279
176 275
109 208
30 129
148 247
73 172
171 270
192 291
142 241
95 194
99 198
41 140
151 250
58 157
122 221
176 275
77 176
27 126
17 116
5 104
133 232
83 182
182 281
146 245
61 160
92 191
126 225
75 174
33 132
143 242
110 209
54 153
96 195
190 289
33 132
124 223
3 102
91 190
147 246
105 204
106 205
122 221
47 146
67 166
134 233
80 179
172 271
108 207
193 292
140 239
19 118
4 103
100 199
179 278
154 253
188 287
195 294
69 168
93 192
95 194
49 148
21 120
154 253
136 235
2 101
55 154
73 172
120 219
115 214
9 108
154 253
75 174
190 289
192 291
175 274
166 265
27 126
33 132
107 206
123 222
69 168
62 161
85 184
44 143
91 190
192 291
155 254
190 289
62 161
5 104
73 172
58 157
53 152
103 202
153 252
149 248
1 100
43 142
23 122
148 247
119 218
105 204
56 155
121 220
92 191
103 202
109 208
85 184
161 260
13 112
23 122
61 160
69 168
19 118
113 212
58 157
122 221
95 194
154 253
111 210
71 170
111 210
103 202
172 271
196 295
29 128
133 232
142 241
191 290
182 281
10 109
28 127
85 184
31 130
112 211
127 226
132 231
122 221
150 249
102 201
68 167
103 202
172 271
165 264
159 258
155 254
178 277
133 232
119 218
159 258
194 293
165 264
28 127
146 245
5 104
122 221
114 213
113 212
190 289
162 261
98 197
95 194
74 173
53 152
29 128
72 171
71 170
13 112
175 274
193 292
99 198
115 214
184 283
101 200
29 128
108 207
11 110
112 211
111 210
60 159
147 246
7 106
175 274
141 240
30 129
139 238
127 226
96 195
95 194
77 176
197 296
66 165
45 144
105 204
139 238
133 232
157 256
13 112
26 125
94 193
196 295
45 144
64 163
6 105
72 171
197 296
54 153
17 116
77 176
181 280
111 210
67 166
2 101
80 179
55 154
36 135
177 276
58 157
92 191
110 209
191 290
18 117
126 225
165 264
117 216
186 285
174 273
105 204
184 283
166 265
91 190
188 287
12 111
22 121
139 238
65 164
149 248
152 251
40 139
150 249
147 246
120 219
171 270
42 141
13 112
56 155
2 101
163 262
130 229
162 261
118 217
156 255
104 203
156 255
3 102
45 144
124 223
37 136
87 186
172 271
80 179
148 247
84 183
27 126
118 217
44 143
175 274
188 287
122 221
103 202
49 148
183 282
76 175
185 284
180 279
113 212
185 284
72 171
152 251
45 144
94 193
8 107
42 141
87 186
97 196
77 176
39 138
150 249
134 233
66 165
32 131
14 113
83 182
3 102
80 179
76 175
187 286
82 181
165 264
34 133
140 239
127 226
114 213
168 267
158 257
191 290
0 99
2 101
51 150
60 159
120 219
118 217
108 207
115 214
62 161
177 276
127 226
169 268
193 292
96 195
142 241
41 140
70 169
11 110
135 234
164 263
43 142
77 176
139 238
52 151
0 99
169 268
8 107
40 139
85 184
80 179
93 192
49 148
92 191
71 170
91 190
166 265
184 283
23 122
118 217
112 211
189 288
194 293
27 126
108 207
23 122
171 270
76 175
155 254
95 194
14 113
68 167
15 114
154 253
57 156
160 259
82 181
114 213
75 174
109 208
113 212
39 138
183 282
158 257
125 224
141 240
55 154
167 266
167 266
2 101
76 175
158 257
8 107
144 243
113 212
113 212
60 159
96 195
72 171
185 284
139 238
62 161
162 261
139 238
107 206
116 215
170 269
161 260
47 146
166 265
13 112
43 142
148 247
87 186
157 256
90 189
73 172
29 128
104 203
73 172
196 295
89 188
88 187
136 235
142 241
34 133
151 250
102 201
95 194
96 195
112 211
79 178
75 174
113 212
113 212
130 229
185 284
31 130
78 177
128 227
44 143
44 143
100 199
120 219
74 173
143 242
168 267
189 288
137 236
111 210
12 111
165 264
78 177
186 285
70 169
0 99
17 116
108 207
49 148
192 291
170 269
164 263
168 267
91 190
101 200
195 294
47 146
154 253
111 210
170 269
109 208
170 269
37 136
171 270
124 223
169 268
78 177
134 233
110 209
91 190
100 199
33 132
146 245
44 143
108 207
108 207
64 163
106 205
95 194
38 137
195 294
184 283
128 227
35 134
38 137
95 194
112 211
40 139
21 120
56 155
45 144
150 249
109 208
186 285
196 295
191 290
54 153
182 281
192 291
7 106
174 273
17 116
22 121
80 179
41 140
85 184
174 273
93 192
177 276
74 173
112 211
113 212
129 228
37 136
133 232
56 155
61 160
18 117
73 172
197 296
3 102
173 272
109 208
41 140
127 226
130 229
80 179
147 246
180 279
92 191
127 226
20 119
186 285
103 202
183 282
48 147
128 227
161 260
144 243
95 194
39 138
139 238
118 217
173 272
57 156
33 132
147 246
85 184
65 164
102 201
58 157
59 158
123 222
51 150
46 145
173 272
177 276
29 128
108 207
182 281
191 290
167 266
105 204
24 123
188 287
10 109
142 241
7 106
168 267
52 151
188 287
152 251
124 223
101 200
149 248
167 266
102 201
82 181
153 252
179 278
54 153
40 139
28 127
172 271
120 219
57 156
25 124
166 265
47 146
88 187
40 139
153 252
122 221
32 131
97 196
86 185
102 201
101 200
44 143
180 279
95 194
18 117
129 228
14 113
197 296
104 203
172 271
147 246
166 265
40 139
138 237
119 218
49 148
86 185
139 238
127 226
67 166
184 283
196 295
31 130
26 125
39 138
153 252
57 156
131 230
141 240
27 126
36 135
162 261
101 200
0 99
177 276
186 285
76 175
96 195
63 162
181 280
27 126
22 121
73 172
151 250
86 185
164 263
178 277
47 146
82 181
118 217
22 121
116 215
146 245
87 186
131 230
9 108
82 181
108 207
95 194
0 99
113 212
69 168
153 252
142 241
160 259
72 171
154 253
77 176
89 188
77 176
0 99
99 198
103 202
114 213
65 164
26 125
98 197
135 234
93 192
121 220
107 206
148 247
20 119
137 236
88 187
116 215
81 180
172 271
188 287
184 283
167 266
127 226
55 154
193 292
25 124
54 153
181 280
60 159
15 114
31 130
166 265
188 287
94 193
16 115
96 195
20 119
107 206
142 241
178 277
79 178
7 106
33 132
92 191
52 151
79 178
112 211
17 116
83 182
165 264
34 133
40 139
42 141
155 254
106 205
116 215
133 232
6 105
33 132
186 285
185 284
82 181
93 192
23 122
174 273
184 283
82 181
114 213
126 225
94 193
98 197
167 266
174 273
107 206
0 99
194 293
179 278
91 190
118 217
0 99
110 209
63 162
103 202
182 281
76 175
2 101
34 133
167 266
197 296
163 262
184 283
135 234
101 200
28 127
75 174
12 111
174 273
85 184
136 235
55 154
39 138
85 184
16 115
81 180
107 206
120 219
74 173
170 269
148 247
129 228
77 176
28 127
3 102
89 188
114 213
128 227
78 177
158 257
157 256
179 278
29 128
168 267
9 108
5 104
68 167
154 253
135 234
171 270
100 199
197 296
145 244
31 130
88 187
173 272
33 132
54 153
125 224
185 284
95 194
79 178
144 243
83 182
43 142
155 254
55 154
175 274
152 251
146 245
13 112
56 155
126 225
23 122
60 159
54 153
100 199
108 207
178 277
61 160
43 142
107 206
172 271
17 116
137 236
6 105
63 162
112 211
94 193
148 247
130 229
100 199
164 263
88 187
33 132
62 161
13 112
185 284
94 193
48 147
120 219
49 148
174 273
194 293
0 99
158 257
55 154
45 144
19 118
76 175
158 257
7 106
55 154
78 177
43 142
161 260
124 223
126 225
116 215
85 184
189 288
50 149
41 140
100 199
142 241
33 132
182 281
44 143
62 161
113 212
95 194
105 204
60 159
145 244
196 295
6 105
132 231
74 173
115 214
196 295
87 186
145 244
54 153
164 263
63 162
89 188
17 116
65 164
136 235
14 113
59 158
134 233
36 135
36 135
73 172
197 296
87 186
57 156
81 180
36 135
186 285
75 174
86 185
122 221
62 161
141 240
162 261
36 135
100 199
173 272
158 257
97 196
27 126
113 212
99 198
146 245
127 226
119 218
120 219
121 220
143 242
44 143
97 196
41 140
154 253
179 278
166 265
158 257
81 180
67 166
15 114
135 234
127 226
84 183
111 210
43 142
121 220
156 255
35 134
148 247
39 138
46 145
24 123
59 158
150 249
184 283
110 209
165 264
141 240
121 220
47 146
108 207
109 208
12 111
138 237
196 295
2 101
52 151
139 238
132 231
169 268
105 204
87 186
104 203
159 258
92 191
143 242
109 208
12 111
185 284
28 127
79 178
25 124
114 213
169 268
165 264
45 144
171 270
161 260
74 173
172 271
196 295
166 265
64 163
161 260
114 213
195 294
115 214
185 284
112 211
108 207
14 113
162 261
18 117
92 191
21 120
122 221
58 157
66 165
145 244
151 250
38 137
65 164
161 260
60 159
121 220
1 100
127 226
63 162
32 131
10 109
51 150
64 163
126 225
157 256
80 179
120 219
1 100
45 144
187 286
76 175
184 283
2 101
190 289
147 246
63 162
36 135
100 199
47 146
142 241
106 205
38 137
12 111
54 153
172 271
163 262
160 259
144 243
130 229
156 255
137 236
176 275
152 251
98 197
23 122
55 154
84 183
158 257
82 181
77 176
91 190
76 175
150 249
121 220
116 215
164 263
40 139
51 150
112 211
46 145
46 145
177 276
191 290
0 99
42 141
24 123
163 262
137 236
52 151
65 164
105 204
26 125
4 103
42 141
62 161
139 238
156 255
17 116
30 129
169 268
130 229
112 211
158 257
16 115
105 204
189 288
32 131
2 101
69 168
103 202
126 225
87 186
65 164
89 188
18 117
173 272
182 281
102 201
186 285
67 166
89 188
163 262
184 283
36 135
139 238
42 141
74 173
104 203
11 110
127 226
149 248
37 136
25 124
164 263
140 239
48 147
192 291
51 150
172 271
124 223
95 194
175 274
158 257
30 129
142 241
43 142
59 158
197 296
54 153
62 161
92 191
111 210
191 290
109 208
126 225
51 150
25 124
71 170
127 226
4 103
135 234
65 164
76 175
112 211
164 263
197 296
178 277
154 253
67 166
183 282
176 275
140 239
114 213
120 219
114 213
32 131
176 275
10 109
129 228
108 207
120 219
3 102
177 276
90 189
49 148
130 229
156 255
194 293
50 149
169 268
175 274
22 121
128 227
44 143
30 129
150 249
169 268
75 174
160 259
72 171
37 136
146 245
167 266
148 247
66 165
58 157
122 221
175 274
13 112
178 277
111 210
115 214
70 169
79 178
117 216
171 270
71 170
167 266
137 236
50 149
40 139
52 151
188 287
89 188
146 245
186 285
16 115
51 150
186 285
58 157
9 108
133 232
109 208
178 277
106 205
100 199
120 219
180 279
18 117
48 147
55 154
108 207
32 131
100 199
26 125
128 227
191 290
11 110
24 123
153 252
7 106
60 159
66 165
10 109
169 268
150 249
161 260
73 172
110 209
171 270
24 123
92 191
99 198
40 139
57 156
117 216
76 175
4 103
147 246
169 268
116 215
57 156
97 196
107 206
105 204
128 227
43 142
141 240
67 166
189 288
99 198
179 278
73 172
46 145
50 149
189 288
38 137
34 133
124 223
148 247
28 127
48 147
165 264
16 115
90 189
20 119
16 115
172 271
107 206
126 225
151 250
99 198
84 183
28 127
7 106
183 282
190 289
28 127
145 244
66 165
152 251
163 262
107 206
112 211
7 106
90 189
191 290
12 111
5 104
17 116
150 249
88 187
76 175
10 109
186 285
108 207
83 182
147 246
27 126
67 166
116 215
79 178
162 261
42 141
84 183
59 158
31 130
177 276
127 226
154 253
14 113
41 140
48 147
76 175
25 124
84 183
53 152
47 146
51 150
0 99
92 191
113 212
125 224
45 144
9 108
155 254
43 142
114 213
15 114
51 150
101 200
96 195
137 236
68 167
68 167
112 211
143 242
43 142
62 161
186 285
110 209
106 205
162 261
44 143
179 278
150 249
168 267
54 153
50 149
16 115
150 249
133 232
55 154
91 190
155 254
163 262
84 183
85 184
67 166
49 148
154 253
123 222
79 178
114 213
165 264
88 187
48 147
102 201
133 232
180 279
185 284
142 241
77 176
197 296
133 232
133 232
12 111
170 269
185 284
41 140
166 265
126 225
127 226
196 295
118 217
54 153
56 155
108 207
140 239
56 155
111 210
118 217
196 295
171 270
107 206
9 108
43 142
137 236
23 122
139 238
134 233
27 126
111 210
18 117
102 201
72 171
41 140
27 126
169 268
17 116
172 271
134 233
177 276
122 221
179 278
119 218
102 201
50 149
25 124
35 134
178 277
152 251
175 274
30 129
47 146
143 242
73 172
34 133
18 117
94 193
106 205
65 164
165 264
52 151
136 235
65 164
34 133
153 252
1 100
115 214
79 178
20 119
158 257
86 185
18 117
157 256
141 240
46 145
66 165
3 102
43 142
88 187
186 285
43 142
60 159
68 167
140 239
0 99
93 192
85 184
153 252
8 107
45 144
14 113
120 219
63 162
73 172
29 128
195 294
192 291
167 266
71 170
186 285
92 191
25 124
155 254
56 155
31 130
61 160
12 111
50 149
36 135
146 245
87 186
180 279
105 204
48 147
110 209
177 276
138 237
161 260
103 202
177 276
130 229
136 235
106 205
89 188
45 144
123 222
33 132
74 173
63 162
83 182
185 284
45 144
19 118
155 254
111 210
18 117
157 256
91 190
91 190
3 102
31 130
106 205
116 215
45 144
142 241
189 288
196 295
129 228
16 115
41 140
74 173
115 214
65 164
68 167
50 149
175 274
129 228
88 187
2 101
83 182
75 174
37 136
174 273
94 193
55 154
170 269
78 177
153 252
190 289
72 171
83 182
184 283
156 255
168 267
148 247
101 200
196 295
141 240
36 135
32 131
54 153
1 100
31 130
99 198
134 233
64 163
180 279
12 111
188 287
117 216
28 127
147 246
71 170
40 139
4 103
60 159
121 220
49 148
193 292
23 122
20 119
71 170
96 195
22 121
63 162
23 122
34 133
170 269
192 291
71 170
96 195
84 183
137 236
68 167
69 168
55 154
119 218
104 203
150 249
68 167
61 160
194 293
43 142
20 119
147 246
129 228
23 122
135 234
137 236
34 133
143 242
0 99
29 128
178 277
120 219
170 269
61 160
152 251
90 189
139 238
16 115
174 273
68 167
13 112
26 125
133 232
12 111
113 212
68 167
68 167
139 238
148 247
180 279
123 222
3 102
113 212
8 107
87 186
41 140
129 228
54 153
72 171
184 283
169 268
64 163
195 294
125 224
2 101
177 276
1 100
74 173
110 209
156 255
17 116
162 261
92 191
85 184
18 117
90 189
67 166
26 125
103 202
25 124
40 139
77 176
168 267
48 147
138 237
165 264
35 134
83 182
45 144
12 111
58 157
106 205
41 140
106 205
169 268
167 266
26 125
17 116
171 270
46 145
61 160
181 280
169 268
111 210
16 115
156 255
14 113
76 175
151 250
147 246
188 287
94 193
126 225
158 257
115 214
176 275
72 171
145 244
9 108
67 166
69 168
155 254
9 108
111 210
52 151
110 209
99 198
118 217
170 269
150 249
171 270
128 227
165 264
168 267
105 204
66 165
23 122
159 258
123 222
196 295
142 241
75 174
26 125
14 113
59 158
17 116
118 217
135 234
10 109
11 110
147 246
130 229
10 109
64 163
184 283
141 240
160 259
79 178
124 223
97 196
185 284
197 296
30 129
124 223
107 206
55 154
100 199
112 211
16 115
40 139
188 287
96 195
82 181
62 161
189 288
58 157
132 231
107 206
188 287
32 131
164 263
136 235
115 214
142 241
41 140
183 282
104 203
153 252
134 233
112 211
111 210
190 289
148 247
192 291
29 128
75 174
4 103
29 128
166 265
40 139
85 184
69 168
89 188
79 178
120 219
176 275
150 249
103 202
54 153
157 256
88 187
112 211
11 110
33 132
75 174
176 275
140 239
112 211
149 248
160 259
86 185
60 159
151 250
100 199
133 232
176 275
21 120
195 294
50 149
69 168
70 169
30 129
110 209
50 149
66 165
27 126
60 159
130 229
103 202
172 271
8 107
75 174
155 254
90 189
22 121
179 278
167 266
13 112
21 120
67 166
75 174
111 210
89 188
190 289
21 120
29 128
151 250
78 177
44 143
54 153
27 126
124 223
110 209
157 256
64 163
27 126
28 127
35 134
28 127
90 189
100 199
104 203
158 257
97 196
57 156
31 130
103 202
5 104
33 132
29 128
76 175
56 155
83 182
117 216
36 135
72 171
60 159
18 117
67 166
97 196
84 183
90 189
193 292
21 120
103 202
190 289
2 101
76 175
102 201
178 277
42 141
121 220
0 99
85 184
138 237
106 205
27 126
156 255
136 235
115 214
13 112
87 186
155 254
49 148
146 245
143 242
178 277
69 168
74 173
127 226
84 183
37 136
39 138
73 172
150 249
144 243
23 122
5 104
89 188
167 266
174 273
67 166
45 144
90 189
94 193
114 213
97 196
77 176
131 230
41 140
110 209
105 204
116 215
67 166
50 149
94 193
186 285
165 264
193 292
149 248
36 135
196 295
147 246
124 223
192 291
116 215
184 283
53 152
41 140
70 169
67 166
4 103
0 99
44 143
89 188
83 182
181 280
2 101
6 105
153 252
136 235
43 142
138 237
90 189
117 216
53 152
123 222
191 290
140 239
28 127
31 130
46 145
0 99
166 265
75 174
47 146
158 257
57 156
161 260
190 289
36 135
111 210
2 101
113 212
8 107
14 113
122 221
10 109
168 267
25 124
79 178
86 185
196 295
94 193
118 217
83 182
191 290
35 134
17 116
10 109
95 194
123 222
116 215
148 247
73 172
34 133
28 127
101 200
40 139
164 263
110 209
86 185
191 290
6 105
32 131
47 146
30 129
141 240
73 172
180 279
91 190
130 229
164 263
32 131
135 234
72 171
192 291
54 153
185 284
12 111
99 198
188 287
129 228
45 144
66 165
193 292
72 171
20 119
40 139
46 145
173 272
81 180
101 200
43 142
92 191
149 248
197 296
11 110
190 289
186 285
5 104
90 189
125 224
8 107
144 243
26 125
13 112
151 250
154 253
53 152
137 236
126 225
177 276
168 267
94 193
139 238
147 246
2 101
117 216
11 110
53 152
28 127
114 213
77 176
131 230
124 223
170 269
181 280
162 261
129 228
22 121
169 268
184 283
63 162
159 258
98 197
62 161
53 152
157 256
31 130
103 202
124 223
72 171
51 150
176 275
166 265
85 184
79 178
186 285
118 217
97 196
35 134
54 153
197 296
167 266
74 173
174 273
118 217
78 177
192 291
151 250
66 165
108 207
154 253
22 121
180 279
83 182
22 121
58 157
145 244
1 100
124 223
63 162
31 130
66 165
10 109
83 182
14 113
137 236
78 177
104 203
65 164
187 286
115 214
3 102
116 215
166 265
147 246
167 266
20 119
175 274
146 245
51 150
137 236
154 253
114 213
42 141
173 272
137 236
180 279
114 213
126 225
121 220
150 249
59 158
72 171
166 265
89 188
79 178
141 240
96 195
182 281
47 146
16 115
42 141
148 247
117 216
163 262
104 203
132 231
179 278
6 105
33 132
19 118
128 227
73 172
147 246
144 243
93 192
25 124
53 152
153 252
77 176
54 153
33 132
24 123
163 262
3 102
54 153
196 295
173 272
134 233
196 295
152 251
142 241
68 167
147 246
73 172
64 163
23 122
15 114
148 247
100 199
164 263
128 227
101 200
89 188
88 187
65 164
90 189
126 225
178 277
39 138
100 199
74 173
58 157
197 296
67 166
179 278
38 137
2 101
141 240
111 210
63 162
70 169
169 268
174 273
29 128
76 175
144 243
49 148
10 109
171 270
22 121
143 242
27 126
41 140
74 173
0 99
62 161
132 231
162 261
55 154
83 182
51 150
72 171
18 117
145 244
87 186
10 109
78 177
183 282
43 142
37 136
139 238
80 179
48 147
11 110
172 271
71 170
121 220
192 291
192 291
158 257
98 197
137 236
23 122
45 144
166 265
133 232
32 131
79 178
81 180
141 240
56 155
194 293
162 261
132 231
2 101
126 225
85 184
188 287
170 269
130 229
32 131
5 104
66 165
105 204
162 261
35 134
108 207
143 242
168 267
100 199
78 177
190 289
82 181
159 258
64 163
154 253
49 148
133 232
25 124
0 99
143 242
96 195
37 136
190 289
148 247
142 241
99 198
106 205
162 261
149 248
6 105
136 235
99 198
191 290
37 136
92 191
107 206
51 150
50 149
173 272
98 197
47 146
141 240
3 102
65 164
56 155
105 204
131 230
55 154
5 104
76 175
64 163
93 192
39 138
56 155
11 110
180 279
173 272
137 236
57 156
80 179
102 201
144 243
184 283
16 115
195 294
1 100
177 276
10 109
170 269
62 161
27 126
167 266
54 153
93 192
101 200
61 160
42 141
169 268
106 205
176 275
111 210
105 204
119 218
184 283
57 156
131 230
57 156
28 127
142 241
87 186
15 114
181 280
112 211
68 167
72 171
35 134
50 149
120 219
167 266
70 169
114 213
197 296
118 217
179 278
162 261
69 168
60 159
86 185
13 112
142 241
181 280
35 134
178 277
71 170
54 153
162 261
94 193
157 256
50 149
197 296
43 142
123 222
103 202
9 108
77 176
113 212
12 111
194 293
88 187
33 132
128 227
109 208
116 215
105 204
164 263
195 294
95 194
181 280
158 257
60 159
121 220
104 203
175 274
88 187
127 226
79 178
26 125
16 115
123 222
104 203
191 290
54 153
144 243
48 147
184 283
141 240
20 119
91 190
96 195
109 208
28 127
114 213
191 290
25 124
61 160
161 260
126 225
121 220
68 167
97 196
157 256
127 226
157 256
75 174
113 212
75 174
177 276
152 251
110 209
143 242
181 280
63 162
74 173
135 234
4 103
113 212
64 163
43 142
132 231
147 246
11 110
43 142
12 111
169 268
110 209
3 102
194 293
12 111
180 279
86 185
181 280
164 263
153 252
196 295
190 289
64 163
137 236
37 136
40 139
25 124
69 168
78 177
192 291
7 106
176 275
32 131
183 282
128 227
113 212
146 245
129 228
144 243
121 220
131 230
4 103
47 146
120 219
84 183
36 135
152 251
21 120
121 220
100 199
54 153
148 247
104 203
64 163
26 125
7 106
148 247
196 295
22 121
152 251
195 294
70 169
9 108
197 296
167 266
18 117
115 214
97 196
28 127
10 109
150 249
79 178
192 291
8 107
118 217
52 151
132 231
108 207
5 104
169 268
169 268
178 277
68 167
101 200
73 172
98 197
152 251
103 202
55 154
53 152
169 268
142 241
188 287
166 265
176 275
67 166
85 184
181 280
153 252
192 291
43 142
16 115
181 280
12 111
95 194
109 208
91 190
21 120
55 154
101 200
40 139
107 206
174 273
29 128
27 126
144 243
116 215
38 137
114 213
183 282
33 132
63 162
58 157
80 179
178 277
84 183
66 165
88 187
130 229
102 201
185 284
16 115
40 139
68 167
115 214
103 202
124 223
89 188
122 221
131 230
102 201
16 115
176 275
151 250
74 173
39 138
194 293
179 278
197 296
36 135
62 161
197 296
18 117
136 235
86 185
170 269
76 175
98 197
114 213
26 125
165 264
22 121
39 138
197 296
17 116
11 110
138 237
127 226
176 275
124 223
28 127
3 102
12 111
112 211
135 234
189 288
175 274
171 270
57 156
47 146
173 272
46 145
46 145
50 149
90 189
39 138
56 155
10 109
98 197
57 156
4 103
97 196
40 139
7 106
192 291
94 193
117 216
148 247
55 154
34 133
56 155
60 159
197 296
32 131
34 133
132 231
155 254
134 233
97 196
17 116
183 282
52 151
159 258
131 230
40 139
41 140
141 240
36 135
178 277
155 254
134 233
123 222
91 190
160 259
27 126
15 114
80 179
44 143
183 282
163 262
102 201
11 110
83 182
178 277
190 289
75 174
143 242
12 111
24 123
66 165
102 201
150 249
191 290
134 233
5 104
70 169
30 129
128 227
113 212
11 110
106 205
188 287
170 269
42 141
68 167
129 228
82 181
158 257
62 161
134 233
28 127
27 126
81 180
60;156504
